2010.09.03 16:00:01.895,7.2311,7.2333,1.00,1.00
2010.09.03 16:00:02.125,7.2313,7.2334,1.00,1.00
2010.09.03 16:00:03.005,7.23165,7.23345,1.00,1.60
2010.09.03 16:00:03.339,7.23185,7.23385,1.00,1.00
2010.09.03 16:00:04.702,7.23185,7.234,1.00,1.00
2010.09.03 16:00:04.907,7.23185,7.23395,1.00,1.60
2010.09.03 16:00:06.245,7.23185,7.234,1.00,1.00
2010.09.03 16:00:07.075,7.2322,7.23415,1.00,1.60
2010.09.03 16:00:07.996,7.2322,7.23435,1.00,1.60
2010.09.03 16:00:08.349,7.2322,7.23435,1.00,1.60
2010.09.03 16:00:08.515,7.2322,7.23435,1.00,1.60
2010.09.03 16:00:08.681,7.2322,7.23445,1.00,1.60
2010.09.03 16:00:09.494,7.2322,7.23455,1.00,1.80
2010.09.03 16:00:09.892,7.2322,7.23455,1.00,1.00
2010.09.03 16:00:10.094,7.2321,7.23445,1.00,1.60
2010.09.03 16:00:11.023,7.23215,7.23445,1.00,1.60
2010.09.03 16:00:11.282,7.2322,7.2345,1.00,1.00
2010.09.03 16:00:12.721,7.23215,7.23455,1.00,1.00
2010.09.03 16:00:13.100,7.23195,7.23435,1.00,1.60
2010.09.03 16:00:13.283,7.23195,7.23405,1.00,1.00
2010.09.03 16:00:14.339,7.2317,7.23405,1.00,1.00
2010.09.03 16:00:15.061,7.2317,7.23405,1.00,1.00
2010.09.03 16:00:18.002,7.2317,7.23395,1.00,1.60
2010.09.03 16:00:19.867,7.23135,7.23395,1.00,1.60
2010.09.03 16:00:23.417,7.23135,7.23385,1.00,1.60
2010.09.03 16:00:25.550,7.23135,7.23375,1.00,1.60
2010.09.03 16:00:25.773,7.23135,7.23385,1.00,1.60
2010.09.03 16:00:26.962,7.2317,7.23385,1.00,1.60
2010.09.03 16:00:27.270,7.2323,7.23405,1.00,1.60
2010.09.03 16:00:28.277,7.2323,7.23455,1.00,1.60
2010.09.03 16:00:28.592,7.2323,7.23445,1.00,1.80
2010.09.03 16:00:28.903,7.2323,7.23445,1.00,1.00
2010.09.03 16:00:30.086,7.23225,7.23445,1.00,1.00
2010.09.03 16:00:30.312,7.23225,7.23445,1.00,1.80
2010.09.03 16:00:31.768,7.23225,7.23445,1.00,1.00
2010.09.03 16:00:34.565,7.232,7.23435,1.00,1.60
2010.09.03 16:00:34.753,7.23195,7.23435,1.00,1.60
2010.09.03 16:00:34.813,7.23195,7.23445,1.00,1.00
2010.09.03 16:00:36.653,7.2321,7.23445,1.00,1.00
2010.09.03 16:00:37.502,7.2322,7.23445,1.00,1.00
2010.09.03 16:00:39.913,7.23215,7.23445,1.00,1.00
2010.09.03 16:00:39.991,7.23215,7.23465,1.00,1.60
2010.09.03 16:00:40.071,7.23215,7.23485,1.00,1.00
2010.09.03 16:00:40.151,7.2323,7.23485,1.60,1.00
2010.09.03 16:00:40.232,7.2325,7.23485,1.00,1.00
2010.09.03 16:00:41.305,7.2325,7.23465,1.00,1.00
2010.09.03 16:00:42.362,7.2325,7.23455,1.00,1.60
2010.09.03 16:00:42.702,7.2323,7.23455,1.00,1.60
2010.09.03 16:00:43.817,7.2325,7.23485,1.00,1.60
2010.09.03 16:00:44.273,7.2325,7.23475,1.00,1.00
2010.09.03 16:00:45.578,7.2326,7.23475,1.00,1.00
2010.09.03 16:00:45.732,7.2327,7.23475,1.00,1.00
2010.09.03 16:00:47.092,7.2329,7.23475,1.00,1.00
2010.09.03 16:00:47.268,7.233,7.23475,1.00,1.00
2010.09.03 16:00:48.873,7.2331,7.23475,1.00,1.00
2010.09.03 16:00:50.607,7.2332,7.23475,1.00,1.00
2010.09.03 16:00:52.617,7.2333,7.23475,1.00,1.00
2010.09.03 16:00:52.873,7.2332,7.23475,1.00,1.00
2010.09.03 16:00:54.031,7.232,7.23415,1.00,1.00
2010.09.03 16:00:54.375,7.2322,7.23415,1.00,1.00
2010.09.03 16:01:02.898,7.2328,7.23475,1.00,1.60
2010.09.03 16:01:12.440,7.23345,7.23575,1.00,1.60
2010.09.03 16:01:12.527,7.2337,7.23575,1.00,1.60
2010.09.03 16:01:13.590,7.2342,7.2361,1.00,1.00
2010.09.03 16:01:15.635,7.2341,7.2361,1.00,1.00
2010.09.03 16:01:16.405,7.2341,7.23595,1.00,1.00
2010.09.03 16:01:16.668,7.2342,7.2359,1.00,1.00
2010.09.03 16:01:16.923,7.2341,7.2359,1.00,1.00
2010.09.03 16:01:17.936,7.2338,7.23595,1.00,1.60
2010.09.03 16:01:18.248,7.2338,7.2362,1.00,1.00
2010.09.03 16:01:18.559,7.2344,7.23665,1.00,1.60
2010.09.03 16:01:19.489,7.2342,7.23665,1.00,1.60
2010.09.03 16:01:19.839,7.2339,7.23605,1.00,1.00
2010.09.03 16:01:19.946,7.2338,7.2363,1.00,1.00
2010.09.03 16:01:20.776,7.2338,7.23605,1.00,1.60
2010.09.03 16:01:20.888,7.2345,7.23595,1.00,1.00
2010.09.03 16:01:22.298,7.2346,7.23595,1.00,1.00
2010.09.03 16:01:22.506,7.2349,7.23645,1.00,1.00
2010.09.03 16:01:23.614,7.235,7.23645,1.00,1.00
2010.09.03 16:01:25.654,7.2352,7.23685,1.00,1.60
2010.09.03 16:01:26.956,7.2352,7.23695,1.00,1.60
2010.09.03 16:01:28.483,7.2353,7.23695,1.00,1.60
2010.09.03 16:01:28.832,7.2352,7.23665,1.00,1.00
2010.09.03 16:01:28.996,7.2351,7.23665,1.00,1.00
2010.09.03 16:01:31.600,7.2348,7.23665,1.00,1.00
2010.09.03 16:01:32.451,7.2349,7.23665,1.00,1.00
2010.09.03 16:01:32.898,7.2348,7.23665,1.00,1.00
2010.09.03 16:01:33.878,7.2342,7.23645,1.00,1.00
2010.09.03 16:01:34.889,7.2342,7.23645,1.00,1.80
2010.09.03 16:01:35.209,7.2345,7.23645,1.00,1.00
2010.09.03 16:01:36.234,7.2345,7.23605,1.00,1.00
2010.09.03 16:01:43.713,7.2342,7.23605,1.00,1.00
2010.09.03 16:01:43.911,7.2342,7.23565,1.00,1.00
2010.09.03 16:01:45.599,7.2342,7.23565,1.00,1.00
2010.09.03 16:01:45.716,7.2343,7.23565,1.00,1.00
2010.09.03 16:01:47.811,7.2343,7.23565,1.00,1.00
2010.09.03 16:01:48.932,7.2341,7.23565,1.00,1.00
2010.09.03 16:01:49.778,7.2341,7.23595,1.00,1.00
2010.09.03 16:01:50.695,7.2343,7.23595,1.00,1.00
2010.09.03 16:01:51.071,7.2345,7.23595,1.00,1.00
2010.09.03 16:01:52.366,7.2347,7.23595,1.00,1.00
2010.09.03 16:01:52.498,7.2349,7.23655,1.00,1.60
2010.09.03 16:01:52.626,7.235,7.23655,1.00,1.60
2010.09.03 16:01:53.411,7.2351,7.2367,1.00,1.00
2010.09.03 16:01:54.095,7.235,7.23665,1.00,1.00
2010.09.03 16:01:54.444,7.2349,7.23665,1.00,1.00
2010.09.03 16:01:55.570,7.2352,7.237,1.00,1.00
2010.09.03 16:01:55.664,7.2352,7.2373,1.00,1.00
2010.09.03 16:01:56.707,7.2351,7.2373,1.00,1.00
2010.09.03 16:01:57.023,7.2351,7.23715,1.00,1.60
2010.09.03 16:01:57.336,7.2353,7.23685,1.00,1.00
2010.09.03 16:01:58.514,7.2353,7.23705,1.00,1.60
2010.09.03 16:02:00.494,7.2353,7.23705,1.00,1.60
2010.09.03 16:02:00.622,7.2353,7.23695,1.00,1.60
2010.09.03 16:02:02.696,7.2353,7.2369,1.00,1.00
2010.09.03 16:02:04.255,7.2346,7.23635,1.00,1.00
2010.09.03 16:02:04.469,7.2348,7.23635,1.00,1.00
2010.09.03 16:02:05.398,7.2348,7.23635,1.00,1.80
2010.09.03 16:02:05.688,7.2347,7.23635,1.00,1.00
2010.09.03 16:02:07.259,7.2344,7.23655,1.00,1.00
2010.09.03 16:02:07.484,7.2344,7.2359,1.00,1.00
2010.09.03 16:02:07.714,7.2343,7.2363,1.00,1.00
2010.09.03 16:02:08.734,7.2347,7.2361,1.00,1.00
2010.09.03 16:02:10.015,7.2345,7.2361,1.00,1.00
2010.09.03 16:02:10.244,7.2344,7.23595,1.00,1.00
2010.09.03 16:02:10.369,7.23385,7.2352,1.00,1.00
2010.09.03 16:02:11.208,7.2341,7.2357,1.00,1.00
2010.09.03 16:02:11.504,7.2343,7.23605,1.00,1.80
2010.09.03 16:02:12.455,7.2344,7.23605,1.00,1.80
2010.09.03 16:02:12.710,7.2344,7.23605,1.00,1.00
2010.09.03 16:02:12.953,7.2343,7.23605,1.00,1.00
2010.09.03 16:02:13.445,7.2339,7.23605,1.00,1.00
2010.09.03 16:02:14.256,7.2339,7.2364,1.00,1.00
2010.09.03 16:02:14.580,7.2339,7.236,1.00,1.00
2010.09.03 16:02:14.906,7.2339,7.2356,1.00,1.00
2010.09.03 16:02:15.847,7.2335,7.2356,1.00,1.00
2010.09.03 16:02:16.113,7.2334,7.2356,1.00,1.00
2010.09.03 16:02:17.227,7.2337,7.23585,1.00,1.60
2010.09.03 16:02:17.498,7.2337,7.23605,1.00,1.60
2010.09.03 16:02:18.515,7.2338,7.23605,1.00,1.60
2010.09.03 16:02:20.632,7.2338,7.2356,1.00,1.00
2010.09.03 16:02:20.814,7.2336,7.2356,1.00,1.00
2010.09.03 16:02:21.025,7.2334,7.2356,1.00,1.00
2010.09.03 16:02:21.941,7.2333,7.23565,1.00,1.00
2010.09.03 16:02:22.154,7.2332,7.23555,1.00,1.60
2010.09.03 16:02:22.432,7.233,7.23555,1.00,1.60
2010.09.03 16:02:22.714,7.233,7.23505,1.00,1.00
2010.09.03 16:02:23.559,7.233,7.2347,1.00,1.00
2010.09.03 16:02:23.849,7.2331,7.23505,1.00,1.00
2010.09.03 16:02:24.133,7.233,7.2351,1.00,1.00
2010.09.03 16:02:24.427,7.2327,7.23455,1.00,1.00
2010.09.03 16:02:25.397,7.2326,7.23455,1.00,1.00
2010.09.03 16:02:26.794,7.2326,7.23455,1.00,1.00
2010.09.03 16:02:32.733,7.2325,7.23455,1.00,1.00
2010.09.03 16:02:32.942,7.2327,7.23455,1.00,1.00
2010.09.03 16:02:33.722,7.2328,7.23455,1.00,1.00
2010.09.03 16:02:34.636,7.2329,7.23455,1.00,1.00
2010.09.03 16:02:35.535,7.2329,7.23455,1.00,1.00
2010.09.03 16:02:37.431,7.2328,7.23455,1.00,1.00
2010.09.03 16:02:37.603,7.2328,7.23425,1.00,1.00
2010.09.03 16:02:37.711,7.2329,7.23425,1.00,1.00
2010.09.03 16:02:38.610,7.2328,7.23425,1.00,1.00
2010.09.03 16:02:39.182,7.2322,7.23425,1.00,1.00
2010.09.03 16:02:39.262,7.2322,7.23375,1.00,1.00
2010.09.03 16:02:40.506,7.2322,7.2344,1.00,1.00
2010.09.03 16:02:40.743,7.2321,7.2344,1.00,1.00
2010.09.03 16:02:41.462,7.2324,7.2344,1.00,1.00
2010.09.03 16:02:43.829,7.2325,7.2344,1.00,1.00
2010.09.03 16:02:44.085,7.232,7.2338,1.00,1.00
2010.09.03 16:02:44.348,7.2318,7.23375,1.00,1.00
2010.09.03 16:02:45.292,7.232,7.23395,1.00,1.00
2010.09.03 16:02:45.550,7.232,7.23335,1.00,1.60
2010.09.03 16:02:45.801,7.2324,7.23365,1.00,1.60
2010.09.03 16:02:46.728,7.2325,7.23365,1.00,1.60
2010.09.03 16:02:46.997,7.2325,7.23375,1.00,1.60
2010.09.03 16:02:47.265,7.2324,7.23375,1.00,1.60
2010.09.03 16:02:51.085,7.2322,7.23355,1.00,1.60
2010.09.03 16:02:51.596,7.2322,7.23355,1.00,1.60
2010.09.03 16:02:51.723,7.2321,7.23355,1.00,1.60
2010.09.03 16:02:51.843,7.2321,7.23335,1.00,1.60
2010.09.03 16:02:53.595,7.232,7.23345,1.00,1.60
2010.09.03 16:02:54.288,7.2321,7.23345,1.00,1.60
2010.09.03 16:02:56.026,7.2321,7.23325,1.00,1.60
2010.09.03 16:02:56.572,7.2318,7.23345,1.00,1.60
2010.09.03 16:02:58.131,7.232,7.23355,1.00,1.60
2010.09.03 16:02:58.244,7.232,7.23345,1.00,1.60
2010.09.03 16:02:58.710,7.2322,7.23345,1.00,1.60
2010.09.03 16:02:59.152,7.2323,7.23345,1.00,1.60
2010.09.03 16:02:59.512,7.232,7.23345,1.00,1.60
2010.09.03 16:02:59.702,7.232,7.23375,1.00,1.60
2010.09.03 16:03:00.590,7.2322,7.23345,1.00,1.60
2010.09.03 16:03:00.933,7.2324,7.23345,1.00,1.60
2010.09.03 16:03:01.737,7.2324,7.23355,1.00,1.60
2010.09.03 16:03:02.064,7.2322,7.23335,1.00,1.60
2010.09.03 16:03:03.720,7.2321,7.23355,1.00,1.60
2010.09.03 16:03:04.212,7.2322,7.23355,1.00,1.60
2010.09.03 16:03:05.877,7.2322,7.23335,1.00,1.60
2010.09.03 16:03:06.008,7.2319,7.23335,1.00,1.60
2010.09.03 16:03:06.933,7.2319,7.23355,1.00,1.60
2010.09.03 16:03:07.272,7.232,7.23355,1.00,1.60
2010.09.03 16:03:08.643,7.2321,7.23355,1.00,1.60
2010.09.03 16:03:08.872,7.2321,7.23355,1.00,1.60
2010.09.03 16:03:10.315,7.2321,7.23355,1.00,1.60
2010.09.03 16:03:10.708,7.232,7.23355,1.00,1.60
2010.09.03 16:03:11.755,7.2322,7.23355,1.00,1.60
2010.09.03 16:03:14.783,7.2322,7.23335,1.00,1.60
2010.09.03 16:03:16.516,7.2323,7.23355,1.00,1.60
2010.09.03 16:03:16.927,7.2319,7.23355,1.00,1.60
2010.09.03 16:03:17.727,7.2319,7.23335,1.00,1.60
2010.09.03 16:03:17.967,7.2318,7.23315,1.00,1.60
2010.09.03 16:03:18.205,7.2319,7.23315,1.00,1.60
2010.09.03 16:03:19.382,7.2322,7.23325,1.00,1.60
2010.09.03 16:03:20.743,7.2322,7.23355,1.00,1.60
2010.09.03 16:03:23.504,7.2322,7.23345,1.00,1.60
2010.09.03 16:03:31.756,7.2319,7.23315,1.00,1.60
2010.09.03 16:03:33.613,7.2319,7.23305,1.00,1.60
2010.09.03 16:03:34.199,7.232,7.23305,1.00,1.60
2010.09.03 16:03:35.079,7.232,7.23315,1.00,1.60
2010.09.03 16:03:35.396,7.2321,7.23315,1.00,1.60
2010.09.03 16:03:35.615,7.2321,7.23335,1.00,1.60
2010.09.03 16:03:35.693,7.2322,7.23335,1.00,1.60
2010.09.03 16:03:38.842,7.2321,7.23335,1.00,1.60
2010.09.03 16:03:39.644,7.2321,7.23335,1.00,1.60
2010.09.03 16:03:41.611,7.232,7.23345,1.00,1.60
2010.09.03 16:03:41.856,7.2321,7.23345,1.00,1.60
2010.09.03 16:03:42.551,7.2321,7.23355,1.00,1.60
2010.09.03 16:03:44.587,7.2319,7.23355,1.00,1.60
2010.09.03 16:03:45.662,7.2316,7.23315,1.00,1.60
2010.09.03 16:03:46.881,7.2316,7.23305,1.00,1.60
2010.09.03 16:03:48.796,7.2315,7.23305,1.00,1.60
2010.09.03 16:03:49.072,7.2316,7.23305,1.00,1.60
2010.09.03 16:03:49.351,7.2317,7.23305,1.00,1.60
2010.09.03 16:03:49.743,7.2317,7.23305,1.00,1.60
2010.09.03 16:03:49.970,7.2317,7.23325,1.00,1.60
2010.09.03 16:03:51.101,7.2317,7.23315,1.00,1.60
2010.09.03 16:03:51.363,7.2315,7.23315,1.00,1.60
2010.09.03 16:03:51.782,7.2317,7.23315,1.00,1.60
2010.09.03 16:03:52.600,7.2315,7.23315,1.00,1.60
2010.09.03 16:03:52.825,7.2316,7.23315,1.00,1.60
2010.09.03 16:03:53.263,7.2315,7.23315,1.00,1.60
2010.09.03 16:03:55.115,7.2316,7.23315,1.00,1.60
2010.09.03 16:03:55.251,7.2315,7.23315,1.00,1.60
2010.09.03 16:03:57.097,7.2314,7.23295,1.00,1.60
2010.09.03 16:03:57.203,7.2315,7.23285,1.00,1.60
2010.09.03 16:03:57.312,7.2315,7.23285,1.00,1.60
2010.09.03 16:03:57.851,7.2315,7.23295,1.00,1.60
2010.09.03 16:03:59.269,7.2316,7.23295,1.00,1.60
2010.09.03 16:03:59.609,7.2315,7.23295,1.00,1.60
2010.09.03 16:03:59.861,7.2316,7.23295,1.00,1.60
2010.09.03 16:04:01.692,7.2315,7.23295,1.00,1.60
2010.09.03 16:04:01.804,7.2313,7.23275,1.00,1.60
2010.09.03 16:04:01.913,7.2314,7.23275,1.00,1.60
2010.09.03 16:04:02.935,7.2312,7.23265,1.00,1.60
2010.09.03 16:04:03.742,7.2313,7.23265,1.00,1.60
2010.09.03 16:04:04.902,7.2312,7.23265,1.00,1.60
2010.09.03 16:04:04.967,7.2311,7.23275,1.00,1.60
2010.09.03 16:04:06.092,7.2309,7.23275,1.00,1.60
2010.09.03 16:04:06.291,7.2309,7.23285,1.00,1.60
2010.09.03 16:04:07.109,7.2309,7.23285,1.00,1.80
2010.09.03 16:04:07.214,7.2308,7.23255,1.00,1.60
2010.09.03 16:04:09.473,7.2308,7.23265,1.00,1.60
2010.09.03 16:04:14.676,7.2308,7.23265,1.00,1.60
2010.09.03 16:04:15.797,7.2309,7.23265,1.00,1.60
2010.09.03 16:04:16.835,7.2308,7.23265,1.00,1.60
2010.09.03 16:04:18.611,7.2303,7.23265,1.00,1.60
2010.09.03 16:04:19.413,7.2303,7.2331,1.00,1.00
2010.09.03 16:04:19.527,7.2306,7.2332,1.00,1.00
2010.09.03 16:04:20.633,7.2307,7.2332,1.00,1.00
2010.09.03 16:04:20.714,7.2307,7.2332,1.00,1.00
2010.09.03 16:04:22.466,7.2306,7.2332,1.00,1.00
2010.09.03 16:04:23.823,7.2304,7.2332,1.00,1.60
2010.09.03 16:04:23.902,7.2304,7.23295,1.00,1.00
2010.09.03 16:04:24.761,7.2306,7.2332,1.00,1.00
2010.09.03 16:04:24.886,7.2307,7.2332,1.00,1.00
2010.09.03 16:04:26.835,7.2309,7.23365,1.00,1.60
2010.09.03 16:04:27.028,7.2313,7.2337,1.00,1.00
2010.09.03 16:04:29.015,7.2309,7.2335,1.00,1.00
2010.09.03 16:04:30.017,7.23075,7.2335,1.00,1.00
2010.09.03 16:04:34.143,7.23075,7.23345,1.00,1.00
2010.09.03 16:04:34.966,7.2307,7.23325,1.00,1.00
2010.09.03 16:04:35.244,7.2308,7.23325,1.00,1.00
2010.09.03 16:04:36.969,7.2309,7.23325,1.00,1.00
2010.09.03 16:04:37.372,7.2308,7.23325,1.00,1.00
2010.09.03 16:04:38.765,7.2308,7.23345,1.00,1.00
2010.09.03 16:04:39.002,7.2307,7.23345,1.00,1.00
2010.09.03 16:04:39.242,7.231,7.23345,1.00,1.00
2010.09.03 16:04:39.483,7.2311,7.23355,1.00,1.00
2010.09.03 16:04:41.402,7.2311,7.23355,1.00,1.00
2010.09.03 16:04:41.695,7.2311,7.23355,1.00,1.00
2010.09.03 16:04:42.156,7.231,7.23355,1.00,1.00
2010.09.03 16:04:43.295,7.2311,7.23355,1.00,1.00
2010.09.03 16:04:43.714,7.2311,7.23355,1.00,1.00
2010.09.03 16:04:43.975,7.231,7.23355,1.00,1.00
2010.09.03 16:04:45.030,7.2311,7.23355,1.00,1.00
2010.09.03 16:04:45.525,7.231,7.23355,1.00,1.00
2010.09.03 16:04:45.756,7.2311,7.23355,1.00,1.00
2010.09.03 16:04:45.976,7.231,7.23355,1.00,1.00
2010.09.03 16:04:46.334,7.2311,7.23355,1.00,1.00
2010.09.03 16:04:47.752,7.2309,7.23355,1.00,1.00
2010.09.03 16:04:50.579,7.2308,7.23355,1.00,1.00
2010.09.03 16:04:50.617,7.2308,7.2331,1.00,1.00
2010.09.03 16:04:56.371,7.2307,7.2331,1.00,1.00
2010.09.03 16:04:57.456,7.2308,7.2331,1.00,1.00
2010.09.03 16:05:00.475,7.2309,7.2333,1.00,1.00
2010.09.03 16:05:04.219,7.2309,7.23355,1.00,1.00
2010.09.03 16:05:04.308,7.231,7.23355,1.00,1.00
2010.09.03 16:05:07.741,7.2304,7.2331,1.00,1.00
2010.09.03 16:05:08.838,7.2303,7.2331,1.00,1.00
2010.09.03 16:05:09.184,7.2303,7.2331,1.00,1.00
2010.09.03 16:05:09.665,7.2303,7.2331,1.00,1.00
2010.09.03 16:05:17.552,7.2305,7.2331,1.00,1.00
2010.09.03 16:05:20.843,7.2306,7.2331,1.00,1.00
2010.09.03 16:05:21.227,7.2307,7.2331,1.00,1.00
2010.09.03 16:05:21.371,7.2307,7.2324,1.00,1.00
2010.09.03 16:05:21.653,7.2307,7.23215,1.00,1.60
2010.09.03 16:05:22.625,7.2306,7.23215,1.00,1.60
2010.09.03 16:05:22.836,7.2307,7.23215,1.00,1.60
2010.09.03 16:05:23.263,7.2306,7.23215,1.00,1.60
2010.09.03 16:05:23.683,7.2307,7.23215,1.00,1.60
2010.09.03 16:05:24.413,7.2304,7.23155,1.00,1.00
2010.09.03 16:05:25.374,7.2304,7.23155,1.00,1.00
2010.09.03 16:05:25.833,7.2304,7.23155,1.00,1.00
2010.09.03 16:05:25.902,7.2303,7.23155,1.00,1.00
2010.09.03 16:05:26.704,7.2303,7.23155,1.00,1.00
2010.09.03 16:05:27.383,7.23,7.23155,1.00,1.00
2010.09.03 16:05:28.718,7.2301,7.23155,1.00,1.00
2010.09.03 16:05:28.935,7.23,7.23155,1.00,1.00
2010.09.03 16:05:31.747,7.23,7.23145,1.00,1.60
2010.09.03 16:05:32.327,7.2299,7.23145,1.00,1.60
2010.09.03 16:05:32.851,7.23,7.23145,1.00,1.60
2010.09.03 16:05:33.985,7.2301,7.23145,1.00,1.60
2010.09.03 16:05:34.373,7.2302,7.23155,1.00,1.00
2010.09.03 16:05:35.650,7.2303,7.23155,1.00,1.00
2010.09.03 16:05:35.946,7.2302,7.23155,1.00,1.00
2010.09.03 16:05:37.255,7.2301,7.23155,1.00,1.00
2010.09.03 16:05:39.125,7.2302,7.23155,1.00,1.00
2010.09.03 16:05:44.287,7.2303,7.23155,1.00,1.00
2010.09.03 16:05:45.594,7.2302,7.23185,1.00,1.00
2010.09.03 16:05:45.692,7.2302,7.2318,1.00,1.60
2010.09.03 16:05:50.362,7.2304,7.2318,1.00,1.60
2010.09.03 16:05:51.373,7.2305,7.2318,1.00,1.60
2010.09.03 16:05:54.135,7.2302,7.2318,1.00,1.60
2010.09.03 16:05:54.244,7.2299,7.2318,1.00,1.60
2010.09.03 16:05:54.354,7.2299,7.23105,1.00,1.00
2010.09.03 16:05:55.169,7.2299,7.2316,1.00,1.00
2010.09.03 16:05:55.498,7.2298,7.2316,1.00,1.00
2010.09.03 16:06:01.122,7.23,7.2318,1.00,1.80
2010.09.03 16:06:02.324,7.2302,7.2318,1.00,1.80
2010.09.03 16:06:02.624,7.2301,7.2318,1.00,1.80
2010.09.03 16:06:03.616,7.2301,7.2318,1.00,1.80
2010.09.03 16:06:03.842,7.2302,7.2318,1.00,1.80
2010.09.03 16:06:04.073,7.2304,7.2318,1.00,1.80
2010.09.03 16:06:04.304,7.2301,7.2318,1.00,1.80
2010.09.03 16:06:07.692,7.23,7.2318,1.00,1.80
2010.09.03 16:06:09.881,7.23,7.23145,1.00,1.00
2010.09.03 16:06:10.333,7.2301,7.23145,1.00,1.00
2010.09.03 16:06:11.367,7.23,7.23145,1.00,1.00
2010.09.03 16:06:13.709,7.2301,7.2318,1.00,1.80
2010.09.03 16:06:17.166,7.2301,7.23105,1.00,1.00
2010.09.03 16:06:17.294,7.2299,7.23105,1.00,1.00
2010.09.03 16:06:18.615,7.2296,7.23105,1.00,1.00
2010.09.03 16:06:19.723,7.2295,7.23105,1.00,1.00
2010.09.03 16:06:20.536,7.2296,7.23105,1.00,1.00
2010.09.03 16:06:20.641,7.2294,7.23105,1.00,1.00
2010.09.03 16:06:20.755,7.2294,7.23125,1.00,1.60
2010.09.03 16:06:20.863,7.2296,7.23125,1.00,1.60
2010.09.03 16:06:20.973,7.22985,7.2316,1.60,1.00
2010.09.03 16:06:21.897,7.2296,7.2316,1.00,1.00
2010.09.03 16:06:24.587,7.2295,7.2316,1.00,1.00
2010.09.03 16:06:24.916,7.2296,7.2316,1.00,1.00
2010.09.03 16:06:25.633,7.2296,7.2318,1.00,1.60
2010.09.03 16:06:25.849,7.22985,7.2318,1.60,1.60
2010.09.03 16:06:27.149,7.2297,7.23145,1.00,1.00
2010.09.03 16:06:27.348,7.2295,7.23145,1.00,1.00
2010.09.03 16:06:29.873,7.2296,7.2318,1.00,1.60
2010.09.03 16:06:29.953,7.22985,7.2318,1.60,1.60
2010.09.03 16:06:37.273,7.22985,7.2316,1.60,1.00
2010.09.03 16:06:38.122,7.2297,7.2316,1.00,1.00
2010.09.03 16:06:38.355,7.22985,7.2316,1.60,1.00
2010.09.03 16:07:10.662,7.2297,7.2316,1.00,1.00
2010.09.03 16:07:10.763,7.2295,7.2316,1.00,1.00
2010.09.03 16:07:11.579,7.2295,7.2311,1.00,1.00
2010.09.03 16:07:11.793,7.2293,7.2311,1.60,1.00
2010.09.03 16:07:26.637,7.2293,7.23105,1.60,1.00
2010.09.03 16:07:27.919,7.2293,7.23045,1.60,1.00
2010.09.03 16:07:28.219,7.2292,7.23045,1.60,1.00
2010.09.03 16:07:28.517,7.22905,7.23045,1.60,1.00
2010.09.03 16:07:29.522,7.22895,7.23045,1.60,1.00
2010.09.03 16:07:31.935,7.2288,7.23045,1.00,1.00
2010.09.03 16:07:32.634,7.22875,7.23045,1.60,1.00
2010.09.03 16:07:42.992,7.2289,7.23045,1.00,1.00
2010.09.03 16:07:46.260,7.22875,7.23045,1.60,1.00
2010.09.03 16:07:47.227,7.2289,7.23045,1.00,1.00
2010.09.03 16:07:47.714,7.22875,7.23045,1.60,1.00
2010.09.03 16:07:49.386,7.2289,7.23045,1.00,1.00
2010.09.03 16:07:49.532,7.22875,7.23045,1.60,1.00
2010.09.03 16:07:49.709,7.2289,7.23045,1.00,1.00
2010.09.03 16:07:50.147,7.22875,7.23045,1.60,1.00
2010.09.03 16:07:51.216,7.2287,7.22985,1.00,1.00
2010.09.03 16:07:51.420,7.2285,7.2301,1.00,1.60
2010.09.03 16:07:51.634,7.2285,7.22985,1.00,1.00
2010.09.03 16:07:53.353,7.2283,7.22985,1.00,1.00
2010.09.03 16:07:53.554,7.2284,7.22985,1.00,1.00
2010.09.03 16:07:54.537,7.2283,7.22985,1.00,1.00
2010.09.03 16:07:54.804,7.2285,7.22985,1.00,1.00
2010.09.03 16:07:56.028,7.2284,7.22985,1.00,1.00
2010.09.03 16:07:56.245,7.2283,7.22985,1.00,1.00
2010.09.03 16:07:57.283,7.2284,7.22985,1.00,1.00
2010.09.03 16:07:57.486,7.2285,7.22985,1.00,1.00
2010.09.03 16:07:59.604,7.2284,7.22985,1.00,1.00
2010.09.03 16:07:59.723,7.2283,7.22985,1.00,1.00
2010.09.03 16:08:00.211,7.2284,7.22985,1.00,1.00
2010.09.03 16:08:02.343,7.2283,7.22985,1.00,1.00
2010.09.03 16:08:07.064,7.2283,7.2301,1.00,1.60
2010.09.03 16:08:07.853,7.2285,7.2301,1.00,1.60
2010.09.03 16:08:07.939,7.2284,7.2305,1.00,1.00
2010.09.03 16:08:10.453,7.2284,7.23005,1.00,1.00
2010.09.03 16:08:10.577,7.2286,7.23005,1.00,1.00
2010.09.03 16:08:10.706,7.2284,7.23005,1.00,1.00
2010.09.03 16:08:11.638,7.2285,7.23005,1.00,1.00
2010.09.03 16:08:12.024,7.2282,7.23005,1.00,1.00
2010.09.03 16:08:13.586,7.2282,7.22995,1.00,1.00
2010.09.03 16:08:14.513,7.2278,7.22995,1.00,1.00
2010.09.03 16:08:15.309,7.2278,7.22945,1.00,1.00
2010.09.03 16:08:15.449,7.228,7.22945,1.00,1.00
2010.09.03 16:08:16.603,7.2277,7.22945,1.00,1.00
2010.09.03 16:08:16.900,7.2281,7.22945,1.00,1.00
2010.09.03 16:08:17.187,7.2281,7.22955,1.00,1.60
2010.09.03 16:08:17.475,7.2282,7.22985,1.00,1.00
2010.09.03 16:08:20.114,7.22815,7.22985,1.60,1.00
2010.09.03 16:08:22.846,7.22825,7.22985,1.00,1.00
2010.09.03 16:08:22.971,7.22825,7.23045,1.00,1.00
2010.09.03 16:08:23.912,7.22825,7.23055,1.00,1.00
2010.09.03 16:08:24.944,7.22875,7.23055,1.60,1.00
2010.09.03 16:08:34.913,7.22875,7.2305,1.60,1.00
2010.09.03 16:08:35.152,7.2283,7.2305,1.00,1.00
2010.09.03 16:08:37.275,7.2283,7.2306,1.00,1.00
2010.09.03 16:08:37.421,7.22845,7.2306,1.00,1.00
2010.09.03 16:08:37.542,7.22875,7.2306,1.60,1.00
2010.09.03 16:08:42.384,7.22875,7.23065,1.60,1.60
2010.09.03 16:08:43.323,7.22835,7.23055,1.60,1.00
2010.09.03 16:08:43.563,7.2282,7.23055,1.00,1.00
2010.09.03 16:08:43.802,7.2282,7.2303,1.00,1.00
2010.09.03 16:08:47.141,7.2283,7.2303,1.60,1.00
2010.09.03 16:08:48.546,7.2289,7.23065,1.60,1.60
2010.09.03 16:09:06.529,7.2289,7.2305,1.60,1.00
2010.09.03 16:09:10.331,7.2289,7.23065,1.60,1.60
2010.09.03 16:09:10.417,7.229,7.2312,1.00,1.00
2010.09.03 16:09:10.486,7.22945,7.2312,1.60,1.00
2010.09.03 16:09:22.564,7.22945,7.2317,1.60,1.00
2010.09.03 16:09:26.830,7.23,7.2318,1.60,1.80
2010.09.03 16:09:26.990,7.23,7.2318,1.60,1.60
2010.09.03 16:09:27.752,7.23,7.23195,1.60,1.00
2010.09.03 16:09:27.912,7.23055,7.23195,1.60,1.00
2010.09.03 16:09:28.473,7.23055,7.2322,1.60,1.00
2010.09.03 16:09:33.662,7.2307,7.23275,1.00,1.00
2010.09.03 16:09:33.854,7.23115,7.23275,1.60,1.00
2010.09.03 16:09:37.289,7.23115,7.2329,1.60,1.60
2010.09.03 16:09:37.502,7.23115,7.23315,1.60,1.00
2010.09.03 16:09:40.917,7.2312,7.23315,1.00,1.00
2010.09.03 16:09:41.684,7.2312,7.23295,1.00,1.00
2010.09.03 16:09:42.675,7.2313,7.2331,1.00,1.00
2010.09.03 16:09:43.444,7.2313,7.2329,1.00,1.00
2010.09.03 16:09:44.320,7.23115,7.23345,1.60,1.80
2010.09.03 16:09:44.678,7.23115,7.2329,1.60,1.80
2010.09.03 16:09:44.934,7.2312,7.2329,1.00,1.60
2010.09.03 16:09:45.904,7.2312,7.23305,1.00,1.00
2010.09.03 16:09:48.065,7.2312,7.23345,1.00,1.60
2010.09.03 16:09:48.985,7.2313,7.23345,1.00,1.60
2010.09.03 16:09:49.327,7.2313,7.2331,1.00,1.00
2010.09.03 16:09:49.675,7.2314,7.2333,1.00,1.00
2010.09.03 16:09:50.014,7.2317,7.2333,1.60,1.00
2010.09.03 16:10:18.021,7.23225,7.23385,1.60,1.00
2010.09.03 16:10:19.177,7.23225,7.2345,1.60,1.00
2010.09.03 16:10:19.529,7.2323,7.2341,1.00,1.00
2010.09.03 16:10:20.582,7.2323,7.23405,1.00,1.60
2010.09.03 16:10:20.928,7.2324,7.234,1.00,1.00
2010.09.03 16:10:21.235,7.2324,7.2341,1.00,1.00
2010.09.03 16:10:22.240,7.2328,7.2345,1.60,1.00
2010.09.03 16:10:23.755,7.2328,7.2344,1.60,1.00
2010.09.03 16:10:23.960,7.2328,7.2346,1.60,1.00
2010.09.03 16:10:24.745,7.2328,7.2349,2.40,1.00
2010.09.03 16:10:25.025,7.23375,7.2353,1.60,1.00
2010.09.03 16:10:26.033,7.23395,7.2355,1.60,1.00
2010.09.03 16:10:27.055,7.23395,7.2357,1.60,1.00
2010.09.03 16:10:27.305,7.23395,7.2357,1.60,1.00
2010.09.03 16:10:28.494,7.23395,7.2356,1.60,1.00
2010.09.03 16:10:28.774,7.23395,7.2358,1.60,1.00
2010.09.03 16:10:29.053,7.23395,7.2357,1.60,1.90
2010.09.03 16:10:29.334,7.23395,7.2356,1.60,1.00
2010.09.03 16:10:31.367,7.23395,7.2355,1.60,1.00
2010.09.03 16:10:32.126,7.23395,7.2357,1.60,1.80
2010.09.03 16:10:34.682,7.23395,7.2357,1.60,2.00
2010.09.03 16:10:36.204,7.2336,7.23555,1.00,1.00
2010.09.03 16:10:36.399,7.23395,7.23545,1.60,1.00
2010.09.03 16:10:36.883,7.234,7.23545,1.00,1.00
2010.09.03 16:10:37.629,7.23425,7.23545,1.00,1.00
2010.09.03 16:10:37.810,7.2341,7.23595,1.10,1.00
2010.09.03 16:10:37.982,7.2341,7.2362,1.10,1.00
2010.09.03 16:10:38.332,7.2341,7.23655,1.10,1.00
2010.09.03 16:10:38.853,7.2342,7.2365,1.00,1.00
2010.09.03 16:10:40.015,7.2345,7.23665,1.00,1.00
2010.09.03 16:10:40.196,7.2346,7.23665,1.00,1.00
2010.09.03 16:10:41.165,7.2347,7.23665,1.00,1.00
2010.09.03 16:10:41.893,7.2348,7.23665,1.00,1.00
2010.09.03 16:10:42.662,7.2349,7.23665,1.00,1.00
2010.09.03 16:10:43.684,7.2348,7.23665,1.00,1.00
2010.09.03 16:10:54.281,7.2344,7.2365,1.00,1.00
2010.09.03 16:10:54.414,7.2342,7.2364,1.00,1.00
2010.09.03 16:10:55.279,7.2345,7.2364,1.00,1.00
2010.09.03 16:10:57.196,7.2346,7.23645,1.00,1.00
2010.09.03 16:10:57.408,7.2344,7.2365,1.00,1.00
2010.09.03 16:10:57.616,7.2342,7.2365,1.00,1.00
2010.09.03 16:10:58.527,7.2342,7.2364,1.00,1.00
2010.09.03 16:10:58.759,7.2343,7.2364,1.00,1.00
2010.09.03 16:11:05.128,7.2345,7.2364,1.00,1.00
2010.09.03 16:11:07.774,7.2344,7.23635,1.00,1.00
2010.09.03 16:11:08.513,7.2346,7.23635,1.00,1.00
2010.09.03 16:11:08.813,7.2345,7.23645,1.00,1.00
2010.09.03 16:11:09.573,7.2345,7.2365,1.00,1.00
2010.09.03 16:11:09.902,7.2344,7.2365,1.00,1.00
2010.09.03 16:11:10.132,7.2344,7.2364,1.00,1.00
2010.09.03 16:11:10.459,7.2342,7.2364,1.00,1.00
2010.09.03 16:11:11.524,7.2342,7.2363,1.00,1.00
2010.09.03 16:11:11.774,7.2341,7.2363,1.00,1.00
2010.09.03 16:11:11.983,7.2341,7.2363,1.00,1.00
2010.09.03 16:11:12.955,7.2341,7.23615,1.00,1.00
2010.09.03 16:11:13.242,7.2342,7.23615,1.00,1.00
2010.09.03 16:11:14.938,7.2341,7.23615,1.00,1.00
2010.09.03 16:11:16.902,7.234,7.23615,1.00,1.00
2010.09.03 16:11:17.135,7.2329,7.23555,1.00,1.00
2010.09.03 16:11:17.236,7.2329,7.2355,1.00,1.00
2010.09.03 16:11:18.125,7.23295,7.2355,1.00,1.00
2010.09.03 16:11:18.385,7.2333,7.2353,1.00,1.00
2010.09.03 16:11:19.341,7.2334,7.23545,1.00,1.00
2010.09.03 16:11:19.883,7.2336,7.23545,1.00,1.00
2010.09.03 16:11:20.163,7.2336,7.2356,1.00,1.00
2010.09.03 16:11:21.175,7.2334,7.23555,1.00,1.00
2010.09.03 16:11:21.736,7.2336,7.2356,1.00,1.00
2010.09.03 16:11:22.688,7.23305,7.2355,1.60,1.00
2010.09.03 16:11:22.926,7.233,7.23505,1.00,1.00
2010.09.03 16:11:23.156,7.233,7.235,1.00,1.00
2010.09.03 16:11:24.137,7.2329,7.235,1.00,1.00
2010.09.03 16:11:24.404,7.2332,7.235,1.00,1.00
2010.09.03 16:11:24.673,7.2331,7.235,1.00,1.00
2010.09.03 16:11:25.426,7.2331,7.23525,1.00,1.00
2010.09.03 16:11:25.688,7.233,7.23525,1.00,1.00
2010.09.03 16:11:26.412,7.233,7.2352,1.00,1.00
2010.09.03 16:11:27.664,7.2329,7.2352,1.00,1.00
2010.09.03 16:11:27.921,7.2331,7.2352,1.00,1.00
2010.09.03 16:11:28.023,7.2331,7.2352,1.00,1.00
2010.09.03 16:11:28.233,7.2331,7.2352,1.00,1.00
2010.09.03 16:11:29.274,7.233,7.2352,1.20,1.00
2010.09.03 16:11:30.113,7.233,7.2352,1.00,1.00
2010.09.03 16:11:30.373,7.2329,7.2352,1.00,1.00
2010.09.03 16:11:31.414,7.233,7.2352,1.00,1.00
2010.09.03 16:11:31.504,7.2331,7.2352,1.00,1.00
2010.09.03 16:11:33.419,7.2335,7.2352,1.00,1.00
2010.09.03 16:11:33.608,7.2336,7.23555,1.00,1.00
2010.09.03 16:11:35.974,7.2335,7.23555,1.00,1.00
2010.09.03 16:11:36.031,7.2337,7.23565,1.00,1.00
2010.09.03 16:11:36.261,7.2337,7.2358,1.00,1.00
2010.09.03 16:11:38.027,7.233,7.2353,1.00,1.00
2010.09.03 16:11:38.075,7.23315,7.2353,1.60,1.00
2010.09.03 16:11:38.249,7.233,7.2353,1.00,1.00
2010.09.03 16:11:41.294,7.233,7.2352,1.00,1.00
2010.09.03 16:11:46.889,7.2334,7.2352,1.00,1.00
2010.09.03 16:11:47.054,7.2336,7.2356,1.00,1.00
2010.09.03 16:11:47.693,7.2338,7.2356,1.00,1.00
2010.09.03 16:11:48.686,7.2338,7.23565,1.00,1.00
2010.09.03 16:11:51.782,7.2338,7.2359,1.00,1.00
2010.09.03 16:11:54.153,7.2338,7.23585,1.00,1.00
2010.09.03 16:11:54.873,7.2339,7.2359,1.00,1.00
2010.09.03 16:11:56.403,7.2338,7.2359,1.00,1.00
2010.09.03 16:11:56.612,7.2337,7.2359,1.00,1.00
2010.09.03 16:11:56.823,7.2337,7.2359,1.00,1.00
2010.09.03 16:12:02.196,7.2336,7.2359,1.00,1.00
2010.09.03 16:12:02.401,7.2336,7.23575,1.00,1.00
2010.09.03 16:12:03.449,7.2334,7.23575,1.00,1.00
2010.09.03 16:12:04.784,7.2334,7.2356,1.00,1.00
2010.09.03 16:12:05.092,7.2333,7.2356,1.00,1.00
2010.09.03 16:12:09.144,7.23325,7.2356,1.90,1.00
2010.09.03 16:12:09.333,7.23325,7.23545,1.90,1.00
2010.09.03 16:12:10.106,7.2333,7.23545,1.00,1.00
2010.09.03 16:12:10.256,7.2333,7.2355,1.00,1.00
2010.09.03 16:12:17.804,7.2332,7.2355,1.00,1.00
2010.09.03 16:12:19.513,7.23315,7.2355,1.60,1.00
2010.09.03 16:12:19.784,7.2332,7.2355,1.00,1.00
2010.09.03 16:12:20.083,7.23315,7.2355,1.60,1.00
2010.09.03 16:12:20.353,7.233,7.2355,1.10,1.00
2010.09.03 16:12:20.625,7.2329,7.2349,1.00,1.00
2010.09.03 16:12:29.717,7.2331,7.2347,1.00,1.00
2010.09.03 16:12:32.197,7.2331,7.23465,1.00,1.00
2010.09.03 16:12:49.205,7.23285,7.23465,1.10,1.00
2010.09.03 16:12:49.252,7.23285,7.23465,1.00,1.00
2010.09.03 16:12:54.531,7.2326,7.23465,1.00,1.00
2010.09.03 16:12:57.067,7.23145,7.2337,1.60,1.00
2010.09.03 16:13:00.292,7.23175,7.23315,1.60,1.00
2010.09.03 16:13:01.325,7.23165,7.23325,1.60,1.00
2010.09.03 16:13:03.444,7.23155,7.23325,1.60,1.00
2010.09.03 16:13:06.413,7.23145,7.23325,1.60,1.00
2010.09.03 16:13:07.716,7.23135,7.23325,1.60,1.00
2010.09.03 16:13:07.988,7.23125,7.23265,1.60,1.00
2010.09.03 16:13:08.791,7.23105,7.23265,1.60,1.00
2010.09.03 16:13:09.125,7.23075,7.23265,1.90,1.00
2010.09.03 16:13:10.769,7.23075,7.2327,1.60,1.00
2010.09.03 16:13:16.195,7.23075,7.23275,1.60,1.00
2010.09.03 16:13:19.310,7.23085,7.23275,1.60,1.00
2010.09.03 16:13:20.213,7.23085,7.2327,1.60,1.00
2010.09.03 16:13:23.232,7.23065,7.2327,1.60,1.00
2010.09.03 16:13:27.651,7.23075,7.2327,1.60,1.00
2010.09.03 16:13:29.242,7.23085,7.2327,1.60,1.00
2010.09.03 16:13:30.754,7.23085,7.2326,1.60,1.00
2010.09.03 16:13:31.698,7.23015,7.23215,1.60,1.00
2010.09.03 16:13:31.903,7.23015,7.232,1.60,1.00
2010.09.03 16:13:33.349,7.23005,7.232,1.60,1.00
2010.09.03 16:13:35.354,7.23015,7.232,1.60,1.00
2010.09.03 16:13:38.647,7.22975,7.2314,1.90,1.00
2010.09.03 16:13:39.402,7.22975,7.2314,1.60,1.00
2010.09.03 16:13:40.571,7.22985,7.2314,1.60,1.00
2010.09.03 16:13:51.298,7.2295,7.2314,1.00,1.00
2010.09.03 16:13:52.032,7.2295,7.23115,1.00,1.00
2010.09.03 16:13:52.077,7.22925,7.23115,1.90,1.00
2010.09.03 16:13:54.392,7.22925,7.23115,1.00,1.00
2010.09.03 16:13:56.793,7.22925,7.2312,1.00,1.00
2010.09.03 16:13:57.093,7.22895,7.2312,1.60,1.00
2010.09.03 16:13:57.243,7.22895,7.23105,1.60,1.00
2010.09.03 16:13:58.858,7.2287,7.231,1.00,1.00
2010.09.03 16:13:59.325,7.2287,7.23065,1.00,1.00
2010.09.03 16:14:05.156,7.2287,7.23,1.00,1.00
2010.09.03 16:14:05.465,7.22815,7.23,1.00,1.00
2010.09.03 16:14:11.980,7.22815,7.23015,1.00,1.00
2010.09.03 16:14:12.203,7.2283,7.23035,1.00,1.00
2010.09.03 16:14:13.135,7.22855,7.23035,1.00,1.00
2010.09.03 16:14:13.392,7.22855,7.2304,1.00,1.00
2010.09.03 16:14:22.278,7.22835,7.2304,1.10,1.00
2010.09.03 16:14:22.346,7.2286,7.2304,1.00,1.00
2010.09.03 16:14:25.285,7.2289,7.23055,1.00,1.00
2010.09.03 16:14:25.534,7.2289,7.2308,1.00,1.00
2010.09.03 16:14:29.507,7.2287,7.2308,1.00,1.00
2010.09.03 16:14:30.077,7.2289,7.2308,1.00,1.00
2010.09.03 16:14:31.249,7.2289,7.231,1.00,1.00
2010.09.03 16:14:33.179,7.2287,7.231,1.00,1.00
2010.09.03 16:14:33.448,7.2287,7.23095,1.00,1.00
2010.09.03 16:14:34.628,7.2291,7.23095,1.00,1.00
2010.09.03 16:14:34.928,7.2291,7.23105,1.00,1.00
2010.09.03 16:14:38.183,7.2291,7.2311,1.00,1.00
2010.09.03 16:14:38.956,7.2295,7.2311,1.00,1.00
2010.09.03 16:14:39.201,7.2295,7.2313,1.00,1.00
2010.09.03 16:14:42.517,7.22945,7.2313,1.00,1.00
2010.09.03 16:14:48.464,7.22965,7.2316,1.00,1.00
2010.09.03 16:15:01.015,7.2294,7.2316,1.00,1.00
2010.09.03 16:15:03.325,7.22965,7.2316,1.00,1.00
2010.09.03 16:15:03.924,7.22965,7.2317,1.00,1.00
2010.09.03 16:15:10.482,7.2298,7.2317,1.00,1.00
2010.09.03 16:15:10.655,7.23005,7.2318,1.00,1.00
2010.09.03 16:15:10.863,7.23005,7.23195,1.00,1.00
2010.09.03 16:15:12.224,7.2298,7.23195,1.10,1.00
2010.09.03 16:15:12.388,7.2298,7.23195,1.00,1.00
2010.09.03 16:15:12.584,7.2298,7.2318,1.00,1.00
2010.09.03 16:15:25.327,7.2295,7.2318,1.00,1.00
2010.09.03 16:15:25.734,7.2295,7.23155,1.00,1.00
2010.09.03 16:15:27.510,7.2295,7.2318,1.00,1.00
2010.09.03 16:15:27.932,7.2295,7.2316,1.00,1.00
2010.09.03 16:15:46.301,7.23025,7.23215,1.00,1.00
2010.09.03 16:15:46.574,7.23025,7.23225,1.00,1.00
2010.09.03 16:15:47.399,7.23025,7.2323,1.00,1.00
2010.09.03 16:15:51.566,7.22995,7.2323,1.00,1.00
2010.09.03 16:15:51.774,7.22995,7.2322,1.00,1.00
2010.09.03 16:15:53.387,7.2302,7.2322,1.00,1.00
2010.09.03 16:15:53.893,7.2302,7.2323,1.00,1.00
2010.09.03 16:15:54.775,7.23055,7.2327,1.00,1.00
2010.09.03 16:16:00.226,7.23075,7.2327,1.00,1.00
2010.09.03 16:16:00.444,7.23055,7.2327,1.00,1.00
2010.09.03 16:16:04.012,7.2311,7.23285,1.00,1.00
2010.09.03 16:16:08.681,7.23085,7.23285,1.10,1.00
2010.09.03 16:16:08.859,7.23085,7.23285,1.00,1.00
2010.09.03 16:16:10.147,7.22975,7.23225,1.90,1.00
2010.09.03 16:16:10.484,7.22985,7.23225,1.60,1.00
2010.09.03 16:16:10.828,7.22985,7.2323,1.60,1.00
2010.09.03 16:16:11.884,7.2302,7.23215,1.00,1.00
2010.09.03 16:16:14.166,7.2302,7.2322,1.00,1.00
2010.09.03 16:16:31.189,7.22995,7.23215,1.00,1.00
2010.09.03 16:16:31.494,7.22995,7.2321,1.00,1.00
2010.09.03 16:16:32.843,7.22985,7.2321,1.60,1.00
2010.09.03 16:16:33.021,7.22975,7.2321,2.70,1.00
2010.09.03 16:16:33.198,7.22975,7.2321,1.00,1.00
2010.09.03 16:16:34.095,7.22945,7.2316,1.90,1.00
2010.09.03 16:16:34.372,7.22995,7.2319,1.00,1.00
2010.09.03 16:16:36.258,7.22975,7.2319,1.00,1.00
2010.09.03 16:16:41.843,7.22905,7.23125,1.00,1.00
2010.09.03 16:16:43.719,7.22905,7.2311,1.00,1.00
2010.09.03 16:16:44.936,7.22905,7.2311,1.00,1.00
2010.09.03 16:16:45.134,7.22905,7.23105,1.00,1.00
2010.09.03 16:16:45.333,7.22905,7.2325,1.00,1.00
2010.09.03 16:16:45.533,7.22905,7.23055,1.00,1.00
2010.09.03 16:16:46.112,7.2209,7.22755,1.70,1.60
2010.09.03 16:16:46.314,7.22895,7.23105,1.00,1.00
2010.09.03 16:16:46.513,7.22895,7.23055,1.00,1.00
2010.09.03 16:16:51.852,7.22895,7.22925,1.00,1.60
2010.09.03 16:16:52.043,7.22895,7.2318,1.00,1.00
2010.09.03 16:16:52.412,7.22895,7.2308,1.00,1.00
2010.09.03 16:16:53.377,7.22885,7.22945,1.00,1.00
2010.09.03 16:16:57.003,7.22885,7.22935,1.00,1.00
2010.09.03 16:17:00.123,7.22875,7.22935,1.00,1.00
2010.09.03 16:17:01.163,7.2292,7.22995,1.00,1.60
2010.09.03 16:17:01.286,7.2292,7.23025,1.00,1.60
2010.09.03 16:17:03.275,7.2296,7.23025,1.00,1.60
2010.09.03 16:17:04.044,7.2296,7.2304,1.00,1.00
2010.09.03 16:17:04.445,7.22935,7.23035,1.00,1.60
2010.09.03 16:17:05.354,7.22935,7.23035,1.10,1.60
2010.09.03 16:17:05.697,7.2296,7.2304,1.00,1.00
2010.09.03 16:17:06.384,7.2295,7.23045,1.00,1.60
2010.09.03 16:17:06.633,7.2295,7.23075,1.00,1.80
2010.09.03 16:17:08.815,7.2292,7.23075,1.00,1.80
2010.09.03 16:17:08.875,7.2292,7.23055,1.00,1.60
2010.09.03 16:17:10.962,7.2292,7.23065,1.00,1.60
2010.09.03 16:17:11.306,7.2292,7.23045,1.00,1.60
2010.09.03 16:17:12.046,7.2294,7.23045,1.00,1.60
2010.09.03 16:17:12.203,7.2294,7.23075,1.00,1.80
2010.09.03 16:17:16.766,7.2294,7.23075,1.00,1.00
2010.09.03 16:17:16.943,7.22615,7.22885,8.00,1.60
2010.09.03 16:17:17.116,7.22585,7.22885,1.00,1.60
2010.09.03 16:17:17.283,7.22585,7.22985,1.00,1.60
2010.09.03 16:17:18.465,7.2265,7.22945,1.00,1.60
2010.09.03 16:17:20.722,7.2267,7.22945,1.00,1.60
2010.09.03 16:17:22.474,7.2263,7.22945,1.00,1.60
2010.09.03 16:17:23.374,7.2263,7.22845,1.00,1.00
2010.09.03 16:17:23.686,7.2263,7.22845,1.00,1.00
2010.09.03 16:17:26.004,7.2263,7.22825,1.00,1.00
2010.09.03 16:17:26.783,7.2267,7.22825,1.00,1.00
2010.09.03 16:17:27.911,7.2265,7.22815,1.00,1.00
2010.09.03 16:17:28.344,7.2266,7.22815,1.00,1.00
2010.09.03 16:17:29.339,7.22715,7.22815,8.00,1.00
2010.09.03 16:17:29.728,7.2264,7.22815,1.00,1.00
2010.09.03 16:17:29.929,7.2264,7.22945,1.00,1.60
2010.09.03 16:17:30.125,7.2264,7.2299,1.00,1.00
2010.09.03 16:17:30.314,7.2264,7.23,1.00,2.40
2010.09.03 16:17:31.522,7.2267,7.2298,1.00,2.40
2010.09.03 16:17:31.577,7.227,7.2292,1.00,1.00
2010.09.03 16:17:31.803,7.2269,7.2292,1.00,1.00
2010.09.03 16:17:32.054,7.2269,7.2292,1.60,1.00
2010.09.03 16:17:32.119,7.22705,7.22945,1.00,1.00
2010.09.03 16:17:32.172,7.22705,7.22985,1.00,1.00
2010.09.03 16:17:33.733,7.2274,7.22985,1.00,1.00
2010.09.03 16:17:34.119,7.2276,7.22985,1.00,1.00
2010.09.03 16:17:34.743,7.2276,7.23015,1.00,1.00
2010.09.03 16:17:35.644,7.2277,7.23015,1.00,1.00
2010.09.03 16:17:36.784,7.2276,7.22985,1.00,1.00
2010.09.03 16:17:39.061,7.2276,7.2293,1.00,1.00
2010.09.03 16:17:40.307,7.2275,7.2293,1.00,1.00
2010.09.03 16:17:40.615,7.2277,7.2293,1.00,1.00
2010.09.03 16:17:43.462,7.2276,7.22985,1.00,1.00
2010.09.03 16:17:44.276,7.2276,7.22935,1.00,1.00
2010.09.03 16:17:45.056,7.2274,7.22935,1.00,1.00
2010.09.03 16:17:45.279,7.2269,7.22935,1.00,1.00
2010.09.03 16:17:45.505,7.2269,7.22935,1.00,1.00
2010.09.03 16:17:46.507,7.22685,7.22935,1.00,1.00
2010.09.03 16:17:51.136,7.22685,7.2289,1.00,1.00
2010.09.03 16:17:51.192,7.2267,7.2289,1.00,1.00
2010.09.03 16:17:53.079,7.2271,7.2295,1.00,1.00
2010.09.03 16:17:53.339,7.2274,7.2295,1.00,1.00
2010.09.03 16:17:54.509,7.2273,7.2295,1.00,1.00
2010.09.03 16:17:54.685,7.22685,7.22945,1.00,1.00
2010.09.03 16:17:55.035,7.227,7.22945,1.00,1.00
2010.09.03 16:17:56.161,7.2273,7.22965,1.00,1.00
2010.09.03 16:17:57.911,7.2273,7.2299,1.00,1.00
2010.09.03 16:17:57.976,7.22695,7.22855,1.00,1.00
2010.09.03 16:18:00.629,7.2267,7.22835,1.00,1.00
2010.09.03 16:18:16.333,7.2266,7.22835,1.00,1.00
2010.09.03 16:18:24.065,7.2265,7.22835,1.00,1.00
2010.09.03 16:18:25.312,7.2265,7.22865,1.00,1.00
2010.09.03 16:18:32.194,7.2263,7.22865,1.00,1.00
2010.09.03 16:18:33.980,7.2263,7.2279,1.00,1.00
2010.09.03 16:18:54.535,7.2263,7.22815,1.00,1.00
2010.09.03 16:18:54.760,7.226,7.22815,1.00,1.00
2010.09.03 16:18:56.747,7.226,7.2288,1.00,1.00
2010.09.03 16:18:56.844,7.22625,7.2288,1.00,1.00
2010.09.03 16:19:02.896,7.22645,7.2288,1.00,1.00
2010.09.03 16:19:03.912,7.22625,7.2288,1.00,1.00
2010.09.03 16:19:06.640,7.226,7.2288,1.00,1.00
2010.09.03 16:19:06.748,7.2264,7.2288,1.00,1.00
2010.09.03 16:19:06.853,7.2264,7.22905,1.00,1.00
2010.09.03 16:19:06.954,7.2264,7.22905,1.00,1.00
2010.09.03 16:19:07.053,7.22645,7.22905,1.60,1.00
2010.09.03 16:19:07.153,7.2267,7.22905,1.00,1.00
2010.09.03 16:19:09.890,7.22615,7.2289,1.00,1.00
2010.09.03 16:19:10.197,7.22615,7.22895,1.00,1.00
2010.09.03 16:19:10.504,7.22615,7.2289,1.00,1.00
2010.09.03 16:19:11.836,7.22615,7.2289,1.00,1.00
2010.09.03 16:19:15.103,7.22615,7.2283,1.00,1.00
2010.09.03 16:19:21.724,7.22615,7.2288,1.00,1.00
2010.09.03 16:19:22.698,7.2264,7.2288,1.00,1.00
2010.09.03 16:19:42.734,7.2264,7.2291,1.00,1.00
2010.09.03 16:19:59.634,7.2264,7.2292,1.00,1.00
2010.09.03 16:19:59.889,7.2264,7.2292,1.10,1.00
2010.09.03 16:19:59.923,7.22665,7.2294,1.00,1.00
2010.09.03 16:20:04.204,7.2271,7.2299,1.00,1.00
2010.09.03 16:20:06.897,7.2271,7.2299,1.90,1.00
2010.09.03 16:20:06.918,7.22765,7.2301,1.00,1.00
2010.09.03 16:20:06.970,7.22765,7.23045,1.00,1.00
2010.09.03 16:20:07.782,7.22745,7.2302,1.00,1.00
2010.09.03 16:20:09.550,7.22765,7.23045,1.00,1.00
2010.09.03 16:20:18.715,7.2275,7.2303,1.00,1.00
2010.09.03 16:20:20.931,7.22855,7.2305,1.60,1.00
2010.09.03 16:20:21.133,7.22865,7.2305,1.60,1.00
2010.09.03 16:20:21.193,7.22865,7.2306,1.60,1.00
2010.09.03 16:20:21.253,7.22855,7.2306,1.60,1.00
2010.09.03 16:20:21.594,7.22865,7.2306,1.60,1.00
2010.09.03 16:20:24.144,7.22885,7.2304,1.60,1.00
2010.09.03 16:20:24.354,7.22875,7.2304,1.60,1.00
2010.09.03 16:20:30.853,7.22865,7.2304,1.60,1.00
2010.09.03 16:20:39.249,7.22945,7.2304,1.60,1.00
2010.09.03 16:20:39.404,7.22945,7.232,1.60,1.00
2010.09.03 16:20:39.554,7.22945,7.2318,1.60,1.00
2010.09.03 16:20:42.175,7.22965,7.2316,1.60,1.00
2010.09.03 16:20:42.564,7.22965,7.23195,1.60,1.00
2010.09.03 16:20:53.575,7.22975,7.23195,1.60,1.00
2010.09.03 16:20:56.318,7.22965,7.23195,1.60,1.00
2010.09.03 16:20:56.494,7.22975,7.23195,1.60,1.00
2010.09.03 16:20:58.916,7.22985,7.23195,1.60,1.00
2010.09.03 16:21:12.242,7.22955,7.2314,1.60,1.00
2010.09.03 16:21:12.583,7.22955,7.23165,1.60,1.00
2010.09.03 16:21:14.843,7.22955,7.2314,1.60,1.00
2010.09.03 16:21:15.094,7.22955,7.23165,1.60,1.00
2010.09.03 16:21:17.003,7.22935,7.23165,1.60,1.00
2010.09.03 16:21:17.273,7.22885,7.23165,1.00,1.00
2010.09.03 16:21:17.643,7.22885,7.23165,1.00,1.00
2010.09.03 16:21:18.553,7.2287,7.2315,1.00,1.00
2010.09.03 16:21:26.407,7.22875,7.2315,1.60,1.00
2010.09.03 16:21:28.116,7.22875,7.2314,1.60,1.00
2010.09.03 16:21:33.135,7.2286,7.2314,1.00,1.00
2010.09.03 16:21:33.194,7.22835,7.2307,1.00,1.00
2010.09.03 16:21:33.236,7.22825,7.2307,1.60,1.00
2010.09.03 16:21:37.129,7.22855,7.2307,1.60,1.00
2010.09.03 16:21:37.297,7.22855,7.23105,1.60,1.00
2010.09.03 16:21:41.188,7.22855,7.231,1.60,1.00
2010.09.03 16:21:42.967,7.22855,7.23105,1.60,1.00
2010.09.03 16:21:53.328,7.22905,7.23105,1.60,1.00
2010.09.03 16:21:53.863,7.22925,7.23105,1.60,1.00
2010.09.03 16:21:54.094,7.22925,7.2317,1.60,1.00
2010.09.03 16:21:57.653,7.22915,7.2317,1.60,1.00
2010.09.03 16:21:58.874,7.23035,7.2317,1.00,1.00
2010.09.03 16:21:59.304,7.2291,7.2318,1.00,1.00
2010.09.03 16:21:59.903,7.22885,7.2318,1.00,1.00
2010.09.03 16:22:00.073,7.22905,7.23205,1.60,1.00
2010.09.03 16:22:00.193,7.22905,7.23325,1.60,1.00
2010.09.03 16:22:00.994,7.2314,7.23325,1.00,1.00
2010.09.03 16:22:03.035,7.2318,7.23375,1.00,1.00
2010.09.03 16:22:05.396,7.2318,7.2335,1.00,1.00
2010.09.03 16:22:06.235,7.2318,7.2341,1.00,1.00
2010.09.03 16:22:09.627,7.23255,7.23475,1.00,1.00
2010.09.03 16:22:10.835,7.23205,7.23475,1.00,1.00
2010.09.03 16:22:13.108,7.231,7.2347,1.00,1.10
2010.09.03 16:22:13.155,7.23085,7.2343,1.60,1.00
2010.09.03 16:22:14.344,7.23095,7.2341,1.60,1.00
2010.09.03 16:22:15.346,7.2313,7.2341,1.00,1.00
2010.09.03 16:22:16.594,7.23175,7.2345,1.00,1.00
2010.09.03 16:22:19.583,7.23235,7.23725,1.00,1.00
2010.09.03 16:22:20.073,7.2322,7.23725,1.00,1.00
2010.09.03 16:22:20.360,7.2322,7.2371,1.00,1.00
2010.09.03 16:22:22.327,7.2328,7.2366,1.00,1.00
2010.09.03 16:22:22.372,7.2328,7.2372,1.00,2.40
2010.09.03 16:22:23.984,7.2328,7.2371,1.00,1.00
2010.09.03 16:22:27.356,7.23235,7.2359,1.60,1.10
2010.09.03 16:22:29.356,7.23285,7.235,1.60,1.00
2010.09.03 16:22:29.964,7.23295,7.2352,1.00,1.00
2010.09.03 16:22:30.214,7.23295,7.2353,1.00,1.00
2010.09.03 16:22:30.343,7.23295,7.2353,1.80,1.00
2010.09.03 16:22:30.474,7.23295,7.2364,1.80,1.00
2010.09.03 16:22:30.705,7.2341,7.2374,1.00,1.00
2010.09.03 16:22:31.434,7.2337,7.2374,1.00,1.00
2010.09.03 16:22:31.510,7.2337,7.2375,1.00,1.00
2010.09.03 16:22:34.254,7.2338,7.2373,1.00,1.00
2010.09.03 16:22:35.999,7.2338,7.2373,1.00,1.00
2010.09.03 16:22:36.343,7.2344,7.2373,1.00,1.00
2010.09.03 16:22:39.847,7.23355,7.2369,1.00,1.00
2010.09.03 16:22:40.141,7.23355,7.2368,1.00,1.00
2010.09.03 16:22:41.300,7.23375,7.23655,1.00,1.00
2010.09.03 16:22:41.824,7.23375,7.2361,1.00,1.00
2010.09.03 16:22:46.681,7.23315,7.23585,1.00,1.00
2010.09.03 16:22:49.066,7.23325,7.23585,1.00,1.00
2010.09.03 16:22:49.101,7.2333,7.2361,1.00,1.00
2010.09.03 16:22:51.072,7.2333,7.2361,1.00,1.60
2010.09.03 16:22:51.167,7.23315,7.23585,1.00,1.00
2010.09.03 16:22:53.795,7.23395,7.23585,1.60,1.00
2010.09.03 16:22:53.935,7.23405,7.23585,1.00,1.00
2010.09.03 16:22:54.074,7.23405,7.23625,1.00,1.00
2010.09.03 16:22:54.214,7.23395,7.23625,1.60,1.00
2010.09.03 16:22:55.110,7.2343,7.23595,1.00,1.00
2010.09.03 16:22:55.363,7.2337,7.2364,1.00,1.00
2010.09.03 16:22:55.674,7.2337,7.2359,1.00,1.00
2010.09.03 16:22:56.214,7.2337,7.23645,1.00,1.00
2010.09.03 16:22:56.365,7.23415,7.2365,1.00,1.00
2010.09.03 16:22:56.515,7.2345,7.2365,1.00,1.00
2010.09.03 16:22:56.664,7.23455,7.2365,1.60,1.00
2010.09.03 16:22:57.475,7.2345,7.2365,1.00,1.00
2010.09.03 16:22:57.707,7.2345,7.2365,1.00,1.00
2010.09.03 16:22:59.023,7.23455,7.2365,1.00,1.00
2010.09.03 16:22:59.602,7.23455,7.2365,1.00,1.00
2010.09.03 16:23:00.540,7.2328,7.2361,1.00,2.40
2010.09.03 16:23:00.874,7.23265,7.2361,1.00,2.40
2010.09.03 16:23:02.914,7.23185,7.23595,1.00,1.00
2010.09.03 16:23:04.195,7.23205,7.23565,1.00,8.00
2010.09.03 16:23:04.403,7.23195,7.23565,1.00,8.00
2010.09.03 16:23:05.269,7.23195,7.23585,1.00,1.00
2010.09.03 16:23:06.753,7.23195,7.2358,1.00,1.00
2010.09.03 16:23:07.027,7.2332,7.2351,1.00,1.00
2010.09.03 16:23:07.286,7.2332,7.2352,1.00,1.00
2010.09.03 16:23:08.921,7.2334,7.2351,1.00,1.00
2010.09.03 16:23:12.223,7.2334,7.235,1.00,1.00
2010.09.03 16:23:18.050,7.23335,7.235,1.60,1.00
2010.09.03 16:23:19.063,7.2331,7.235,1.00,1.00
2010.09.03 16:23:19.371,7.23265,7.2346,1.60,1.00
2010.09.03 16:23:19.665,7.23275,7.2346,1.60,1.00
2010.09.03 16:23:20.950,7.23285,7.2347,1.60,1.00
2010.09.03 16:23:21.300,7.23355,7.2354,1.60,1.00
2010.09.03 16:23:21.645,7.23355,7.2354,1.60,1.00
2010.09.03 16:23:22.490,7.23355,7.2354,1.60,1.00
2010.09.03 16:23:22.606,7.23355,7.2353,1.60,1.00
2010.09.03 16:23:23.647,7.23325,7.2353,1.60,1.00
2010.09.03 16:23:23.866,7.23335,7.2357,1.60,2.40
2010.09.03 16:23:23.974,7.23335,7.2334,1.60,1.00
2010.09.03 16:23:24.084,7.232,7.2334,1.00,1.00
2010.09.03 16:23:26.044,7.23335,7.2361,1.60,1.00
2010.09.03 16:23:28.132,7.23325,7.235,1.60,1.00
2010.09.03 16:23:28.316,7.23315,7.235,1.60,1.00
2010.09.03 16:23:29.089,7.2333,7.235,1.00,1.00
2010.09.03 16:23:29.340,7.2333,7.2351,1.00,1.00
2010.09.03 16:23:29.685,7.2333,7.2351,1.00,1.00
2010.09.03 16:23:31.223,7.23385,7.2361,1.00,1.00
2010.09.03 16:23:32.784,7.2341,7.2358,1.00,1.00
2010.09.03 16:23:34.756,7.23395,7.2358,1.60,1.00
2010.09.03 16:23:39.596,7.23415,7.2359,1.60,1.00
2010.09.03 16:23:40.451,7.23415,7.236,1.60,1.00
2010.09.03 16:23:45.188,7.23415,7.2358,1.60,1.00
2010.09.03 16:23:48.993,7.23395,7.2358,1.60,1.00
2010.09.03 16:23:51.863,7.23405,7.2358,1.60,1.00
2010.09.03 16:23:54.228,7.23405,7.2356,1.60,1.60
2010.09.03 16:23:54.319,7.23375,7.2356,1.60,1.60
2010.09.03 16:23:54.404,7.23395,7.2356,1.60,1.60
2010.09.03 16:23:54.484,7.23395,7.2362,1.60,1.00
2010.09.03 16:23:54.958,7.23395,7.2361,1.60,1.00
2010.09.03 16:23:55.924,7.23395,7.2362,1.60,1.00
2010.09.03 16:23:57.755,7.23395,7.2362,1.60,1.00
2010.09.03 16:23:57.884,7.23395,7.2363,1.60,1.00
2010.09.03 16:23:58.095,7.23405,7.2363,1.60,1.00
2010.09.03 16:23:58.173,7.23405,7.2363,1.90,1.00
2010.09.03 16:23:59.346,7.23405,7.2361,1.90,1.00
2010.09.03 16:24:01.094,7.23405,7.2361,1.00,1.00
2010.09.03 16:24:02.014,7.23395,7.236,1.60,1.00
2010.09.03 16:24:02.097,7.23395,7.236,1.60,1.00
2010.09.03 16:24:11.121,7.23405,7.236,1.60,1.00
2010.09.03 16:24:11.424,7.23405,7.2362,1.60,1.00
2010.09.03 16:24:11.724,7.23385,7.2362,1.60,1.00
2010.09.03 16:24:11.875,7.23385,7.236,1.60,1.00
2010.09.03 16:24:12.504,7.23385,7.2363,1.60,1.60
2010.09.03 16:24:13.343,7.23385,7.2363,1.60,1.00
2010.09.03 16:24:15.693,7.23385,7.23635,1.60,1.60
2010.09.03 16:24:16.410,7.2339,7.23635,1.00,1.60
2010.09.03 16:24:16.514,7.23405,7.2365,1.60,1.00
2010.09.03 16:24:29.063,7.2339,7.2365,1.00,1.00
2010.09.03 16:24:30.614,7.2339,7.2364,1.00,1.00
2010.09.03 16:24:33.155,7.2339,7.2365,1.00,1.00
2010.09.03 16:24:33.895,7.2339,7.2364,1.00,1.00
2010.09.03 16:24:46.134,7.2339,7.2363,1.00,1.00
2010.09.03 16:24:48.444,7.2339,7.2362,1.00,1.00
2010.09.03 16:24:51.139,7.2339,7.2363,1.00,1.00
2010.09.03 16:24:53.307,7.2339,7.2362,1.00,1.00
2010.09.03 16:24:53.868,7.2339,7.2363,1.00,1.00
2010.09.03 16:24:59.884,7.2339,7.23665,1.00,1.00
2010.09.03 16:24:59.946,7.2339,7.23665,1.00,1.00
2010.09.03 16:25:00.075,7.2339,7.2366,1.00,1.00
2010.09.03 16:25:00.165,7.2339,7.23665,1.00,1.00
2010.09.03 16:25:00.963,7.23405,7.2367,1.00,1.00
2010.09.03 16:25:01.309,7.23405,7.2366,1.00,1.00
2010.09.03 16:25:02.001,7.23385,7.2365,1.00,1.00
2010.09.03 16:25:04.077,7.23385,7.2359,1.00,1.00
2010.09.03 16:25:04.231,7.23385,7.2358,1.00,1.00
2010.09.03 16:25:04.546,7.23385,7.236,1.00,1.00
2010.09.03 16:25:06.283,7.23385,7.2359,1.00,1.00
2010.09.03 16:25:10.004,7.23385,7.236,1.00,1.00
2010.09.03 16:25:10.094,7.23385,7.2358,1.00,1.00
2010.09.03 16:25:11.839,7.23385,7.2359,1.00,1.00
2010.09.03 16:25:12.784,7.23385,7.236,1.00,1.00
2010.09.03 16:25:12.964,7.23385,7.2359,1.00,1.00
2010.09.03 16:25:13.759,7.23385,7.236,1.00,1.00
2010.09.03 16:25:15.429,7.23385,7.2359,1.00,1.00
2010.09.03 16:25:15.768,7.23385,7.236,1.00,1.00
2010.09.03 16:25:16.126,7.23385,7.2359,1.00,1.00
2010.09.03 16:25:16.393,7.23385,7.236,1.00,1.00
2010.09.03 16:25:17.986,7.23385,7.2359,1.00,1.00
2010.09.03 16:25:18.199,7.23385,7.236,1.00,1.00
2010.09.03 16:25:18.384,7.23385,7.2359,1.00,1.00
2010.09.03 16:25:18.573,7.23385,7.2366,1.00,1.00
2010.09.03 16:25:18.764,7.23385,7.23535,1.00,1.00
2010.09.03 16:25:19.653,7.23065,7.2333,1.00,1.00
2010.09.03 16:25:19.846,7.23085,7.2345,1.00,1.00
2010.09.03 16:25:19.955,7.23125,7.234,1.00,1.00
2010.09.03 16:25:20.164,7.23145,7.234,1.60,1.00
2010.09.03 16:25:20.274,7.23145,7.2341,1.60,1.00
2010.09.03 16:25:20.429,7.23145,7.234,1.60,1.00
2010.09.03 16:25:20.745,7.23145,7.2334,1.60,1.00
2010.09.03 16:25:21.485,7.23145,7.2335,1.60,1.00
2010.09.03 16:25:21.800,7.23125,7.23465,1.00,1.60
2010.09.03 16:25:21.935,7.23015,7.23315,1.00,1.00
2010.09.03 16:25:22.214,7.23,7.23405,1.00,1.00
2010.09.03 16:25:22.354,7.2299,7.23405,1.00,1.00
2010.09.03 16:25:32.843,7.2301,7.2336,1.00,1.00
2010.09.03 16:25:33.093,7.2301,7.23335,1.00,8.00
2010.09.03 16:25:33.224,7.23,7.23335,1.00,8.00
2010.09.03 16:25:33.293,7.23,7.23285,1.00,1.00
2010.09.03 16:25:33.380,7.2299,7.23285,1.00,1.00
2010.09.03 16:25:33.644,7.2298,7.23285,1.00,1.00
2010.09.03 16:25:33.743,7.2298,7.2329,1.00,1.00
2010.09.03 16:25:33.844,7.2298,7.233,1.00,1.00
2010.09.03 16:25:34.738,7.2297,7.233,1.00,1.00
2010.09.03 16:25:34.835,7.2297,7.23245,1.00,8.00
2010.09.03 16:25:36.085,7.2297,7.2329,1.00,1.00
2010.09.03 16:25:36.753,7.2297,7.2328,1.00,1.00
2010.09.03 16:25:37.352,7.2297,7.2327,1.00,1.00
2010.09.03 16:25:37.463,7.2297,7.2325,1.00,1.00
2010.09.03 16:25:39.350,7.22935,7.23215,1.00,1.00
2010.09.03 16:25:43.054,7.22925,7.23205,1.00,1.00
2010.09.03 16:25:43.474,7.22915,7.23195,1.00,1.00
2010.09.03 16:25:44.093,7.22905,7.23185,1.00,1.00
2010.09.03 16:25:49.443,7.22905,7.2317,1.00,1.00
2010.09.03 16:25:49.764,7.22895,7.2317,1.90,1.00
2010.09.03 16:25:51.768,7.22895,7.2316,1.90,1.00
2010.09.03 16:25:53.325,7.22895,7.23145,1.60,1.00
2010.09.03 16:25:54.073,7.22895,7.2313,1.60,1.00
2010.09.03 16:25:54.183,7.22855,7.2313,1.90,1.00
2010.09.03 16:25:54.406,7.22865,7.2313,1.60,1.00
2010.09.03 16:25:58.037,7.22885,7.2313,1.60,1.00
2010.09.03 16:25:58.154,7.22875,7.2313,1.60,1.00
2010.09.03 16:25:58.841,7.22875,7.2313,1.60,1.00
2010.09.03 16:26:00.569,7.22885,7.2316,1.90,1.00
2010.09.03 16:26:00.893,7.22885,7.23165,1.90,1.00
2010.09.03 16:26:01.704,7.22895,7.23165,1.60,1.00
2010.09.03 16:26:02.816,7.22895,7.2316,1.60,1.00
2010.09.03 16:26:02.888,7.22895,7.23165,1.60,1.00
2010.09.03 16:26:03.164,7.22895,7.2313,1.60,1.00
2010.09.03 16:26:03.234,7.22885,7.2313,1.90,1.00
2010.09.03 16:26:05.787,7.22885,7.23165,1.90,1.00
2010.09.03 16:26:06.587,7.22925,7.2318,1.60,1.00
2010.09.03 16:26:06.820,7.22935,7.2317,1.60,1.00
2010.09.03 16:26:09.339,7.22925,7.2318,1.60,1.00
2010.09.03 16:26:10.028,7.22925,7.2317,1.60,1.00
2010.09.03 16:26:10.264,7.22925,7.2318,1.60,1.00
2010.09.03 16:26:12.604,7.22915,7.2318,1.60,1.00
2010.09.03 16:26:12.904,7.22925,7.2318,1.60,1.00
2010.09.03 16:26:13.954,7.22925,7.2317,1.60,1.00
2010.09.03 16:26:16.793,7.22925,7.2317,1.60,1.00
2010.09.03 16:26:18.676,7.23015,7.232,1.60,1.00
2010.09.03 16:26:18.826,7.23015,7.232,1.60,1.00
2010.09.03 16:26:19.034,7.23015,7.2319,1.60,1.00
2010.09.03 16:26:20.224,7.23025,7.2319,1.60,1.00
2010.09.03 16:26:21.216,7.23035,7.232,1.60,1.00
2010.09.03 16:26:21.405,7.23035,7.2319,1.60,1.00
2010.09.03 16:26:21.594,7.23035,7.2318,1.60,1.00
2010.09.03 16:26:23.099,7.23035,7.2317,1.60,1.00
2010.09.03 16:26:23.231,7.23035,7.2319,1.60,1.00
2010.09.03 16:26:24.390,7.23015,7.23305,1.60,1.00
2010.09.03 16:26:24.893,7.2301,7.23305,1.00,1.00
2010.09.03 16:26:26.657,7.2301,7.2328,1.00,1.00
2010.09.03 16:26:26.789,7.2301,7.23285,1.00,1.00
2010.09.03 16:26:27.795,7.2301,7.2327,1.00,1.00
2010.09.03 16:26:27.983,7.23015,7.2327,1.60,1.00
2010.09.03 16:26:28.646,7.23015,7.2326,1.60,1.00
2010.09.03 16:26:29.753,7.23015,7.2325,1.60,1.00
2010.09.03 16:26:30.934,7.23015,7.2323,1.60,1.00
2010.09.03 16:26:31.886,7.23015,7.2324,1.60,1.00
2010.09.03 16:26:32.962,7.23025,7.2324,1.60,1.00
2010.09.03 16:26:33.034,7.23025,7.2323,1.60,1.00
2010.09.03 16:26:33.114,7.2301,7.2323,1.00,1.00
2010.09.03 16:26:33.964,7.23005,7.2323,1.60,2.40
2010.09.03 16:26:34.227,7.22885,7.232,1.60,1.00
2010.09.03 16:26:34.485,7.22885,7.2323,1.60,2.40
2010.09.03 16:26:34.744,7.2288,7.2323,1.00,2.40
2010.09.03 16:26:35.004,7.22875,7.2323,1.60,2.40
2010.09.03 16:26:37.309,7.22895,7.2323,1.60,2.50
2010.09.03 16:26:37.404,7.22895,7.2323,1.60,2.40
2010.09.03 16:26:41.375,7.22895,7.2321,1.60,1.00
2010.09.03 16:26:41.464,7.22935,7.2321,1.60,1.00
2010.09.03 16:26:41.634,7.22935,7.2316,1.60,1.00
2010.09.03 16:26:41.803,7.22965,7.2316,1.60,1.00
2010.09.03 16:26:42.054,7.22975,7.2316,1.60,1.00
2010.09.03 16:26:43.515,7.22965,7.2314,1.60,1.00
2010.09.03 16:26:43.554,7.22945,7.2314,1.60,1.00
2010.09.03 16:26:44.164,7.22945,7.232,1.60,1.00
2010.09.03 16:26:44.204,7.229,7.232,1.00,1.00
2010.09.03 16:26:44.505,7.22865,7.2315,1.60,1.00
2010.09.03 16:26:44.735,7.22865,7.2314,1.60,1.00
2010.09.03 16:26:45.753,7.22865,7.2313,1.60,1.00
2010.09.03 16:26:46.174,7.22865,7.2312,1.60,1.00
2010.09.03 16:26:46.235,7.22865,7.2314,1.60,1.00
2010.09.03 16:26:47.225,7.22865,7.2313,1.60,1.00
2010.09.03 16:26:47.465,7.22865,7.2311,1.60,1.00
2010.09.03 16:26:47.718,7.22865,7.2313,1.60,1.00
2010.09.03 16:26:48.384,7.22865,7.2312,1.60,1.00
2010.09.03 16:26:48.576,7.22915,7.2312,1.60,1.00
2010.09.03 16:26:49.546,7.22945,7.2311,1.60,1.00
2010.09.03 16:26:49.945,7.22945,7.2313,1.60,1.00
2010.09.03 16:26:50.144,7.22945,7.2311,1.60,1.00
2010.09.03 16:26:50.696,7.22945,7.231,1.60,1.00
2010.09.03 16:26:51.718,7.22945,7.2311,1.60,1.00
2010.09.03 16:26:51.810,7.22955,7.231,1.60,1.00
2010.09.03 16:26:52.544,7.229,7.231,1.00,1.00
2010.09.03 16:26:52.614,7.229,7.2312,1.00,1.00
2010.09.03 16:26:52.745,7.22875,7.2312,1.60,1.00
2010.09.03 16:26:53.265,7.22875,7.2313,1.60,1.00
2010.09.03 16:26:54.476,7.22875,7.2312,1.60,1.00
2010.09.03 16:26:55.284,7.22875,7.2312,1.60,1.00
2010.09.03 16:26:55.689,7.22875,7.2311,1.60,1.00
2010.09.03 16:26:55.844,7.22865,7.2311,1.60,1.00
2010.09.03 16:26:56.824,7.22875,7.2311,1.60,1.00
2010.09.03 16:26:57.585,7.22945,7.2312,1.60,1.00
2010.09.03 16:26:57.846,7.22935,7.2313,1.60,1.00
2010.09.03 16:26:58.106,7.22945,7.2312,1.60,1.00
2010.09.03 16:26:58.264,7.22945,7.2314,1.60,1.00
2010.09.03 16:26:59.671,7.22965,7.2316,1.60,1.00
2010.09.03 16:27:00.480,7.22965,7.2319,1.60,1.00
2010.09.03 16:27:00.587,7.2293,7.2319,1.00,1.00
2010.09.03 16:27:00.685,7.22865,7.2314,1.60,1.00
2010.09.03 16:27:00.985,7.2286,7.2314,1.00,1.00
2010.09.03 16:27:01.084,7.2286,7.2312,1.00,1.00
2010.09.03 16:27:01.813,7.22855,7.2312,1.60,1.00
2010.09.03 16:27:02.093,7.22855,7.2311,1.60,1.00
2010.09.03 16:27:03.638,7.22855,7.2309,1.60,1.00
2010.09.03 16:27:05.264,7.22855,7.2308,1.60,1.00
2010.09.03 16:27:06.033,7.22845,7.2309,1.60,1.00
2010.09.03 16:27:06.116,7.22845,7.2308,1.60,1.00
2010.09.03 16:27:06.247,7.22845,7.2307,1.60,1.00
2010.09.03 16:27:06.406,7.22845,7.2306,1.60,1.00
2010.09.03 16:27:06.567,7.22825,7.2306,1.60,1.00
2010.09.03 16:27:07.570,7.22905,7.2308,1.60,1.00
2010.09.03 16:27:07.874,7.22905,7.2309,1.60,1.00
2010.09.03 16:27:08.185,7.22885,7.2308,1.60,1.00
2010.09.03 16:27:08.497,7.22895,7.2309,1.60,1.00
2010.09.03 16:27:09.758,7.22915,7.2308,1.60,1.00
2010.09.03 16:27:10.515,7.22915,7.2308,1.60,1.00
2010.09.03 16:27:10.666,7.2288,7.2308,1.00,1.00
2010.09.03 16:27:10.935,7.22825,7.2308,1.60,1.00
2010.09.03 16:27:12.244,7.22825,7.2309,1.60,1.00
2010.09.03 16:27:12.668,7.22815,7.2309,1.90,1.00
2010.09.03 16:27:12.804,7.22815,7.2308,1.90,1.00
2010.09.03 16:27:13.705,7.22815,7.2307,1.90,1.00
2010.09.03 16:27:14.368,7.22815,7.2308,1.90,1.00
2010.09.03 16:27:15.219,7.22815,7.2308,1.90,1.00
2010.09.03 16:27:15.364,7.22815,7.2309,1.00,1.00
2010.09.03 16:27:15.681,7.22815,7.2308,1.00,1.00
2010.09.03 16:27:17.938,7.22815,7.2308,1.90,1.00
2010.09.03 16:27:18.115,7.22815,7.2306,1.90,1.00
2010.09.03 16:27:18.265,7.22815,7.2306,1.60,1.00
2010.09.03 16:27:19.667,7.22815,7.2305,1.60,1.00
2010.09.03 16:27:22.164,7.22815,7.2307,1.60,1.00
2010.09.03 16:27:22.778,7.22815,7.2305,1.60,1.00
2010.09.03 16:27:24.514,7.22815,7.2307,1.60,1.00
2010.09.03 16:27:24.604,7.2286,7.2307,1.00,1.00
2010.09.03 16:27:24.693,7.22925,7.2307,1.60,1.00
2010.09.03 16:27:24.864,7.22925,7.2312,1.60,1.00
2010.09.03 16:27:25.424,7.22915,7.2312,1.60,1.00
2010.09.03 16:27:27.217,7.22915,7.2312,1.60,1.00
2010.09.03 16:27:27.524,7.22915,7.2312,1.60,1.00
2010.09.03 16:27:27.615,7.2287,7.2312,1.00,1.00
2010.09.03 16:27:27.725,7.2287,7.2311,1.00,2.40
2010.09.03 16:27:27.814,7.2284,7.2311,1.00,2.40
2010.09.03 16:27:27.904,7.22825,7.2308,1.00,1.00
2010.09.03 16:27:28.074,7.228,7.23075,1.00,1.00
2010.09.03 16:27:28.164,7.22795,7.23075,1.90,1.00
2010.09.03 16:27:30.392,7.22765,7.2304,1.90,1.00
2010.09.03 16:27:31.339,7.22765,7.2303,1.90,1.00
2010.09.03 16:27:32.705,7.22845,7.2304,1.60,1.00
2010.09.03 16:27:33.515,7.22845,7.2304,1.60,1.00
2010.09.03 16:27:33.678,7.22845,7.2306,1.60,1.00
2010.09.03 16:27:33.835,7.22865,7.2305,1.60,1.00
2010.09.03 16:27:34.254,7.22865,7.2306,1.60,1.00
2010.09.03 16:27:34.635,7.22865,7.2306,1.60,1.00
2010.09.03 16:27:34.875,7.22865,7.2305,1.60,1.00
2010.09.03 16:27:36.664,7.22835,7.23115,1.00,1.00
2010.09.03 16:27:36.754,7.22835,7.2311,1.00,2.40
2010.09.03 16:27:36.844,7.22835,7.2307,1.00,1.00
2010.09.03 16:27:36.936,7.22785,7.23065,1.00,1.00
2010.09.03 16:27:38.303,7.22785,7.2305,1.00,1.00
2010.09.03 16:27:39.090,7.22845,7.2304,1.60,1.00
2010.09.03 16:27:39.255,7.22845,7.2304,1.90,1.00
2010.09.03 16:27:39.425,7.22845,7.2306,3.50,1.00
2010.09.03 16:27:39.754,7.22845,7.2306,1.90,1.00
2010.09.03 16:27:39.925,7.22845,7.2306,1.90,1.00
2010.09.03 16:27:40.094,7.2286,7.2306,1.00,1.00
2010.09.03 16:27:41.688,7.2286,7.2307,1.00,1.00
2010.09.03 16:27:43.041,7.2286,7.2306,1.00,1.00
2010.09.03 16:27:43.290,7.2286,7.23085,1.00,1.00
2010.09.03 16:27:43.474,7.228,7.2308,1.00,1.00
2010.09.03 16:27:44.744,7.228,7.2308,1.00,1.00
2010.09.03 16:27:45.475,7.22835,7.2305,1.60,1.00
2010.09.03 16:27:45.704,7.22835,7.2306,1.60,1.00
2010.09.03 16:27:45.825,7.22845,7.2306,1.60,1.00
2010.09.03 16:27:46.504,7.22855,7.2306,1.00,1.00
2010.09.03 16:27:46.765,7.22855,7.2306,1.00,1.00
2010.09.03 16:27:48.496,7.22855,7.2307,1.00,1.00
2010.09.03 16:27:48.954,7.22855,7.2311,1.00,1.00
2010.09.03 16:27:49.053,7.22865,7.2311,1.60,1.00
2010.09.03 16:27:49.173,7.22865,7.2312,1.60,1.00
2010.09.03 16:27:49.369,7.22865,7.2312,1.90,1.00
2010.09.03 16:27:49.393,7.22865,7.2312,1.00,1.00
2010.09.03 16:27:49.475,7.22865,7.2312,1.90,1.00
2010.09.03 16:27:50.798,7.22875,7.2313,1.90,1.00
2010.09.03 16:27:50.925,7.22875,7.2314,1.90,1.00
2010.09.03 16:27:50.984,7.22875,7.2308,1.90,1.00
2010.09.03 16:27:51.167,7.22875,7.2312,1.90,2.40
2010.09.03 16:27:51.225,7.2285,7.23095,1.00,1.00
2010.09.03 16:27:51.286,7.22815,7.23095,1.00,1.00
2010.09.03 16:27:54.707,7.22815,7.2309,1.00,1.00
2010.09.03 16:27:57.555,7.22815,7.2308,1.00,1.00
2010.09.03 16:27:57.705,7.22815,7.2308,1.00,1.00
2010.09.03 16:27:57.893,7.22815,7.2309,1.00,1.00
2010.09.03 16:27:58.516,7.22815,7.23095,1.00,1.60
2010.09.03 16:27:59.368,7.22805,7.2307,1.60,1.00
2010.09.03 16:27:59.595,7.22805,7.2307,1.60,1.00
2010.09.03 16:27:59.717,7.22805,7.2306,1.60,1.00
2010.09.03 16:28:01.161,7.22805,7.2307,1.60,1.00
2010.09.03 16:28:01.376,7.22805,7.2306,1.60,1.00
2010.09.03 16:28:01.595,7.22805,7.2306,1.60,1.00
2010.09.03 16:28:01.816,7.22795,7.2307,1.00,1.00
2010.09.03 16:28:03.817,7.22795,7.2305,1.00,1.00
2010.09.03 16:28:04.055,7.22785,7.2305,1.00,1.00
2010.09.03 16:28:04.185,7.22785,7.2306,1.00,1.00
2010.09.03 16:28:05.141,7.22765,7.23045,1.00,1.00
2010.09.03 16:28:06.147,7.22765,7.2304,1.00,1.00
2010.09.03 16:28:09.884,7.22765,7.23045,1.00,1.00
2010.09.03 16:28:10.436,7.22765,7.2304,1.00,1.00
2010.09.03 16:28:13.853,7.22765,7.2302,1.00,1.00
2010.09.03 16:28:13.908,7.22765,7.2299,1.00,1.00
2010.09.03 16:28:13.957,7.22765,7.2298,1.00,1.00
2010.09.03 16:28:14.923,7.22765,7.2299,1.00,1.00
2010.09.03 16:28:15.253,7.22765,7.2298,1.00,1.00
2010.09.03 16:28:19.655,7.22765,7.2298,1.00,1.00
2010.09.03 16:28:19.933,7.22785,7.2298,1.00,1.00
2010.09.03 16:28:20.034,7.22805,7.2298,1.00,1.00
2010.09.03 16:28:20.135,7.22805,7.23,1.00,1.00
2010.09.03 16:28:20.325,7.22805,7.2302,1.00,1.00
2010.09.03 16:28:20.609,7.22805,7.23,1.00,1.00
2010.09.03 16:28:21.587,7.22815,7.2301,1.00,1.00
2010.09.03 16:28:23.722,7.22815,7.23,1.00,1.00
2010.09.03 16:28:23.836,7.22815,7.2302,1.00,1.00
2010.09.03 16:28:23.944,7.22815,7.23,1.00,1.00
2010.09.03 16:28:24.175,7.22815,7.2302,1.00,1.00
2010.09.03 16:28:24.909,7.22815,7.2302,1.00,1.00
2010.09.03 16:28:31.534,7.22815,7.2305,1.00,1.00
2010.09.03 16:28:31.634,7.22815,7.2303,1.00,1.00
2010.09.03 16:28:31.954,7.2277,7.2303,1.00,1.00
2010.09.03 16:28:33.333,7.2277,7.2303,1.00,1.00
2010.09.03 16:28:33.417,7.2277,7.2303,1.00,1.00
2010.09.03 16:28:33.494,7.2277,7.2303,1.00,1.00
2010.09.03 16:28:35.606,7.2277,7.2301,1.00,1.00
2010.09.03 16:28:35.794,7.2277,7.2302,1.00,1.00
2010.09.03 16:28:36.799,7.2277,7.2301,1.00,1.00
2010.09.03 16:28:37.003,7.2277,7.2301,1.00,1.00
2010.09.03 16:28:37.215,7.22805,7.2302,1.60,1.00
2010.09.03 16:28:38.074,7.22825,7.2302,1.00,1.00
2010.09.03 16:28:38.158,7.22825,7.2304,1.00,1.00
2010.09.03 16:28:38.596,7.22825,7.2302,1.00,1.00
2010.09.03 16:28:40.477,7.22825,7.2301,1.00,1.00
2010.09.03 16:28:40.605,7.22825,7.2302,1.00,1.00
2010.09.03 16:28:42.113,7.22825,7.2301,1.00,1.00
2010.09.03 16:28:43.011,7.22825,7.2302,1.00,1.00
2010.09.03 16:28:43.574,7.22825,7.2303,1.00,1.00
2010.09.03 16:28:44.415,7.22825,7.2305,1.00,1.00
2010.09.03 16:28:44.670,7.22845,7.2307,1.00,1.00
2010.09.03 16:28:44.918,7.22845,7.2305,1.00,1.00
2010.09.03 16:28:45.404,7.22845,7.2306,1.00,1.00
2010.09.03 16:28:46.311,7.22845,7.2305,1.00,1.00
2010.09.03 16:28:46.661,7.22845,7.2304,1.00,1.00
2010.09.03 16:28:48.417,7.2289,7.2307,1.60,1.00
2010.09.03 16:28:48.776,7.2289,7.2308,1.60,1.00
2010.09.03 16:28:49.006,7.2289,7.2307,1.60,1.00
2010.09.03 16:28:49.891,7.2289,7.2308,1.60,1.00
2010.09.03 16:28:50.144,7.2289,7.2308,1.60,1.00
2010.09.03 16:28:50.405,7.2289,7.2307,1.60,1.00
2010.09.03 16:28:50.915,7.2289,7.2308,1.60,1.00
2010.09.03 16:28:52.797,7.2289,7.2307,1.60,1.00
2010.09.03 16:28:55.558,7.2289,7.2308,1.60,1.00
2010.09.03 16:28:56.758,7.2289,7.2307,1.60,1.00
2010.09.03 16:28:57.715,7.2289,7.2307,1.60,1.00
2010.09.03 16:28:57.844,7.2289,7.2308,1.60,1.00
2010.09.03 16:28:59.855,7.2289,7.2308,1.60,1.00
2010.09.03 16:28:59.994,7.2289,7.2307,1.60,1.00
2010.09.03 16:29:00.137,7.2289,7.2309,1.60,1.00
2010.09.03 16:29:01.128,7.2289,7.231,1.60,1.00
2010.09.03 16:29:01.381,7.2289,7.2311,1.60,1.00
2010.09.03 16:29:01.618,7.2289,7.2309,1.60,1.00
2010.09.03 16:29:03.444,7.2289,7.2309,1.60,1.00
2010.09.03 16:29:03.631,7.2289,7.2307,1.60,1.00
2010.09.03 16:29:03.842,7.2289,7.2309,1.60,1.00
2010.09.03 16:29:04.925,7.2288,7.2313,1.00,1.00
2010.09.03 16:29:06.990,7.2288,7.2312,1.00,1.00
2010.09.03 16:29:07.274,7.2288,7.2313,1.00,1.00
2010.09.03 16:29:08.866,7.2288,7.2312,1.00,1.00
2010.09.03 16:29:12.519,7.2288,7.2314,1.00,1.00
2010.09.03 16:29:12.599,7.2288,7.2313,1.00,1.00
2010.09.03 16:29:12.745,7.2288,7.2314,1.00,1.00
2010.09.03 16:29:12.824,7.2288,7.23155,1.00,1.00
2010.09.03 16:29:12.974,7.2288,7.2314,1.00,1.00
2010.09.03 16:29:13.123,7.22885,7.2314,1.60,1.00
2010.09.03 16:29:13.276,7.22885,7.23155,1.60,1.00
2010.09.03 16:29:14.331,7.22885,7.2315,1.60,1.00
2010.09.03 16:29:14.868,7.2288,7.2312,1.00,1.00
2010.09.03 16:29:15.137,7.2288,7.2313,1.00,1.00
2010.09.03 16:29:17.354,7.2288,7.2312,1.00,1.00
2010.09.03 16:29:18.310,7.2288,7.2313,1.00,1.00
2010.09.03 16:29:18.435,7.2288,7.2312,1.00,1.00
2010.09.03 16:29:18.935,7.2288,7.2313,1.00,1.00
2010.09.03 16:29:19.264,7.2289,7.2313,1.60,1.00
2010.09.03 16:29:19.396,7.2289,7.231,1.60,1.00
2010.09.03 16:29:20.356,7.2289,7.2311,1.60,1.00
2010.09.03 16:29:20.871,7.2288,7.231,1.00,1.00
2010.09.03 16:29:21.117,7.2286,7.231,1.00,1.00
2010.09.03 16:29:22.083,7.2286,7.2309,1.00,1.00
2010.09.03 16:29:22.337,7.2286,7.2311,1.00,1.00
2010.09.03 16:29:22.596,7.2289,7.2311,1.60,1.00
2010.09.03 16:29:29.805,7.2289,7.2312,1.60,1.00
2010.09.03 16:29:29.834,7.2289,7.2311,1.60,1.00
2010.09.03 16:29:30.870,7.2289,7.2309,1.60,1.00
2010.09.03 16:29:31.217,7.2289,7.2309,1.60,1.00
2010.09.03 16:29:31.556,7.2289,7.2309,1.60,1.00
2010.09.03 16:29:31.894,7.2289,7.2308,1.60,1.00
2010.09.03 16:29:32.466,7.2289,7.2315,1.60,1.00
2010.09.03 16:29:33.203,7.2289,7.231,1.60,1.00
2010.09.03 16:29:33.251,7.2289,7.2309,1.60,1.00
2010.09.03 16:29:33.381,7.2289,7.2307,1.60,1.00
2010.09.03 16:29:34.252,7.2289,7.2308,1.60,1.00
2010.09.03 16:29:34.913,7.2289,7.2307,1.60,1.00
2010.09.03 16:29:35.493,7.2289,7.2308,1.60,1.00
2010.09.03 16:29:39.033,7.22875,7.2306,1.00,1.00
2010.09.03 16:29:39.258,7.2284,7.2306,1.00,1.00
2010.09.03 16:29:39.476,7.2284,7.2305,1.00,1.00
2010.09.03 16:29:42.046,7.2284,7.2303,1.00,1.00
2010.09.03 16:29:42.973,7.2284,7.2304,1.00,1.00
2010.09.03 16:29:43.848,7.2284,7.2303,1.00,1.00
2010.09.03 16:29:46.415,7.2284,7.2304,1.00,1.00
2010.09.03 16:29:48.662,7.2284,7.2303,1.00,1.00
2010.09.03 16:29:57.617,7.2284,7.2301,1.00,1.00
2010.09.03 16:29:57.808,7.2284,7.2301,1.00,1.00
2010.09.03 16:29:58.788,7.2284,7.2302,1.00,1.00
2010.09.03 16:29:59.625,7.2284,7.2301,1.00,1.00
2010.09.03 16:29:59.816,7.2284,7.23,1.00,1.00
2010.09.03 16:29:59.956,7.2284,7.2298,1.00,1.00
2010.09.03 16:30:00.025,7.22805,7.2298,1.60,1.00
2010.09.03 16:30:00.307,7.22785,7.2298,1.90,1.00
2010.09.03 16:30:01.307,7.22805,7.2302,1.90,1.00
2010.09.03 16:30:03.125,7.22805,7.23,1.90,1.00
2010.09.03 16:30:03.294,7.22805,7.2302,1.90,1.00
2010.09.03 16:30:04.761,7.22805,7.23,1.90,1.00
2010.09.03 16:30:04.884,7.22805,7.2302,1.90,1.00
2010.09.03 16:30:09.165,7.2283,7.2303,1.90,1.00
2010.09.03 16:30:13.192,7.2283,7.2306,1.90,1.00
2010.09.03 16:30:23.297,7.2283,7.2307,1.90,1.00
2010.09.03 16:30:24.255,7.2283,7.2305,1.90,1.00
2010.09.03 16:30:25.476,7.2283,7.2307,1.90,1.00
2010.09.03 16:30:26.719,7.2283,7.2305,1.90,1.00
2010.09.03 16:30:27.022,7.2286,7.2309,1.00,1.00
2010.09.03 16:30:27.320,7.2286,7.2308,1.00,1.00
2010.09.03 16:30:27.615,7.2286,7.231,1.00,1.00
2010.09.03 16:30:29.149,7.2286,7.2309,1.00,1.00
2010.09.03 16:30:31.935,7.2286,7.231,1.00,1.00
2010.09.03 16:30:33.147,7.22885,7.2311,1.60,1.00
2010.09.03 16:30:33.285,7.22885,7.2311,1.90,1.00
2010.09.03 16:30:33.426,7.22885,7.2313,1.90,1.00
2010.09.03 16:30:34.598,7.22885,7.2314,1.90,1.00
2010.09.03 16:30:34.900,7.22885,7.2313,1.90,1.00
2010.09.03 16:30:36.538,7.22885,7.2316,1.90,1.00
2010.09.03 16:30:38.277,7.22925,7.23165,1.00,1.00
2010.09.03 16:30:38.466,7.2294,7.2318,1.90,1.00
2010.09.03 16:30:39.575,7.2294,7.2319,1.90,1.00
2010.09.03 16:30:41.314,7.2294,7.232,1.90,1.00
2010.09.03 16:30:45.956,7.22945,7.232,1.60,1.00
2010.09.03 16:30:47.308,7.2294,7.2319,1.90,1.00
2010.09.03 16:30:51.561,7.2294,7.232,1.90,1.00
2010.09.03 16:30:53.635,7.2294,7.2319,1.90,1.00
2010.09.03 16:30:59.657,7.2294,7.2317,1.90,1.00
2010.09.03 16:30:59.739,7.2294,7.2317,1.00,1.00
2010.09.03 16:31:00.540,7.22915,7.2317,1.60,1.00
2010.09.03 16:31:00.769,7.22915,7.2316,1.60,1.00
2010.09.03 16:31:02.512,7.22915,7.2317,1.60,1.00
2010.09.03 16:31:02.750,7.22905,7.2317,1.60,1.00
2010.09.03 16:31:04.385,7.22905,7.2316,1.60,1.00
2010.09.03 16:31:06.470,7.22915,7.2316,1.60,1.00
2010.09.03 16:31:08.519,7.22915,7.2317,1.60,1.00
2010.09.03 16:31:08.696,7.2292,7.2317,1.00,1.00
2010.09.03 16:31:09.569,7.22925,7.2317,1.60,1.00
2010.09.03 16:31:11.005,7.22935,7.2317,1.60,1.00
2010.09.03 16:31:12.505,7.22925,7.2317,1.60,1.00
2010.09.03 16:31:13.333,7.22935,7.2317,1.60,1.00
2010.09.03 16:31:14.125,7.22945,7.2317,1.60,1.00
2010.09.03 16:31:14.302,7.2294,7.2318,2.30,1.00
2010.09.03 16:31:14.617,7.2294,7.2319,2.30,1.00
2010.09.03 16:31:16.926,7.2294,7.2317,2.30,1.00
2010.09.03 16:31:18.257,7.2294,7.2317,1.00,1.00
2010.09.03 16:31:18.354,7.2294,7.2317,2.30,1.00
2010.09.03 16:31:18.456,7.22945,7.2317,1.60,1.00
2010.09.03 16:31:18.555,7.22945,7.2317,1.80,1.00
2010.09.03 16:31:18.655,7.22945,7.2318,1.00,1.00
2010.09.03 16:31:21.036,7.22945,7.2317,1.00,1.00
2010.09.03 16:31:24.315,7.2294,7.2317,1.00,1.00
2010.09.03 16:31:30.259,7.2292,7.2317,1.00,1.00
2010.09.03 16:31:30.526,7.2291,7.2317,1.00,1.00
2010.09.03 16:31:30.654,7.2291,7.2317,1.00,1.00
2010.09.03 16:31:31.399,7.22915,7.2317,1.60,1.00
2010.09.03 16:31:31.738,7.2292,7.2317,1.00,1.00
2010.09.03 16:31:33.679,7.22925,7.2317,1.60,1.00
2010.09.03 16:31:36.858,7.2291,7.2315,1.00,1.00
2010.09.03 16:31:39.655,7.2291,7.2316,1.00,1.00
2010.09.03 16:31:40.224,7.22915,7.2316,1.60,1.00
2010.09.03 16:31:41.357,7.22915,7.2315,1.60,1.00
2010.09.03 16:31:43.441,7.22905,7.2315,1.60,1.00
2010.09.03 16:31:43.670,7.22905,7.2316,1.60,1.00
2010.09.03 16:31:58.045,7.22895,7.2316,1.00,1.00
2010.09.03 16:31:58.388,7.22895,7.2316,1.90,1.00
2010.09.03 16:32:04.817,7.22895,7.2315,1.90,1.00
2010.09.03 16:32:06.640,7.22895,7.2316,1.90,1.00
2010.09.03 16:32:13.177,7.22895,7.2315,1.90,1.00
2010.09.03 16:32:17.548,7.22945,7.2318,1.00,1.00
2010.09.03 16:32:17.816,7.22945,7.2318,1.80,1.00
2010.09.03 16:32:19.063,7.22945,7.2317,1.60,1.00
2010.09.03 16:32:19.317,7.2292,7.2317,1.00,1.00
2010.09.03 16:32:21.263,7.2292,7.2316,1.00,1.00
2010.09.03 16:32:21.534,7.22895,7.2316,1.00,1.00
2010.09.03 16:32:22.358,7.2292,7.2316,1.00,1.00
2010.09.03 16:32:27.175,7.22945,7.2317,1.60,1.00
2010.09.03 16:32:39.585,7.2292,7.2314,1.00,1.00
2010.09.03 16:32:39.805,7.2292,7.2313,1.00,1.00
2010.09.03 16:32:43.605,7.22895,7.2313,1.00,1.00
2010.09.03 16:33:02.536,7.22895,7.2316,1.00,1.00
2010.09.03 16:33:03.617,7.22895,7.2316,1.00,1.00
2010.09.03 16:33:03.826,7.22895,7.2313,1.00,1.00
2010.09.03 16:33:04.778,7.2284,7.2312,1.00,1.00
2010.09.03 16:33:17.105,7.2284,7.2309,1.00,1.00
2010.09.03 16:33:17.535,7.22855,7.2309,1.00,1.00
2010.09.03 16:33:18.854,7.22855,7.2309,1.00,1.00
2010.09.03 16:33:19.768,7.22855,7.231,1.00,1.00
2010.09.03 16:33:21.959,7.22855,7.2308,1.00,1.00
2010.09.03 16:33:22.975,7.22855,7.2308,1.00,1.00
2010.09.03 16:33:28.528,7.2288,7.2308,1.00,1.00
2010.09.03 16:33:30.690,7.229,7.231,1.00,1.00
2010.09.03 16:33:31.165,7.229,7.2311,1.00,1.00
2010.09.03 16:33:32.227,7.229,7.2312,1.00,1.00
2010.09.03 16:33:33.034,7.229,7.231,1.00,1.00
2010.09.03 16:33:33.105,7.2288,7.231,1.00,1.00
2010.09.03 16:33:35.043,7.2288,7.2308,1.00,1.00
2010.09.03 16:33:36.297,7.2288,7.2308,1.00,1.00
2010.09.03 16:33:39.061,7.22885,7.2308,1.00,1.00
2010.09.03 16:33:39.324,7.22935,7.2314,1.00,1.00
2010.09.03 16:33:39.592,7.22935,7.2317,1.00,1.00
2010.09.03 16:33:44.604,7.2296,7.2317,1.00,1.00
2010.09.03 16:33:44.676,7.2299,7.2317,1.00,1.00
2010.09.03 16:33:44.748,7.2299,7.2319,1.00,1.00
2010.09.03 16:33:45.543,7.23015,7.2319,1.00,1.00
2010.09.03 16:33:45.850,7.2299,7.2323,1.00,1.00
2010.09.03 16:33:46.607,7.2299,7.2324,1.00,1.00
2010.09.03 16:33:47.500,7.2299,7.2322,1.00,1.00
2010.09.03 16:33:47.847,7.2299,7.2324,1.00,1.00
2010.09.03 16:33:49.446,7.2299,7.2324,1.00,1.00
2010.09.03 16:33:54.655,7.2299,7.2321,1.00,1.00
2010.09.03 16:33:54.828,7.2299,7.2319,1.00,1.00
2010.09.03 16:33:55.607,7.22965,7.2319,1.00,1.00
2010.09.03 16:33:58.957,7.22965,7.232,1.00,1.00
2010.09.03 16:33:59.278,7.22965,7.2319,1.00,1.00
2010.09.03 16:34:02.156,7.22965,7.2318,1.00,1.00
2010.09.03 16:34:02.185,7.22965,7.2317,1.00,1.00
2010.09.03 16:34:02.399,7.2298,7.2322,1.60,1.00
2010.09.03 16:34:03.238,7.2301,7.2322,1.00,1.00
2010.09.03 16:34:03.579,7.23045,7.2332,1.00,1.00
2010.09.03 16:34:04.654,7.23025,7.233,1.00,1.00
2010.09.03 16:34:04.929,7.23025,7.2329,1.00,1.00
2010.09.03 16:34:05.200,7.23045,7.2329,1.00,1.00
2010.09.03 16:34:05.466,7.23045,7.233,1.00,1.00
2010.09.03 16:34:06.698,7.23025,7.2329,1.00,1.00
2010.09.03 16:34:06.896,7.23025,7.2327,1.00,1.00
2010.09.03 16:34:09.183,7.22965,7.232,1.00,1.00
2010.09.03 16:34:12.477,7.22965,7.2316,1.00,1.00
2010.09.03 16:34:13.363,7.2298,7.2316,1.60,1.00
2010.09.03 16:34:14.484,7.2299,7.2319,1.00,1.00
2010.09.03 16:34:14.867,7.22995,7.2318,1.00,1.00
2010.09.03 16:34:15.950,7.2299,7.2318,1.00,1.00
2010.09.03 16:34:19.799,7.2299,7.2322,1.00,1.00
2010.09.03 16:34:20.146,7.2299,7.2322,1.00,1.00
2010.09.03 16:34:20.504,7.2299,7.2319,1.00,1.00
2010.09.03 16:34:23.510,7.2299,7.232,1.00,1.00
2010.09.03 16:34:23.620,7.2299,7.2325,1.00,1.00
2010.09.03 16:34:24.058,7.2299,7.2326,1.00,1.00
2010.09.03 16:34:24.878,7.2299,7.2326,1.00,1.00
2010.09.03 16:34:25.419,7.2299,7.2319,1.00,1.00
2010.09.03 16:34:25.688,7.2299,7.2322,1.00,1.00
2010.09.03 16:34:27.304,7.2299,7.2323,1.00,1.00
2010.09.03 16:34:28.728,7.2299,7.2322,1.00,1.00
2010.09.03 16:34:31.490,7.2299,7.232,1.00,1.00
2010.09.03 16:34:31.537,7.2299,7.232,1.00,1.00
2010.09.03 16:34:32.577,7.2299,7.232,1.00,1.00
2010.09.03 16:34:32.877,7.2299,7.232,1.00,1.00
2010.09.03 16:34:33.489,7.2299,7.2322,1.00,1.00
2010.09.03 16:34:33.788,7.2299,7.2322,1.00,1.00
2010.09.03 16:34:34.779,7.23015,7.2327,1.00,1.00
2010.09.03 16:34:39.925,7.23015,7.2322,1.00,1.00
2010.09.03 16:34:40.096,7.2299,7.2322,1.00,1.00
2010.09.03 16:34:40.265,7.2299,7.2319,1.00,1.00
2010.09.03 16:34:41.553,7.2299,7.232,1.00,1.00
2010.09.03 16:34:41.817,7.2299,7.2319,1.00,1.00
2010.09.03 16:34:44.095,7.2299,7.2322,1.00,1.00
2010.09.03 16:34:44.234,7.2299,7.2322,1.00,1.00
2010.09.03 16:34:44.725,7.2299,7.2323,1.00,1.00
2010.09.03 16:34:45.746,7.2299,7.2322,1.00,1.00
2010.09.03 16:34:45.884,7.2299,7.2322,1.00,1.00
2010.09.03 16:34:46.404,7.2299,7.2323,1.00,1.00
2010.09.03 16:34:47.605,7.23015,7.2323,1.00,1.00
2010.09.03 16:34:47.890,7.23015,7.2324,1.00,1.00
2010.09.03 16:34:48.625,7.23015,7.2323,1.00,1.00
2010.09.03 16:34:49.185,7.23015,7.2324,1.00,1.00
2010.09.03 16:34:53.404,7.23015,7.2323,1.00,1.00
2010.09.03 16:34:53.698,7.23015,7.2324,1.00,1.00
2010.09.03 16:34:55.125,7.23015,7.2323,1.00,1.00
2010.09.03 16:34:55.334,7.23015,7.2323,1.00,1.00
2010.09.03 16:34:57.219,7.23015,7.2324,1.00,1.00
2010.09.03 16:34:58.347,7.2299,7.2324,1.00,1.00
2010.09.03 16:34:58.388,7.22985,7.2324,1.00,1.00
2010.09.03 16:34:59.204,7.2299,7.2322,1.00,1.00
2010.09.03 16:34:59.446,7.2299,7.2323,1.00,1.00
2010.09.03 16:34:59.689,7.2299,7.2324,1.00,1.00
2010.09.03 16:35:00.577,7.23015,7.2324,1.00,1.00
2010.09.03 16:35:06.565,7.23015,7.23275,1.00,1.60
2010.09.03 16:35:06.725,7.23045,7.2328,1.00,1.00
2010.09.03 16:35:10.935,7.23045,7.2325,1.00,1.00
2010.09.03 16:35:12.893,7.23045,7.2328,1.00,1.00
2010.09.03 16:35:14.114,7.23025,7.2325,1.00,1.00
2010.09.03 16:35:14.422,7.23025,7.232,1.00,1.00
2010.09.03 16:35:15.159,7.2299,7.232,1.00,1.00
2010.09.03 16:35:15.469,7.2299,7.2318,1.00,1.00
2010.09.03 16:35:17.600,7.2299,7.232,1.00,1.00
2010.09.03 16:35:19.116,7.2299,7.2319,1.00,1.00
2010.09.03 16:35:29.673,7.2299,7.232,1.00,1.00
2010.09.03 16:35:29.769,7.2299,7.2321,1.00,1.00
2010.09.03 16:35:31.170,7.2299,7.232,1.00,1.00
2010.09.03 16:35:33.795,7.2299,7.2322,1.00,1.00
2010.09.03 16:35:33.888,7.2299,7.2321,1.00,1.00
2010.09.03 16:35:36.837,7.2299,7.2322,1.00,1.00
2010.09.03 16:35:37.117,7.2299,7.2322,1.00,1.00
2010.09.03 16:35:37.891,7.2299,7.2316,1.00,1.00
2010.09.03 16:35:38.026,7.2289,7.2311,1.00,1.00
2010.09.03 16:35:39.397,7.2286,7.2304,1.00,1.00
2010.09.03 16:35:39.679,7.2286,7.2303,1.00,1.00
2010.09.03 16:35:40.623,7.228,7.2299,1.00,1.00
2010.09.03 16:35:40.902,7.2279,7.23,1.00,1.00
2010.09.03 16:35:42.699,7.2279,7.2301,1.00,1.00
2010.09.03 16:35:44.252,7.2282,7.2304,1.00,1.00
2010.09.03 16:35:44.457,7.22845,7.2304,1.00,1.00
2010.09.03 16:35:44.656,7.22845,7.2305,1.00,1.00
2010.09.03 16:35:47.623,7.228,7.2303,1.10,1.00
2010.09.03 16:35:47.687,7.228,7.2299,1.00,1.00
2010.09.03 16:35:47.800,7.228,7.2298,1.00,1.00
2010.09.03 16:35:49.731,7.228,7.2299,1.00,1.00
2010.09.03 16:35:51.080,7.228,7.2298,1.00,1.00
2010.09.03 16:35:52.129,7.228,7.2299,1.00,1.00
2010.09.03 16:35:54.552,7.228,7.2298,1.00,1.00
2010.09.03 16:35:55.639,7.228,7.2299,1.00,1.00
2010.09.03 16:35:56.668,7.228,7.2298,1.00,1.00
2010.09.03 16:35:59.632,7.228,7.2299,1.00,1.00
2010.09.03 16:36:02.068,7.228,7.23,1.00,1.00
2010.09.03 16:36:06.307,7.228,7.2299,1.00,1.00
2010.09.03 16:36:07.309,7.228,7.2301,1.00,1.00
2010.09.03 16:36:08.167,7.228,7.23,1.00,1.00
2010.09.03 16:36:10.886,7.228,7.2299,1.00,1.00
2010.09.03 16:36:11.225,7.228,7.2302,1.00,1.00
2010.09.03 16:36:12.411,7.228,7.2302,1.10,1.00
2010.09.03 16:36:12.713,7.2282,7.2304,1.00,1.00
2010.09.03 16:36:13.006,7.2282,7.2304,1.00,1.00
2010.09.03 16:36:15.185,7.22845,7.2305,1.00,1.00
2010.09.03 16:36:17.634,7.2282,7.2305,1.00,1.00
2010.09.03 16:36:18.015,7.2282,7.2308,1.00,1.00
2010.09.03 16:36:18.951,7.22845,7.2308,1.00,1.00
2010.09.03 16:36:20.035,7.2288,7.2308,1.00,1.00
2010.09.03 16:36:20.194,7.2288,7.2309,1.00,1.00
2010.09.03 16:36:22.804,7.2288,7.2308,1.00,1.00
2010.09.03 16:36:23.911,7.22855,7.2307,1.00,1.00
2010.09.03 16:36:27.728,7.22855,7.2306,1.00,1.00
2010.09.03 16:36:27.825,7.22855,7.2306,1.00,1.00
2010.09.03 16:36:30.531,7.22805,7.2299,1.00,1.00
2010.09.03 16:36:30.727,7.2282,7.2302,1.00,1.00
2010.09.03 16:36:33.050,7.2282,7.2301,1.00,1.00
2010.09.03 16:36:33.236,7.2282,7.2299,1.00,1.00
2010.09.03 16:36:33.426,7.228,7.2299,1.00,1.00
2010.09.03 16:36:34.365,7.22765,7.2298,1.00,1.00
2010.09.03 16:36:36.270,7.2284,7.2303,1.00,1.00
2010.09.03 16:36:36.321,7.2284,7.2304,1.00,1.00
2010.09.03 16:36:36.417,7.2282,7.2304,1.00,1.00
2010.09.03 16:36:37.217,7.2282,7.2303,1.00,1.00
2010.09.03 16:36:38.985,7.2282,7.23085,1.00,1.60
2010.09.03 16:36:39.145,7.2282,7.231,1.00,1.00
2010.09.03 16:36:39.307,7.2289,7.23085,1.00,1.60
2010.09.03 16:36:39.465,7.2287,7.23085,1.00,1.60
2010.09.03 16:36:41.318,7.2288,7.23085,1.00,1.60
2010.09.03 16:36:41.382,7.2287,7.23065,1.00,1.60
2010.09.03 16:36:41.697,7.2289,7.23065,1.00,1.60
2010.09.03 16:36:42.566,7.2289,7.23075,1.00,1.60
2010.09.03 16:36:42.906,7.2289,7.23075,1.00,1.60
2010.09.03 16:36:45.118,7.229,7.23095,1.00,1.60
2010.09.03 16:36:45.381,7.2296,7.23095,1.00,1.60
2010.09.03 16:36:45.520,7.2296,7.23105,1.00,1.60
2010.09.03 16:36:46.251,7.2298,7.23105,1.00,1.60
2010.09.03 16:36:46.608,7.2298,7.23125,1.00,1.60
2010.09.03 16:36:46.947,7.2298,7.23135,1.00,1.60
2010.09.03 16:36:50.245,7.2298,7.23135,1.00,1.60
2010.09.03 16:36:51.679,7.2291,7.23115,1.00,1.60
2010.09.03 16:36:51.831,7.2291,7.23105,1.00,1.00
2010.09.03 16:36:51.978,7.2291,7.23095,1.00,1.60
2010.09.03 16:36:53.300,7.2291,7.23085,1.00,1.60
2010.09.03 16:36:55.314,7.2291,7.23095,1.00,1.60
2010.09.03 16:36:55.745,7.2292,7.23095,1.00,1.60
2010.09.03 16:36:55.928,7.2294,7.23095,1.00,1.60
2010.09.03 16:36:56.938,7.2294,7.23105,1.00,1.60
2010.09.03 16:36:57.143,7.23,7.23115,1.00,1.60
2010.09.03 16:36:58.359,7.23,7.23155,1.00,1.60
2010.09.03 16:37:00.385,7.2301,7.23185,1.00,1.60
2010.09.03 16:37:00.448,7.2301,7.23165,1.00,1.60
2010.09.03 16:37:01.249,7.2299,7.23165,1.00,1.60
2010.09.03 16:37:02.948,7.2299,7.23155,1.00,1.60
2010.09.03 16:37:03.202,7.2299,7.23155,1.00,1.60
2010.09.03 16:37:05.648,7.23,7.23155,1.00,1.60
2010.09.03 16:37:06.879,7.2299,7.23155,1.00,1.60
2010.09.03 16:37:09.747,7.23,7.23155,1.00,1.60
2010.09.03 16:37:10.007,7.2304,7.23155,1.00,1.60
2010.09.03 16:37:10.861,7.2304,7.23175,1.00,1.60
2010.09.03 16:37:11.102,7.2304,7.23195,1.00,1.60
2010.09.03 16:37:15.580,7.2305,7.23195,1.00,1.60
2010.09.03 16:37:15.619,7.2305,7.23165,1.00,1.60
2010.09.03 16:37:15.716,7.2307,7.23195,1.00,1.60
2010.09.03 16:37:16.571,7.2307,7.23195,1.00,1.60
2010.09.03 16:37:16.911,7.231,7.23235,1.00,1.60
2010.09.03 16:37:17.248,7.2309,7.23235,1.00,1.60
2010.09.03 16:37:18.454,7.2309,7.23225,1.00,1.60
2010.09.03 16:37:18.937,7.2309,7.23225,1.00,1.60
2010.09.03 16:37:19.177,7.2309,7.23235,1.00,1.60
2010.09.03 16:37:20.081,7.2309,7.23225,1.00,1.60
2010.09.03 16:37:37.891,7.2309,7.23185,1.00,1.60
2010.09.03 16:37:38.276,7.2303,7.23185,1.00,1.60
2010.09.03 16:37:38.300,7.2302,7.23185,1.00,1.60
2010.09.03 16:37:39.216,7.2304,7.23185,1.00,1.60
2010.09.03 16:37:40.518,7.2304,7.23205,1.00,1.60
2010.09.03 16:37:44.036,7.2303,7.23205,1.00,1.60
2010.09.03 16:37:45.694,7.2303,7.23195,1.00,1.60
2010.09.03 16:37:49.599,7.2304,7.23195,1.00,1.60
2010.09.03 16:37:56.256,7.2304,7.23205,1.00,1.60
2010.09.03 16:38:11.207,7.2304,7.23195,1.00,1.60
2010.09.03 16:38:11.438,7.2304,7.23165,1.00,1.60
2010.09.03 16:38:11.483,7.2301,7.23165,1.00,1.60
2010.09.03 16:38:12.171,7.2298,7.23155,1.00,1.60
2010.09.03 16:38:12.516,7.2298,7.23145,1.00,1.60
2010.09.03 16:38:15.146,7.2297,7.23145,1.00,1.60
2010.09.03 16:38:15.475,7.22915,7.23145,1.00,1.60
2010.09.03 16:38:15.524,7.22915,7.2306,1.00,1.00
2010.09.03 16:38:15.576,7.22915,7.23025,1.00,1.00
2010.09.03 16:38:15.774,7.2289,7.23025,1.00,1.00
2010.09.03 16:38:15.826,7.22615,7.2292,8.30,1.00
2010.09.03 16:38:15.927,7.22615,7.2292,1.00,1.00
2010.09.03 16:38:16.341,7.22615,7.2287,1.00,1.00
2010.09.03 16:38:17.786,7.22655,7.22845,1.00,1.00
2010.09.03 16:38:18.355,7.226,7.22845,1.00,1.00
2010.09.03 16:38:26.119,7.22705,7.22845,1.00,1.00
2010.09.03 16:38:26.653,7.22705,7.23055,1.00,1.60
2010.09.03 16:38:26.769,7.22705,7.23075,1.00,8.00
2010.09.03 16:38:27.446,7.22725,7.23085,1.00,1.60
2010.09.03 16:38:27.784,7.2276,7.23045,1.00,1.60
2010.09.03 16:38:29.036,7.2279,7.23045,1.00,1.60
2010.09.03 16:38:30.654,7.22825,7.23045,1.00,1.60
2010.09.03 16:38:30.777,7.2285,7.23045,1.00,1.60
2010.09.03 16:38:31.116,7.2285,7.23055,1.00,1.60
2010.09.03 16:38:31.157,7.2282,7.23035,1.00,1.00
2010.09.03 16:38:31.248,7.2284,7.23035,1.00,1.00
2010.09.03 16:38:31.282,7.2282,7.23035,1.00,1.00
2010.09.03 16:38:31.349,7.2282,7.23055,1.00,1.00
2010.09.03 16:38:31.863,7.2282,7.23035,1.00,1.00
2010.09.03 16:38:32.218,7.2285,7.23055,1.00,1.00
2010.09.03 16:38:32.565,7.2285,7.23055,1.00,1.00
2010.09.03 16:38:32.816,7.2286,7.23055,1.00,1.00
2010.09.03 16:38:33.947,7.2287,7.23055,1.00,1.00
2010.09.03 16:38:37.644,7.2286,7.23055,1.00,1.00
2010.09.03 16:38:38.255,7.2287,7.23055,1.00,1.00
2010.09.03 16:38:39.450,7.2292,7.2308,1.00,1.00
2010.09.03 16:38:40.152,7.2291,7.2308,1.00,1.00
2010.09.03 16:38:43.578,7.2289,7.2308,1.00,1.00
2010.09.03 16:38:43.668,7.2288,7.23055,1.00,1.00
2010.09.03 16:38:43.936,7.229,7.23055,1.00,1.00
2010.09.03 16:38:47.455,7.2291,7.23055,1.00,1.00
2010.09.03 16:38:55.763,7.2291,7.2308,1.00,1.00
2010.09.03 16:38:57.339,7.2291,7.23055,1.00,1.00
2010.09.03 16:38:57.586,7.2292,7.2306,1.00,1.00
2010.09.03 16:38:57.833,7.2292,7.23055,1.00,1.00
2010.09.03 16:38:58.679,7.2293,7.23055,1.00,1.00
2010.09.03 16:39:04.914,7.2294,7.23055,1.00,1.00
2010.09.03 16:39:05.064,7.2294,7.2308,1.00,1.00
2010.09.03 16:39:06.529,7.2299,7.2311,1.00,1.00
2010.09.03 16:39:06.981,7.2294,7.2309,1.00,1.00
2010.09.03 16:39:07.089,7.2293,7.2306,1.00,1.00
2010.09.03 16:39:09.742,7.2288,7.23035,1.00,1.00
2010.09.03 16:39:09.908,7.229,7.23035,1.00,1.00
2010.09.03 16:39:10.246,7.2288,7.23035,1.00,1.00
2010.09.03 16:39:11.076,7.2287,7.23035,1.00,2.40
2010.09.03 16:39:11.398,7.2287,7.23035,1.00,1.00
2010.09.03 16:39:15.144,7.2287,7.23035,1.00,2.40
2010.09.03 16:39:15.264,7.2287,7.23035,1.00,1.00
2010.09.03 16:39:16.257,7.2288,7.23035,1.00,1.00
2010.09.03 16:39:16.650,7.2289,7.23035,1.00,1.00
2010.09.03 16:39:19.176,7.2288,7.23035,1.00,1.00
2010.09.03 16:39:20.205,7.2286,7.23035,1.00,1.00
2010.09.03 16:39:20.454,7.2288,7.23035,1.00,1.00
2010.09.03 16:39:21.016,7.2286,7.23035,1.00,1.00
2010.09.03 16:39:25.495,7.2288,7.23035,1.00,1.00
2010.09.03 16:39:26.671,7.2289,7.23035,1.00,1.00
2010.09.03 16:39:26.775,7.229,7.23035,1.00,1.00
2010.09.03 16:39:30.445,7.2289,7.23035,1.00,1.00
2010.09.03 16:39:30.965,7.2288,7.23035,1.00,1.00
2010.09.03 16:39:31.611,7.2288,7.2308,1.00,1.00
2010.09.03 16:39:31.706,7.2292,7.2308,1.00,1.00
2010.09.03 16:39:44.432,7.2292,7.23055,1.00,1.00
2010.09.03 16:39:44.881,7.2288,7.23055,1.00,1.00
2010.09.03 16:39:44.985,7.2288,7.23055,1.00,1.00
2010.09.03 16:39:48.744,7.2289,7.23055,1.00,1.00
2010.09.03 16:39:49.165,7.229,7.23055,1.00,1.00
2010.09.03 16:39:53.336,7.2289,7.23055,1.00,1.00
2010.09.03 16:39:53.531,7.2287,7.23055,1.00,1.00
2010.09.03 16:39:59.125,7.2284,7.23055,1.00,1.00
2010.09.03 16:39:59.744,7.2285,7.23035,1.00,1.00
2010.09.03 16:40:00.219,7.2286,7.23035,1.00,1.00
2010.09.03 16:40:06.339,7.2285,7.23035,1.00,1.00
2010.09.03 16:40:07.399,7.2289,7.23055,1.00,1.00
2010.09.03 16:40:07.797,7.229,7.23055,1.00,1.00
2010.09.03 16:40:12.107,7.2289,7.23055,1.00,1.00
2010.09.03 16:40:13.418,7.2295,7.23125,1.00,1.60
2010.09.03 16:40:13.895,7.2295,7.2313,1.00,1.00
2010.09.03 16:40:15.731,7.2294,7.2313,1.00,2.40
2010.09.03 16:40:15.937,7.2294,7.2309,1.00,1.00
2010.09.03 16:40:16.520,7.2291,7.2309,1.00,1.00
2010.09.03 16:40:19.093,7.2289,7.23055,1.00,1.00
2010.09.03 16:40:20.609,7.229,7.23055,1.00,1.00
2010.09.03 16:40:22.506,7.2289,7.23055,1.00,1.00
2010.09.03 16:40:23.189,7.229,7.23055,1.00,1.00
2010.09.03 16:40:23.781,7.229,7.2308,1.00,1.00
2010.09.03 16:40:23.979,7.2291,7.2308,1.00,1.00
2010.09.03 16:40:33.311,7.2293,7.2308,1.00,1.00
2010.09.03 16:40:37.215,7.2291,7.2308,1.00,1.00
2010.09.03 16:40:41.460,7.229,7.2308,1.00,1.00
2010.09.03 16:40:43.400,7.2289,7.2308,1.00,1.00
2010.09.03 16:40:44.217,7.2288,7.23075,1.00,1.60
2010.09.03 16:40:44.439,7.2289,7.2306,1.00,1.00
2010.09.03 16:40:44.658,7.2286,7.23035,1.00,1.00
2010.09.03 16:40:51.414,7.2286,7.23055,1.00,2.40
2010.09.03 16:40:51.535,7.2289,7.23055,1.00,1.00
2010.09.03 16:40:52.231,7.2287,7.23035,1.00,1.00
2010.09.03 16:40:52.551,7.2286,7.23035,1.00,1.00
2010.09.03 16:40:53.815,7.2287,7.23035,1.00,1.00
2010.09.03 16:40:54.338,7.2288,7.23035,1.00,1.00
2010.09.03 16:40:57.914,7.2293,7.23075,1.00,1.00
2010.09.03 16:40:59.925,7.2291,7.23075,1.00,1.00
2010.09.03 16:41:00.126,7.2289,7.23075,1.00,1.00
2010.09.03 16:41:00.799,7.2293,7.23075,1.00,1.00
2010.09.03 16:41:04.542,7.2292,7.23075,1.00,1.00
2010.09.03 16:41:07.008,7.2293,7.23075,1.00,1.00
2010.09.03 16:41:07.906,7.22825,7.23075,1.00,1.00
2010.09.03 16:41:08.165,7.2282,7.23005,1.60,1.00
2010.09.03 16:41:08.426,7.227,7.23005,1.00,1.00
2010.09.03 16:41:31.291,7.22775,7.22985,1.00,1.00
2010.09.03 16:41:31.403,7.22815,7.23045,1.00,1.00
2010.09.03 16:41:38.988,7.2279,7.23045,1.00,1.00
2010.09.03 16:41:41.027,7.2279,7.2305,1.00,1.00
2010.09.03 16:41:43.755,7.22815,7.2305,1.00,1.00
2010.09.03 16:41:51.314,7.22815,7.23065,1.00,1.00
2010.09.03 16:42:05.607,7.22815,7.23065,1.10,1.00
2010.09.03 16:42:05.996,7.22835,7.23065,1.00,1.00
2010.09.03 16:42:11.164,7.22835,7.2309,1.00,1.00
2010.09.03 16:42:22.930,7.22835,7.23085,1.00,1.00
2010.09.03 16:42:42.233,7.22815,7.23085,1.10,1.00
2010.09.03 16:42:42.609,7.22815,7.23085,1.00,1.00
2010.09.03 16:42:44.036,7.22815,7.2309,1.00,1.00
2010.09.03 16:42:44.618,7.22815,7.23095,1.00,1.00
2010.09.03 16:42:45.095,7.22815,7.2309,1.00,1.00
2010.09.03 16:42:46.305,7.22835,7.2309,1.00,1.00
2010.09.03 16:42:53.597,7.22815,7.2309,1.00,1.00
2010.09.03 16:42:55.586,7.22815,7.23095,1.00,1.00
2010.09.03 16:43:09.816,7.22815,7.2307,1.00,1.00
2010.09.03 16:43:12.101,7.22835,7.2307,1.00,1.00
2010.09.03 16:43:21.162,7.22835,7.23065,1.00,1.00
2010.09.03 16:43:23.495,7.22815,7.23065,1.00,1.00
2010.09.03 16:43:23.999,7.2279,7.23065,1.00,1.00
2010.09.03 16:43:24.296,7.2281,7.23065,1.00,1.00
2010.09.03 16:43:31.404,7.2281,7.2307,1.00,1.00
2010.09.03 16:43:32.355,7.22835,7.2307,1.00,1.00
2010.09.03 16:43:50.328,7.22835,7.23115,1.00,1.00
2010.09.03 16:43:51.505,7.22835,7.23,1.00,1.00
2010.09.03 16:44:01.654,7.22815,7.23115,1.00,1.00
2010.09.03 16:44:07.850,7.2279,7.2305,1.00,1.00
2010.09.03 16:44:11.285,7.2279,7.23065,1.00,1.00
2010.09.03 16:44:15.824,7.2279,7.2306,1.00,1.00
2010.09.03 16:44:16.025,7.2276,7.23035,1.00,1.00
2010.09.03 16:44:16.225,7.22815,7.23065,1.00,1.00
2010.09.03 16:44:16.749,7.22815,7.2305,1.00,1.00
2010.09.03 16:44:21.034,7.2279,7.2305,1.00,1.00
2010.09.03 16:44:21.205,7.2279,7.2306,1.00,1.00
2010.09.03 16:44:22.286,7.2274,7.2302,1.00,1.00
2010.09.03 16:44:26.844,7.2278,7.2306,1.00,1.00
2010.09.03 16:44:35.588,7.22755,7.23015,1.00,1.00
2010.09.03 16:44:35.840,7.2276,7.23025,1.00,1.00
2010.09.03 16:44:37.196,7.2276,7.22955,1.00,1.00
2010.09.03 16:44:37.702,7.2261,7.22955,1.00,1.00
2010.09.03 16:44:41.326,7.2263,7.2301,1.00,1.00
2010.09.03 16:44:48.914,7.2263,7.2302,1.00,1.00
2010.09.03 16:44:49.647,7.2263,7.2302,1.10,1.00
2010.09.03 16:44:49.695,7.2263,7.23035,1.10,2.40
2010.09.03 16:44:49.745,7.22655,7.23035,1.00,2.40
2010.09.03 16:44:52.291,7.22655,7.22955,1.00,1.00
2010.09.03 16:45:03.050,7.22645,7.22925,1.00,1.00
2010.09.03 16:45:09.772,7.22655,7.22925,1.00,1.00
2010.09.03 16:45:09.871,7.22705,7.2298,1.00,1.00
2010.09.03 16:45:59.077,7.22715,7.2299,1.00,1.00
2010.09.03 16:45:59.823,7.22735,7.23015,1.00,1.00
2010.09.03 16:46:00.502,7.22735,7.23015,1.10,1.00
2010.09.03 16:46:00.814,7.2276,7.23035,1.00,1.00
2010.09.03 16:46:09.961,7.2276,7.2296,1.00,1.00
2010.09.03 16:46:10.040,7.2276,7.23055,1.00,1.00
2010.09.03 16:46:11.278,7.2279,7.2307,1.00,1.00
2010.09.03 16:46:11.826,7.2279,7.2307,1.00,1.00
2010.09.03 16:46:13.879,7.2277,7.2305,1.00,1.00
2010.09.03 16:46:32.488,7.2281,7.2309,1.00,1.00
2010.09.03 16:47:00.217,7.2277,7.2305,1.00,1.00
2010.09.03 16:47:00.736,7.2277,7.2305,1.10,1.00
2010.09.03 16:47:01.406,7.2279,7.2307,1.00,1.00
2010.09.03 16:47:04.506,7.2279,7.2307,1.00,1.60
2010.09.03 16:47:04.771,7.2277,7.2305,1.00,1.00
2010.09.03 16:47:10.677,7.2277,7.2304,1.00,1.00
2010.09.03 16:47:11.877,7.2277,7.2304,1.00,1.00
2010.09.03 16:47:19.642,7.2277,7.2304,1.00,1.00
2010.09.03 16:47:21.317,7.2277,7.23035,1.00,1.00
2010.09.03 16:47:28.230,7.22745,7.23015,1.00,1.00
2010.09.03 16:47:28.771,7.22735,7.23015,1.00,1.00
2010.09.03 16:47:31.716,7.22715,7.2298,1.00,1.00
2010.09.03 16:47:41.559,7.22715,7.2297,1.00,1.00
2010.09.03 16:47:58.752,7.22735,7.22975,1.00,1.00
2010.09.03 16:47:59.430,7.22715,7.22975,1.00,1.00
2010.09.03 16:48:11.335,7.22715,7.2298,1.00,1.00
2010.09.03 16:48:21.726,7.22715,7.22985,1.00,1.00
2010.09.03 16:48:25.230,7.22735,7.22985,1.00,1.00
2010.09.03 16:48:26.957,7.22735,7.2297,1.00,1.10
2010.09.03 16:48:27.157,7.2257,7.2297,1.00,1.10
2010.09.03 16:48:27.844,7.22545,7.22895,1.00,1.00
2010.09.03 16:48:30.244,7.2253,7.22875,1.00,1.00
2010.09.03 16:48:32.625,7.2253,7.22875,1.10,1.00
2010.09.03 16:48:32.738,7.22555,7.22875,1.00,1.00
2010.09.03 16:48:40.794,7.2253,7.22875,1.00,1.00
2010.09.03 16:48:40.851,7.2251,7.22875,1.00,1.00
2010.09.03 16:48:42.670,7.2251,7.2281,1.00,1.00
2010.09.03 16:49:01.806,7.22545,7.22825,1.00,1.00
2010.09.03 16:49:44.580,7.22585,7.22825,1.60,1.00
2010.09.03 16:49:45.236,7.22585,7.2285,1.60,1.00
2010.09.03 16:49:46.457,7.2263,7.2285,1.00,1.00
2010.09.03 16:49:47.797,7.2265,7.2285,1.00,1.00
2010.09.03 16:49:49.666,7.2266,7.2285,1.00,1.00
2010.09.03 16:49:50.167,7.2265,7.2285,1.00,1.00
2010.09.03 16:50:04.848,7.2268,7.2285,1.00,1.00
2010.09.03 16:50:06.000,7.2268,7.2285,1.00,1.00
2010.09.03 16:50:06.672,7.2268,7.22805,1.00,1.00
2010.09.03 16:50:06.884,7.2268,7.2274,1.00,1.00
2010.09.03 16:50:07.425,7.2247,7.2274,1.00,1.00
2010.09.03 16:50:09.358,7.225,7.22695,1.00,1.00
2010.09.03 16:50:09.953,7.2245,7.22695,1.00,1.00
2010.09.03 16:50:10.203,7.2242,7.2263,1.00,1.00
2010.09.03 16:50:11.020,7.2239,7.2261,1.00,1.00
2010.09.03 16:50:11.309,7.2244,7.2261,1.00,1.00
2010.09.03 16:50:11.970,7.2245,7.2263,1.00,1.00
2010.09.03 16:50:12.977,7.2244,7.2263,1.00,1.00
2010.09.03 16:50:13.476,7.2245,7.2263,1.00,1.00
2010.09.03 16:50:13.738,7.2244,7.2263,1.00,1.00
2010.09.03 16:50:14.289,7.2244,7.2263,1.00,1.00
2010.09.03 16:50:14.848,7.224,7.2261,1.00,1.00
2010.09.03 16:50:14.908,7.2243,7.2261,1.00,1.00
2010.09.03 16:50:15.522,7.2243,7.2263,1.00,1.00
2010.09.03 16:50:15.871,7.2244,7.2263,1.00,1.00
2010.09.03 16:50:16.221,7.22325,7.2262,1.00,1.00
2010.09.03 16:50:18.480,7.2232,7.226,1.10,1.00
2010.09.03 16:50:18.989,7.2232,7.226,1.00,1.00
2010.09.03 16:50:19.327,7.22345,7.2262,1.00,1.00
2010.09.03 16:50:26.626,7.22355,7.2262,1.00,1.00
2010.09.03 16:50:26.737,7.22375,7.22655,1.00,1.00
2010.09.03 16:50:27.046,7.22375,7.22655,1.10,1.00
2010.09.03 16:50:27.157,7.224,7.2266,1.00,1.00
2010.09.03 16:50:27.598,7.224,7.2266,1.00,1.20
2010.09.03 16:50:27.923,7.22375,7.22655,1.00,1.00
2010.09.03 16:50:41.466,7.22365,7.22645,1.00,1.00
2010.09.03 16:50:46.269,7.22415,7.22685,1.00,1.00
2010.09.03 16:50:46.616,7.22415,7.22695,1.00,1.00
2010.09.03 16:51:56.175,7.2244,7.227,1.00,2.40
2010.09.03 16:52:51.587,7.2247,7.2274,1.00,1.00
2010.09.03 16:52:51.641,7.2253,7.2274,1.00,1.00
2010.09.03 16:52:51.778,7.22505,7.22785,1.00,1.00
2010.09.03 16:52:54.967,7.2251,7.22785,1.00,1.00
2010.09.03 16:52:57.117,7.2255,7.2283,1.00,1.60
2010.09.03 16:52:57.520,7.2251,7.22785,1.00,1.00
2010.09.03 16:53:22.176,7.2253,7.22805,1.00,1.00
2010.09.03 16:53:30.852,7.2247,7.2275,1.00,1.60
2010.09.03 16:53:30.996,7.2245,7.2273,1.00,1.00
2010.09.03 16:53:33.619,7.2247,7.2275,1.00,1.00
2010.09.03 16:53:44.857,7.2245,7.2273,1.00,1.00
2010.09.03 16:53:46.924,7.2247,7.2273,1.00,1.00
2010.09.03 16:53:47.172,7.2245,7.2273,1.00,1.00
2010.09.03 16:54:13.467,7.22435,7.22715,1.00,1.00
2010.09.03 16:54:15.919,7.22415,7.22695,1.00,1.00
2010.09.03 16:54:19.689,7.22415,7.22695,1.00,1.60
2010.09.03 16:54:19.846,7.22395,7.2267,1.00,1.00
2010.09.03 16:54:28.656,7.2236,7.2264,1.00,1.00
2010.09.03 16:54:30.339,7.2238,7.2266,1.00,1.00
2010.09.03 16:54:33.148,7.2236,7.2264,1.00,1.00
2010.09.03 16:54:33.642,7.22335,7.22615,1.00,1.00
2010.09.03 16:54:51.524,7.22315,7.22565,1.00,1.00
2010.09.03 16:54:51.803,7.22285,7.22565,1.00,1.00
2010.09.03 16:54:52.402,7.2236,7.22605,1.00,1.00
2010.09.03 16:54:52.721,7.2236,7.2264,1.00,1.00
2010.09.03 16:55:18.941,7.2233,7.2261,1.00,1.00
2010.09.03 16:55:24.940,7.22375,7.2265,1.00,1.00
2010.09.03 16:55:29.772,7.22375,7.22635,1.00,1.00
2010.09.03 16:55:30.008,7.22355,7.2263,1.00,1.00
2010.09.03 16:55:32.437,7.2233,7.2261,1.00,1.00
2010.09.03 16:55:40.508,7.2228,7.22555,1.00,1.00
2010.09.03 16:55:43.958,7.22255,7.2252,1.00,1.00
2010.09.03 16:55:44.147,7.2224,7.2252,1.00,1.00
2010.09.03 16:55:48.637,7.2222,7.22495,1.00,1.00
2010.09.03 16:55:49.839,7.2222,7.2249,1.00,1.00
2010.09.03 16:55:50.182,7.22185,7.22465,1.00,1.00
2010.09.03 16:55:50.707,7.22205,7.22485,1.00,1.00
2010.09.03 16:55:56.301,7.2224,7.2252,1.00,1.00
2010.09.03 16:56:00.516,7.2222,7.22495,1.00,1.00
2010.09.03 16:56:00.735,7.2224,7.2252,1.00,1.00
2010.09.03 16:56:01.941,7.2222,7.22495,1.00,1.00
2010.09.03 16:56:07.374,7.2224,7.2252,1.00,1.00
2010.09.03 16:56:13.794,7.22265,7.2254,1.00,1.00
2010.09.03 16:56:17.228,7.2224,7.2252,1.00,1.00
2010.09.03 16:56:20.214,7.22265,7.2254,1.00,1.00
2010.09.03 16:56:21.499,7.2224,7.2252,1.00,1.00
2010.09.03 16:56:38.509,7.2223,7.2251,1.00,1.00
2010.09.03 16:56:39.393,7.22215,7.22495,1.00,1.00
2010.09.03 16:56:47.993,7.22235,7.22515,1.00,1.60
2010.09.03 16:56:48.215,7.2227,7.2255,1.00,1.00
2010.09.03 16:56:51.429,7.2227,7.2255,1.10,1.00
2010.09.03 16:56:51.511,7.223,7.2257,1.00,1.00
2010.09.03 16:56:51.969,7.2235,7.22625,1.00,1.00
2010.09.03 16:56:52.472,7.22325,7.22605,1.10,1.00
2010.09.03 16:56:52.831,7.22305,7.22585,1.00,1.00
2010.09.03 16:56:53.184,7.22325,7.22605,1.00,1.00
2010.09.03 16:56:53.420,7.22305,7.2258,1.00,1.00
2010.09.03 16:56:55.896,7.22305,7.2252,1.00,1.00
2010.09.03 16:56:56.332,7.22305,7.2258,1.00,1.00
2010.09.03 16:56:56.447,7.22305,7.2255,1.00,1.00
2010.09.03 16:56:56.746,7.22305,7.2258,1.00,1.00
2010.09.03 16:57:03.689,7.22345,7.22625,1.00,1.00
2010.09.03 16:57:04.445,7.22305,7.22585,1.00,1.00
2010.09.03 16:57:04.790,7.22325,7.22605,1.00,1.00
2010.09.03 16:57:06.247,7.22305,7.2258,1.00,1.00
2010.09.03 16:57:22.464,7.22325,7.22605,1.00,1.00
2010.09.03 16:57:32.950,7.2235,7.2262,1.00,1.00
2010.09.03 16:57:33.418,7.2235,7.2262,1.00,1.00
2010.09.03 16:57:42.564,7.2235,7.2262,1.00,1.00
2010.09.03 16:57:43.528,7.2235,7.2261,1.00,1.00
2010.09.03 16:57:43.728,7.22305,7.22585,1.00,1.00
2010.09.03 16:57:43.998,7.2227,7.2255,1.00,1.00
2010.09.03 16:57:44.531,7.22295,7.2257,1.00,1.00
2010.09.03 16:57:50.405,7.22325,7.22595,1.00,1.00
2010.09.03 16:57:50.886,7.22325,7.22605,1.00,1.00
2010.09.03 16:57:54.436,7.2235,7.2262,1.00,1.00
2010.09.03 16:57:58.558,7.2235,7.2263,1.00,1.00
2010.09.03 16:57:58.796,7.2235,7.2262,1.00,1.00
2010.09.03 16:57:59.036,7.2235,7.2263,1.00,1.00
2010.09.03 16:57:59.547,7.2235,7.2262,1.00,1.00
2010.09.03 16:58:00.025,7.2235,7.2263,1.00,1.00
2010.09.03 16:58:19.397,7.22305,7.22585,1.00,1.00
2010.09.03 16:58:20.817,7.22295,7.22575,1.00,1.00
2010.09.03 16:58:33.559,7.22315,7.22595,1.00,1.00
2010.09.03 16:58:37.018,7.2234,7.22615,1.00,1.00
2010.09.03 16:58:54.067,7.22295,7.2257,1.00,1.00
2010.09.03 16:58:58.899,7.2226,7.2254,1.00,1.00
2010.09.03 16:58:59.619,7.2228,7.2256,1.00,1.00
2010.09.03 16:59:04.951,7.22335,7.22615,1.00,1.00
2010.09.03 16:59:05.281,7.22315,7.22595,1.00,1.00
2010.09.03 16:59:06.033,7.2234,7.22615,1.00,1.00
2010.09.03 16:59:12.891,7.22315,7.22595,1.00,1.00
2010.09.03 16:59:13.116,7.22295,7.2257,1.00,1.00
2010.09.03 16:59:13.461,7.2228,7.2256,1.00,1.00
2010.09.03 16:59:14.957,7.22315,7.22595,1.00,1.00
2010.09.03 16:59:17.971,7.2234,7.22615,1.00,1.00
2010.09.03 16:59:23.676,7.2234,7.22555,1.00,1.00
2010.09.03 16:59:24.221,7.2202,7.2243,1.00,1.00
2010.09.03 16:59:27.718,7.2206,7.22465,1.00,1.00
2010.09.03 16:59:27.824,7.22115,7.22465,1.00,1.00
2010.09.03 16:59:36.477,7.2222,7.22465,1.00,1.00
2010.09.03 16:59:36.668,7.2222,7.2257,1.00,1.60
2010.09.03 16:59:36.766,7.2222,7.22635,1.00,1.00
2010.09.03 16:59:37.496,7.22215,7.226,1.60,1.00
2010.09.03 16:59:37.793,7.22215,7.2242,1.60,1.00
2010.09.03 16:59:38.384,7.22215,7.2262,1.60,1.00
2010.09.03 16:59:39.148,7.22215,7.22395,1.60,1.00
2010.09.03 16:59:39.401,7.22215,7.2242,1.60,1.00
2010.09.03 16:59:39.792,7.22215,7.2244,1.60,1.00
2010.09.03 16:59:40.054,7.22235,7.2244,1.60,1.00
2010.09.03 16:59:41.370,7.22255,7.224,1.60,1.00
2010.09.03 16:59:43.471,7.22245,7.224,1.60,1.00
2010.09.03 16:59:44.012,7.22265,7.224,1.60,1.00
2010.09.03 16:59:44.269,7.22255,7.224,1.60,1.00
2010.09.03 16:59:45.346,7.22255,7.2236,1.60,1.00
2010.09.03 16:59:45.663,7.22225,7.2236,1.60,1.00
2010.09.03 16:59:46.957,7.22215,7.2236,1.60,1.00
2010.09.03 16:59:48.588,7.22215,7.224,1.60,1.00
2010.09.03 16:59:48.903,7.22245,7.224,1.60,1.00
2010.09.03 16:59:50.508,7.22285,7.224,1.00,1.00
2010.09.03 16:59:51.157,7.22285,7.2245,1.00,1.00
2010.09.03 16:59:51.360,7.22285,7.2245,1.80,1.00
2010.09.03 16:59:52.815,7.22305,7.2245,1.60,1.00
2010.09.03 16:59:53.499,7.22325,7.2251,1.60,1.00
2010.09.03 16:59:54.368,7.22335,7.2251,1.60,1.00
2010.09.03 16:59:56.461,7.22325,7.2251,1.60,1.00
2010.09.03 16:59:56.926,7.22285,7.2251,1.80,1.00
2010.09.03 16:59:57.313,7.22285,7.2247,1.80,1.00
2010.09.03 16:59:58.601,7.22285,7.2251,1.80,1.00
2010.09.03 16:59:58.799,7.22345,7.22525,1.00,1.00
2010.09.03 16:59:59.510,7.22345,7.2249,1.00,1.00
2010.09.03 16:59:59.705,7.22345,7.22515,1.00,1.00
