2015.03.30 19:00:00.575,8.59683,8.6001,1.66,1.00
2015.03.30 19:00:01.331,8.59683,8.6001,1.59,1.00
2015.03.30 19:00:01.483,8.59683,8.60025,1.59,1.37
2015.03.30 19:00:02.540,8.59654,8.60025,1.01,1.37
2015.03.30 19:00:03.533,8.59653,8.60025,1.82,1.37
2015.03.30 19:00:04.848,8.59653,8.6002,1.75,1.37
2015.03.30 19:00:05.173,8.59653,8.59999,1.37,1.07
2015.03.30 19:00:05.224,8.59643,8.59969,2.34,1.00
2015.03.30 19:00:05.529,8.59586,8.59938,2.05,1.75
2015.03.30 19:00:05.579,8.59586,8.59897,2.05,1.07
2015.03.30 19:00:05.681,8.59514,8.59897,2.05,1.07
2015.03.30 19:00:05.782,8.59514,8.59897,2.05,1.07
2015.03.30 19:00:05.833,8.59546,8.59897,1.12,1.00
2015.03.30 19:00:05.884,8.59546,8.59897,1.12,1.00
2015.03.30 19:00:05.985,8.59529,8.59897,1.12,1.00
2015.03.30 19:00:06.224,8.59546,8.59897,1.12,1.00
2015.03.30 19:00:06.275,8.59546,8.59905,1.12,1.07
2015.03.30 19:00:06.665,8.59546,8.59911,1.12,1.07
2015.03.30 19:00:07.266,8.59546,8.59914,1.12,1.07
2015.03.30 19:00:07.409,8.59546,8.59914,1.12,1.07
2015.03.30 19:00:07.460,8.59572,8.59918,1.12,1.00
2015.03.30 19:00:07.511,8.59572,8.59918,1.12,1.00
2015.03.30 19:00:07.562,8.59572,8.59936,1.12,1.00
2015.03.30 19:00:07.915,8.59583,8.59936,1.12,1.00
2015.03.30 19:00:08.017,8.59514,8.59936,1.75,1.82
2015.03.30 19:00:08.119,8.59514,8.59936,2.12,1.07
2015.03.30 19:00:08.313,8.59514,8.59936,2.12,1.07
2015.03.30 19:00:08.363,8.59514,8.59831,2.12,1.00
2015.03.30 19:00:09.373,8.59514,8.59831,2.05,1.00
2015.03.30 19:00:13.281,8.59513,8.59831,1.59,1.00
2015.03.30 19:00:13.534,8.59473,8.59831,2.34,1.37
2015.03.30 19:00:13.585,8.59473,8.59773,2.34,1.00
2015.03.30 19:00:14.083,8.59473,8.59773,1.59,1.00
2015.03.30 19:00:16.832,8.59473,8.59773,2.34,1.00
2015.03.30 19:00:17.034,8.59473,8.59773,2.34,1.00
2015.03.30 19:00:17.135,8.59473,8.59773,2.34,1.00
2015.03.30 19:00:17.501,8.59473,8.59773,2.34,1.00
2015.03.30 19:00:17.590,8.59473,8.59773,2.34,1.00
2015.03.30 19:00:18.980,8.59473,8.59811,2.34,1.00
2015.03.30 19:00:19.889,8.59513,8.59811,1.59,1.00
2015.03.30 19:00:23.239,8.59513,8.59811,2.34,1.00
2015.03.30 19:00:23.350,8.59513,8.59811,1.59,1.00
2015.03.30 19:00:23.402,8.59513,8.59811,2.34,1.00
2015.03.30 19:00:23.702,8.59513,8.59811,1.59,1.00
2015.03.30 19:00:23.803,8.59513,8.59811,2.34,1.00
2015.03.30 19:00:24.004,8.59513,8.59811,1.59,1.00
2015.03.30 19:00:24.106,8.59513,8.59811,2.34,1.00
2015.03.30 19:00:24.304,8.59513,8.59811,1.59,1.00
2015.03.30 19:00:24.506,8.59513,8.59811,2.34,1.00
2015.03.30 19:00:24.706,8.59513,8.59811,1.59,1.00
2015.03.30 19:00:24.806,8.59513,8.59811,2.34,1.00
2015.03.30 19:00:25.307,8.59513,8.59811,1.59,1.00
2015.03.30 19:00:25.407,8.59513,8.59811,2.34,1.00
2015.03.30 19:00:25.608,8.59513,8.59811,1.59,1.00
2015.03.30 19:00:25.808,8.59513,8.59811,2.34,1.00
2015.03.30 19:00:26.311,8.59513,8.59811,1.59,1.00
2015.03.30 19:00:26.535,8.59513,8.59811,2.34,1.00
2015.03.30 19:00:26.713,8.59513,8.59811,1.59,1.00
2015.03.30 19:00:26.814,8.59513,8.59811,2.34,1.00
2015.03.30 19:00:27.215,8.59513,8.59811,1.59,1.00
2015.03.30 19:00:27.316,8.59513,8.59811,2.34,1.00
2015.03.30 19:00:27.516,8.59513,8.59811,1.59,1.00
2015.03.30 19:00:27.717,8.59513,8.59811,2.34,1.00
2015.03.30 19:00:28.519,8.59513,8.59811,2.34,1.00
2015.03.30 19:00:28.639,8.59513,8.59811,2.34,1.00
2015.03.30 19:00:28.841,8.59513,8.59811,1.59,1.00
2015.03.30 19:00:29.021,8.59513,8.59811,2.34,1.00
2015.03.30 19:00:29.223,8.59513,8.59811,1.59,1.00
2015.03.30 19:00:29.325,8.59513,8.59811,2.34,1.00
2015.03.30 19:00:29.827,8.59513,8.59811,1.59,1.00
2015.03.30 19:00:29.930,8.59513,8.59811,2.34,1.00
2015.03.30 19:00:30.129,8.59513,8.59811,1.59,1.00
2015.03.30 19:00:30.339,8.59513,8.59811,2.34,1.00
2015.03.30 19:00:30.431,8.59513,8.59811,1.59,1.00
2015.03.30 19:00:30.677,8.59513,8.59811,2.34,1.00
2015.03.30 19:00:31.079,8.59513,8.59811,1.59,1.00
2015.03.30 19:00:31.130,8.59513,8.59772,1.59,1.00
2015.03.30 19:00:31.463,8.59513,8.59769,1.59,1.00
2015.03.30 19:00:45.277,8.59513,8.5981,1.59,1.37
2015.03.30 19:00:45.529,8.59513,8.59811,1.59,1.00
2015.03.30 19:00:47.311,8.59513,8.59811,2.34,1.00
2015.03.30 19:00:49.591,8.59513,8.59811,2.34,1.00
2015.03.30 19:00:51.697,8.59513,8.59811,2.34,1.00
2015.03.30 19:00:54.010,8.59513,8.59811,2.34,1.00
2015.03.30 19:00:55.777,8.59513,8.59867,2.34,1.37
2015.03.30 19:00:55.828,8.59513,8.59867,2.34,1.37
2015.03.30 19:00:55.933,8.59513,8.59867,2.34,1.37
2015.03.30 19:00:56.331,8.59513,8.59918,2.34,2.05
2015.03.30 19:00:56.692,8.59513,8.59918,2.34,2.05
2015.03.30 19:00:56.743,8.59513,8.59918,2.34,2.05
2015.03.30 19:00:56.844,8.59513,8.59903,1.59,1.75
2015.03.30 19:00:56.946,8.59513,8.59903,2.34,1.75
2015.03.30 19:00:56.998,8.59513,8.59903,2.34,1.75
2015.03.30 19:00:57.144,8.59513,8.59903,1.59,1.75
2015.03.30 19:00:57.298,8.59513,8.59903,2.34,1.07
2015.03.30 19:00:57.614,8.59541,8.59892,1.12,1.00
2015.03.30 19:00:57.665,8.59541,8.59892,1.12,1.00
2015.03.30 19:00:57.847,8.59534,8.59892,1.67,1.00
2015.03.30 19:00:57.949,8.59541,8.59892,1.12,1.00
2015.03.30 19:00:58.052,8.59541,8.59905,1.12,1.07
2015.03.30 19:00:58.103,8.59534,8.59905,2.05,1.75
2015.03.30 19:00:58.278,8.59534,8.59905,2.05,1.75
2015.03.30 19:00:58.379,8.59534,8.59951,2.05,1.75
2015.03.30 19:00:58.807,8.59534,8.59951,2.05,1.75
2015.03.30 19:00:58.946,8.59543,8.59915,2.34,1.75
2015.03.30 19:00:59.047,8.59543,8.59919,2.34,1.75
2015.03.30 19:00:59.271,8.59562,8.59919,1.12,1.37
2015.03.30 19:00:59.334,8.59545,8.59919,1.12,1.37
2015.03.30 19:00:59.435,8.59562,8.59919,1.12,1.37
2015.03.30 19:00:59.635,8.59546,8.59909,1.37,1.07
2015.03.30 19:00:59.836,8.59562,8.59909,1.12,1.07
2015.03.30 19:01:00.036,8.59545,8.59909,1.12,1.07
2015.03.30 19:01:00.087,8.59543,8.59909,1.96,1.75
2015.03.30 19:01:00.138,8.59543,8.59909,2.34,1.75
2015.03.30 19:01:00.377,8.59543,8.59913,1.96,1.75
2015.03.30 19:01:00.538,8.59543,8.59913,2.34,1.75
2015.03.30 19:01:00.939,8.59543,8.59913,1.96,1.75
2015.03.30 19:01:01.139,8.59543,8.59913,2.34,1.75
2015.03.30 19:01:01.340,8.59543,8.59913,1.96,1.75
2015.03.30 19:01:01.441,8.59543,8.59913,2.34,1.75
2015.03.30 19:01:01.641,8.59543,8.59913,2.34,1.75
2015.03.30 19:01:01.844,8.59543,8.59913,2.34,1.75
2015.03.30 19:01:02.245,8.59543,8.59913,2.34,1.75
2015.03.30 19:01:02.446,8.59543,8.59913,2.34,1.75
2015.03.30 19:01:02.497,8.59562,8.59913,1.12,1.07
2015.03.30 19:01:03.361,8.59562,8.59924,1.12,1.37
2015.03.30 19:01:03.664,8.59543,8.59922,2.34,1.75
2015.03.30 19:01:03.882,8.59543,8.59922,2.34,1.75
2015.03.30 19:01:04.057,8.59543,8.59922,2.34,1.75
2015.03.30 19:01:04.259,8.59543,8.59922,2.34,1.75
2015.03.30 19:01:04.591,8.59543,8.59922,2.34,1.75
2015.03.30 19:01:04.708,8.59543,8.59922,2.34,1.75
2015.03.30 19:01:04.860,8.59543,8.59922,2.34,1.75
2015.03.30 19:01:05.071,8.59543,8.59922,2.34,1.75
2015.03.30 19:01:05.262,8.59543,8.59913,2.34,1.75
2015.03.30 19:01:05.372,8.59543,8.59913,2.34,1.75
2015.03.30 19:01:05.596,8.59543,8.59913,2.34,1.75
2015.03.30 19:01:05.765,8.59543,8.59913,2.34,1.75
2015.03.30 19:01:05.966,8.59543,8.59913,2.34,1.75
2015.03.30 19:01:06.201,8.59543,8.59913,2.34,1.75
2015.03.30 19:01:06.367,8.59543,8.59913,2.34,1.75
2015.03.30 19:01:06.585,8.59543,8.59913,2.34,1.75
2015.03.30 19:01:06.779,8.59543,8.59913,2.34,1.75
2015.03.30 19:01:06.904,8.59543,8.59913,2.34,1.75
2015.03.30 19:01:07.256,8.59543,8.59913,2.34,1.75
2015.03.30 19:01:07.307,8.59543,8.59913,2.34,1.75
2015.03.30 19:01:07.987,8.59558,8.59923,1.12,1.37
2015.03.30 19:01:08.293,8.59558,8.59916,1.12,1.07
2015.03.30 19:01:08.570,8.59558,8.59916,1.12,1.07
2015.03.30 19:01:08.712,8.59558,8.59924,1.12,1.37
2015.03.30 19:01:08.892,8.59558,8.59924,1.12,1.37
2015.03.30 19:01:09.087,8.59543,8.59913,2.53,1.37
2015.03.30 19:01:09.504,8.59558,8.59913,1.12,1.07
2015.03.30 19:01:19.293,8.59565,8.59902,1.01,1.00
2015.03.30 19:01:19.614,8.59543,8.59898,2.53,1.07
2015.03.30 19:01:19.830,8.59543,8.59957,2.34,1.75
2015.03.30 19:01:20.276,8.59543,8.59956,2.34,1.75
2015.03.30 19:01:20.327,8.59543,8.59956,2.34,1.75
2015.03.30 19:01:20.531,8.59543,8.59898,2.34,1.37
2015.03.30 19:01:21.090,8.59543,8.59898,2.34,1.37
2015.03.30 19:01:21.190,8.59543,8.59898,2.34,1.37
2015.03.30 19:01:21.499,8.59543,8.59976,2.34,1.75
2015.03.30 19:01:21.842,8.59543,8.59901,2.34,1.75
2015.03.30 19:01:21.893,8.59543,8.59901,2.34,1.75
2015.03.30 19:01:22.007,8.59543,8.59901,2.34,1.75
2015.03.30 19:01:22.057,8.59543,8.59901,2.34,1.37
2015.03.30 19:01:22.209,8.59543,8.59898,2.34,1.07
2015.03.30 19:01:22.293,8.59543,8.59898,2.34,1.07
2015.03.30 19:01:22.393,8.59543,8.59898,2.34,1.07
2015.03.30 19:01:22.635,8.59543,8.59898,2.34,1.07
2015.03.30 19:01:22.693,8.59543,8.59898,2.34,1.07
2015.03.30 19:01:22.794,8.59543,8.59986,2.34,1.75
2015.03.30 19:01:22.895,8.59543,8.59986,2.34,1.75
2015.03.30 19:01:23.047,8.59543,8.59975,2.34,1.75
2015.03.30 19:01:23.326,8.59543,8.59975,1.96,1.75
2015.03.30 19:01:23.478,8.59543,8.59901,1.59,1.37
2015.03.30 19:01:23.528,8.59543,8.59901,2.34,1.37
2015.03.30 19:01:23.695,8.59543,8.59897,1.59,1.37
2015.03.30 19:01:23.796,8.59543,8.59897,2.34,1.37
2015.03.30 19:01:24.097,8.59543,8.59897,1.59,1.37
2015.03.30 19:01:24.199,8.59543,8.59897,2.34,1.37
2015.03.30 19:01:24.528,8.59543,8.59976,2.34,1.75
2015.03.30 19:01:25.018,8.59543,8.59902,2.34,1.37
2015.03.30 19:01:33.079,8.59543,8.59986,2.34,1.75
2015.03.30 19:01:33.503,8.59543,8.59901,2.34,1.37
2015.03.30 19:01:33.617,8.59543,8.59898,2.34,1.12
2015.03.30 19:01:33.724,8.59543,8.59898,2.34,1.12
2015.03.30 19:01:33.943,8.59543,8.59887,2.34,1.07
2015.03.30 19:01:34.111,8.59543,8.59887,2.34,1.07
2015.03.30 19:01:34.359,8.59543,8.59986,2.34,1.75
2015.03.30 19:01:34.411,8.59543,8.59986,2.34,1.75
2015.03.30 19:01:34.777,8.59543,8.59976,2.34,1.75
2015.03.30 19:01:34.929,8.59543,8.59889,1.59,1.75
2015.03.30 19:01:35.030,8.59543,8.59889,2.34,1.07
2015.03.30 19:01:35.213,8.59543,8.59901,2.34,1.37
2015.03.30 19:01:35.314,8.59543,8.59887,2.34,1.10
2015.03.30 19:01:35.415,8.59543,8.59898,2.34,1.07
2015.03.30 19:01:35.614,8.59543,8.59887,2.34,1.10
2015.03.30 19:01:35.817,8.59543,8.59986,2.34,1.75
2015.03.30 19:01:36.132,8.59543,8.59976,2.34,1.75
2015.03.30 19:01:36.466,8.59543,8.59898,2.34,1.37
2015.03.30 19:01:36.738,8.59543,8.59898,2.34,1.37
2015.03.30 19:01:36.916,8.59543,8.59898,2.34,1.37
2015.03.30 19:01:37.117,8.59543,8.59898,2.34,1.37
2015.03.30 19:01:37.218,8.59543,8.59898,2.34,1.37
2015.03.30 19:01:37.556,8.59543,8.59976,2.34,1.75
2015.03.30 19:01:37.893,8.59543,8.59901,2.34,1.75
2015.03.30 19:01:37.943,8.59543,8.59901,2.34,1.75
2015.03.30 19:01:37.994,8.59543,8.59889,2.34,1.07
2015.03.30 19:01:38.146,8.59543,8.59889,1.59,1.07
2015.03.30 19:01:38.319,8.59543,8.59895,2.34,1.07
2015.03.30 19:01:38.519,8.59543,8.59887,1.96,1.10
2015.03.30 19:01:38.621,8.59543,8.59887,2.34,1.10
2015.03.30 19:01:38.820,8.59543,8.59887,2.34,1.10
2015.03.30 19:01:39.022,8.59543,8.59964,2.34,2.05
2015.03.30 19:01:39.124,8.59543,8.59964,2.34,2.05
2015.03.30 19:01:39.226,8.59543,8.59964,2.34,2.05
2015.03.30 19:01:39.437,8.59543,8.599,2.34,1.75
2015.03.30 19:01:39.538,8.59543,8.59889,2.34,1.07
2015.03.30 19:01:39.666,8.59543,8.59889,1.59,1.07
2015.03.30 19:01:39.823,8.59543,8.59895,2.34,1.07
2015.03.30 19:01:40.023,8.59543,8.59887,1.59,1.10
2015.03.30 19:01:40.124,8.59543,8.59898,2.34,1.07
2015.03.30 19:01:40.431,8.59543,8.59964,2.34,2.05
2015.03.30 19:01:40.776,8.59543,8.59964,2.34,2.05
2015.03.30 19:01:40.978,8.59543,8.59887,2.34,1.07
2015.03.30 19:01:41.028,8.59543,8.59887,2.34,1.07
2015.03.30 19:01:41.124,8.59543,8.59887,2.34,1.07
2015.03.30 19:01:41.224,8.59543,8.59887,2.34,1.07
2015.03.30 19:01:41.426,8.59543,8.59894,1.96,1.12
2015.03.30 19:01:41.525,8.59543,8.59894,2.34,1.12
2015.03.30 19:01:41.725,8.59543,8.59894,1.96,1.12
2015.03.30 19:01:41.866,8.59543,8.59964,2.34,2.05
2015.03.30 19:01:42.306,8.59543,8.59964,2.34,2.05
2015.03.30 19:01:42.508,8.59543,8.59898,2.34,1.37
2015.03.30 19:01:42.737,8.59543,8.59898,2.34,1.37
2015.03.30 19:01:42.838,8.59543,8.59898,1.96,1.37
2015.03.30 19:01:42.939,8.59543,8.59898,2.34,1.37
2015.03.30 19:01:43.160,8.59543,8.59898,1.96,1.37
2015.03.30 19:01:43.331,8.59543,8.59898,2.34,1.37
2015.03.30 19:01:43.432,8.59543,8.59964,2.34,2.05
2015.03.30 19:01:43.486,8.59543,8.59964,2.34,2.05
2015.03.30 19:01:43.937,8.59543,8.59964,2.34,2.05
2015.03.30 19:01:44.282,8.59543,8.59964,2.34,2.05
2015.03.30 19:01:44.332,8.59543,8.59964,2.34,2.05
2015.03.30 19:01:44.433,8.59543,8.59964,2.34,2.05
2015.03.30 19:01:44.485,8.59543,8.59964,2.34,2.05
2015.03.30 19:01:44.637,8.59543,8.59964,2.34,2.05
2015.03.30 19:01:44.754,8.59543,8.59964,2.34,2.05
2015.03.30 19:01:45.336,8.59543,8.59964,2.34,2.05
2015.03.30 19:01:45.437,8.59543,8.59964,2.34,2.05
2015.03.30 19:01:45.488,8.59543,8.59929,2.71,1.37
2015.03.30 19:01:45.670,8.59543,8.59929,2.71,1.37
2015.03.30 19:01:45.834,8.59543,8.59929,2.71,1.37
2015.03.30 19:01:46.073,8.59543,8.59929,2.71,1.37
2015.03.30 19:01:46.275,8.59543,8.59929,2.71,1.37
2015.03.30 19:01:46.676,8.59543,8.59964,2.34,2.05
2015.03.30 19:01:46.727,8.59543,8.59964,2.34,2.05
2015.03.30 19:01:47.032,8.59571,8.59929,1.12,1.07
2015.03.30 19:01:47.148,8.59556,8.59929,1.12,1.07
2015.03.30 19:01:47.238,8.59571,8.59929,1.12,1.07
2015.03.30 19:01:47.638,8.5955,8.59929,1.12,1.07
2015.03.30 19:01:47.740,8.59571,8.59929,1.12,1.07
2015.03.30 19:01:48.306,8.59543,8.59964,2.34,2.05
2015.03.30 19:01:48.468,8.59543,8.59928,2.34,1.75
2015.03.30 19:01:48.569,8.59571,8.59928,1.12,1.07
2015.03.30 19:01:49.142,8.59571,8.59928,1.12,1.07
2015.03.30 19:01:49.243,8.59571,8.59928,1.12,1.07
2015.03.30 19:01:49.539,8.59543,8.59964,2.34,2.05
2015.03.30 19:01:49.976,8.59571,8.59929,1.12,1.07
2015.03.30 19:01:50.157,8.59584,8.59929,2.05,1.07
2015.03.30 19:01:50.656,8.59584,8.59952,2.12,1.07
2015.03.30 19:01:50.749,8.59584,8.59952,2.12,1.07
2015.03.30 19:01:50.888,8.59584,8.60005,2.12,1.75
2015.03.30 19:01:51.226,8.59584,8.60016,2.05,1.75
2015.03.30 19:01:51.532,8.59584,8.5996,2.12,1.37
2015.03.30 19:01:51.653,8.59584,8.5996,2.12,1.37
2015.03.30 19:01:51.891,8.59584,8.5996,2.12,1.37
2015.03.30 19:01:52.054,8.59584,8.5996,2.12,1.37
2015.03.30 19:01:52.256,8.59584,8.5996,2.12,1.37
2015.03.30 19:01:52.636,8.59584,8.60015,2.05,1.75
2015.03.30 19:01:52.967,8.59584,8.5996,2.12,1.37
2015.03.30 19:01:53.759,8.59584,8.5996,2.12,1.37
2015.03.30 19:01:53.860,8.59584,8.60016,2.12,1.75
2015.03.30 19:01:54.046,8.59584,8.60016,2.05,1.75
2015.03.30 19:01:54.309,8.59584,8.60016,2.05,1.75
2015.03.30 19:01:54.461,8.59584,8.5996,2.05,1.75
2015.03.30 19:01:54.512,8.59584,8.5996,2.12,1.37
2015.03.30 19:01:54.762,8.59584,8.5996,2.12,1.37
2015.03.30 19:01:54.862,8.59584,8.5996,2.12,1.37
2015.03.30 19:01:55.163,8.59584,8.5996,2.12,1.37
2015.03.30 19:01:55.279,8.59584,8.5996,2.12,1.37
2015.03.30 19:01:55.631,8.59584,8.60016,2.05,1.75
2015.03.30 19:01:55.778,8.59584,8.60016,2.05,1.75
2015.03.30 19:01:55.985,8.59584,8.5996,2.05,1.75
2015.03.30 19:01:56.036,8.59584,8.5996,2.12,1.37
2015.03.30 19:01:56.187,8.59584,8.5996,2.12,1.37
2015.03.30 19:01:56.266,8.59584,8.5996,2.12,1.37
2015.03.30 19:01:56.567,8.59584,8.5996,2.12,1.37
2015.03.30 19:01:56.768,8.59584,8.5996,2.12,1.37
2015.03.30 19:01:57.269,8.59584,8.60016,2.05,1.75
2015.03.30 19:01:57.478,8.59591,8.59968,1.01,1.37
2015.03.30 19:01:57.820,8.59589,8.59968,1.31,1.37
2015.03.30 19:01:57.921,8.59591,8.59968,1.01,1.37
2015.03.30 19:01:58.072,8.59589,8.59968,1.31,1.37
2015.03.30 19:01:58.273,8.59591,8.59968,1.01,1.37
2015.03.30 19:01:58.774,8.59584,8.60016,2.05,1.75
2015.03.30 19:01:59.014,8.5959,8.59975,1.12,1.37
2015.03.30 19:01:59.176,8.5959,8.59975,1.12,1.37
2015.03.30 19:01:59.308,8.5959,8.59975,1.12,1.37
2015.03.30 19:01:59.622,8.5959,8.59975,1.12,1.37
2015.03.30 19:01:59.678,8.5959,8.59975,1.12,1.37
2015.03.30 19:01:59.906,8.5959,8.60016,1.12,1.75
2015.03.30 19:02:00.007,8.59584,8.60016,2.05,1.75
2015.03.30 19:02:00.396,8.59584,8.59966,2.05,1.75
2015.03.30 19:02:00.509,8.59584,8.59966,2.05,1.75
2015.03.30 19:02:00.560,8.5959,8.59966,1.12,1.37
2015.03.30 19:02:00.610,8.5959,8.59966,1.12,1.37
2015.03.30 19:02:00.784,8.59589,8.59966,1.12,1.37
2015.03.30 19:02:00.984,8.5959,8.59966,1.12,1.37
2015.03.30 19:02:01.187,8.59589,8.59966,1.12,1.37
2015.03.30 19:02:01.328,8.5959,8.60016,1.12,1.75
2015.03.30 19:02:01.779,8.59584,8.60016,2.05,1.75
2015.03.30 19:02:01.988,8.59591,8.59968,1.12,1.37
2015.03.30 19:02:03.091,8.59591,8.59968,1.12,1.37
2015.03.30 19:02:03.192,8.59591,8.59968,1.12,1.37
2015.03.30 19:02:03.546,8.59584,8.60016,2.05,1.75
2015.03.30 19:02:03.864,8.59584,8.59968,2.05,1.75
2015.03.30 19:02:03.965,8.5959,8.59968,1.12,1.37
2015.03.30 19:02:04.637,8.59611,8.5996,1.12,1.00
2015.03.30 19:02:04.698,8.59611,8.5996,1.12,1.00
2015.03.30 19:02:04.806,8.59611,8.60016,1.12,1.75
2015.03.30 19:02:04.907,8.59611,8.60016,1.12,1.75
2015.03.30 19:02:05.272,8.59584,8.60016,2.05,1.75
2015.03.30 19:02:05.728,8.59611,8.59969,1.12,1.07
2015.03.30 19:02:06.702,8.59596,8.59969,1.12,1.07
2015.03.30 19:02:06.829,8.59611,8.60016,1.12,1.75
2015.03.30 19:02:07.380,8.59584,8.60016,2.05,1.75
2015.03.30 19:02:07.904,8.59584,8.59969,2.05,1.75
2015.03.30 19:02:08.056,8.59611,8.59969,1.12,1.07
2015.03.30 19:02:08.107,8.59611,8.59969,1.12,1.07
2015.03.30 19:02:08.308,8.59596,8.59969,1.12,1.07
2015.03.30 19:02:08.409,8.59611,8.59969,1.12,1.07
2015.03.30 19:02:08.774,8.59604,8.60016,1.12,1.75
2015.03.30 19:02:08.825,8.59611,8.60016,1.12,1.75
2015.03.30 19:02:09.205,8.59584,8.60016,2.05,1.75
2015.03.30 19:02:09.463,8.59618,8.59969,1.12,1.07
2015.03.30 19:02:09.514,8.59618,8.59969,1.12,1.07
2015.03.30 19:02:09.746,8.59607,8.59958,1.12,1.00
2015.03.30 19:02:09.898,8.59611,8.59966,1.12,1.07
2015.03.30 19:02:09.948,8.59618,8.59966,1.12,1.07
2015.03.30 19:02:10.141,8.5961,8.59966,1.12,1.07
2015.03.30 19:02:10.242,8.59618,8.59966,1.12,1.07
2015.03.30 19:02:10.576,8.59589,8.60016,2.05,1.75
2015.03.30 19:02:10.906,8.59589,8.59969,2.05,1.75
2015.03.30 19:02:10.986,8.59618,8.59969,1.12,1.07
2015.03.30 19:02:11.037,8.59618,8.59969,1.12,1.07
2015.03.30 19:02:11.118,8.59608,8.59969,1.12,1.07
2015.03.30 19:02:11.219,8.59618,8.59966,1.12,1.07
2015.03.30 19:02:11.351,8.59618,8.59966,1.12,1.07
2015.03.30 19:02:11.402,8.59618,8.59958,1.12,1.00
2015.03.30 19:02:11.452,8.59606,8.59958,1.12,1.00
2015.03.30 19:02:11.503,8.59606,8.59969,1.12,1.07
2015.03.30 19:02:11.585,8.59606,8.59958,1.12,1.00
2015.03.30 19:02:11.897,8.59618,8.60016,1.12,1.75
2015.03.30 19:02:12.233,8.59589,8.60016,2.05,1.75
2015.03.30 19:02:12.521,8.59589,8.60016,2.05,1.75
2015.03.30 19:02:12.761,8.59589,8.60016,2.05,1.75
2015.03.30 19:02:12.862,8.59589,8.59958,2.05,1.37
2015.03.30 19:02:12.963,8.59589,8.59958,2.05,1.37
2015.03.30 19:02:13.014,8.59618,8.59958,1.12,1.00
2015.03.30 19:02:13.064,8.59618,8.59958,1.12,1.00
2015.03.30 19:02:13.166,8.59603,8.59966,1.12,1.07
2015.03.30 19:02:13.367,8.59618,8.59966,1.12,1.07
2015.03.30 19:02:13.469,8.59607,8.59966,1.12,1.07
2015.03.30 19:02:13.996,8.59589,8.60016,1.30,1.75
2015.03.30 19:02:14.725,8.59589,8.59969,2.05,1.07
2015.03.30 19:02:15.047,8.59618,8.59983,1.12,1.37
2015.03.30 19:02:15.130,8.59618,8.59983,1.12,1.37
2015.03.30 19:02:15.215,8.59618,8.59957,1.12,1.00
2015.03.30 19:02:15.482,8.59589,8.59965,2.05,1.10
2015.03.30 19:02:15.734,8.59589,8.60016,1.30,1.75
2015.03.30 19:02:16.507,8.59589,8.5995,2.05,1.00
2015.03.30 19:02:16.557,8.59589,8.59954,2.05,1.00
2015.03.30 19:02:17.119,8.59596,8.5997,1.37,1.07
2015.03.30 19:02:17.170,8.59596,8.5997,1.12,1.00
2015.03.30 19:02:18.328,8.59613,8.59962,2.34,1.00
2015.03.30 19:02:20.529,8.59596,8.5997,1.12,1.00
2015.03.30 19:02:20.800,8.59614,8.59978,1.12,1.00
2015.03.30 19:02:20.952,8.59589,8.60016,2.05,1.37
2015.03.30 19:02:21.145,8.59589,8.60007,2.12,2.34
2015.03.30 19:02:21.195,8.59582,8.59976,1.12,1.30
2015.03.30 19:02:21.246,8.59582,8.59976,1.12,1.30
2015.03.30 19:02:21.575,8.59591,8.59976,1.12,1.30
2015.03.30 19:02:21.925,8.59533,8.59976,2.53,2.05
2015.03.30 19:02:21.976,8.59533,8.59976,2.53,1.30
2015.03.30 19:02:22.047,8.59533,8.59976,2.53,2.05
2015.03.30 19:02:22.287,8.59533,8.59976,2.34,1.30
2015.03.30 19:02:22.388,8.59572,8.59976,1.12,1.67
2015.03.30 19:02:22.543,8.59567,8.59976,1.12,1.75
2015.03.30 19:02:22.594,8.59533,8.59976,2.34,1.37
2015.03.30 19:02:22.755,8.59533,8.59976,2.34,1.30
2015.03.30 19:02:23.150,8.59616,8.59976,1.12,1.30
2015.03.30 19:02:23.250,8.59603,8.59976,1.12,1.30
2015.03.30 19:02:23.358,8.59616,8.59976,1.12,1.30
2015.03.30 19:02:23.676,8.59602,8.59976,1.12,1.30
2015.03.30 19:02:23.777,8.59533,8.59976,2.34,1.37
2015.03.30 19:02:23.979,8.59533,8.59976,2.34,1.30
2015.03.30 19:02:24.591,8.59533,8.59931,2.34,1.00
2015.03.30 19:02:24.735,8.59533,8.59931,2.34,1.00
2015.03.30 19:02:24.786,8.59533,8.59929,2.34,1.00
2015.03.30 19:02:24.987,8.59533,8.59929,2.34,1.07
2015.03.30 19:02:25.556,8.59533,8.59918,2.34,1.00
2015.03.30 19:02:25.788,8.59575,8.5997,1.12,1.37
2015.03.30 19:02:25.890,8.59533,8.59969,2.34,1.12
2015.03.30 19:02:25.991,8.59575,8.59976,1.12,1.30
2015.03.30 19:02:26.105,8.59575,8.5995,1.12,1.00
2015.03.30 19:02:28.558,8.59597,8.59966,1.12,1.00
2015.03.30 19:02:28.659,8.59597,8.59976,1.12,1.30
2015.03.30 19:02:29.974,8.59611,8.59957,1.12,1.00
2015.03.30 19:02:32.196,8.59597,8.59947,1.12,1.00
2015.03.30 19:02:32.641,8.59611,8.59957,1.12,1.00
2015.03.30 19:02:37.504,8.59622,8.59957,1.12,1.00
2015.03.30 19:02:37.706,8.59622,8.59957,1.12,1.00
2015.03.30 19:02:37.756,8.59622,8.59752,1.12,1.87
2015.03.30 19:02:37.908,8.59615,8.59752,1.12,1.87
2015.03.30 19:02:37.959,8.59615,8.59823,1.12,1.80
2015.03.30 19:02:38.009,8.59622,8.59823,1.12,1.80
2015.03.30 19:02:38.060,8.59622,8.59976,1.12,1.30
2015.03.30 19:02:38.212,8.59622,8.59955,1.12,1.00
2015.03.30 19:02:38.514,8.59615,8.59843,1.12,2.20
2015.03.30 19:02:38.847,8.59622,8.59762,1.12,1.39
2015.03.30 19:02:38.898,8.59622,8.59902,1.12,1.00
2015.03.30 19:02:38.949,8.59622,8.59902,1.12,1.00
2015.03.30 19:02:38.999,8.59622,8.59974,1.12,1.00
2015.03.30 19:02:39.050,8.59622,8.59974,1.12,1.00
2015.03.30 19:02:39.263,8.59622,8.59974,1.12,1.00
2015.03.30 19:02:39.314,8.59622,8.59949,1.12,1.00
2015.03.30 19:02:39.617,8.59538,8.59762,1.75,1.51
2015.03.30 19:02:39.668,8.59561,8.59901,1.75,1.00
2015.03.30 19:02:39.769,8.59562,8.59908,1.75,1.30
2015.03.30 19:02:39.820,8.59562,8.59908,1.75,1.30
2015.03.30 19:02:39.921,8.59524,8.59927,2.05,1.59
2015.03.30 19:02:40.072,8.59524,8.59927,2.05,1.59
2015.03.30 19:02:40.276,8.59524,8.59917,2.05,1.00
2015.03.30 19:02:41.015,8.59538,8.59917,1.12,1.00
2015.03.30 19:02:42.487,8.59538,8.59907,1.12,1.00
2015.03.30 19:02:46.515,8.59535,8.59907,1.12,1.00
2015.03.30 19:02:46.616,8.59535,8.59927,1.12,2.34
2015.03.30 19:02:46.767,8.59549,8.59927,1.12,2.34
2015.03.30 19:02:47.135,8.59549,8.59897,1.12,1.00
2015.03.30 19:02:47.285,8.59544,8.59897,1.12,1.00
2015.03.30 19:02:47.775,8.59538,8.59897,1.12,1.00
2015.03.30 19:02:49.739,8.59538,8.59897,1.12,1.00
2015.03.30 19:02:49.796,8.59538,8.59917,1.12,1.00
2015.03.30 19:02:49.947,8.59576,8.59917,1.12,1.00
2015.03.30 19:02:50.048,8.59576,8.59927,1.12,2.34
2015.03.30 19:02:50.806,8.59576,8.59936,1.12,1.00
2015.03.30 19:02:55.043,8.59576,8.59927,1.12,1.00
2015.03.30 19:02:56.447,8.59603,8.59927,1.12,1.00
2015.03.30 19:02:56.648,8.59576,8.59927,1.12,1.00
2015.03.30 19:02:58.251,8.59603,8.59927,1.12,1.00
2015.03.30 19:02:58.703,8.59524,8.59917,2.05,1.00
2015.03.30 19:02:58.854,8.59485,8.59901,1.75,1.30
2015.03.30 19:02:58.955,8.59485,8.59887,1.07,1.96
2015.03.30 19:02:59.056,8.59485,8.59862,1.07,1.00
2015.03.30 19:02:59.107,8.5945,8.59857,1.67,1.66
2015.03.30 19:02:59.259,8.59438,8.59832,1.75,1.30
2015.03.30 19:03:02.201,8.59449,8.59817,1.12,1.00
2015.03.30 19:03:02.681,8.59454,8.59807,1.12,1.00
2015.03.30 19:03:02.883,8.59384,8.59807,1.31,1.00
2015.03.30 19:03:03.465,8.59454,8.59807,1.12,1.00
2015.03.30 19:03:03.589,8.59383,8.59807,1.31,1.00
2015.03.30 19:03:04.182,8.59451,8.59796,1.12,1.00
2015.03.30 19:03:05.524,8.59381,8.59807,2.24,1.00
2015.03.30 19:03:05.898,8.59381,8.59827,2.05,1.00
2015.03.30 19:03:05.949,8.59381,8.59827,2.05,1.00
2015.03.30 19:03:06.311,8.59462,8.59827,1.12,1.00
2015.03.30 19:03:06.478,8.59449,8.59827,1.12,1.00
2015.03.30 19:03:06.779,8.59462,8.59827,1.12,1.00
2015.03.30 19:03:07.082,8.59447,8.59807,1.12,1.00
2015.03.30 19:03:08.587,8.59447,8.59817,1.12,1.00
2015.03.30 19:03:08.638,8.59447,8.59817,1.12,1.00
2015.03.30 19:03:08.693,8.59381,8.59817,2.05,1.00
2015.03.30 19:03:08.744,8.59381,8.59827,2.05,1.00
2015.03.30 19:03:09.291,8.59381,8.59817,2.05,1.00
2015.03.30 19:03:11.703,8.59447,8.59817,1.12,1.00
2015.03.30 19:03:11.904,8.59399,8.59817,1.12,1.00
2015.03.30 19:03:12.104,8.59447,8.59817,1.12,1.00
2015.03.30 19:03:12.307,8.594,8.59817,1.12,1.00
2015.03.30 19:03:12.405,8.59447,8.59817,1.12,1.00
2015.03.30 19:03:12.606,8.59398,8.59817,1.12,1.00
2015.03.30 19:03:12.656,8.59398,8.59817,1.12,1.00
2015.03.30 19:03:12.932,8.59461,8.59832,1.12,1.30
2015.03.30 19:03:12.982,8.59466,8.59832,1.12,1.30
2015.03.30 19:03:13.308,8.5946,8.59807,1.12,1.00
2015.03.30 19:03:13.945,8.5946,8.59807,1.12,1.00
2015.03.30 19:03:14.141,8.59393,8.59807,1.12,1.00
2015.03.30 19:03:16.013,8.5946,8.59807,1.12,1.00
2015.03.30 19:03:16.313,8.59395,8.59807,1.12,1.00
2015.03.30 19:03:16.454,8.5946,8.59807,1.12,1.00
2015.03.30 19:03:16.514,8.59393,8.59807,1.12,1.00
2015.03.30 19:03:16.715,8.5946,8.59807,1.12,1.00
2015.03.30 19:03:16.915,8.59395,8.59807,1.12,1.00
2015.03.30 19:03:17.016,8.5946,8.59807,1.12,1.00
2015.03.30 19:03:17.216,8.59393,8.59807,1.12,1.00
2015.03.30 19:03:17.317,8.5946,8.59807,1.12,1.00
2015.03.30 19:03:17.663,8.59393,8.59807,1.12,1.00
2015.03.30 19:03:17.851,8.5946,8.59807,1.12,1.00
2015.03.30 19:03:17.902,8.5946,8.59817,1.12,1.00
2015.03.30 19:03:18.019,8.59393,8.59817,1.12,1.00
2015.03.30 19:03:18.220,8.5946,8.59817,1.12,1.00
2015.03.30 19:03:18.421,8.59397,8.59817,1.12,1.00
2015.03.30 19:03:18.522,8.5946,8.59817,1.12,1.00
2015.03.30 19:03:18.724,8.59404,8.59817,1.12,1.00
2015.03.30 19:03:18.822,8.5946,8.59817,1.12,1.00
2015.03.30 19:03:19.023,8.59392,8.59817,1.12,1.00
2015.03.30 19:03:19.946,8.5946,8.59817,1.12,1.00
2015.03.30 19:03:20.150,8.59419,8.59817,2.05,1.00
2015.03.30 19:03:20.352,8.5946,8.59817,1.12,1.00
2015.03.30 19:03:20.531,8.59419,8.59817,2.05,1.00
2015.03.30 19:03:20.732,8.5946,8.59817,1.12,1.00
2015.03.30 19:03:20.951,8.5946,8.59817,1.12,1.00
2015.03.30 19:03:21.133,8.5946,8.59817,1.12,1.00
2015.03.30 19:03:21.463,8.59477,8.59847,1.12,1.00
2015.03.30 19:03:21.977,8.59472,8.59847,1.12,1.00
2015.03.30 19:03:22.415,8.59468,8.59847,1.12,1.00
2015.03.30 19:03:23.340,8.59468,8.59837,1.12,1.00
2015.03.30 19:03:23.649,8.59471,8.59847,1.12,1.00
2015.03.30 19:03:23.963,8.5947,8.59857,1.12,2.34
2015.03.30 19:03:24.093,8.59466,8.59846,1.12,1.00
2015.03.30 19:03:24.676,8.59466,8.59847,1.12,1.00
2015.03.30 19:03:25.229,8.59466,8.59836,1.12,1.00
2015.03.30 19:03:27.247,8.59449,8.59837,1.12,1.00
2015.03.30 19:03:28.022,8.59442,8.59827,1.12,1.00
2015.03.30 19:03:28.738,8.59443,8.59837,1.12,1.00
2015.03.30 19:03:29.254,8.59443,8.59827,1.12,1.00
2015.03.30 19:03:33.526,8.59445,8.59816,1.12,1.00
2015.03.30 19:03:33.806,8.5946,8.59827,1.12,1.00
2015.03.30 19:03:36.303,8.5943,8.59803,1.12,1.30
2015.03.30 19:03:37.810,8.59368,8.59803,1.12,1.67
2015.03.30 19:03:38.011,8.59425,8.59803,1.12,1.30
2015.03.30 19:03:38.212,8.59368,8.59803,1.12,1.67
2015.03.30 19:03:38.413,8.59423,8.59803,1.12,1.30
2015.03.30 19:03:38.621,8.59422,8.59797,1.12,1.00
2015.03.30 19:03:38.915,8.59421,8.59797,1.12,1.00
2015.03.30 19:03:39.331,8.59425,8.59777,1.12,1.00
2015.03.30 19:03:41.282,8.59367,8.59767,1.12,1.00
2015.03.30 19:03:41.384,8.5942,8.59777,1.12,1.00
2015.03.30 19:03:41.672,8.59368,8.59797,1.12,1.00
2015.03.30 19:03:41.773,8.59457,8.59803,1.12,1.30
2015.03.30 19:03:42.231,8.59457,8.59803,1.12,1.30
2015.03.30 19:03:42.536,8.5941,8.59803,1.12,1.30
2015.03.30 19:03:42.738,8.59457,8.59803,1.12,1.30
2015.03.30 19:03:42.925,8.5941,8.59803,1.12,1.30
2015.03.30 19:03:43.130,8.59457,8.59847,1.12,1.07
2015.03.30 19:03:43.346,8.59436,8.59867,1.12,1.82
2015.03.30 19:03:43.426,8.59474,8.59867,1.12,1.07
2015.03.30 19:03:46.969,8.59474,8.59869,1.12,1.37
2015.03.30 19:03:47.292,8.59525,8.59877,1.12,1.00
2015.03.30 19:03:47.343,8.59525,8.59897,1.12,1.00
2015.03.30 19:03:47.444,8.59525,8.59897,1.12,1.00
2015.03.30 19:03:47.545,8.59525,8.59897,1.12,1.00
2015.03.30 19:03:47.613,8.59525,8.59927,1.12,1.00
2015.03.30 19:03:47.664,8.59525,8.59927,1.12,1.00
2015.03.30 19:03:48.339,8.59525,8.59916,1.12,1.00
2015.03.30 19:03:48.650,8.59525,8.59907,1.12,1.00
2015.03.30 19:03:49.468,8.5949,8.59897,2.05,1.00
2015.03.30 19:03:49.619,8.59496,8.59897,1.12,1.00
2015.03.30 19:03:49.974,8.59496,8.59887,1.12,1.00
2015.03.30 19:03:50.309,8.59537,8.59896,1.12,1.00
2015.03.30 19:03:50.665,8.59537,8.59897,1.12,1.00
2015.03.30 19:03:50.800,8.59537,8.59917,1.12,1.00
2015.03.30 19:03:53.464,8.59537,8.59907,1.12,1.00
2015.03.30 19:04:01.966,8.59537,8.59907,1.12,1.00
2015.03.30 19:04:03.276,8.59537,8.59897,1.12,1.00
2015.03.30 19:04:03.333,8.59512,8.59897,1.12,1.00
2015.03.30 19:04:03.494,8.59512,8.59897,1.12,1.00
2015.03.30 19:04:03.691,8.59508,8.59887,1.12,1.00
2015.03.30 19:04:04.707,8.59508,8.59857,1.12,1.00
2015.03.30 19:04:06.076,8.59512,8.59857,1.12,1.00
2015.03.30 19:04:06.304,8.5951,8.59857,1.12,1.00
2015.03.30 19:04:06.504,8.5951,8.59837,1.12,1.00
2015.03.30 19:04:06.656,8.59491,8.59837,1.12,1.00
2015.03.30 19:04:07.108,8.59491,8.59837,1.12,1.00
2015.03.30 19:04:07.831,8.59503,8.59847,1.12,1.00
2015.03.30 19:04:09.004,8.59503,8.59857,1.12,1.00
2015.03.30 19:04:09.086,8.59499,8.59857,1.12,1.00
2015.03.30 19:04:12.127,8.59503,8.59857,1.12,1.00
2015.03.30 19:04:12.228,8.59503,8.59866,1.12,1.00
2015.03.30 19:04:12.802,8.59503,8.59866,1.12,1.00
2015.03.30 19:04:12.852,8.59503,8.59877,1.12,1.00
2015.03.30 19:04:12.903,8.59503,8.59877,1.12,1.00
2015.03.30 19:04:13.793,8.59503,8.59877,1.12,1.00
2015.03.30 19:04:18.414,8.59503,8.59877,1.12,1.00
2015.03.30 19:04:18.603,8.59503,8.59877,1.12,1.00
2015.03.30 19:04:18.758,8.59503,8.59887,1.12,1.00
2015.03.30 19:04:19.024,8.59503,8.59887,1.12,1.00
2015.03.30 19:04:19.211,8.59503,8.59897,1.12,1.00
2015.03.30 19:04:19.313,8.59529,8.59897,1.12,1.00
2015.03.30 19:04:19.527,8.59529,8.59897,1.12,1.00
2015.03.30 19:04:20.329,8.59529,8.59887,1.12,1.00
2015.03.30 19:04:21.705,8.59529,8.59876,1.12,1.00
2015.03.30 19:04:22.123,8.59529,8.59876,1.12,1.00
2015.03.30 19:04:23.525,8.59529,8.59876,1.12,1.00
2015.03.30 19:04:23.647,8.59529,8.59876,1.12,1.00
2015.03.30 19:04:24.126,8.59529,8.59876,1.12,1.00
2015.03.30 19:04:24.527,8.59529,8.59876,1.12,1.00
2015.03.30 19:04:25.129,8.59529,8.59876,1.12,1.00
2015.03.30 19:04:27.330,8.59529,8.59876,1.12,1.00
2015.03.30 19:04:28.014,8.59529,8.59877,1.12,1.00
2015.03.30 19:04:28.264,8.59529,8.59877,1.12,1.00
2015.03.30 19:04:29.683,8.59529,8.59877,1.12,1.00
2015.03.30 19:04:30.032,8.59506,8.59857,1.12,1.00
2015.03.30 19:04:30.083,8.59506,8.59857,1.12,1.00
2015.03.30 19:04:30.673,8.59506,8.59867,1.12,1.00
2015.03.30 19:04:30.872,8.59506,8.59857,1.12,1.00
2015.03.30 19:04:35.363,8.59495,8.5985,2.10,1.00
2015.03.30 19:04:35.684,8.59495,8.59817,2.12,1.00
2015.03.30 19:04:35.853,8.59495,8.59817,2.12,1.00
2015.03.30 19:04:36.433,8.59495,8.59827,2.05,1.00
2015.03.30 19:04:39.215,8.59495,8.59827,2.05,1.00
2015.03.30 19:04:39.317,8.59495,8.59827,2.05,1.00
2015.03.30 19:04:39.594,8.59495,8.59828,2.05,1.00
2015.03.30 19:04:39.696,8.59495,8.59828,2.12,1.00
2015.03.30 19:04:39.905,8.59495,8.59828,2.12,1.00
2015.03.30 19:04:40.077,8.59495,8.5983,2.12,1.00
2015.03.30 19:04:40.128,8.59495,8.59831,2.12,1.00
2015.03.30 19:04:40.229,8.59495,8.59831,2.12,1.00
2015.03.30 19:04:40.431,8.59495,8.59831,2.12,1.00
2015.03.30 19:04:40.537,8.59495,8.59847,2.12,1.07
2015.03.30 19:04:40.638,8.59495,8.59855,2.12,1.12
2015.03.30 19:04:40.691,8.59495,8.59855,2.12,1.12
2015.03.30 19:04:40.893,8.59495,8.59855,2.12,1.12
2015.03.30 19:04:41.094,8.59495,8.59855,2.12,1.12
2015.03.30 19:04:41.396,8.59495,8.59855,2.12,1.12
2015.03.30 19:04:41.537,8.59495,8.59855,2.12,1.12
2015.03.30 19:04:41.597,8.59495,8.59855,2.12,1.12
2015.03.30 19:04:41.738,8.59495,8.59855,2.12,1.12
2015.03.30 19:04:41.943,8.59509,8.59855,1.12,1.00
2015.03.30 19:04:42.123,8.59509,8.59855,1.12,1.00
2015.03.30 19:04:42.242,8.59509,8.59855,1.12,1.00
2015.03.30 19:04:42.406,8.59509,8.59855,1.12,1.00
2015.03.30 19:04:42.506,8.59509,8.59855,1.12,1.00
2015.03.30 19:04:42.644,8.59509,8.59855,1.12,1.00
2015.03.30 19:04:42.757,8.59509,8.59855,1.12,1.00
2015.03.30 19:04:43.156,8.59509,8.59855,1.12,1.00
2015.03.30 19:04:43.212,8.59509,8.59855,1.12,1.00
2015.03.30 19:04:43.314,8.59548,8.59887,1.12,1.00
2015.03.30 19:04:43.365,8.59548,8.59895,1.12,1.00
2015.03.30 19:04:43.466,8.59548,8.59895,1.12,1.00
2015.03.30 19:04:43.520,8.59548,8.59902,1.12,1.00
2015.03.30 19:04:43.571,8.59548,8.59902,1.12,1.00
2015.03.30 19:04:43.643,8.59548,8.59897,1.12,1.00
2015.03.30 19:04:43.745,8.59548,8.59902,1.12,1.00
2015.03.30 19:04:44.055,8.59548,8.59897,1.12,1.00
2015.03.30 19:04:44.362,8.59548,8.59897,1.12,1.00
2015.03.30 19:04:44.518,8.59548,8.59897,1.12,1.00
2015.03.30 19:04:44.620,8.59548,8.59897,1.12,1.00
2015.03.30 19:04:44.721,8.59548,8.59897,1.12,1.00
2015.03.30 19:04:45.121,8.59548,8.59897,1.12,1.00
2015.03.30 19:04:45.265,8.59548,8.59897,1.12,1.00
2015.03.30 19:04:45.428,8.59548,8.59897,1.12,1.00
2015.03.30 19:04:45.731,8.59548,8.59897,1.12,1.00
2015.03.30 19:04:45.923,8.59548,8.59897,1.12,1.00
2015.03.30 19:04:46.024,8.59548,8.59897,1.12,1.00
2015.03.30 19:04:46.170,8.59548,8.59897,1.12,1.00
2015.03.30 19:04:46.271,8.59548,8.59897,1.12,1.00
2015.03.30 19:04:46.671,8.59548,8.59897,1.12,1.00
2015.03.30 19:04:46.772,8.59548,8.59897,1.12,1.00
2015.03.30 19:04:46.927,8.59548,8.59897,1.12,1.00
2015.03.30 19:04:47.173,8.59548,8.59897,1.12,1.00
2015.03.30 19:04:47.330,8.59548,8.59897,1.12,1.00
2015.03.30 19:04:47.461,8.59548,8.59897,1.12,1.00
2015.03.30 19:04:47.579,8.59548,8.59897,1.12,1.00
2015.03.30 19:04:47.643,8.59548,8.59897,1.12,1.00
2015.03.30 19:04:47.761,8.59548,8.59897,1.12,1.00
2015.03.30 19:04:47.862,8.59548,8.59897,1.12,1.00
2015.03.30 19:04:48.035,8.59548,8.59897,1.12,1.00
2015.03.30 19:04:48.281,8.59548,8.59897,1.12,1.00
2015.03.30 19:04:52.304,8.59548,8.59887,1.12,1.00
2015.03.30 19:04:56.256,8.59542,8.59887,1.12,1.00
2015.03.30 19:04:56.407,8.59517,8.59868,1.31,1.00
2015.03.30 19:04:56.509,8.59508,8.59868,1.31,1.00
2015.03.30 19:04:56.610,8.59506,8.59853,1.01,1.00
2015.03.30 19:04:56.913,8.59559,8.59876,1.12,1.00
2015.03.30 19:04:56.964,8.5956,8.59887,1.12,1.07
2015.03.30 19:04:57.077,8.5954,8.59887,1.12,1.07
2015.03.30 19:04:57.178,8.5954,8.59875,1.12,1.00
2015.03.30 19:05:01.104,8.59554,8.59885,1.12,1.00
2015.03.30 19:05:02.217,8.59539,8.59877,1.12,1.00
2015.03.30 19:05:02.428,8.59554,8.59892,1.12,1.07
2015.03.30 19:05:09.219,8.59582,8.59819,1.00,1.00
2015.03.30 19:05:23.147,8.59582,8.59819,1.75,1.00
2015.03.30 19:05:23.450,8.596,8.59837,1.75,1.00
2015.03.30 19:05:28.074,8.596,8.59837,1.87,1.00
2015.03.30 19:05:28.175,8.59625,8.59862,1.45,1.00
2015.03.30 19:05:28.493,8.59638,8.59886,1.00,1.00
2015.03.30 19:05:29.712,8.59621,8.59867,1.07,1.00
2015.03.30 19:05:31.905,8.59645,8.59882,1.37,1.00
2015.03.30 19:05:33.315,8.59624,8.59861,1.75,1.00
2015.03.30 19:05:34.105,8.59624,8.59861,1.75,1.00
2015.03.30 19:05:46.672,8.59638,8.59861,1.12,1.00
2015.03.30 19:05:56.309,8.59647,8.59882,1.75,1.00
2015.03.30 19:06:08.109,8.59596,8.59808,2.24,1.00
2015.03.30 19:06:08.210,8.59627,8.59864,1.75,1.00
2015.03.30 19:06:10.387,8.59596,8.59809,2.24,1.00
2015.03.30 19:06:10.488,8.59596,8.59813,2.24,1.00
2015.03.30 19:06:10.539,8.59596,8.59792,2.24,2.44
2015.03.30 19:06:10.820,8.59596,8.59808,2.24,1.00
2015.03.30 19:06:10.971,8.59596,8.59833,2.66,1.00
2015.03.30 19:06:11.073,8.59622,8.59859,1.75,1.00
2015.03.30 19:06:41.099,8.59583,8.59799,1.94,1.00
2015.03.30 19:06:41.403,8.59583,8.59753,1.94,1.00
2015.03.30 19:06:41.555,8.59583,8.598,1.94,1.00
2015.03.30 19:06:41.657,8.5959,8.59827,1.94,1.00
2015.03.30 19:06:43.405,8.59608,8.59845,1.75,1.00
2015.03.30 19:06:52.795,8.59608,8.59845,1.75,1.00
2015.03.30 19:06:52.896,8.59608,8.59845,1.00,1.00
2015.03.30 19:07:06.199,8.59573,8.59835,1.00,1.00
2015.03.30 19:07:22.666,8.5957,8.59816,1.07,1.00
2015.03.30 19:07:23.364,8.5957,8.59816,1.00,1.00
2015.03.30 19:07:26.167,8.59551,8.59807,1.07,1.00
2015.03.30 19:07:35.212,8.59551,8.59807,1.37,1.00
2015.03.30 19:07:35.408,8.5957,8.5981,1.07,1.00
2015.03.30 19:08:03.142,8.59553,8.59791,1.37,1.00
2015.03.30 19:08:06.206,8.59531,8.59771,1.94,1.00
2015.03.30 19:08:09.091,8.59531,8.59771,1.94,1.00
2015.03.30 19:08:12.067,8.59549,8.59789,1.94,1.00
2015.03.30 19:08:12.169,8.59589,8.59819,1.37,1.00
2015.03.30 19:08:12.320,8.59589,8.59819,2.05,1.00
2015.03.30 19:08:12.522,8.596,8.5984,1.37,1.00
2015.03.30 19:08:12.624,8.596,8.5984,1.75,1.00
2015.03.30 19:08:20.311,8.596,8.5984,1.75,1.00
2015.03.30 19:08:23.744,8.59623,8.5986,1.37,1.00
2015.03.30 19:08:23.845,8.59623,8.5986,1.75,1.00
2015.03.30 19:08:25.811,8.5962,8.5986,1.75,1.00
2015.03.30 19:08:26.251,8.5962,8.5986,1.07,1.00
2015.03.30 19:08:27.131,8.59623,8.5986,1.37,1.00
2015.03.30 19:08:29.591,8.5962,8.5986,1.37,1.75
2015.03.30 19:08:29.692,8.5962,8.5986,1.07,1.75
2015.03.30 19:08:29.793,8.5962,8.5986,1.07,1.75
2015.03.30 19:08:29.991,8.5962,8.5986,1.00,1.75
2015.03.30 19:08:30.657,8.5962,8.5986,1.00,1.75
2015.03.30 19:08:30.759,8.5962,8.5986,1.00,1.00
2015.03.30 19:08:30.872,8.5962,8.5986,1.00,1.75
2015.03.30 19:08:31.102,8.59588,8.59848,1.07,1.75
2015.03.30 19:08:31.210,8.59618,8.59855,1.00,1.75
2015.03.30 19:08:31.354,8.59618,8.59855,1.00,1.75
2015.03.30 19:08:31.864,8.59618,8.59855,1.00,1.37
2015.03.30 19:08:32.256,8.59618,8.59855,1.00,1.75
2015.03.30 19:08:33.156,8.59597,8.59834,1.00,1.00
2015.03.30 19:08:35.712,8.59577,8.59814,1.12,1.00
2015.03.30 19:08:42.963,8.59563,8.59786,2.71,1.00
2015.03.30 19:08:45.586,8.59563,8.59786,1.96,1.75
2015.03.30 19:08:45.899,8.59523,8.5976,2.25,1.00
2015.03.30 19:08:46.283,8.59523,8.5976,1.75,1.00
2015.03.30 19:08:46.384,8.59523,8.5976,1.37,1.00
2015.03.30 19:08:46.783,8.59523,8.5976,1.37,1.50
2015.03.30 19:08:47.180,8.59523,8.5976,1.37,1.75
2015.03.30 19:08:47.795,8.59503,8.5973,2.34,1.00
2015.03.30 19:08:48.030,8.59503,8.5973,1.96,1.00
2015.03.30 19:08:49.008,8.59493,8.5973,2.25,1.37
2015.03.30 19:08:49.110,8.59493,8.5973,1.75,1.00
2015.03.30 19:08:49.211,8.59493,8.5973,1.75,1.75
2015.03.30 19:08:49.262,8.59493,8.5973,1.07,1.75
2015.03.30 19:08:49.313,8.59493,8.5973,1.07,1.75
2015.03.30 19:08:49.364,8.59493,8.5973,1.00,1.75
2015.03.30 19:08:49.700,8.59487,8.59724,1.00,1.75
2015.03.30 19:08:49.805,8.59485,8.59722,1.00,1.00
2015.03.30 19:08:50.393,8.59485,8.59722,1.00,1.75
2015.03.30 19:08:50.756,8.59465,8.59702,1.07,1.75
2015.03.30 19:08:51.195,8.59465,8.59702,1.07,1.75
2015.03.30 19:08:55.301,8.59465,8.59702,1.07,1.75
2015.03.30 19:08:55.441,8.59465,8.59702,1.07,1.75
2015.03.30 19:08:57.250,8.59465,8.59702,1.07,1.75
2015.03.30 19:08:57.351,8.59465,8.59702,1.07,1.75
2015.03.30 19:08:57.452,8.59465,8.59702,1.07,1.00
2015.03.30 19:08:57.503,8.59503,8.59702,1.00,1.00
2015.03.30 19:08:57.888,8.59493,8.59702,1.37,1.00
2015.03.30 19:09:00.460,8.59493,8.59696,1.37,1.00
2015.03.30 19:09:00.713,8.59473,8.59696,1.37,1.12
2015.03.30 19:09:00.814,8.59453,8.59696,3.09,1.75
2015.03.30 19:09:01.413,8.59453,8.59696,3.09,1.37
2015.03.30 19:09:01.541,8.59463,8.59678,1.37,1.00
2015.03.30 19:09:01.844,8.59443,8.59678,1.75,1.37
2015.03.30 19:09:01.945,8.59443,8.59678,1.75,1.00
2015.03.30 19:09:02.046,8.59453,8.59678,1.07,1.00
2015.03.30 19:09:02.917,8.59439,8.59678,1.37,1.50
2015.03.30 19:09:06.030,8.59439,8.59678,1.37,1.75
2015.03.30 19:09:06.182,8.59439,8.59678,1.07,1.75
2015.03.30 19:09:09.228,8.59439,8.59678,1.07,1.75
2015.03.30 19:09:09.329,8.59439,8.59678,1.07,1.75
2015.03.30 19:09:09.729,8.59439,8.59678,1.07,1.00
2015.03.30 19:09:09.931,8.59443,8.59678,1.37,1.00
2015.03.30 19:09:10.250,8.59439,8.59678,1.37,1.00
2015.03.30 19:09:12.134,8.59439,8.59678,1.37,1.75
2015.03.30 19:09:14.980,8.59439,8.59678,1.07,1.75
2015.03.30 19:09:15.651,8.59439,8.59678,1.07,1.75
2015.03.30 19:09:16.190,8.59411,8.5965,1.07,1.75
2015.03.30 19:09:16.594,8.59411,8.5965,1.07,1.75
2015.03.30 19:09:16.741,8.59411,8.5965,1.00,1.75
2015.03.30 19:09:16.888,8.59411,8.5965,1.00,1.75
2015.03.30 19:09:16.938,8.59383,8.59623,1.07,1.75
2015.03.30 19:09:16.989,8.59383,8.59623,1.07,1.75
2015.03.30 19:09:17.191,8.59383,8.59623,1.00,1.75
2015.03.30 19:09:17.748,8.59383,8.59623,1.00,1.75
2015.03.30 19:09:18.048,8.59383,8.59623,1.00,1.75
2015.03.30 19:09:20.049,8.59398,8.59558,1.26,1.00
2015.03.30 19:09:20.150,8.59398,8.5958,1.26,1.00
2015.03.30 19:09:20.309,8.59353,8.5958,1.96,1.00
2015.03.30 19:09:22.373,8.59361,8.596,1.07,1.00
2015.03.30 19:09:22.474,8.59393,8.59621,1.00,1.00
2015.03.30 19:09:22.845,8.59404,8.59644,1.07,1.00
2015.03.30 19:09:24.086,8.59426,8.59666,1.00,1.12
2015.03.30 19:09:24.770,8.59426,8.59666,1.07,1.00
2015.03.30 19:09:27.760,8.59443,8.59666,1.59,1.00
2015.03.30 19:09:27.941,8.59444,8.59684,1.00,1.00
2015.03.30 19:09:28.093,8.59473,8.59707,1.00,1.00
2015.03.30 19:09:28.466,8.59483,8.59707,1.66,1.00
2015.03.30 19:09:28.871,8.59483,8.59707,2.71,1.00
2015.03.30 19:09:32.360,8.59504,8.59707,1.37,1.00
2015.03.30 19:09:33.680,8.59503,8.59727,1.37,1.00
2015.03.30 19:09:33.791,8.59523,8.59727,1.37,1.00
2015.03.30 19:09:33.894,8.59523,8.5975,1.37,1.00
2015.03.30 19:09:34.999,8.59533,8.5975,1.37,1.00
2015.03.30 19:09:36.013,8.59513,8.5975,1.75,1.37
2015.03.30 19:09:36.125,8.59513,8.5975,1.57,1.00
2015.03.30 19:09:38.119,8.59514,8.5975,1.37,1.00
2015.03.30 19:09:38.326,8.59553,8.59778,1.07,1.00
2015.03.30 19:09:38.427,8.59573,8.59778,1.00,1.00
2015.03.30 19:09:38.529,8.59573,8.59798,1.37,1.00
2015.03.30 19:09:38.969,8.59573,8.59798,1.75,1.00
2015.03.30 19:09:39.627,8.59583,8.59798,1.37,1.00
2015.03.30 19:09:39.729,8.59583,8.59818,1.37,1.00
2015.03.30 19:09:39.796,8.59583,8.59818,1.37,1.75
2015.03.30 19:09:39.962,8.59578,8.59818,1.00,1.75
2015.03.30 19:09:40.230,8.59578,8.59818,1.00,1.75
2015.03.30 19:09:40.281,8.59564,8.59769,1.59,1.37
2015.03.30 19:09:40.432,8.59564,8.59769,1.59,1.00
2015.03.30 19:09:40.634,8.59529,8.59769,1.19,1.00
2015.03.30 19:09:42.194,8.59529,8.59769,1.00,1.12
2015.03.30 19:09:45.052,8.59529,8.59769,1.00,1.75
2015.03.30 19:09:45.382,8.59529,8.59769,1.00,1.75
2015.03.30 19:09:45.433,8.59507,8.59746,1.00,1.75
2015.03.30 19:09:45.534,8.59507,8.59746,1.00,1.75
2015.03.30 19:09:47.443,8.59487,8.59726,1.00,1.37
2015.03.30 19:09:48.958,8.59468,8.59707,1.00,1.00
2015.03.30 19:09:49.065,8.59468,8.59707,1.00,1.75
2015.03.30 19:09:49.267,8.59468,8.59707,1.00,1.00
2015.03.30 19:09:52.275,8.59488,8.59725,1.00,1.00
2015.03.30 19:09:52.477,8.5955,8.59789,1.00,1.00
2015.03.30 19:10:17.870,8.59553,8.59789,1.00,1.00
2015.03.30 19:10:19.406,8.59553,8.59789,1.19,1.00
2015.03.30 19:10:19.558,8.59623,8.59861,1.37,1.00
2015.03.30 19:10:19.710,8.59633,8.59861,1.00,1.00
2015.03.30 19:10:19.811,8.59633,8.59861,1.07,1.00
2015.03.30 19:10:20.116,8.59643,8.59861,1.00,1.00
2015.03.30 19:10:20.222,8.59643,8.59881,1.00,1.00
2015.03.30 19:10:21.062,8.59641,8.59881,1.00,1.00
2015.03.30 19:10:29.861,8.59643,8.59881,1.00,1.00
2015.03.30 19:10:31.671,8.59641,8.59881,1.00,1.00
2015.03.30 19:10:31.964,8.59643,8.59881,1.00,1.00
2015.03.30 19:10:34.513,8.59673,8.59909,1.07,1.75
2015.03.30 19:10:34.818,8.59683,8.59812,1.00,1.86
2015.03.30 19:10:34.919,8.59683,8.59887,1.00,1.12
2015.03.30 19:10:35.071,8.59673,8.59887,1.00,1.12
2015.03.30 19:10:35.360,8.59663,8.59887,1.00,1.12
2015.03.30 19:10:35.474,8.59693,8.59887,1.00,1.00
2015.03.30 19:10:35.525,8.59693,8.59908,1.00,1.19
2015.03.30 19:10:35.627,8.59687,8.59907,1.00,1.30
2015.03.30 19:10:35.728,8.59687,8.59926,1.00,1.00
2015.03.30 19:10:38.134,8.59706,8.59945,1.00,1.00
2015.03.30 19:10:38.514,8.59724,8.59963,1.00,1.75
2015.03.30 19:10:38.996,8.59705,8.59945,1.00,1.75
2015.03.30 19:10:39.115,8.59705,8.59945,1.00,1.75
2015.03.30 19:10:39.875,8.59705,8.59945,1.00,1.75
2015.03.30 19:10:40.018,8.59705,8.59945,1.00,1.75
2015.03.30 19:10:40.521,8.59705,8.59945,1.00,1.75
2015.03.30 19:10:42.162,8.59705,8.59945,1.00,1.12
2015.03.30 19:10:42.415,8.59713,8.59945,1.00,1.12
2015.03.30 19:10:42.873,8.59733,8.59963,1.00,1.00
2015.03.30 19:10:42.974,8.59747,8.59986,1.00,1.00
2015.03.30 19:10:47.099,8.59747,8.59986,1.00,1.75
2015.03.30 19:10:47.150,8.59724,8.59964,1.00,1.00
2015.03.30 19:10:47.353,8.59724,8.59964,1.69,1.00
2015.03.30 19:10:47.839,8.59724,8.59964,2.06,1.00
2015.03.30 19:10:48.276,8.59745,8.59982,1.00,1.00
2015.03.30 19:10:48.377,8.59786,8.60026,1.00,1.00
2015.03.30 19:10:50.389,8.59786,8.60026,1.00,1.37
2015.03.30 19:10:51.395,8.59786,8.60026,1.00,1.75
2015.03.30 19:10:51.600,8.59786,8.60026,1.00,1.37
2015.03.30 19:10:51.651,8.59761,8.59999,1.00,1.00
2015.03.30 19:11:00.440,8.59761,8.59999,1.00,1.37
2015.03.30 19:11:06.687,8.59761,8.59999,1.00,1.56
2015.03.30 19:11:07.040,8.59761,8.59999,1.00,1.94
2015.03.30 19:11:10.165,8.59761,8.59999,1.00,1.37
2015.03.30 19:11:19.441,8.59761,8.59999,1.00,1.00
2015.03.30 19:11:27.743,8.59779,8.60019,1.00,1.00
2015.03.30 19:11:27.845,8.59801,8.60038,1.00,1.56
2015.03.30 19:11:28.202,8.59801,8.60038,1.00,1.94
2015.03.30 19:11:29.532,8.59801,8.60038,1.19,1.75
2015.03.30 19:11:29.638,8.59801,8.60038,1.19,1.37
2015.03.30 19:11:29.739,8.59834,8.60067,1.00,1.31
2015.03.30 19:11:29.790,8.59834,8.6007,1.00,1.01
2015.03.30 19:11:29.841,8.59834,8.6007,1.00,1.01
2015.03.30 19:11:30.043,8.59834,8.60066,1.00,1.60
2015.03.30 19:11:30.303,8.59834,8.60073,1.00,1.94
2015.03.30 19:11:30.353,8.59834,8.60073,1.00,1.94
2015.03.30 19:11:30.404,8.59788,8.60027,1.00,1.25
2015.03.30 19:11:30.455,8.59788,8.60027,1.00,1.19
2015.03.30 19:11:30.506,8.59764,8.60003,1.00,1.00
2015.03.30 19:11:32.433,8.59764,8.60003,1.00,1.19
2015.03.30 19:11:33.198,8.59764,8.60003,1.00,1.94
2015.03.30 19:11:34.055,8.59764,8.60003,1.00,1.00
2015.03.30 19:11:34.156,8.59764,8.60003,1.00,1.37
2015.03.30 19:11:35.157,8.59764,8.60003,1.00,1.00
2015.03.30 19:11:36.058,8.59764,8.60003,1.00,1.37
2015.03.30 19:11:37.448,8.59764,8.60003,1.07,1.37
2015.03.30 19:11:37.888,8.59764,8.60003,1.07,1.00
2015.03.30 19:11:38.108,8.59764,8.60003,1.07,1.50
2015.03.30 19:11:38.218,8.59764,8.60003,1.00,1.50
2015.03.30 19:11:38.589,8.59764,8.60003,1.00,1.00
2015.03.30 19:11:38.759,8.59713,8.59903,1.94,1.00
2015.03.30 19:11:38.911,8.59723,8.59903,1.26,1.00
2015.03.30 19:11:40.066,8.59733,8.59903,1.00,1.00
2015.03.30 19:11:40.609,8.59723,8.59903,1.26,1.00
2015.03.30 19:11:41.814,8.59723,8.59925,1.26,1.00
2015.03.30 19:11:41.865,8.59723,8.59925,1.56,1.00
2015.03.30 19:11:41.916,8.59759,8.59998,1.00,1.00
2015.03.30 19:11:41.966,8.59759,8.59998,1.07,1.00
2015.03.30 19:11:53.167,8.59743,8.59907,1.37,1.00
2015.03.30 19:11:53.217,8.59743,8.59907,1.07,1.00
2015.03.30 19:11:57.137,8.59714,8.59926,1.94,1.00
2015.03.30 19:11:57.238,8.59717,8.59956,1.94,1.00
2015.03.30 19:11:57.339,8.59762,8.60002,1.00,1.37
2015.03.30 19:12:01.825,8.59762,8.60002,1.00,1.00
2015.03.30 19:12:11.690,8.59762,8.60002,1.07,1.00
2015.03.30 19:12:24.198,8.59742,8.59981,1.37,1.00
2015.03.30 19:12:24.350,8.59742,8.59981,1.07,1.00
2015.03.30 19:12:25.739,8.5976,8.59999,1.10,1.00
2015.03.30 19:12:49.064,8.5974,8.5998,1.07,1.00
2015.03.30 19:12:49.317,8.59716,8.59956,1.00,1.00
2015.03.30 19:12:49.475,8.59716,8.59954,1.00,1.75
2015.03.30 19:12:49.526,8.59678,8.59917,1.00,1.75
2015.03.30 19:12:49.627,8.59678,8.59904,1.00,1.00
2015.03.30 19:12:49.829,8.59631,8.59871,1.00,1.00
2015.03.30 19:12:52.609,8.59656,8.59896,1.00,1.00
2015.03.30 19:12:53.023,8.59675,8.59915,1.00,1.00
2015.03.30 19:12:55.103,8.59683,8.59915,1.00,1.00
2015.03.30 19:12:55.154,8.59714,8.59953,1.00,1.00
2015.03.30 19:12:56.549,8.59737,8.59977,1.00,1.00
2015.03.30 19:12:56.651,8.59763,8.60003,1.00,1.19
2015.03.30 19:12:56.760,8.59763,8.60003,1.00,1.00
2015.03.30 19:13:01.082,8.59806,8.60043,1.00,1.00
2015.03.30 19:13:01.432,8.59823,8.60062,1.00,1.19
2015.03.30 19:13:01.483,8.59823,8.60062,1.00,1.00
2015.03.30 19:13:11.956,8.59804,8.60043,1.00,1.00
2015.03.30 19:13:30.084,8.59822,8.60061,1.00,1.00
2015.03.30 19:13:55.273,8.59852,8.6008,1.00,1.12
2015.03.30 19:14:05.175,8.59852,8.60088,1.00,1.75
2015.03.30 19:14:07.028,8.59852,8.60088,1.00,1.00
2015.03.30 19:14:07.424,8.59852,8.60092,1.00,1.00
2015.03.30 19:14:07.482,8.59872,8.60104,1.00,1.75
2015.03.30 19:14:07.620,8.59872,8.60104,1.00,1.37
2015.03.30 19:14:09.391,8.59872,8.60104,1.00,1.00
2015.03.30 19:14:13.537,8.59872,8.60111,1.00,1.50
2015.03.30 19:14:13.689,8.59896,8.60111,1.00,1.00
2015.03.30 19:14:23.545,8.59896,8.60127,1.00,1.00
2015.03.30 19:14:24.330,8.59919,8.60127,1.00,1.00
2015.03.30 19:14:24.431,8.59919,8.60135,1.00,1.00
2015.03.30 19:14:24.582,8.59919,8.60159,1.00,1.69
2015.03.30 19:14:25.758,8.59919,8.60142,1.00,1.00
2015.03.30 19:14:26.514,8.59919,8.60159,1.00,1.69
2015.03.30 19:14:26.566,8.59919,8.60159,1.00,1.50
2015.03.30 19:14:30.585,8.59919,8.60158,1.00,1.00
2015.03.30 19:14:32.898,8.59937,8.60158,1.00,1.00
2015.03.30 19:14:33.049,8.59937,8.60175,1.00,1.19
2015.03.30 19:14:33.152,8.59937,8.60177,1.00,1.00
2015.03.30 19:14:33.253,8.59959,8.60191,1.00,1.00
2015.03.30 19:14:33.354,8.59959,8.60198,1.00,1.00
2015.03.30 19:14:33.992,8.59984,8.60223,1.00,1.00
2015.03.30 19:14:36.313,8.60002,8.60239,1.00,1.19
2015.03.30 19:14:36.657,8.60027,8.60263,1.00,1.19
2015.03.30 19:14:38.400,8.60008,8.60247,1.00,2.44
2015.03.30 19:14:40.039,8.60008,8.60247,1.00,1.69
2015.03.30 19:14:40.476,8.60008,8.60247,1.00,2.44
2015.03.30 19:14:42.469,8.60008,8.60247,1.00,2.06
2015.03.30 19:14:44.807,8.60008,8.60247,1.00,1.50
2015.03.30 19:14:46.213,8.60027,8.60247,1.00,1.00
2015.03.30 19:14:46.865,8.60027,8.60263,1.00,1.56
2015.03.30 19:14:47.279,8.60027,8.60263,1.00,1.56
2015.03.30 19:14:48.176,8.60027,8.60263,1.00,1.94
2015.03.30 19:14:48.328,8.60006,8.60246,1.00,1.37
2015.03.30 19:14:48.429,8.60006,8.60246,1.00,1.00
2015.03.30 19:14:52.142,8.60025,8.60255,1.00,1.19
2015.03.30 19:14:53.694,8.60025,8.60262,1.00,1.62
2015.03.30 19:14:55.999,8.60025,8.60262,1.00,1.56
2015.03.30 19:14:57.830,8.60025,8.60262,1.00,1.69
2015.03.30 19:14:58.154,8.60025,8.60255,1.00,1.19
2015.03.30 19:14:59.779,8.60025,8.60247,1.00,1.00
2015.03.30 19:15:00.544,8.60025,8.60247,1.00,1.19
2015.03.30 19:15:02.515,8.60025,8.60247,1.00,1.00
2015.03.30 19:15:06.460,8.60045,8.60284,1.00,1.26
2015.03.30 19:15:06.764,8.60045,8.60284,1.00,1.00
2015.03.30 19:15:06.814,8.60076,8.60294,1.00,1.00
2015.03.30 19:15:09.724,8.60076,8.60294,1.00,1.37
2015.03.30 19:15:09.977,8.60056,8.60286,1.00,1.19
2015.03.30 19:15:10.120,8.60056,8.60279,1.00,1.00
2015.03.30 19:15:10.633,8.60056,8.60271,1.00,1.00
2015.03.30 19:15:13.837,8.60056,8.60271,1.00,1.50
2015.03.30 19:15:14.066,8.60056,8.60271,1.00,1.00
2015.03.30 19:15:14.138,8.60056,8.60271,1.00,1.75
2015.03.30 19:15:14.868,8.60056,8.60271,1.00,1.94
2015.03.30 19:15:15.242,8.60056,8.60271,1.00,1.94
2015.03.30 19:15:15.293,8.60025,8.60257,1.00,1.75
2015.03.30 19:15:15.847,8.60025,8.60247,1.00,1.00
2015.03.30 19:15:16.496,8.60025,8.60255,1.00,1.00
2015.03.30 19:15:16.547,8.60025,8.60255,1.00,1.75
2015.03.30 19:15:16.947,8.60025,8.60246,1.00,1.00
2015.03.30 19:15:17.550,8.60025,8.60246,1.00,1.19
2015.03.30 19:15:19.702,8.60025,8.60247,1.00,1.19
2015.03.30 19:15:21.757,8.60025,8.60247,1.00,1.00
2015.03.30 19:15:22.957,8.60025,8.60263,1.00,1.94
2015.03.30 19:15:23.861,8.60025,8.60263,1.00,1.94
2015.03.30 19:15:26.111,8.60025,8.60263,1.00,1.19
2015.03.30 19:15:28.500,8.60025,8.60263,1.00,1.00
2015.03.30 19:15:32.658,8.60025,8.60257,1.00,1.00
2015.03.30 19:15:34.726,8.60025,8.60257,1.00,1.19
2015.03.30 19:15:36.982,8.60025,8.60257,1.00,1.19
2015.03.30 19:15:39.387,8.60025,8.60257,1.00,1.56
2015.03.30 19:15:40.984,8.60047,8.60257,1.00,1.19
2015.03.30 19:15:41.440,8.60029,8.60252,1.00,1.19
2015.03.30 19:15:41.592,8.60029,8.60252,1.00,1.25
2015.03.30 19:15:43.797,8.60029,8.60257,1.00,1.00
2015.03.30 19:15:45.826,8.60029,8.60252,1.00,1.00
2015.03.30 19:15:46.152,8.6005,8.60252,1.00,1.00
2015.03.30 19:15:46.203,8.60073,8.60276,1.00,1.00
2015.03.30 19:15:46.405,8.60073,8.60287,1.00,1.00
2015.03.30 19:15:52.054,8.60073,8.60297,1.00,1.19
2015.03.30 19:15:52.733,8.60073,8.60312,1.00,1.00
2015.03.30 19:15:53.225,8.60112,8.60327,1.00,1.00
2015.03.30 19:15:53.528,8.60093,8.60307,1.00,1.00
2015.03.30 19:15:53.891,8.60093,8.60317,1.00,1.00
2015.03.30 19:15:54.093,8.60112,8.60327,1.00,1.00
2015.03.30 19:15:56.515,8.60112,8.60331,1.00,1.00
2015.03.30 19:15:57.172,8.60112,8.60337,1.00,1.00
2015.03.30 19:15:57.273,8.60112,8.60347,1.00,1.19
2015.03.30 19:15:57.706,8.60112,8.60331,1.00,1.00
2015.03.30 19:16:00.136,8.60112,8.60347,1.00,1.19
2015.03.30 19:16:01.178,8.60112,8.60347,1.00,1.00
2015.03.30 19:16:02.655,8.60112,8.60352,1.00,1.00
2015.03.30 19:16:02.706,8.60183,8.60377,1.00,1.00
2015.03.30 19:16:02.808,8.60159,8.60377,1.37,1.00
2015.03.30 19:16:02.909,8.60244,8.60457,1.00,1.00
2015.03.30 19:16:03.012,8.60244,8.60437,1.00,1.00
2015.03.30 19:16:03.243,8.60222,8.60427,1.00,1.00
2015.03.30 19:16:03.294,8.60222,8.60437,1.00,1.00
2015.03.30 19:16:03.485,8.60222,8.60446,1.00,1.00
2015.03.30 19:16:03.695,8.60222,8.60437,1.00,1.00
2015.03.30 19:16:06.166,8.60222,8.60417,1.00,1.37
2015.03.30 19:16:06.217,8.60188,8.60417,1.00,1.37
2015.03.30 19:16:06.268,8.60188,8.60397,1.00,1.00
2015.03.30 19:16:06.872,8.60188,8.60387,1.00,1.00
2015.03.30 19:16:07.199,8.60163,8.60337,1.00,1.00
2015.03.30 19:16:07.300,8.60146,8.60337,1.00,1.00
2015.03.30 19:16:08.315,8.60146,8.60327,1.00,1.00
2015.03.30 19:16:09.737,8.60146,8.60337,1.00,1.00
2015.03.30 19:16:12.670,8.60146,8.60347,1.00,1.56
2015.03.30 19:16:13.681,8.60146,8.60337,1.00,1.00
2015.03.30 19:16:15.929,8.60146,8.60327,1.00,1.00
2015.03.30 19:16:16.235,8.60146,8.60306,1.00,1.00
2015.03.30 19:16:16.336,8.60127,8.60306,1.00,1.00
2015.03.30 19:16:16.438,8.60084,8.60306,1.00,1.00
2015.03.30 19:16:16.835,8.60084,8.60307,1.00,1.37
2015.03.30 19:16:17.391,8.60084,8.60307,1.00,1.00
2015.03.30 19:16:19.615,8.60084,8.60317,1.00,1.00
2015.03.30 19:16:19.668,8.60084,8.60307,1.00,1.00
2015.03.30 19:16:19.820,8.60059,8.60297,1.00,1.00
2015.03.30 19:16:21.683,8.60086,8.60297,1.00,1.00
2015.03.30 19:16:21.734,8.60086,8.60317,1.00,1.56
2015.03.30 19:16:21.835,8.60086,8.60307,1.00,1.00
2015.03.30 19:16:21.999,8.60086,8.60317,1.00,1.56
2015.03.30 19:16:22.378,8.60105,8.60317,1.00,1.19
2015.03.30 19:16:24.704,8.60105,8.60326,1.00,1.00
2015.03.30 19:16:27.329,8.60105,8.60337,1.00,1.19
2015.03.30 19:16:30.112,8.60105,8.60336,1.00,1.31
2015.03.30 19:16:32.416,8.60105,8.60337,1.00,1.56
2015.03.30 19:16:33.613,8.60105,8.60327,1.00,1.00
2015.03.30 19:16:33.928,8.60105,8.60307,1.00,1.00
2015.03.30 19:16:34.876,8.60105,8.60297,1.00,1.00
2015.03.30 19:16:34.927,8.60082,8.60297,1.00,1.00
2015.03.30 19:16:34.978,8.60082,8.60267,1.00,1.00
2015.03.30 19:16:36.207,8.60082,8.60277,1.00,1.00
2015.03.30 19:16:36.702,8.60082,8.60287,1.00,1.00
2015.03.30 19:16:36.803,8.60082,8.60297,1.00,1.94
2015.03.30 19:16:36.904,8.60082,8.60297,1.00,1.19
2015.03.30 19:16:37.005,8.60082,8.60297,1.00,1.94
2015.03.30 19:16:37.372,8.60082,8.60297,1.00,1.00
2015.03.30 19:16:38.625,8.6006,8.60297,1.00,1.00
2015.03.30 19:16:38.676,8.6006,8.60257,1.00,1.00
2015.03.30 19:16:38.980,8.60048,8.60206,1.00,1.00
2015.03.30 19:16:39.109,8.6001,8.60207,1.00,1.00
2015.03.30 19:16:39.311,8.6001,8.60217,1.00,1.50
2015.03.30 19:16:39.369,8.6001,8.60207,1.00,1.00
2015.03.30 19:16:39.879,8.6001,8.60227,1.00,1.75
2015.03.30 19:16:40.238,8.6001,8.60237,1.00,1.00
2015.03.30 19:16:40.440,8.6001,8.60247,1.00,1.00
2015.03.30 19:16:40.743,8.6001,8.60247,1.00,1.19
2015.03.30 19:16:41.164,8.6001,8.60257,1.00,1.75
2015.03.30 19:16:41.219,8.6001,8.60247,1.00,1.00
2015.03.30 19:16:41.323,8.6001,8.60257,1.00,1.75
2015.03.30 19:16:42.344,8.6001,8.60247,1.00,1.00
2015.03.30 19:16:42.445,8.6001,8.60257,1.00,1.75
2015.03.30 19:16:47.942,8.6001,8.60267,1.00,1.75
2015.03.30 19:16:49.388,8.6001,8.60267,1.00,1.75
2015.03.30 19:16:49.703,8.60009,8.60249,1.00,1.75
2015.03.30 19:16:49.753,8.60009,8.60249,1.00,1.37
2015.03.30 19:16:50.376,8.60009,8.60252,1.00,1.00
2015.03.30 19:16:54.463,8.60037,8.60257,1.00,1.00
2015.03.30 19:16:54.825,8.60037,8.60267,1.00,1.94
2015.03.30 19:16:57.581,8.60037,8.60267,1.00,1.37
2015.03.30 19:16:57.701,8.60031,8.60267,1.00,1.75
2015.03.30 19:16:58.605,8.60031,8.60257,1.00,1.37
2015.03.30 19:17:01.958,8.60031,8.60248,1.00,1.00
2015.03.30 19:17:02.655,8.60031,8.60248,1.00,1.50
2015.03.30 19:17:02.720,8.60031,8.60248,1.00,1.00
2015.03.30 19:17:05.249,8.60031,8.60248,1.00,1.37
2015.03.30 19:17:07.287,8.60031,8.60248,1.00,1.00
2015.03.30 19:17:08.239,8.60031,8.60248,1.00,1.37
2015.03.30 19:17:10.089,8.60031,8.60207,1.00,1.00
2015.03.30 19:17:18.434,8.60031,8.60197,1.00,1.00
2015.03.30 19:17:18.485,8.60011,8.60197,1.00,1.00
2015.03.30 19:17:21.143,8.60011,8.60187,1.00,1.00
2015.03.30 19:17:21.246,8.60011,8.60197,1.00,1.00
2015.03.30 19:17:25.094,8.60011,8.60186,1.00,1.00
2015.03.30 19:17:26.106,8.60011,8.60197,1.00,1.00
2015.03.30 19:17:27.200,8.60011,8.60197,1.00,1.37
2015.03.30 19:17:27.463,8.59974,8.60197,1.00,1.37
2015.03.30 19:17:27.564,8.59974,8.60187,1.00,1.00
2015.03.30 19:17:28.044,8.59974,8.60177,1.00,1.00
2015.03.30 19:17:32.088,8.59974,8.60177,1.00,1.37
2015.03.30 19:17:36.575,8.59974,8.60177,1.00,1.00
2015.03.30 19:17:36.626,8.59974,8.60177,1.00,1.75
2015.03.30 19:17:36.728,8.59974,8.60177,1.00,1.00
2015.03.30 19:17:37.900,8.59974,8.60177,1.00,1.75
2015.03.30 19:17:37.950,8.59956,8.60177,1.00,1.75
2015.03.30 19:17:38.623,8.59956,8.60187,1.00,1.75
2015.03.30 19:17:39.301,8.59956,8.60187,1.00,1.75
2015.03.30 19:17:40.224,8.59956,8.60187,1.00,2.25
2015.03.30 19:17:42.035,8.59956,8.60177,1.00,1.75
2015.03.30 19:17:42.230,8.59956,8.60177,1.00,1.37
2015.03.30 19:17:43.508,8.59956,8.60177,1.00,1.37
2015.03.30 19:17:44.915,8.59956,8.60177,1.00,1.00
2015.03.30 19:17:45.154,8.59956,8.60187,1.00,1.12
2015.03.30 19:17:45.256,8.59956,8.60187,1.00,1.75
2015.03.30 19:17:45.812,8.59956,8.60187,1.00,1.75
2015.03.30 19:17:45.913,8.59956,8.60187,1.00,1.75
2015.03.30 19:17:46.114,8.59956,8.60187,1.00,1.75
2015.03.30 19:17:46.814,8.59956,8.60187,1.00,1.75
2015.03.30 19:17:47.216,8.59956,8.60187,1.00,1.75
2015.03.30 19:17:48.017,8.59956,8.60187,1.00,1.75
2015.03.30 19:17:48.436,8.59956,8.60187,1.00,1.75
2015.03.30 19:17:48.818,8.59981,8.60196,1.00,1.75
2015.03.30 19:17:49.442,8.59981,8.60197,1.00,1.75
2015.03.30 19:17:50.421,8.59981,8.60196,1.00,1.00
2015.03.30 19:17:55.086,8.59981,8.60197,1.00,1.00
2015.03.30 19:17:56.605,8.59981,8.60207,1.00,1.75
2015.03.30 19:17:56.656,8.59981,8.60207,1.00,1.00
2015.03.30 19:17:56.903,8.60008,8.60226,1.00,1.00
2015.03.30 19:17:56.954,8.60008,8.60249,1.00,1.00
2015.03.30 19:17:57.231,8.60008,8.60247,1.00,1.00
2015.03.30 19:17:57.347,8.60008,8.60249,1.00,1.00
2015.03.30 19:18:00.123,8.60008,8.60226,1.00,1.00
2015.03.30 19:18:04.736,8.60008,8.60227,1.00,1.00
2015.03.30 19:18:06.418,8.60008,8.60237,1.00,1.00
2015.03.30 19:18:14.894,8.60008,8.60227,1.00,1.00
2015.03.30 19:18:16.175,8.60008,8.60217,1.00,1.00
2015.03.30 19:18:16.916,8.60008,8.60207,1.00,1.00
2015.03.30 19:18:17.299,8.60008,8.60217,1.00,1.00
2015.03.30 19:18:17.668,8.60008,8.60237,1.00,1.75
2015.03.30 19:18:19.068,8.60008,8.60237,1.00,1.75
2015.03.30 19:18:19.870,8.60008,8.60237,1.00,1.00
2015.03.30 19:18:20.000,8.60008,8.60247,1.00,1.50
2015.03.30 19:18:20.371,8.60008,8.60247,1.00,1.00
2015.03.30 19:18:21.172,8.60008,8.60247,1.00,1.37
2015.03.30 19:18:21.404,8.60008,8.60247,1.00,1.00
2015.03.30 19:18:21.556,8.60008,8.60249,1.00,1.00
2015.03.30 19:18:30.007,8.60008,8.60237,1.00,1.00
2015.03.30 19:18:30.187,8.60008,8.60249,1.00,1.00
2015.03.30 19:18:35.973,8.60008,8.60247,1.00,1.00
2015.03.30 19:18:36.435,8.60008,8.60249,1.00,1.00
2015.03.30 19:18:49.153,8.60008,8.60247,1.00,1.75
2015.03.30 19:18:49.701,8.60008,8.60237,1.00,1.75
2015.03.30 19:18:53.629,8.60008,8.60237,1.00,1.75
2015.03.30 19:18:53.730,8.60008,8.60237,1.00,1.00
2015.03.30 19:18:53.781,8.60008,8.60241,1.00,1.00
2015.03.30 19:18:53.882,8.60008,8.60249,1.00,1.50
2015.03.30 19:18:57.017,8.59943,8.60256,1.19,1.00
2015.03.30 19:18:59.222,8.59943,8.60256,1.19,1.00
2015.03.30 19:19:02.070,8.59943,8.60256,1.19,1.00
2015.03.30 19:19:04.543,8.59943,8.60256,1.19,1.00
2015.03.30 19:19:06.493,8.59943,8.60264,1.19,1.75
2015.03.30 19:19:07.307,8.59943,8.60264,1.19,1.75
2015.03.30 19:19:08.651,8.59943,8.60264,1.19,1.75
2015.03.30 19:19:09.652,8.59943,8.60264,1.19,1.75
2015.03.30 19:19:10.075,8.59943,8.60257,1.19,1.00
2015.03.30 19:19:11.856,8.59943,8.60257,1.19,1.00
2015.03.30 19:19:13.127,8.59943,8.60272,1.19,1.75
2015.03.30 19:19:13.177,8.60025,8.60268,1.00,1.00
2015.03.30 19:19:13.737,8.60045,8.60288,1.00,1.19
2015.03.30 19:19:13.788,8.60045,8.60288,1.00,1.00
2015.03.30 19:19:13.839,8.60111,8.60328,1.00,1.00
2015.03.30 19:19:13.991,8.60111,8.60353,1.00,1.94
2015.03.30 19:19:15.966,8.60111,8.60353,1.00,1.75
2015.03.30 19:19:16.142,8.60132,8.60354,1.00,1.75
2015.03.30 19:19:16.193,8.60132,8.60354,1.00,1.00
2015.03.30 19:19:16.294,8.60133,8.60387,1.00,1.94
2015.03.30 19:19:16.395,8.60133,8.60391,1.00,1.37
2015.03.30 19:19:19.217,8.60133,8.60391,1.00,1.00
2015.03.30 19:19:19.473,8.60174,8.60414,1.00,1.00
2015.03.30 19:19:19.782,8.60199,8.60439,1.00,1.37
2015.03.30 19:19:20.420,8.60199,8.60437,1.00,1.00
2015.03.30 19:19:20.863,8.60199,8.60439,1.00,1.00
2015.03.30 19:19:21.063,8.60199,8.60437,1.00,1.00
2015.03.30 19:19:22.352,8.60199,8.60439,1.00,1.00
2015.03.30 19:19:24.161,8.60199,8.60438,1.00,1.00
2015.03.30 19:19:24.841,8.60199,8.60439,1.00,1.00
2015.03.30 19:19:25.423,8.60219,8.60457,1.00,1.75
2015.03.30 19:19:25.524,8.60219,8.60458,1.00,1.00
2015.03.30 19:19:25.625,8.60238,8.60469,1.00,1.94
2015.03.30 19:19:25.727,8.60238,8.60477,1.00,1.00
2015.03.30 19:19:25.979,8.60282,8.605,1.00,1.75
2015.03.30 19:19:27.815,8.60262,8.60485,1.00,1.75
2015.03.30 19:19:29.001,8.60262,8.60485,1.00,1.75
2015.03.30 19:19:30.321,8.60262,8.60477,1.00,1.12
2015.03.30 19:19:30.922,8.60262,8.60487,1.00,1.75
2015.03.30 19:19:31.225,8.60223,8.60437,1.00,1.00
2015.03.30 19:19:31.377,8.60223,8.60456,1.00,1.75
2015.03.30 19:19:31.478,8.60238,8.60457,1.00,1.00
2015.03.30 19:19:32.588,8.60238,8.60447,1.00,1.00
2015.03.30 19:19:32.691,8.60238,8.60457,1.00,1.00
2015.03.30 19:19:33.422,8.60238,8.60447,1.00,1.00
2015.03.30 19:19:33.503,8.60238,8.60457,1.00,1.00
2015.03.30 19:19:33.607,8.60238,8.60457,1.00,1.75
2015.03.30 19:19:33.920,8.60238,8.60447,1.00,1.75
2015.03.30 19:19:33.971,8.60216,8.60427,1.00,1.75
2015.03.30 19:19:34.124,8.60216,8.60417,1.00,1.75
2015.03.30 19:19:34.427,8.60206,8.60367,1.00,1.75
2015.03.30 19:19:34.622,8.6012,8.60367,1.00,1.75
2015.03.30 19:19:35.017,8.6012,8.60367,1.00,1.37
2015.03.30 19:19:35.273,8.6012,8.60357,1.00,1.00
2015.03.30 19:19:35.578,8.60136,8.60367,1.00,1.75
2015.03.30 19:19:35.913,8.60136,8.60367,1.00,1.37
2015.03.30 19:19:36.422,8.60136,8.60357,1.00,1.00
2015.03.30 19:19:36.524,8.60112,8.60347,1.00,1.00
2015.03.30 19:19:36.625,8.60112,8.60357,1.00,1.00
2015.03.30 19:19:36.726,8.60133,8.60367,1.00,1.37
2015.03.30 19:19:36.829,8.60133,8.60367,1.00,1.00
2015.03.30 19:19:36.945,8.60133,8.60377,1.00,1.00
2015.03.30 19:19:37.046,8.60145,8.60387,1.00,1.19
2015.03.30 19:19:37.369,8.60157,8.60377,1.00,1.00
2015.03.30 19:19:38.410,8.60157,8.60367,1.00,1.00
2015.03.30 19:19:38.721,8.60157,8.60357,1.00,1.00
2015.03.30 19:19:38.772,8.6011,8.60336,1.00,1.00
2015.03.30 19:19:38.964,8.6011,8.60327,1.00,1.00
2015.03.30 19:19:39.172,8.6011,8.60337,1.00,1.00
2015.03.30 19:19:42.380,8.6011,8.60347,1.00,1.00
2015.03.30 19:19:43.021,8.6011,8.60337,1.00,1.00
2015.03.30 19:19:43.959,8.60123,8.60337,1.00,1.00
2015.03.30 19:19:45.885,8.60123,8.60356,1.00,1.00
2015.03.30 19:19:46.020,8.60149,8.60356,1.00,1.00
2015.03.30 19:19:46.071,8.60149,8.60367,1.00,1.56
2015.03.30 19:19:46.607,8.60149,8.60357,1.00,1.00
2015.03.30 19:19:47.151,8.60149,8.60357,1.00,1.19
2015.03.30 19:19:48.039,8.60168,8.60367,1.00,1.19
2015.03.30 19:19:48.090,8.60168,8.60387,1.00,1.00
2015.03.30 19:19:48.141,8.60189,8.60387,1.00,1.00
2015.03.30 19:19:48.191,8.60189,8.60397,1.00,1.00
2015.03.30 19:19:48.292,8.60189,8.60386,1.00,1.00
2015.03.30 19:19:48.401,8.60189,8.60397,1.00,1.00
2015.03.30 19:19:48.788,8.60189,8.60387,1.00,1.00
2015.03.30 19:19:49.094,8.60189,8.60397,1.00,1.00
2015.03.30 19:19:49.145,8.60189,8.60397,1.00,1.37
2015.03.30 19:19:49.843,8.60189,8.60387,1.00,1.00
2015.03.30 19:19:51.845,8.60189,8.60387,1.00,1.75
2015.03.30 19:19:51.896,8.60168,8.60387,1.00,1.75
2015.03.30 19:19:51.957,8.60168,8.60387,1.00,1.00
2015.03.30 19:19:52.007,8.60168,8.60367,1.00,1.00
2015.03.30 19:19:52.058,8.60168,8.60378,1.00,1.00
2015.03.30 19:19:52.109,8.60168,8.60387,1.00,1.00
2015.03.30 19:19:52.210,8.60191,8.60387,1.00,1.00
2015.03.30 19:19:52.362,8.60191,8.60397,1.00,1.00
2015.03.30 19:19:52.446,8.60191,8.60407,1.00,1.00
2015.03.30 19:19:52.497,8.60191,8.60407,1.00,1.37
2015.03.30 19:19:52.800,8.60191,8.60397,1.00,1.00
2015.03.30 19:19:54.404,8.60191,8.60387,1.00,1.00
2015.03.30 19:19:56.203,8.60191,8.60394,1.00,1.00
2015.03.30 19:19:56.397,8.60191,8.60387,1.00,1.00
2015.03.30 19:19:57.416,8.60191,8.60394,1.00,1.00
2015.03.30 19:20:00.263,8.60191,8.60387,1.00,1.00
2015.03.30 19:20:03.718,8.60191,8.60397,1.00,1.37
2015.03.30 19:20:05.782,8.60191,8.60397,1.00,1.00
2015.03.30 19:20:07.241,8.60191,8.60387,1.00,1.00
2015.03.30 19:20:08.455,8.60191,8.60397,1.00,1.00
2015.03.30 19:20:14.464,8.60191,8.60387,1.00,1.00
2015.03.30 19:20:14.875,8.60191,8.60367,1.00,1.00
2015.03.30 19:20:14.977,8.60165,8.60367,1.00,1.00
2015.03.30 19:20:15.028,8.60165,8.60357,1.00,1.00
2015.03.30 19:20:15.079,8.6016,8.60357,1.00,1.00
2015.03.30 19:20:15.129,8.6016,8.60347,1.00,1.00
2015.03.30 19:20:15.441,8.60157,8.60347,1.00,1.00
2015.03.30 19:20:15.543,8.60157,8.60337,1.00,1.00
2015.03.30 19:20:15.961,8.6016,8.60337,1.00,1.00
2015.03.30 19:20:16.550,8.6016,8.60327,1.00,1.00
2015.03.30 19:20:17.027,8.60159,8.60316,1.00,1.00
2015.03.30 19:20:18.134,8.60159,8.60317,1.00,1.00
2015.03.30 19:20:18.789,8.60159,8.60307,1.00,1.00
2015.03.30 19:20:18.941,8.60078,8.60307,1.00,1.00
2015.03.30 19:20:27.920,8.60078,8.60276,1.00,1.00
2015.03.30 19:20:27.970,8.60054,8.60276,1.00,1.00
2015.03.30 19:20:28.490,8.60033,8.60276,1.00,1.00
2015.03.30 19:20:28.541,8.60033,8.60267,1.00,1.00
2015.03.30 19:20:28.869,8.60033,8.60247,1.00,1.00
2015.03.30 19:20:28.920,8.60033,8.60257,1.00,1.37
2015.03.30 19:20:29.138,8.60033,8.60257,1.00,1.75
2015.03.30 19:20:29.777,8.60033,8.60257,1.00,1.75
2015.03.30 19:20:29.917,8.60014,8.60257,1.00,1.75
2015.03.30 19:20:35.857,8.60035,8.60247,1.00,1.37
2015.03.30 19:20:36.058,8.60035,8.60257,1.00,1.37
2015.03.30 19:20:36.109,8.60056,8.60257,1.00,1.37
2015.03.30 19:20:37.261,8.60056,8.60257,1.00,1.00
2015.03.30 19:20:38.004,8.60056,8.60266,1.00,1.37
2015.03.30 19:20:38.566,8.60056,8.60266,1.00,1.00
2015.03.30 19:20:38.617,8.60056,8.60274,1.00,1.00
2015.03.30 19:20:38.719,8.60101,8.60274,1.00,1.00
2015.03.30 19:20:38.769,8.60101,8.60297,1.00,1.37
2015.03.30 19:20:38.821,8.60101,8.60297,1.00,1.00
2015.03.30 19:20:38.922,8.60101,8.60307,1.00,1.00
2015.03.30 19:20:38.973,8.60101,8.60317,1.00,1.37
2015.03.30 19:20:39.175,8.60101,8.60317,1.00,1.00
2015.03.30 19:20:39.276,8.60101,8.60317,1.00,1.37
2015.03.30 19:20:39.780,8.60101,8.60317,1.00,1.75
2015.03.30 19:20:41.000,8.60101,8.60317,1.00,1.00
2015.03.30 19:20:41.356,8.60101,8.60307,1.00,1.00
2015.03.30 19:20:42.978,8.60101,8.60327,1.00,1.75
2015.03.30 19:20:43.029,8.60101,8.60327,1.00,1.00
2015.03.30 19:20:43.130,8.60125,8.60327,1.00,1.00
2015.03.30 19:20:43.638,8.60125,8.60336,1.00,1.75
2015.03.30 19:20:44.005,8.60125,8.60336,1.00,1.75
2015.03.30 19:20:45.912,8.60125,8.60336,1.00,1.75
2015.03.30 19:20:46.514,8.60125,8.60327,1.00,1.75
2015.03.30 19:20:49.223,8.60125,8.60336,1.00,1.75
2015.03.30 19:20:49.374,8.60125,8.60336,1.00,1.37
2015.03.30 19:20:50.339,8.60125,8.60346,1.00,1.00
2015.03.30 19:20:50.546,8.60125,8.60346,1.00,1.75
2015.03.30 19:20:50.747,8.60125,8.60346,1.00,1.37
2015.03.30 19:20:51.369,8.60125,8.60346,1.00,1.75
2015.03.30 19:20:51.558,8.60125,8.60347,1.00,1.37
2015.03.30 19:20:51.875,8.60125,8.60347,1.00,1.75
2015.03.30 19:20:58.577,8.60125,8.60337,1.00,1.75
2015.03.30 19:21:00.661,8.60125,8.60327,1.00,1.75
2015.03.30 19:21:06.247,8.60105,8.60327,1.00,1.75
2015.03.30 19:21:06.460,8.6008,8.60316,1.00,1.75
2015.03.30 19:21:06.511,8.6008,8.60316,1.00,1.75
2015.03.30 19:21:06.986,8.60105,8.60317,1.00,1.75
2015.03.30 19:21:07.087,8.60105,8.60327,1.00,1.75
2015.03.30 19:21:08.787,8.60105,8.60327,1.00,1.75
2015.03.30 19:21:08.888,8.6008,8.60336,1.00,1.75
2015.03.30 19:21:09.097,8.6008,8.60327,1.00,1.75
2015.03.30 19:21:10.635,8.6008,8.60327,1.00,1.75
2015.03.30 19:21:17.705,8.6008,8.6033,1.00,1.94
2015.03.30 19:21:18.307,8.6008,8.6033,1.00,1.94
2015.03.30 19:21:19.456,8.60059,8.60306,1.00,1.75
2015.03.30 19:21:19.760,8.6006,8.6029,1.00,1.75
2015.03.30 19:21:29.291,8.6006,8.60267,1.00,1.75
2015.03.30 19:21:30.545,8.6006,8.60267,1.00,1.75
2015.03.30 19:21:34.450,8.6006,8.60258,1.00,1.75
2015.03.30 19:21:35.251,8.6006,8.60258,1.00,1.75
2015.03.30 19:21:36.357,8.6006,8.60258,1.00,1.75
2015.03.30 19:21:38.103,8.6006,8.60258,1.00,1.75
2015.03.30 19:21:38.557,8.6006,8.60258,1.00,1.75
2015.03.30 19:21:39.057,8.6006,8.60258,1.00,1.75
2015.03.30 19:21:39.558,8.6006,8.60258,1.00,1.75
2015.03.30 19:21:39.659,8.6006,8.60258,1.00,1.75
2015.03.30 19:21:40.059,8.6006,8.60258,1.00,1.75
2015.03.30 19:21:43.564,8.6006,8.60258,1.00,1.75
2015.03.30 19:21:55.681,8.6006,8.60258,1.00,1.75
2015.03.30 19:21:59.886,8.6006,8.60258,1.00,1.75
2015.03.30 19:22:01.088,8.6006,8.60266,1.00,1.75
2015.03.30 19:22:01.290,8.6006,8.60277,1.00,1.75
2015.03.30 19:22:01.388,8.6006,8.60277,1.00,1.75
2015.03.30 19:22:01.641,8.60074,8.60277,1.00,1.37
2015.03.30 19:22:01.748,8.60074,8.60277,1.00,1.00
2015.03.30 19:22:01.800,8.60095,8.60277,1.00,1.00
2015.03.30 19:22:02.108,8.6012,8.60317,1.00,1.00
2015.03.30 19:22:02.209,8.6012,8.60353,1.00,1.37
2015.03.30 19:22:04.923,8.6012,8.60357,1.00,1.75
2015.03.30 19:22:05.652,8.6012,8.60357,1.00,1.75
2015.03.30 19:22:09.151,8.6012,8.60357,1.00,1.00
2015.03.30 19:22:09.252,8.60123,8.60376,1.00,1.00
2015.03.30 19:22:09.303,8.60123,8.60384,1.00,1.37
2015.03.30 19:22:18.030,8.60123,8.60391,1.00,1.00
2015.03.30 19:22:25.014,8.60179,8.60399,1.00,1.12
2015.03.30 19:22:25.116,8.60179,8.60416,1.00,2.25
2015.03.30 19:22:27.248,8.60179,8.60416,1.00,2.25
2015.03.30 19:22:28.634,8.60179,8.60387,1.00,1.00
2015.03.30 19:22:29.376,8.60179,8.60386,1.00,1.00
2015.03.30 19:22:39.857,8.60179,8.60371,1.00,1.00
2015.03.30 19:22:39.959,8.60162,8.60371,1.00,1.00
2015.03.30 19:22:40.010,8.60162,8.60363,1.00,1.00
2015.03.30 19:22:41.036,8.60113,8.6035,1.00,1.00
2015.03.30 19:22:43.931,8.60095,8.6033,1.00,1.00
2015.03.30 19:22:45.584,8.60074,8.60311,1.00,1.00
2015.03.30 19:23:00.316,8.60074,8.60307,1.00,1.00
2015.03.30 19:23:01.414,8.60074,8.60311,1.00,1.00
2015.03.30 19:23:07.225,8.60056,8.60293,1.00,1.50
2015.03.30 19:23:07.550,8.60056,8.60276,1.00,1.00
2015.03.30 19:23:07.722,8.60056,8.6029,1.00,1.00
2015.03.30 19:23:10.214,8.60056,8.60282,1.00,1.00
2015.03.30 19:23:10.323,8.60056,8.60293,1.00,1.00
2015.03.30 19:23:11.896,8.60056,8.6029,1.00,1.00
2015.03.30 19:23:13.074,8.60056,8.60293,1.00,1.00
2015.03.30 19:23:41.563,8.60056,8.60291,1.00,1.00
2015.03.30 19:23:41.994,8.60056,8.60274,1.00,1.00
2015.03.30 19:23:44.541,8.60056,8.60259,1.00,1.00
2015.03.30 19:23:44.615,8.60034,8.60259,1.00,1.00
2015.03.30 19:23:44.767,8.6,8.60237,1.00,1.00
2015.03.30 19:23:45.379,8.6,8.60237,1.00,1.37
2015.03.30 19:23:45.923,8.6,8.60237,1.00,1.75
2015.03.30 19:23:45.981,8.59981,8.60218,1.00,1.75
2015.03.30 19:23:46.083,8.59981,8.60214,1.00,1.75
2015.03.30 19:23:46.184,8.59953,8.60188,1.19,1.00
2015.03.30 19:23:48.155,8.59953,8.60188,1.00,1.00
2015.03.30 19:23:53.844,8.59953,8.60188,1.00,1.75
2015.03.30 19:23:53.949,8.59932,8.60169,1.00,1.00
2015.03.30 19:23:56.294,8.59953,8.60169,1.00,1.00
2015.03.30 19:23:56.395,8.59974,8.60192,1.00,1.00
2015.03.30 19:23:56.605,8.59974,8.60211,1.50,1.00
2015.03.30 19:24:05.625,8.59974,8.60211,1.00,1.50
2015.03.30 19:24:06.439,8.59974,8.60211,1.00,1.00
2015.03.30 19:24:06.555,8.59995,8.60232,1.00,1.00
2015.03.30 19:24:06.868,8.60056,8.60293,1.00,1.75
2015.03.30 19:24:07.209,8.60063,8.60293,1.00,1.00
2015.03.30 19:24:07.732,8.60056,8.60293,1.00,1.00
2015.03.30 19:24:08.502,8.60056,8.60293,1.00,1.75
2015.03.30 19:24:08.705,8.60035,8.60272,1.00,1.75
2015.03.30 19:24:08.907,8.60035,8.60272,1.00,1.75
2015.03.30 19:24:09.713,8.60035,8.6027,1.00,1.75
2015.03.30 19:24:10.613,8.60035,8.6027,1.00,1.75
2015.03.30 19:24:11.392,8.60035,8.6027,1.00,1.75
2015.03.30 19:24:11.471,8.60035,8.6027,1.00,1.75
2015.03.30 19:24:11.573,8.60035,8.6027,1.00,1.75
2015.03.30 19:24:11.674,8.60014,8.60251,1.00,1.75
2015.03.30 19:24:11.775,8.60014,8.60251,1.00,1.75
2015.03.30 19:24:11.876,8.60014,8.60251,1.00,1.75
2015.03.30 19:24:11.978,8.60014,8.60247,1.00,1.75
2015.03.30 19:24:12.179,8.60014,8.60247,1.00,1.75
2015.03.30 19:24:12.381,8.60014,8.60247,1.00,1.00
2015.03.30 19:24:12.683,8.60014,8.60247,1.00,1.75
2015.03.30 19:24:12.936,8.60014,8.60231,1.00,1.37
2015.03.30 19:24:13.037,8.60014,8.60231,1.00,1.00
2015.03.30 19:24:13.138,8.59996,8.60231,1.00,1.00
2015.03.30 19:24:13.239,8.5997,8.60207,1.00,1.00
2015.03.30 19:24:16.500,8.5997,8.60207,1.00,1.75
2015.03.30 19:24:16.626,8.59952,8.60189,1.00,1.00
2015.03.30 19:24:19.045,8.59953,8.60189,1.00,1.00
2015.03.30 19:24:22.563,8.59963,8.60189,1.00,1.00
2015.03.30 19:24:22.914,8.59973,8.6021,1.00,1.00
2015.03.30 19:24:34.802,8.59973,8.60207,1.00,1.00
2015.03.30 19:24:35.278,8.59973,8.6021,1.00,1.00
2015.03.30 19:24:37.853,8.59953,8.6019,1.50,1.00
2015.03.30 19:24:39.834,8.59963,8.6019,1.00,1.00
2015.03.30 19:24:41.827,8.59993,8.6021,1.00,1.00
2015.03.30 19:24:42.192,8.60003,8.6021,1.00,1.00
2015.03.30 19:24:42.592,8.60003,8.60233,1.00,1.00
2015.03.30 19:24:45.593,8.59996,8.60233,1.00,1.00
2015.03.30 19:25:00.293,8.59974,8.60211,1.00,1.00
2015.03.30 19:25:00.603,8.59963,8.60191,1.00,1.00
2015.03.30 19:25:00.754,8.59954,8.60191,1.00,1.00
2015.03.30 19:25:04.192,8.59973,8.60191,1.00,1.00
2015.03.30 19:25:08.460,8.59973,8.60191,1.00,1.37
2015.03.30 19:25:08.762,8.59963,8.60191,1.00,1.75
2015.03.30 19:25:10.364,8.59963,8.60191,1.00,1.37
2015.03.30 19:25:12.367,8.59963,8.60191,1.00,1.37
2015.03.30 19:25:12.418,8.59954,8.60191,1.00,1.37
2015.03.30 19:25:12.469,8.59954,8.60191,1.00,1.75
2015.03.30 19:25:13.070,8.59954,8.60191,1.00,1.75
2015.03.30 19:25:18.086,8.59954,8.60191,1.00,1.75
2015.03.30 19:25:18.189,8.59954,8.60191,1.00,1.37
2015.03.30 19:25:19.835,8.59954,8.60191,1.00,1.00
2015.03.30 19:25:19.987,8.59973,8.60191,1.00,1.00
2015.03.30 19:25:20.092,8.59973,8.6021,1.50,1.00
2015.03.30 19:25:20.143,8.59973,8.6021,1.69,1.00
2015.03.30 19:25:20.249,8.59992,8.60228,1.00,1.00
2015.03.30 19:25:20.303,8.59992,8.60228,1.00,1.75
2015.03.30 19:25:20.505,8.59992,8.60229,1.00,1.75
2015.03.30 19:25:21.132,8.59992,8.60229,1.00,1.75
2015.03.30 19:25:21.457,8.59993,8.60229,1.00,1.00
2015.03.30 19:25:22.096,8.59992,8.60229,1.00,1.00
2015.03.30 19:25:26.428,8.59992,8.60229,1.00,1.37
2015.03.30 19:25:28.448,8.59992,8.60229,1.00,1.37
2015.03.30 19:25:28.835,8.59992,8.60229,1.00,1.00
2015.03.30 19:25:37.857,8.59992,8.60229,1.00,1.37
2015.03.30 19:25:37.984,8.59992,8.60229,1.00,1.00
2015.03.30 19:25:41.800,8.60012,8.60249,1.00,1.00
2015.03.30 19:25:42.123,8.60012,8.60249,1.00,1.75
2015.03.30 19:25:42.280,8.60012,8.60249,1.00,1.12
2015.03.30 19:25:42.432,8.60052,8.60282,1.00,1.75
2015.03.30 19:25:42.483,8.60052,8.60282,1.00,1.37
2015.03.30 19:25:43.080,8.60053,8.60289,1.00,1.75
2015.03.30 19:25:43.131,8.60053,8.60289,1.00,1.00
2015.03.30 19:25:43.233,8.60053,8.60289,1.00,1.37
2015.03.30 19:25:43.288,8.60053,8.60289,1.00,1.00
2015.03.30 19:25:43.490,8.60052,8.60289,1.00,1.75
2015.03.30 19:25:43.691,8.60052,8.60289,1.00,1.00
2015.03.30 19:25:46.759,8.60071,8.60308,1.00,1.00
2015.03.30 19:25:48.609,8.6009,8.60327,1.00,1.00
2015.03.30 19:25:54.895,8.60108,8.60345,1.00,1.00
2015.03.30 19:25:55.199,8.60134,8.60366,1.00,1.00
2015.03.30 19:25:55.250,8.60134,8.60371,1.00,1.00
2015.03.30 19:25:58.598,8.60134,8.60371,1.19,1.00
2015.03.30 19:26:00.630,8.60134,8.60371,1.00,1.00
2015.03.30 19:26:05.959,8.60152,8.60389,1.00,1.00
2015.03.30 19:26:08.887,8.60152,8.60389,1.07,1.00
2015.03.30 19:26:13.799,8.60152,8.60381,1.07,1.00
2015.03.30 19:26:14.257,8.60134,8.60371,1.37,1.00
2015.03.30 19:26:15.470,8.60134,8.60358,1.07,1.00
2015.03.30 19:26:15.521,8.60134,8.60358,1.07,1.75
2015.03.30 19:26:15.572,8.60113,8.6035,1.07,1.94
2015.03.30 19:26:15.673,8.60113,8.60343,1.00,1.12
2015.03.30 19:26:15.825,8.60113,8.60294,1.00,1.00
2015.03.30 19:26:15.875,8.60062,8.60294,1.00,1.00
2015.03.30 19:26:16.129,8.60062,8.60299,1.00,1.00
2015.03.30 19:26:16.231,8.60043,8.6028,1.07,1.00
2015.03.30 19:26:18.207,8.60024,8.60261,1.37,1.00
2015.03.30 19:26:18.648,8.60043,8.60261,1.07,1.00
2015.03.30 19:26:18.829,8.60044,8.60281,1.07,1.00
2015.03.30 19:26:19.986,8.60063,8.60281,1.00,1.00
2015.03.30 19:26:20.436,8.60063,8.60299,1.37,1.00
2015.03.30 19:26:24.126,8.60062,8.60299,1.37,1.00
2015.03.30 19:26:24.921,8.60062,8.60295,1.37,1.00
2015.03.30 19:26:25.267,8.60044,8.60281,1.37,1.00
2015.03.30 19:26:28.288,8.60026,8.60263,1.75,1.00
2015.03.30 19:26:33.218,8.60026,8.60263,1.37,1.00
2015.03.30 19:26:33.989,8.60026,8.60263,1.12,1.50
2015.03.30 19:26:34.365,8.60026,8.60261,1.12,1.00
2015.03.30 19:26:34.416,8.60026,8.60261,1.00,1.00
2015.03.30 19:26:35.110,8.60026,8.60261,1.00,1.37
2015.03.30 19:26:35.244,8.60006,8.60243,1.37,1.00
2015.03.30 19:26:35.878,8.60026,8.60261,1.00,1.87
2015.03.30 19:26:41.906,8.60026,8.60261,1.37,1.37
2015.03.30 19:26:42.227,8.60026,8.60261,1.37,1.00
2015.03.30 19:26:42.278,8.60052,8.60289,1.07,1.00
2015.03.30 19:26:43.759,8.60052,8.60289,1.07,1.37
2015.03.30 19:26:59.398,8.60052,8.60289,1.07,1.00
2015.03.30 19:27:02.071,8.60073,8.6031,1.00,1.50
2015.03.30 19:27:02.121,8.60073,8.6031,1.87,1.00
2015.03.30 19:27:02.324,8.60135,8.60367,1.00,1.00
2015.03.30 19:27:02.425,8.60135,8.60372,1.00,1.00
2015.03.30 19:27:02.476,8.60135,8.60372,1.07,1.00
2015.03.30 19:27:08.846,8.60135,8.60372,1.07,1.75
2015.03.30 19:27:09.151,8.60116,8.60353,1.37,1.75
2015.03.30 19:27:09.202,8.60116,8.60353,1.00,1.75
2015.03.30 19:27:11.957,8.60116,8.60353,1.00,1.00
2015.03.30 19:27:12.261,8.60116,8.60353,1.37,1.00
2015.03.30 19:27:12.785,8.60116,8.60353,1.75,1.00
2015.03.30 19:27:29.888,8.60141,8.60378,1.07,1.00
2015.03.30 19:27:30.090,8.60141,8.60378,1.37,1.00
2015.03.30 19:27:30.141,8.60161,8.60398,1.07,1.00
2015.03.30 19:27:30.292,8.60161,8.60398,1.37,1.00
2015.03.30 19:27:58.447,8.60161,8.60398,1.07,1.00
2015.03.30 19:27:58.607,8.60161,8.60398,1.07,1.50
2015.03.30 19:28:03.027,8.60161,8.6039,1.07,1.00
2015.03.30 19:28:03.929,8.60131,8.60368,1.37,1.00
2015.03.30 19:28:13.598,8.60156,8.6039,1.07,1.00
2015.03.30 19:28:13.694,8.60156,8.60393,1.07,1.00
2015.03.30 19:28:18.352,8.60156,8.60393,1.00,1.75
2015.03.30 19:28:18.403,8.60138,8.60375,1.00,1.75
2015.03.30 19:28:18.454,8.60138,8.60375,1.00,1.75
2015.03.30 19:28:18.856,8.60138,8.60343,1.00,1.00
2015.03.30 19:28:22.027,8.60116,8.60343,1.00,1.00
2015.03.30 19:28:26.769,8.60098,8.60335,1.07,1.00
2015.03.30 19:28:28.484,8.60098,8.60335,1.07,1.37
2015.03.30 19:28:28.794,8.60098,8.60325,1.00,1.00
2015.03.30 19:28:28.896,8.60079,8.60316,1.07,1.00
2015.03.30 19:28:29.081,8.60057,8.60294,1.56,1.00
2015.03.30 19:28:35.904,8.60057,8.60294,1.37,1.50
2015.03.30 19:28:36.317,8.60076,8.60313,1.00,1.75
2015.03.30 19:28:36.368,8.60055,8.60292,1.37,1.37
2015.03.30 19:28:36.419,8.60055,8.60292,1.37,1.75
2015.03.30 19:28:36.520,8.60055,8.60292,1.00,1.75
2015.03.30 19:28:36.672,8.60033,8.6027,1.37,1.75
2015.03.30 19:28:36.723,8.60033,8.6027,1.00,1.00
2015.03.30 19:28:36.773,8.60054,8.60291,1.00,1.37
2015.03.30 19:28:37.511,8.60054,8.60291,1.07,1.37
2015.03.30 19:28:37.613,8.60054,8.60291,1.07,1.00
2015.03.30 19:28:39.390,8.60054,8.60291,1.07,1.37
2015.03.30 19:28:39.441,8.60054,8.60282,1.07,1.00
2015.03.30 19:28:39.684,8.60032,8.60269,1.07,1.00
2015.03.30 19:28:39.890,8.60032,8.60269,1.07,1.37
2015.03.30 19:28:42.496,8.60011,8.60248,1.37,1.00
2015.03.30 19:28:48.226,8.6003,8.60267,1.07,1.00
2015.03.30 19:28:48.327,8.60049,8.60284,1.00,1.75
2015.03.30 19:28:48.869,8.60049,8.60284,1.07,1.75
2015.03.30 19:28:49.411,8.60049,8.60284,1.07,1.12
2015.03.30 19:28:49.912,8.60049,8.60284,1.07,1.75
2015.03.30 19:29:00.154,8.60049,8.60284,1.07,1.12
2015.03.30 19:29:05.292,8.60049,8.60284,1.07,1.75
2015.03.30 19:29:12.560,8.60049,8.60284,1.07,1.75
2015.03.30 19:29:12.813,8.60049,8.60284,1.00,1.75
2015.03.30 19:29:12.958,8.60029,8.60266,1.07,1.75
2015.03.30 19:29:13.987,8.60029,8.60266,1.07,1.00
2015.03.30 19:29:20.280,8.60029,8.60266,1.07,1.37
2015.03.30 19:29:27.199,8.60029,8.60266,1.07,1.00
2015.03.30 19:29:34.792,8.60029,8.60266,1.75,1.00
2015.03.30 19:29:40.046,8.60051,8.60287,1.07,1.37
2015.03.30 19:29:45.482,8.60051,8.60287,1.07,1.00
2015.03.30 19:29:46.312,8.60051,8.60288,1.07,1.00
2015.03.30 19:29:51.523,8.60051,8.60288,1.37,1.00
2015.03.30 19:29:59.171,8.6007,8.60293,1.12,1.00
2015.03.30 19:29:59.225,8.6007,8.60307,1.75,1.00
2015.03.30 19:30:06.585,8.6007,8.60301,1.75,1.00
2015.03.30 19:30:09.316,8.6007,8.60307,1.75,1.00
2015.03.30 19:30:11.288,8.60046,8.60283,1.75,1.00
2015.03.30 19:30:11.439,8.60046,8.60283,1.75,1.00
2015.03.30 19:30:24.993,8.60053,8.60283,1.75,1.00
2015.03.30 19:30:25.162,8.60068,8.60305,1.75,1.00
2015.03.30 19:30:26.752,8.60068,8.60305,1.37,1.00
2015.03.30 19:30:27.613,8.60068,8.6029,1.07,1.00
2015.03.30 19:30:28.218,8.60046,8.60283,1.37,1.00
2015.03.30 19:30:35.594,8.60046,8.60282,1.37,1.00
2015.03.30 19:30:47.545,8.60046,8.60282,1.07,1.00
2015.03.30 19:30:47.596,8.60017,8.60254,1.37,1.00
2015.03.30 19:30:52.839,8.60038,8.60275,1.07,1.00
2015.03.30 19:30:52.940,8.60038,8.60275,1.37,1.00
2015.03.30 19:30:53.041,8.60038,8.60275,1.12,1.00
2015.03.30 19:30:53.520,8.6002,8.60257,1.37,1.00
2015.03.30 19:31:04.643,8.6002,8.60257,1.37,1.75
2015.03.30 19:31:04.794,8.6002,8.6025,1.00,1.00
2015.03.30 19:31:10.160,8.6002,8.60248,1.00,1.00
2015.03.30 19:31:11.167,8.6002,8.60248,1.37,1.00
2015.03.30 19:31:42.005,8.6004,8.60248,1.00,1.00
2015.03.30 19:31:54.517,8.6004,8.60258,1.00,1.00
2015.03.30 19:31:54.618,8.6004,8.60258,1.37,1.00
2015.03.30 19:31:58.514,8.6004,8.60258,1.37,1.50
2015.03.30 19:31:58.675,8.6004,8.60248,1.00,1.00
2015.03.30 19:32:00.045,8.6004,8.60248,1.00,1.37
2015.03.30 19:32:01.112,8.6004,8.60248,1.00,1.00
2015.03.30 19:32:26.850,8.6004,8.60248,1.37,1.00
2015.03.30 19:32:29.002,8.6004,8.60242,1.37,1.00
2015.03.30 19:32:29.363,8.6004,8.6025,1.37,1.00
2015.03.30 19:33:01.469,8.59963,8.60242,1.75,1.00
2015.03.30 19:33:01.522,8.59963,8.60242,1.75,1.00
2015.03.30 19:33:10.279,8.59958,8.60242,1.75,1.00
2015.03.30 19:33:12.133,8.59958,8.60226,1.75,1.00
2015.03.30 19:33:33.764,8.60024,8.60226,1.00,1.00
2015.03.30 19:34:09.693,8.60024,8.60234,1.00,1.00
2015.03.30 19:34:10.284,8.60043,8.60234,1.00,1.00
2015.03.30 19:34:10.335,8.60043,8.60248,1.00,1.00
2015.03.30 19:34:11.872,8.60043,8.60256,1.00,1.00
2015.03.30 19:34:11.974,8.60043,8.60266,1.00,1.00
2015.03.30 19:34:12.114,8.60043,8.60274,1.00,1.00
2015.03.30 19:34:12.165,8.60062,8.60274,1.00,1.00
2015.03.30 19:34:12.316,8.60062,8.60282,1.00,1.00
2015.03.30 19:34:12.777,8.60062,8.60281,1.07,1.00
2015.03.30 19:34:13.058,8.60062,8.60287,1.07,1.00
2015.03.30 19:34:17.348,8.60062,8.60279,1.07,1.00
2015.03.30 19:34:18.784,8.60062,8.60279,1.07,1.75
2015.03.30 19:34:18.935,8.60041,8.60264,1.00,1.75
2015.03.30 19:34:18.986,8.60041,8.60264,1.00,1.75
2015.03.30 19:34:19.087,8.6001,8.60224,1.07,1.00
2015.03.30 19:34:28.162,8.6001,8.60224,1.00,1.00
2015.03.30 19:34:29.242,8.60007,8.60224,1.00,1.00
2015.03.30 19:34:29.669,8.60007,8.60233,1.00,1.00
2015.03.30 19:34:30.310,8.6001,8.60233,1.00,1.00
2015.03.30 19:34:30.858,8.60034,8.60233,1.00,1.00
2015.03.30 19:34:39.501,8.60034,8.60224,1.00,1.00
2015.03.30 19:35:14.115,8.60035,8.60239,1.00,1.00
2015.03.30 19:35:14.267,8.60034,8.60231,1.00,1.00
2015.03.30 19:35:21.374,8.60034,8.60245,1.00,1.00
2015.03.30 19:35:22.096,8.60034,8.60246,1.00,1.00
2015.03.30 19:35:23.583,8.60034,8.6027,1.00,1.75
2015.03.30 19:35:24.332,8.60034,8.60278,1.00,1.75
2015.03.30 19:35:24.433,8.60045,8.60278,1.00,1.00
2015.03.30 19:35:24.561,8.60045,8.60286,1.00,1.69
2015.03.30 19:35:25.460,8.60045,8.60286,1.00,1.00
2015.03.30 19:35:25.881,8.60068,8.60286,1.00,1.00
2015.03.30 19:35:25.932,8.60068,8.60294,1.00,1.00
2015.03.30 19:35:25.983,8.60091,8.60294,1.00,1.00
2015.03.30 19:35:26.134,8.60091,8.6031,1.00,1.50
2015.03.30 19:35:26.236,8.60091,8.60317,1.00,1.00
2015.03.30 19:35:26.337,8.60121,8.60317,1.00,1.00
2015.03.30 19:35:26.807,8.60121,8.60326,1.00,1.00
2015.03.30 19:35:26.916,8.60121,8.60303,1.00,1.00
2015.03.30 19:35:30.273,8.60089,8.60303,1.00,1.00
2015.03.30 19:35:30.323,8.60089,8.60289,1.00,1.00
2015.03.30 19:35:30.631,8.60097,8.60287,1.00,1.00
2015.03.30 19:35:33.446,8.60078,8.60287,1.07,1.00
2015.03.30 19:35:33.801,8.60078,8.60279,1.07,1.00
2015.03.30 19:35:36.208,8.60055,8.60279,1.07,1.00
2015.03.30 19:35:36.259,8.60055,8.6027,1.07,1.00
2015.03.30 19:35:36.512,8.60029,8.6026,1.07,1.00
2015.03.30 19:35:36.659,8.60029,8.6026,1.07,1.75
2015.03.30 19:35:37.012,8.60014,8.60216,1.00,1.00
2015.03.30 19:35:41.190,8.60029,8.60216,1.00,1.00
2015.03.30 19:35:41.443,8.60045,8.60272,1.37,1.00
2015.03.30 19:35:41.544,8.60045,8.60284,1.37,1.00
2015.03.30 19:35:47.662,8.60064,8.60284,1.00,1.00
2015.03.30 19:35:47.966,8.60112,8.60319,1.12,1.00
2015.03.30 19:35:48.350,8.60112,8.60319,1.00,1.00
2015.03.30 19:35:48.451,8.60112,8.60317,1.00,1.00
2015.03.30 19:36:02.283,8.60091,8.60317,1.37,1.00
2015.03.30 19:36:02.334,8.60091,8.60302,1.00,1.00
2015.03.30 19:36:02.385,8.60065,8.60302,1.37,1.00
2015.03.30 19:36:02.436,8.60065,8.60286,1.10,1.00
2015.03.30 19:36:10.243,8.60065,8.60289,1.10,1.00
2015.03.30 19:36:14.876,8.60065,8.60282,1.10,1.00
2015.03.30 19:36:19.229,8.60065,8.60274,1.10,1.00
2015.03.30 19:36:40.509,8.60065,8.60266,1.00,1.00
2015.03.30 19:36:48.413,8.60065,8.60254,1.00,1.00
2015.03.30 19:36:48.514,8.60062,8.60254,1.00,1.00
2015.03.30 19:36:48.824,8.6005,8.60254,1.00,1.00
2015.03.30 19:36:49.199,8.6005,8.60243,1.00,1.00
2015.03.30 19:36:49.587,8.6005,8.60229,1.00,1.00
2015.03.30 19:37:00.148,8.6005,8.60234,1.00,1.00
2015.03.30 19:37:07.325,8.6005,8.60251,1.00,1.00
2015.03.30 19:37:12.579,8.6005,8.60242,1.00,1.00
2015.03.30 19:37:15.658,8.6005,8.60251,1.00,1.00
2015.03.30 19:37:19.530,8.6005,8.60232,1.00,1.00
2015.03.30 19:37:20.393,8.6005,8.60247,1.00,1.00
2015.03.30 19:37:30.508,8.6005,8.60241,1.00,1.00
2015.03.30 19:37:31.079,8.6005,8.60249,1.00,1.00
2015.03.30 19:37:49.308,8.59994,8.60249,1.37,1.00
2015.03.30 19:38:11.978,8.59994,8.60258,1.37,1.00
2015.03.30 19:38:16.707,8.59994,8.60258,1.37,1.00
2015.03.30 19:38:23.456,8.59963,8.60258,1.32,1.00
2015.03.30 19:38:23.526,8.59963,8.60258,1.25,1.00
2015.03.30 19:38:23.581,8.59963,8.60247,1.25,1.00
2015.03.30 19:38:23.884,8.59935,8.60173,1.00,1.00
2015.03.30 19:38:23.935,8.59928,8.60173,1.30,1.37
2015.03.30 19:38:23.985,8.59928,8.60158,1.30,1.00
2015.03.30 19:38:24.086,8.59913,8.60158,1.00,1.00
2015.03.30 19:38:24.657,8.59913,8.60163,1.00,1.00
2015.03.30 19:38:24.846,8.59913,8.60161,1.00,1.00
2015.03.30 19:38:25.662,8.59913,8.60162,1.00,1.00
2015.03.30 19:38:26.606,8.59913,8.60159,1.00,1.00
2015.03.30 19:38:27.023,8.59928,8.60151,1.00,1.37
2015.03.30 19:38:27.125,8.59928,8.60183,1.19,1.00
2015.03.30 19:38:27.175,8.60033,8.60232,1.00,1.19
2015.03.30 19:38:27.227,8.60033,8.60232,1.00,1.00
2015.03.30 19:38:27.277,8.60033,8.6023,1.00,1.00
2015.03.30 19:38:28.036,8.60033,8.60242,1.00,1.00
2015.03.30 19:39:00.508,8.60033,8.6025,1.00,1.00
2015.03.30 19:39:05.537,8.60011,8.60248,1.00,1.75
2015.03.30 19:39:05.689,8.60011,8.60215,1.00,1.00
2015.03.30 19:39:45.936,8.60032,8.60215,1.00,1.00
2015.03.30 19:39:46.049,8.60032,8.60232,1.00,1.00
2015.03.30 19:39:46.162,8.60032,8.60248,1.00,1.00
2015.03.30 19:39:46.376,8.60032,8.60256,1.00,1.25
2015.03.30 19:39:50.087,8.60063,8.60256,1.00,1.00
2015.03.30 19:39:50.239,8.60063,8.6028,1.00,1.00
2015.03.30 19:39:50.341,8.60063,8.60288,1.00,1.00
2015.03.30 19:39:51.086,8.60063,8.60273,1.00,1.00
2015.03.30 19:39:51.420,8.60063,8.60264,1.00,1.00
2015.03.30 19:39:57.667,8.60083,8.60264,1.00,1.00
2015.03.30 19:39:57.718,8.60083,8.60296,1.00,1.00
2015.03.30 19:39:57.819,8.60083,8.60303,1.00,1.00
2015.03.30 19:39:57.920,8.60083,8.60313,1.00,1.00
2015.03.30 19:39:58.329,8.60064,8.60301,1.07,1.00
2015.03.30 19:39:58.740,8.60064,8.60279,1.00,1.00
2015.03.30 19:39:59.800,8.60064,8.60282,1.00,1.00
2015.03.30 19:40:01.114,8.60064,8.6029,1.00,1.00
2015.03.30 19:40:01.215,8.60085,8.60321,1.00,1.56
2015.03.30 19:40:02.354,8.60085,8.60321,1.00,1.37
2015.03.30 19:40:02.895,8.60085,8.60321,1.00,1.00
2015.03.30 19:40:06.212,8.60085,8.60321,1.00,1.75
2015.03.30 19:40:06.515,8.60085,8.60284,1.00,1.00
2015.03.30 19:40:13.065,8.60037,8.60274,1.07,1.00
2015.03.30 19:40:15.619,8.60037,8.60266,1.07,1.00
2015.03.30 19:40:15.726,8.60037,8.60266,1.00,1.00
2015.03.30 19:40:15.961,8.60019,8.60252,1.07,1.00
2015.03.30 19:40:18.171,8.60039,8.60266,1.00,1.00
2015.03.30 19:40:18.373,8.60039,8.60274,1.10,1.00
2015.03.30 19:40:18.923,8.60039,8.60274,1.07,1.00
2015.03.30 19:40:22.009,8.60018,8.60255,1.37,1.00
2015.03.30 19:40:28.706,8.60018,8.60255,1.07,1.00
2015.03.30 19:40:29.628,8.60018,8.60245,1.00,1.00
2015.03.30 19:40:29.830,8.60018,8.60253,1.00,1.00
2015.03.30 19:40:29.937,8.60018,8.60251,1.07,1.00
2015.03.30 19:40:30.687,8.60018,8.60253,1.07,1.00
2015.03.30 19:40:30.952,8.60018,8.60255,1.07,1.00
2015.03.30 19:40:34.550,8.60018,8.6024,1.00,1.00
2015.03.30 19:40:34.905,8.60018,8.60221,1.00,1.00
2015.03.30 19:40:36.498,8.59998,8.60221,1.00,1.00
2015.03.30 19:40:36.648,8.59998,8.60235,1.00,1.00
2015.03.30 19:40:40.917,8.59998,8.60222,1.00,1.00
2015.03.30 19:40:41.026,8.59998,8.60235,1.00,1.00
2015.03.30 19:40:42.822,8.59998,8.60235,1.07,1.00
2015.03.30 19:40:46.186,8.6004,8.60258,1.00,1.00
2015.03.30 19:40:46.338,8.6004,8.60277,1.00,1.00
2015.03.30 19:40:47.383,8.60059,8.60296,1.00,1.00
2015.03.30 19:40:58.284,8.60078,8.60306,1.00,1.00
2015.03.30 19:40:58.436,8.60078,8.60313,1.00,1.00
2015.03.30 19:40:59.045,8.60078,8.60313,1.07,1.00
2015.03.30 19:41:01.925,8.60078,8.60313,1.00,1.00
2015.03.30 19:41:08.284,8.60054,8.60291,1.07,1.00
2015.03.30 19:41:12.700,8.60072,8.60309,1.00,1.00
2015.03.30 19:41:15.015,8.60072,8.60309,1.07,1.00
2015.03.30 19:41:17.109,8.60072,8.60309,1.37,1.00
2015.03.30 19:41:19.205,8.60092,8.60329,1.07,1.50
2015.03.30 19:42:01.984,8.60092,8.60329,1.37,1.00
2015.03.30 19:42:18.582,8.60114,8.60351,1.07,1.00
2015.03.30 19:42:18.632,8.60114,8.60351,1.37,1.00
2015.03.30 19:42:18.936,8.60123,8.60351,1.75,1.00
2015.03.30 19:42:20.400,8.60114,8.60351,1.37,1.00
2015.03.30 19:42:30.914,8.60114,8.60351,1.75,1.00
2015.03.30 19:42:37.986,8.60114,8.60351,1.50,1.00
2015.03.30 19:42:38.440,8.60114,8.60351,1.37,1.00
2015.03.30 19:42:38.490,8.60097,8.60332,1.50,1.00
2015.03.30 19:42:50.080,8.60097,8.60332,1.50,1.75
2015.03.30 19:42:57.201,8.60097,8.60332,1.50,1.75
2015.03.30 19:42:57.595,8.60097,8.60332,1.50,1.75
2015.03.30 19:42:58.936,8.60097,8.60332,1.50,1.75
2015.03.30 19:42:59.266,8.60069,8.60306,1.37,1.75
2015.03.30 19:42:59.317,8.60069,8.60306,1.37,1.75
2015.03.30 19:42:59.418,8.60069,8.60306,1.00,1.75
2015.03.30 19:42:59.641,8.60069,8.60306,1.00,1.00
2015.03.30 19:43:01.043,8.60069,8.60306,1.00,2.25
2015.03.30 19:43:01.617,8.60069,8.60298,1.00,1.00
2015.03.30 19:43:02.179,8.60069,8.60306,1.00,1.50
2015.03.30 19:43:02.682,8.60049,8.60286,1.37,1.00
2015.03.30 19:43:04.688,8.60049,8.60286,1.07,1.00
2015.03.30 19:43:05.013,8.60049,8.60286,1.37,1.00
2015.03.30 19:43:10.487,8.60049,8.60286,1.37,1.37
2015.03.30 19:43:11.042,8.60049,8.60286,1.37,1.00
2015.03.30 19:43:11.923,8.6007,8.60307,1.07,1.00
2015.03.30 19:43:12.075,8.6007,8.60307,1.37,1.00
2015.03.30 19:43:15.623,8.6007,8.60307,1.37,1.50
2015.03.30 19:43:16.328,8.6007,8.60307,1.37,1.75
2015.03.30 19:43:19.098,8.6007,8.60307,1.37,1.75
2015.03.30 19:43:19.649,8.6007,8.60307,1.37,1.00
2015.03.30 19:43:20.303,8.6007,8.60307,1.37,1.37
2015.03.30 19:43:25.310,8.6007,8.60307,1.37,1.75
2015.03.30 19:43:25.953,8.6007,8.60307,1.37,1.00
2015.03.30 19:43:35.226,8.6007,8.60307,1.37,1.75
2015.03.30 19:43:35.446,8.6007,8.60307,1.37,1.00
2015.03.30 19:43:38.972,8.6007,8.60307,1.37,1.37
2015.03.30 19:43:39.074,8.6007,8.60307,1.37,1.12
2015.03.30 19:43:39.576,8.6007,8.60307,1.37,1.37
2015.03.30 19:43:40.372,8.6007,8.60307,1.37,1.00
2015.03.30 19:43:43.298,8.6009,8.60327,1.07,1.75
2015.03.30 19:43:43.408,8.6009,8.60327,1.37,1.75
2015.03.30 19:43:48.189,8.6009,8.60327,1.37,1.37
2015.03.30 19:43:48.279,8.6009,8.60327,1.37,1.00
2015.03.30 19:43:48.784,8.6009,8.60327,1.37,1.50
2015.03.30 19:43:49.383,8.6009,8.60327,1.37,1.75
2015.03.30 19:43:50.503,8.6009,8.60327,1.37,1.75
2015.03.30 19:43:54.354,8.6009,8.60327,1.37,1.75
2015.03.30 19:43:55.728,8.6009,8.60327,1.37,1.37
2015.03.30 19:43:55.875,8.6009,8.60327,1.37,1.75
2015.03.30 19:43:56.564,8.6009,8.60327,1.37,1.37
2015.03.30 19:43:57.066,8.6009,8.60327,1.37,1.75
2015.03.30 19:43:58.239,8.6009,8.60327,1.37,1.75
2015.03.30 19:43:58.830,8.6009,8.60327,1.37,1.75
2015.03.30 19:43:59.403,8.6009,8.60327,1.37,1.75
2015.03.30 19:44:07.187,8.6009,8.60327,1.37,1.75
2015.03.30 19:44:10.171,8.6009,8.60327,1.37,1.75
2015.03.30 19:44:18.488,8.6009,8.60327,1.37,1.75
2015.03.30 19:44:21.692,8.6009,8.60327,1.37,1.75
2015.03.30 19:44:23.823,8.6009,8.60327,1.37,1.75
2015.03.30 19:44:29.710,8.6009,8.60327,1.07,1.75
2015.03.30 19:44:33.210,8.6009,8.60327,1.07,1.75
2015.03.30 19:44:33.513,8.60071,8.60308,1.37,1.75
2015.03.30 19:44:35.514,8.60071,8.60308,1.37,1.75
2015.03.30 19:44:35.716,8.60071,8.60308,1.37,1.00
2015.03.30 19:44:35.767,8.60049,8.60286,1.75,1.00
2015.03.30 19:44:35.868,8.60068,8.60305,1.37,1.00
2015.03.30 19:44:35.919,8.60068,8.60305,1.07,1.00
2015.03.30 19:44:41.161,8.60068,8.60305,1.00,1.12
2015.03.30 19:44:44.980,8.6005,8.60287,1.07,1.00
2015.03.30 19:45:07.362,8.6005,8.60287,1.07,1.75
2015.03.30 19:45:16.988,8.6005,8.60287,1.07,1.75
2015.03.30 19:45:17.141,8.6005,8.60287,1.07,1.75
2015.03.30 19:45:17.193,8.6005,8.60287,1.07,1.75
2015.03.30 19:45:17.581,8.6005,8.60287,1.07,1.75
2015.03.30 19:45:18.660,8.6005,8.60287,1.00,1.75
2015.03.30 19:45:20.032,8.6005,8.60287,1.00,1.75
2015.03.30 19:45:20.133,8.6005,8.60287,1.00,1.75
2015.03.30 19:45:20.985,8.6005,8.60287,1.00,1.75
2015.03.30 19:45:21.329,8.6005,8.60287,1.00,1.75
2015.03.30 19:45:25.593,8.6005,8.60287,1.00,1.75
2015.03.30 19:45:28.922,8.6005,8.60287,1.00,1.75
2015.03.30 19:45:29.236,8.6005,8.60287,1.00,1.75
2015.03.30 19:45:38.118,8.6005,8.60287,1.00,1.75
2015.03.30 19:45:38.319,8.6005,8.60287,1.00,1.75
2015.03.30 19:45:43.330,8.6005,8.60287,1.00,1.75
2015.03.30 19:45:45.273,8.59968,8.60302,1.94,1.75
2015.03.30 19:45:46.437,8.59968,8.60302,1.94,1.75
2015.03.30 19:45:48.441,8.59968,8.60302,1.94,1.75
2015.03.30 19:45:50.976,8.60026,8.60261,1.07,1.75
2015.03.30 19:45:51.128,8.60026,8.60261,1.00,1.75
2015.03.30 19:45:51.296,8.60026,8.60261,1.00,1.75
2015.03.30 19:46:06.810,8.60026,8.60261,1.19,1.75
2015.03.30 19:46:07.112,8.60026,8.60261,1.19,1.75
2015.03.30 19:46:07.490,8.60026,8.60261,1.19,1.75
2015.03.30 19:46:08.020,8.60026,8.60261,1.19,1.75
2015.03.30 19:46:08.493,8.60026,8.60261,1.19,1.75
2015.03.30 19:46:08.634,8.60026,8.60261,1.00,1.75
2015.03.30 19:46:08.743,8.60026,8.60261,1.00,1.75
2015.03.30 19:46:08.844,8.60006,8.60241,1.00,1.75
2015.03.30 19:46:09.064,8.59979,8.60214,1.07,1.00
2015.03.30 19:46:09.165,8.59979,8.60214,1.00,1.00
2015.03.30 19:46:17.709,8.59959,8.60196,1.07,1.00
2015.03.30 19:46:19.062,8.59905,8.60127,2.05,1.00
2015.03.30 19:46:19.164,8.5989,8.60127,1.07,1.75
2015.03.30 19:46:19.265,8.5989,8.60117,1.07,1.00
2015.03.30 19:46:19.316,8.5989,8.60117,1.00,1.00
2015.03.30 19:46:19.539,8.5989,8.60117,1.00,1.37
2015.03.30 19:46:19.649,8.59869,8.60106,1.00,1.00
2015.03.30 19:46:21.493,8.59852,8.60089,1.07,1.00
2015.03.30 19:46:31.984,8.59852,8.60089,1.07,1.75
2015.03.30 19:46:32.035,8.59831,8.60068,1.00,1.75
2015.03.30 19:46:32.086,8.59831,8.60068,1.00,1.00
2015.03.30 19:46:32.840,8.59831,8.60068,1.00,1.75
2015.03.30 19:46:33.143,8.59811,8.60048,1.00,1.37
2015.03.30 19:46:37.689,8.59811,8.60048,1.00,1.00
2015.03.30 19:46:37.741,8.59832,8.60056,1.00,1.00
2015.03.30 19:46:37.791,8.59832,8.60069,1.00,1.00
2015.03.30 19:46:37.893,8.59832,8.60069,1.07,1.00
2015.03.30 19:46:38.850,8.59832,8.60064,1.07,1.00
2015.03.30 19:46:39.002,8.59808,8.60045,1.07,1.00
2015.03.30 19:46:39.053,8.59828,8.60064,1.00,1.00
2015.03.30 19:46:39.104,8.59828,8.60065,1.07,1.00
2015.03.30 19:46:47.867,8.59828,8.60065,1.07,1.75
2015.03.30 19:46:52.587,8.59828,8.60065,1.07,1.75
2015.03.30 19:46:52.689,8.59828,8.60065,1.07,1.37
2015.03.30 19:46:52.740,8.59857,8.60092,1.00,1.75
2015.03.30 19:46:52.892,8.59857,8.60092,1.00,1.75
2015.03.30 19:46:52.943,8.59857,8.60092,1.07,1.75
2015.03.30 19:46:53.109,8.59857,8.60092,1.07,1.75
2015.03.30 19:46:53.160,8.59876,8.60113,1.00,1.75
2015.03.30 19:46:53.211,8.59876,8.60113,1.00,1.75
2015.03.30 19:46:53.262,8.59898,8.60135,1.00,1.75
2015.03.30 19:46:53.312,8.59898,8.60135,1.00,1.75
2015.03.30 19:46:53.414,8.59898,8.60135,1.07,1.75
2015.03.30 19:46:53.821,8.59898,8.60135,1.07,1.75
2015.03.30 19:46:53.922,8.59898,8.60135,1.07,1.00
2015.03.30 19:46:55.140,8.59898,8.60135,1.07,1.75
2015.03.30 19:46:57.316,8.59898,8.60135,1.07,1.75
2015.03.30 19:46:58.461,8.59898,8.60135,1.07,1.75
2015.03.30 19:46:58.787,8.59898,8.60135,1.07,1.75
2015.03.30 19:46:59.120,8.59898,8.60135,1.07,1.75
2015.03.30 19:47:05.135,8.59898,8.60135,1.07,1.75
2015.03.30 19:47:05.369,8.59898,8.60135,1.07,1.75
2015.03.30 19:47:05.890,8.59898,8.60135,1.07,1.75
2015.03.30 19:47:07.546,8.59898,8.60135,1.07,1.75
2015.03.30 19:47:08.469,8.59877,8.60114,1.50,1.75
2015.03.30 19:47:08.780,8.59877,8.60114,1.37,1.00
2015.03.30 19:47:19.597,8.59877,8.60114,1.00,1.00
2015.03.30 19:47:25.588,8.59877,8.60114,1.00,1.75
2015.03.30 19:47:26.294,8.59877,8.60114,1.00,1.75
2015.03.30 19:47:26.347,8.59856,8.60093,1.37,1.75
2015.03.30 19:47:26.896,8.59856,8.60093,1.37,1.75
2015.03.30 19:47:27.197,8.59856,8.60093,1.37,1.75
2015.03.30 19:47:27.400,8.59856,8.60093,1.37,1.00
2015.03.30 19:47:27.451,8.59838,8.60075,1.75,1.00
2015.03.30 19:47:27.754,8.59838,8.60075,1.75,1.75
2015.03.30 19:47:27.856,8.59838,8.60075,1.37,1.75
2015.03.30 19:47:27.907,8.59838,8.60075,1.37,1.00
2015.03.30 19:47:29.028,8.59861,8.60098,1.00,1.00
2015.03.30 19:47:29.130,8.5988,8.60117,1.00,1.00
2015.03.30 19:47:29.433,8.59904,8.60141,1.07,1.75
2015.03.30 19:47:29.534,8.59904,8.60141,1.07,1.75
2015.03.30 19:47:29.585,8.59923,8.6016,1.00,1.75
2015.03.30 19:47:29.710,8.59923,8.6016,1.00,1.75
2015.03.30 19:47:33.716,8.59923,8.6016,1.00,1.75
2015.03.30 19:47:33.818,8.59923,8.6016,1.07,1.75
2015.03.30 19:47:33.869,8.59944,8.60181,1.00,1.75
2015.03.30 19:47:33.921,8.59944,8.60181,1.07,1.75
2015.03.30 19:47:34.131,8.59944,8.60181,1.07,1.75
2015.03.30 19:47:35.921,8.59944,8.60181,1.07,1.75
2015.03.30 19:47:36.230,8.59998,8.60181,1.19,1.00
2015.03.30 19:47:36.281,8.60022,8.60259,1.19,1.00
2015.03.30 19:47:36.332,8.60022,8.60259,1.00,1.00
2015.03.30 19:47:36.383,8.60047,8.60281,1.00,1.00
2015.03.30 19:47:36.687,8.60002,8.60212,1.00,1.75
2015.03.30 19:47:37.457,8.59976,8.60212,1.00,1.75
2015.03.30 19:47:37.659,8.59976,8.6021,1.00,1.75
2015.03.30 19:47:38.250,8.59976,8.6021,1.00,1.75
2015.03.30 19:47:38.357,8.59976,8.6021,1.00,1.75
2015.03.30 19:47:38.842,8.59976,8.6021,1.00,1.75
2015.03.30 19:47:38.943,8.59976,8.60213,1.56,1.00
2015.03.30 19:47:39.044,8.60035,8.60272,1.00,1.37
2015.03.30 19:47:39.145,8.60037,8.60272,1.00,2.44
2015.03.30 19:47:39.246,8.59995,8.60232,1.00,1.75
2015.03.30 19:47:39.356,8.59995,8.60232,1.00,1.75
2015.03.30 19:47:41.144,8.59995,8.60232,1.19,1.00
2015.03.30 19:47:41.245,8.60046,8.60283,1.00,1.75
2015.03.30 19:47:41.346,8.60046,8.60281,1.00,1.75
2015.03.30 19:47:41.447,8.60026,8.60263,1.00,1.75
2015.03.30 19:47:41.650,8.60002,8.60223,1.00,1.75
2015.03.30 19:47:44.033,8.60002,8.60218,1.00,1.75
2015.03.30 19:47:44.156,8.60002,8.60218,1.00,1.75
2015.03.30 19:47:44.208,8.5997,8.60207,1.37,1.75
2015.03.30 19:47:44.259,8.5997,8.60207,1.37,1.75
2015.03.30 19:47:44.360,8.5997,8.60207,1.56,1.00
2015.03.30 19:47:44.411,8.60014,8.60233,1.00,1.00
2015.03.30 19:47:44.512,8.60014,8.60251,1.00,1.37
2015.03.30 19:47:44.613,8.60014,8.60251,1.37,1.37
2015.03.30 19:47:44.923,8.60061,8.60296,1.19,1.00
2015.03.30 19:47:44.973,8.60118,8.60355,1.00,1.75
2015.03.30 19:47:45.074,8.60118,8.60355,1.00,1.75
2015.03.30 19:47:45.277,8.60118,8.60355,1.07,1.00
2015.03.30 19:47:46.467,8.60118,8.60355,1.37,1.00
2015.03.30 19:47:46.851,8.60118,8.60355,1.37,1.75
2015.03.30 19:47:47.383,8.60118,8.60355,1.37,1.75
2015.03.30 19:47:47.681,8.60118,8.60355,1.00,2.25
2015.03.30 19:47:47.782,8.60118,8.60355,1.00,2.25
2015.03.30 19:47:47.960,8.60118,8.60355,1.00,2.25
2015.03.30 19:47:48.061,8.60118,8.60355,1.00,2.25
2015.03.30 19:47:51.298,8.60118,8.60355,1.00,2.44
2015.03.30 19:47:52.090,8.60118,8.60355,1.00,2.44
2015.03.30 19:47:53.352,8.60118,8.60355,1.00,2.44
2015.03.30 19:47:53.570,8.60118,8.60355,1.00,2.44
2015.03.30 19:47:55.156,8.60118,8.60355,1.00,1.00
2015.03.30 19:47:56.796,8.60118,8.60355,1.00,1.75
2015.03.30 19:47:56.948,8.60066,8.60303,1.75,1.75
2015.03.30 19:47:57.049,8.60044,8.60259,1.00,1.00
2015.03.30 19:47:57.127,8.60044,8.60247,1.00,1.00
2015.03.30 19:47:57.397,8.60044,8.60252,1.00,1.00
2015.03.30 19:47:57.567,8.60044,8.60248,1.00,1.00
2015.03.30 19:47:57.697,8.60044,8.60252,1.00,1.00
2015.03.30 19:47:58.116,8.60044,8.60249,1.00,1.00
2015.03.30 19:47:58.391,8.60022,8.60247,1.00,1.00
2015.03.30 19:47:58.593,8.60022,8.60239,1.00,1.00
2015.03.30 19:48:01.987,8.60022,8.60231,1.00,1.00
2015.03.30 19:48:02.240,8.60003,8.60223,1.00,1.00
2015.03.30 19:48:02.341,8.5998,8.60217,1.07,1.00
2015.03.30 19:48:02.442,8.5998,8.60215,1.07,1.00
2015.03.30 19:48:02.543,8.5998,8.602,1.07,1.00
2015.03.30 19:48:02.644,8.5998,8.602,1.00,1.00
2015.03.30 19:48:03.785,8.59958,8.60195,1.07,1.00
2015.03.30 19:48:04.038,8.59958,8.60195,1.37,1.00
2015.03.30 19:48:04.641,8.59992,8.6021,1.00,1.00
2015.03.30 19:48:04.858,8.59971,8.60208,1.07,1.00
2015.03.30 19:48:06.807,8.59971,8.60208,1.37,1.00
2015.03.30 19:48:16.387,8.59971,8.60208,1.00,1.00
2015.03.30 19:48:47.611,8.59941,8.6019,1.07,1.00
2015.03.30 19:48:52.366,8.59931,8.60168,1.56,1.00
2015.03.30 19:48:54.809,8.59931,8.60168,1.56,1.00
2015.03.30 19:48:56.907,8.59931,8.60168,1.56,1.00
2015.03.30 19:48:57.109,8.59931,8.60168,1.00,1.00
2015.03.30 19:48:57.160,8.59907,8.60144,1.37,1.00
2015.03.30 19:48:57.210,8.59907,8.60144,1.07,1.00
2015.03.30 19:48:59.274,8.59907,8.60144,1.37,1.00
2015.03.30 19:48:59.617,8.59907,8.60144,1.37,1.00
2015.03.30 19:49:10.061,8.59907,8.60144,1.00,1.00
2015.03.30 19:49:10.234,8.5986,8.60145,1.94,1.00
2015.03.30 19:49:11.053,8.5986,8.60128,1.75,1.25
2015.03.30 19:49:11.368,8.59869,8.60106,1.37,1.00
2015.03.30 19:49:11.469,8.59869,8.60106,1.37,1.00
2015.03.30 19:49:11.520,8.59842,8.60128,1.94,1.00
2015.03.30 19:49:11.622,8.59851,8.60097,1.56,1.00
2015.03.30 19:49:11.824,8.59851,8.60097,1.07,1.00
2015.03.30 19:49:11.875,8.59837,8.60074,1.56,1.00
2015.03.30 19:49:12.476,8.59837,8.60074,1.94,1.00
2015.03.30 19:49:12.578,8.59837,8.60074,1.56,1.00
2015.03.30 19:49:14.735,8.59858,8.60095,1.00,1.00
2015.03.30 19:49:14.787,8.59858,8.60095,1.37,1.00
2015.03.30 19:49:21.995,8.59831,8.60113,1.94,1.00
2015.03.30 19:49:29.359,8.59823,8.60109,2.44,1.00
2015.03.30 19:49:29.737,8.59823,8.60105,1.94,1.00
2015.03.30 19:49:29.889,8.59873,8.60147,1.07,1.00
2015.03.30 19:49:29.991,8.5989,8.60169,1.56,1.00
2015.03.30 19:49:30.295,8.5989,8.60169,1.56,1.00
2015.03.30 19:49:30.345,8.59913,8.60174,1.07,1.00
2015.03.30 19:49:39.964,8.59893,8.60174,1.56,1.00
2015.03.30 19:49:42.067,8.59893,8.60174,1.56,1.00
2015.03.30 19:49:42.211,8.59893,8.60174,1.56,1.00
2015.03.30 19:49:47.075,8.59893,8.60174,1.56,1.00
2015.03.30 19:49:48.702,8.59902,8.60148,1.31,1.00
2015.03.30 19:50:00.828,8.59902,8.60148,1.31,1.75
2015.03.30 19:50:01.917,8.59902,8.60148,1.31,1.75
2015.03.30 19:50:01.968,8.59902,8.60148,1.31,1.00
2015.03.30 19:50:02.091,8.59902,8.60143,1.31,1.00
2015.03.30 19:50:03.121,8.59902,8.60143,1.12,1.00
2015.03.30 19:50:05.339,8.59902,8.60143,1.12,1.75
2015.03.30 19:50:05.639,8.59902,8.60145,1.12,1.00
2015.03.30 19:50:05.715,8.59902,8.60148,1.12,1.50
2015.03.30 19:50:09.597,8.59902,8.60148,1.12,2.25
2015.03.30 19:50:10.027,8.59882,8.60126,1.69,1.00
2015.03.30 19:50:31.257,8.59902,8.6014,1.12,1.00
2015.03.30 19:50:41.808,8.59902,8.60148,1.12,1.50
2015.03.30 19:50:41.959,8.59923,8.6016,1.00,1.00
2015.03.30 19:50:42.010,8.59923,8.6016,1.07,1.00
2015.03.30 19:50:44.791,8.59943,8.6018,1.00,1.00
2015.03.30 19:50:44.892,8.59943,8.6018,1.37,1.00
2015.03.30 19:50:44.993,8.59943,8.6018,1.00,1.00
2015.03.30 19:50:45.044,8.59923,8.6016,1.37,1.00
2015.03.30 19:50:57.415,8.59923,8.6016,1.07,1.00
2015.03.30 19:51:01.317,8.59948,8.60179,1.00,1.00
2015.03.30 19:51:01.368,8.59948,8.60179,1.07,1.00
2015.03.30 19:51:01.519,8.59948,8.60183,1.07,1.00
2015.03.30 19:51:01.575,8.59948,8.60183,1.07,1.00
2015.03.30 19:51:01.730,8.59948,8.6018,1.07,1.00
2015.03.30 19:51:02.147,8.59948,8.60183,1.07,1.00
2015.03.30 19:51:03.245,8.59948,8.60183,1.37,1.00
2015.03.30 19:51:04.614,8.59924,8.60161,1.94,1.00
2015.03.30 19:51:04.664,8.59924,8.60161,1.56,1.00
2015.03.30 19:51:05.633,8.59924,8.60161,1.37,1.00
2015.03.30 19:51:05.840,8.59924,8.60161,1.37,1.37
2015.03.30 19:51:06.406,8.59924,8.60161,1.37,1.00
2015.03.30 19:51:06.678,8.59951,8.60172,1.10,1.00
2015.03.30 19:51:06.779,8.59951,8.60188,1.10,1.50
2015.03.30 19:51:07.739,8.59951,8.60188,1.29,1.50
2015.03.30 19:51:09.842,8.59951,8.60188,1.29,1.00
2015.03.30 19:51:10.514,8.59951,8.6005,1.29,1.00
2015.03.30 19:51:10.757,8.59951,8.60046,1.29,1.00
2015.03.30 19:51:11.585,8.59951,8.60048,1.56,1.00
2015.03.30 19:51:11.888,8.59951,8.60048,1.56,1.00
2015.03.30 19:51:11.939,8.59951,8.60059,1.56,1.00
2015.03.30 19:51:12.040,8.59971,8.60059,1.37,1.00
2015.03.30 19:51:12.344,8.59939,8.60045,1.56,1.00
2015.03.30 19:51:12.499,8.59939,8.60054,1.56,1.00
2015.03.30 19:51:14.245,8.59939,8.60046,1.37,1.00
2015.03.30 19:51:14.587,8.59939,8.60038,1.07,1.00
2015.03.30 19:51:14.986,8.59917,8.60038,1.94,1.00
2015.03.30 19:51:15.037,8.59917,8.60038,1.56,1.00
2015.03.30 19:51:15.346,8.59917,8.60022,1.56,1.00
2015.03.30 19:51:19.614,8.59917,8.60022,1.12,1.00
2015.03.30 19:51:19.665,8.59917,8.60012,1.12,1.00
2015.03.30 19:51:20.088,8.59917,8.60014,1.12,1.00
2015.03.30 19:51:20.190,8.59917,8.6003,1.12,1.00
2015.03.30 19:51:20.328,8.59917,8.60014,1.12,1.00
2015.03.30 19:51:21.165,8.59917,8.60006,1.12,1.00
2015.03.30 19:51:22.509,8.59901,8.59998,1.37,1.00
2015.03.30 19:51:22.617,8.59901,8.59998,1.37,1.00
2015.03.30 19:51:22.827,8.59901,8.59998,1.37,1.00
2015.03.30 19:51:25.025,8.59865,8.5998,1.75,1.00
2015.03.30 19:51:29.098,8.59865,8.59977,1.75,1.00
2015.03.30 19:51:29.325,8.59865,8.59976,1.94,1.00
2015.03.30 19:51:29.426,8.59865,8.59981,1.94,1.00
2015.03.30 19:51:32.934,8.59888,8.59992,1.37,1.00
2015.03.30 19:51:32.985,8.59888,8.5999,1.37,1.00
2015.03.30 19:51:33.054,8.59888,8.59997,1.37,1.00
2015.03.30 19:51:33.949,8.59864,8.5999,1.94,1.00
2015.03.30 19:51:34.614,8.59869,8.59978,1.94,1.00
2015.03.30 19:51:34.716,8.59869,8.59972,1.26,1.00
2015.03.30 19:51:34.948,8.59869,8.5996,1.07,1.00
2015.03.30 19:51:35.251,8.59841,8.59941,1.37,1.00
2015.03.30 19:51:35.817,8.59841,8.59933,1.37,1.00
2015.03.30 19:51:36.464,8.59841,8.59927,1.07,1.00
2015.03.30 19:51:36.515,8.59841,8.59922,1.07,1.00
2015.03.30 19:51:37.290,8.59841,8.59932,1.07,1.00
2015.03.30 19:51:37.341,8.59841,8.5994,1.37,1.00
2015.03.30 19:51:37.772,8.59841,8.59931,1.37,1.00
2015.03.30 19:51:37.923,8.59841,8.59924,1.07,1.00
2015.03.30 19:51:40.686,8.59841,8.59924,1.07,1.00
2015.03.30 19:51:40.958,8.59841,8.59915,1.00,1.00
2015.03.30 19:51:41.009,8.5982,8.59911,1.07,1.00
2015.03.30 19:51:43.269,8.5982,8.59906,1.07,1.00
2015.03.30 19:51:43.588,8.59797,8.59894,1.37,1.00
2015.03.30 19:51:43.638,8.59797,8.59891,1.07,1.00
2015.03.30 19:51:44.178,8.59797,8.59887,1.07,1.00
2015.03.30 19:51:44.364,8.59778,8.59881,1.26,1.00
2015.03.30 19:51:44.466,8.59778,8.59872,1.07,1.00
2015.03.30 19:51:44.517,8.59722,8.59856,1.94,1.00
2015.03.30 19:51:44.839,8.59713,8.59834,1.94,1.00
2015.03.30 19:51:45.309,8.59713,8.59834,1.94,1.00
2015.03.30 19:51:45.361,8.59713,8.59835,1.94,1.00
2015.03.30 19:51:47.027,8.59713,8.59828,1.56,1.00
2015.03.30 19:51:47.257,8.59723,8.59823,1.37,1.00
2015.03.30 19:51:47.358,8.59694,8.59816,1.56,1.00
2015.03.30 19:51:48.449,8.59712,8.59818,1.56,1.00
2015.03.30 19:51:49.204,8.59712,8.59824,1.56,1.00
2015.03.30 19:51:49.534,8.59712,8.59847,1.37,1.00
2015.03.30 19:51:49.865,8.59712,8.59832,1.37,1.00
2015.03.30 19:51:50.016,8.59693,8.59816,1.56,1.00
2015.03.30 19:51:50.118,8.59693,8.59794,1.56,1.00
2015.03.30 19:51:50.219,8.59693,8.59792,1.07,1.00
2015.03.30 19:51:53.181,8.59693,8.59807,1.07,1.00
2015.03.30 19:51:53.282,8.59693,8.59807,1.37,1.00
2015.03.30 19:51:53.434,8.59693,8.59816,1.37,1.00
2015.03.30 19:51:53.870,8.59693,8.59824,1.37,1.00
2015.03.30 19:51:53.934,8.59693,8.59808,1.37,1.00
2015.03.30 19:51:54.086,8.59693,8.59808,1.10,1.00
2015.03.30 19:51:54.187,8.59693,8.59792,1.10,1.00
2015.03.30 19:51:54.484,8.59693,8.59808,1.10,1.00
2015.03.30 19:51:54.594,8.59693,8.59808,1.37,1.00
2015.03.30 19:51:54.961,8.59693,8.59824,1.37,1.00
2015.03.30 19:51:56.140,8.59693,8.59824,2.00,1.00
2015.03.30 19:51:57.456,8.59693,8.59832,2.00,1.00
2015.03.30 19:52:00.864,8.59711,8.59824,1.37,1.00
2015.03.30 19:52:01.024,8.59693,8.59816,1.56,1.00
2015.03.30 19:52:02.660,8.59693,8.59808,1.56,1.00
2015.03.30 19:52:02.734,8.59693,8.59808,1.19,1.00
2015.03.30 19:52:03.110,8.59693,8.59808,1.00,1.00
2015.03.30 19:52:05.923,8.59693,8.598,1.00,1.00
2015.03.30 19:52:06.239,8.59693,8.59791,1.00,1.00
2015.03.30 19:52:06.587,8.59673,8.5977,1.37,1.00
2015.03.30 19:52:06.740,8.59673,8.59767,1.00,1.00
2015.03.30 19:52:08.435,8.59648,8.59767,1.37,1.00
2015.03.30 19:52:10.984,8.59648,8.59776,1.37,1.00
2015.03.30 19:52:11.644,8.59667,8.59768,1.07,1.00
2015.03.30 19:52:13.514,8.59667,8.59783,1.07,1.00
2015.03.30 19:52:14.173,8.59667,8.59767,1.07,1.00
2015.03.30 19:52:14.504,8.59667,8.59804,1.07,1.00
2015.03.30 19:52:14.866,8.59667,8.59796,1.07,1.00
2015.03.30 19:52:17.299,8.59647,8.59788,1.07,1.00
2015.03.30 19:52:19.563,8.59647,8.59796,1.07,1.00
2015.03.30 19:52:19.673,8.59647,8.59796,1.37,1.00
2015.03.30 19:52:23.674,8.59647,8.59804,1.37,1.00
2015.03.30 19:52:25.503,8.59647,8.59812,1.37,1.00
2015.03.30 19:52:25.752,8.59665,8.59812,1.37,1.00
2015.03.30 19:52:35.953,8.59665,8.59827,1.56,1.00
2015.03.30 19:52:36.796,8.5969,8.59827,1.00,1.00
2015.03.30 19:52:36.847,8.5969,8.59888,1.37,1.00
2015.03.30 19:52:37.099,8.5969,8.5989,1.37,1.00
2015.03.30 19:52:37.236,8.59708,8.5989,1.00,1.00
2015.03.30 19:52:41.186,8.59728,8.5989,1.19,1.00
2015.03.30 19:52:41.237,8.59728,8.59905,1.19,1.00
2015.03.30 19:52:41.389,8.59798,8.59966,1.00,1.00
2015.03.30 19:52:41.641,8.59776,8.59966,1.26,1.00
2015.03.30 19:52:41.692,8.59776,8.5999,1.26,1.00
2015.03.30 19:52:41.793,8.59776,8.59974,1.56,1.00
2015.03.30 19:52:42.114,8.59779,8.59982,1.62,1.00
2015.03.30 19:52:42.265,8.59779,8.59967,1.62,1.00
2015.03.30 19:52:42.367,8.59743,8.59967,1.56,1.00
2015.03.30 19:52:43.211,8.59743,8.59966,1.56,1.00
2015.03.30 19:52:43.262,8.59743,8.59974,1.56,1.00
2015.03.30 19:52:44.505,8.59743,8.59974,1.56,1.00
2015.03.30 19:52:44.556,8.59743,8.59974,1.94,1.00
2015.03.30 19:52:46.402,8.59743,8.59964,1.94,1.00
2015.03.30 19:52:47.063,8.59743,8.59972,1.94,1.00
2015.03.30 19:52:48.292,8.59743,8.59984,1.94,1.75
2015.03.30 19:52:48.712,8.59765,8.59984,1.94,1.75
2015.03.30 19:52:48.764,8.59765,8.59984,1.94,1.37
2015.03.30 19:52:49.045,8.59765,8.60019,1.94,1.37
2015.03.30 19:52:49.146,8.59765,8.60081,1.75,1.00
2015.03.30 19:52:49.197,8.59765,8.60146,1.75,1.75
2015.03.30 19:52:49.504,8.59809,8.60146,2.05,1.75
2015.03.30 19:52:49.923,8.59809,8.60177,2.05,1.75
2015.03.30 19:52:52.268,8.59809,8.60187,2.05,1.75
2015.03.30 19:52:52.327,8.59829,8.60187,1.12,1.75
2015.03.30 19:52:52.535,8.59865,8.60187,1.07,1.75
2015.03.30 19:52:53.028,8.59865,8.60187,1.37,1.75
2015.03.30 19:52:53.230,8.59865,8.60177,1.07,1.75
2015.03.30 19:52:53.372,8.59865,8.60177,1.07,1.75
2015.03.30 19:52:53.776,8.59865,8.60177,1.07,1.75
2015.03.30 19:52:54.075,8.59809,8.60177,2.05,1.75
2015.03.30 19:52:54.176,8.59809,8.60187,2.05,1.75
2015.03.30 19:52:54.227,8.59809,8.60187,2.05,1.75
2015.03.30 19:52:54.378,8.59809,8.60187,2.05,1.00
2015.03.30 19:52:54.694,8.59809,8.60177,2.05,1.00
2015.03.30 19:52:54.762,8.59809,8.60177,2.05,1.00
2015.03.30 19:52:54.922,8.59809,8.60166,2.05,1.00
2015.03.30 19:52:55.182,8.59809,8.60177,2.05,1.00
2015.03.30 19:52:55.413,8.59809,8.60187,2.05,1.00
2015.03.30 19:52:55.934,8.59809,8.60187,2.05,1.75
2015.03.30 19:52:56.235,8.59809,8.60136,2.05,1.75
2015.03.30 19:52:57.036,8.59809,8.60136,2.05,1.75
2015.03.30 19:52:57.137,8.59809,8.60187,2.05,1.75
2015.03.30 19:52:57.188,8.59809,8.60187,2.05,1.75
2015.03.30 19:52:57.876,8.59809,8.60139,2.05,1.75
2015.03.30 19:52:57.977,8.59809,8.60139,2.05,1.75
2015.03.30 19:52:58.484,8.59809,8.60139,2.05,1.75
2015.03.30 19:52:58.636,8.59809,8.60135,2.05,1.75
2015.03.30 19:52:58.751,8.59809,8.60135,2.05,1.75
2015.03.30 19:52:58.854,8.59809,8.60157,2.05,1.75
2015.03.30 19:52:58.956,8.59809,8.60157,2.05,1.75
2015.03.30 19:52:59.459,8.59809,8.60157,2.05,1.75
2015.03.30 19:53:00.343,8.59809,8.60177,2.05,1.75
2015.03.30 19:53:03.348,8.59809,8.60167,2.05,1.75
2015.03.30 19:53:03.450,8.59809,8.60177,2.05,1.75
2015.03.30 19:53:03.501,8.59809,8.60177,2.05,1.75
2015.03.30 19:53:03.956,8.59809,8.60207,2.05,1.75
2015.03.30 19:53:04.053,8.59809,8.60207,2.05,1.75
2015.03.30 19:53:10.707,8.59837,8.60177,2.24,1.75
2015.03.30 19:53:10.808,8.59837,8.60177,2.24,1.75
2015.03.30 19:53:11.365,8.59837,8.60177,2.05,1.75
2015.03.30 19:53:12.368,8.59837,8.60177,2.05,1.75
2015.03.30 19:53:12.621,8.59837,8.60167,1.72,1.75
2015.03.30 19:53:12.672,8.59837,8.60167,1.72,1.75
2015.03.30 19:53:12.723,8.59837,8.60167,1.30,1.75
2015.03.30 19:53:12.774,8.59837,8.60167,1.30,1.00
2015.03.30 19:53:12.875,8.59837,8.60157,1.30,1.00
2015.03.30 19:53:13.679,8.59837,8.60157,1.30,1.75
2015.03.30 19:53:14.012,8.59837,8.60157,1.37,1.75
2015.03.30 19:53:14.113,8.59837,8.60157,1.37,1.75
2015.03.30 19:53:14.392,8.59843,8.60137,1.66,1.75
2015.03.30 19:53:14.723,8.59843,8.60147,1.66,1.75
2015.03.30 19:53:14.824,8.59843,8.60147,1.66,1.75
2015.03.30 19:53:14.925,8.59843,8.60157,2.34,1.75
2015.03.30 19:53:15.285,8.59843,8.60177,2.34,1.75
2015.03.30 19:53:15.491,8.59843,8.60187,2.34,1.75
2015.03.30 19:53:15.603,8.59843,8.60187,2.34,1.75
2015.03.30 19:53:15.731,8.59843,8.60187,2.34,1.75
2015.03.30 19:53:15.978,8.59843,8.60187,2.34,1.75
2015.03.30 19:53:16.079,8.59843,8.60187,2.34,1.75
2015.03.30 19:53:16.524,8.59843,8.60187,2.34,1.75
2015.03.30 19:53:17.097,8.59843,8.60187,2.34,1.75
2015.03.30 19:53:17.206,8.59843,8.60187,2.34,1.75
2015.03.30 19:53:17.481,8.59843,8.60187,2.34,1.75
2015.03.30 19:53:17.582,8.59843,8.60187,2.34,1.00
2015.03.30 19:53:18.282,8.59843,8.60187,2.34,1.75
2015.03.30 19:53:18.983,8.59843,8.60187,2.34,1.75
2015.03.30 19:53:19.284,8.59843,8.60187,2.34,1.75
2015.03.30 19:53:19.385,8.59843,8.60187,2.34,1.75
2015.03.30 19:53:19.785,8.59843,8.60187,2.34,1.75
2015.03.30 19:53:19.892,8.59843,8.60187,2.34,1.75
2015.03.30 19:53:20.334,8.59843,8.60187,2.34,1.75
2015.03.30 19:53:20.386,8.59843,8.60187,2.34,1.75
2015.03.30 19:53:20.687,8.59843,8.60187,2.34,1.75
2015.03.30 19:53:20.788,8.59843,8.60187,2.34,1.75
2015.03.30 19:53:21.088,8.59843,8.60187,2.34,1.75
2015.03.30 19:53:21.589,8.59843,8.60177,2.34,1.75
2015.03.30 19:53:22.090,8.59843,8.60176,2.34,1.75
2015.03.30 19:53:22.291,8.59843,8.60176,2.34,1.75
2015.03.30 19:53:22.421,8.59843,8.60176,2.34,1.75
2015.03.30 19:53:22.592,8.59843,8.60176,2.34,1.75
2015.03.30 19:53:22.692,8.59843,8.60176,2.34,1.75
2015.03.30 19:53:22.992,8.59843,8.60176,2.34,1.75
2015.03.30 19:53:23.293,8.59843,8.60176,2.34,1.75
2015.03.30 19:53:23.583,8.59843,8.60167,1.96,1.75
2015.03.30 19:53:23.633,8.59843,8.60167,1.96,1.75
2015.03.30 19:53:23.742,8.59843,8.60167,1.96,1.75
2015.03.30 19:53:24.123,8.59837,8.60167,1.67,1.75
2015.03.30 19:53:24.225,8.59837,8.60167,1.67,1.75
2015.03.30 19:53:24.548,8.59837,8.60157,1.67,1.75
2015.03.30 19:53:24.739,8.59837,8.60157,1.67,1.75
2015.03.30 19:53:25.121,8.59837,8.60157,2.05,1.75
2015.03.30 19:53:25.525,8.59837,8.60197,2.05,1.75
2015.03.30 19:53:26.209,8.59843,8.60187,2.34,1.75
2015.03.30 19:53:26.310,8.59843,8.60187,2.34,1.75
2015.03.30 19:53:26.502,8.59848,8.60187,1.12,1.75
2015.03.30 19:53:26.603,8.59843,8.60187,2.34,1.75
2015.03.30 19:53:26.902,8.59843,8.60187,2.34,1.00
2015.03.30 19:53:27.735,8.59843,8.60187,2.34,1.75
2015.03.30 19:53:27.836,8.59843,8.60187,2.34,1.75
2015.03.30 19:53:28.405,8.59843,8.60187,2.34,1.75
2015.03.30 19:53:28.634,8.59843,8.60177,2.34,1.75
2015.03.30 19:53:28.735,8.59843,8.60177,2.34,1.75
2015.03.30 19:53:28.785,8.59843,8.60177,2.34,1.75
2015.03.30 19:53:28.836,8.59843,8.60177,2.34,1.75
2015.03.30 19:53:29.132,8.59843,8.60177,2.34,1.75
2015.03.30 19:53:29.743,8.59843,8.60177,2.34,1.75
2015.03.30 19:53:30.709,8.59843,8.60177,2.34,1.75
2015.03.30 19:53:31.310,8.59843,8.60177,2.34,1.75
2015.03.30 19:53:32.311,8.59843,8.60177,2.34,1.75
2015.03.30 19:53:33.312,8.59843,8.60177,2.34,1.75
2015.03.30 19:53:34.414,8.59843,8.60177,2.34,1.75
2015.03.30 19:53:35.945,8.59843,8.60177,2.34,1.75
2015.03.30 19:53:38.221,8.59843,8.60177,2.34,1.75
2015.03.30 19:53:38.322,8.59843,8.60177,2.34,1.75
2015.03.30 19:53:38.762,8.59843,8.60177,2.34,1.75
2015.03.30 19:53:39.123,8.59843,8.60187,2.34,1.75
2015.03.30 19:53:39.251,8.59843,8.60187,2.34,1.75
2015.03.30 19:53:39.424,8.59843,8.60187,2.34,1.75
2015.03.30 19:53:39.959,8.59843,8.60187,2.34,1.75
2015.03.30 19:53:40.226,8.59843,8.60187,2.34,1.75
2015.03.30 19:53:40.531,8.59843,8.60187,2.34,1.75
2015.03.30 19:53:41.528,8.59843,8.60187,2.34,1.75
2015.03.30 19:53:41.729,8.59843,8.60187,2.34,1.75
2015.03.30 19:53:41.929,8.59843,8.60187,2.34,1.75
2015.03.30 19:53:42.030,8.59843,8.60197,2.34,1.75
2015.03.30 19:53:42.329,8.59843,8.60197,2.34,1.75
2015.03.30 19:53:43.232,8.59843,8.60197,2.34,1.75
2015.03.30 19:53:43.333,8.59843,8.60197,2.34,1.75
2015.03.30 19:53:45.736,8.59843,8.60197,2.34,1.75
2015.03.30 19:53:45.938,8.59843,8.60207,2.34,1.75
2015.03.30 19:53:46.063,8.59843,8.60207,2.34,1.75
2015.03.30 19:53:46.165,8.59843,8.60197,2.34,1.75
2015.03.30 19:53:46.563,8.59843,8.60207,2.34,1.00
2015.03.30 19:53:46.614,8.59843,8.60186,2.34,1.00
2015.03.30 19:53:46.817,8.59843,8.60177,1.59,1.19
2015.03.30 19:53:46.868,8.59764,8.60165,2.34,1.25
2015.03.30 19:53:46.970,8.59764,8.6012,2.34,1.00
2015.03.30 19:53:47.020,8.59764,8.6012,1.96,1.00
2015.03.30 19:53:47.273,8.59751,8.6012,1.37,1.00
2015.03.30 19:53:47.888,8.59715,8.60124,1.75,1.30
2015.03.30 19:53:48.271,8.59715,8.60112,1.75,1.75
2015.03.30 19:53:48.644,8.59715,8.60112,1.75,1.94
2015.03.30 19:53:49.146,8.59715,8.60112,1.75,1.94
2015.03.30 19:53:49.261,8.59715,8.60112,1.75,1.94
2015.03.30 19:53:49.599,8.59715,8.60124,1.75,2.24
2015.03.30 19:53:49.947,8.59715,8.60124,1.75,2.24
2015.03.30 19:53:50.297,8.59715,8.60124,1.75,2.24
2015.03.30 19:53:50.471,8.59715,8.60124,1.75,2.05
2015.03.30 19:53:50.548,8.59715,8.60124,1.75,2.05
2015.03.30 19:53:50.649,8.59715,8.60124,1.75,2.05
2015.03.30 19:53:51.000,8.59715,8.60097,1.75,1.75
2015.03.30 19:53:51.050,8.59715,8.60097,1.75,1.75
2015.03.30 19:53:51.351,8.59715,8.60097,1.75,1.75
2015.03.30 19:53:51.452,8.59715,8.60097,1.75,1.75
2015.03.30 19:53:51.571,8.59715,8.60097,1.75,1.75
2015.03.30 19:53:51.672,8.59715,8.60097,1.75,1.00
2015.03.30 19:53:52.838,8.59715,8.60086,1.75,1.00
2015.03.30 19:53:54.101,8.59723,8.60086,2.34,1.75
2015.03.30 19:53:54.557,8.59723,8.60097,2.34,1.75
2015.03.30 19:53:54.658,8.59734,8.60097,1.12,1.75
2015.03.30 19:53:54.857,8.59723,8.60097,2.34,1.75
2015.03.30 19:53:54.982,8.59723,8.60097,2.34,1.75
2015.03.30 19:53:55.201,8.59723,8.60097,2.34,1.75
2015.03.30 19:53:55.509,8.59723,8.60097,2.34,1.75
2015.03.30 19:53:55.683,8.59723,8.60097,2.34,1.75
2015.03.30 19:53:56.310,8.59736,8.60097,2.05,1.75
2015.03.30 19:53:56.862,8.59736,8.60097,2.05,1.75
2015.03.30 19:53:56.963,8.59736,8.60097,2.05,1.75
2015.03.30 19:53:57.065,8.59736,8.60097,2.05,1.75
2015.03.30 19:53:57.181,8.59736,8.60097,2.05,1.00
2015.03.30 19:53:57.973,8.59736,8.60097,2.05,1.75
2015.03.30 19:53:58.074,8.59736,8.60097,2.05,1.75
2015.03.30 19:53:58.175,8.59736,8.60097,2.05,1.75
2015.03.30 19:53:58.265,8.59736,8.60097,2.05,1.75
2015.03.30 19:53:58.367,8.59736,8.60097,2.05,1.75
2015.03.30 19:53:58.468,8.59736,8.60097,2.05,1.75
2015.03.30 19:53:58.570,8.59736,8.60097,2.05,1.00
2015.03.30 19:53:58.834,8.59736,8.60087,2.05,1.00
2015.03.30 19:53:59.968,8.59736,8.60087,2.05,1.75
2015.03.30 19:54:00.299,8.59736,8.60077,2.05,1.75
2015.03.30 19:54:00.642,8.59736,8.60077,2.05,1.75
2015.03.30 19:54:00.693,8.59736,8.60077,2.05,1.00
2015.03.30 19:54:00.972,8.59736,8.60077,2.05,1.75
2015.03.30 19:54:01.200,8.59736,8.60077,2.05,1.75
2015.03.30 19:54:01.373,8.59736,8.60077,2.05,1.75
2015.03.30 19:54:01.773,8.59736,8.60067,2.05,1.75
2015.03.30 19:54:02.174,8.59736,8.60067,2.05,1.75
2015.03.30 19:54:02.275,8.59736,8.60067,2.05,1.75
2015.03.30 19:54:02.454,8.59736,8.60067,2.05,1.75
2015.03.30 19:54:03.053,8.59736,8.60067,2.05,1.75
2015.03.30 19:54:04.611,8.59736,8.60057,1.67,1.75
2015.03.30 19:54:05.001,8.59736,8.60057,1.67,1.75
2015.03.30 19:54:05.207,8.59736,8.60057,1.67,1.75
2015.03.30 19:54:06.211,8.59736,8.60057,1.67,1.75
2015.03.30 19:54:06.581,8.59736,8.60057,1.67,1.75
2015.03.30 19:54:06.682,8.59736,8.60057,1.67,1.75
2015.03.30 19:54:06.783,8.59736,8.60057,1.67,1.75
2015.03.30 19:54:06.884,8.59684,8.60057,2.34,1.75
2015.03.30 19:54:07.082,8.59684,8.60057,2.34,1.75
2015.03.30 19:54:07.285,8.59684,8.60057,2.34,1.75
2015.03.30 19:54:07.625,8.59684,8.60057,2.34,1.75
2015.03.30 19:54:07.929,8.59684,8.60057,2.34,1.75
2015.03.30 19:54:08.130,8.59684,8.60057,2.34,1.75
2015.03.30 19:54:08.315,8.59684,8.60057,2.34,1.75
2015.03.30 19:54:08.386,8.59684,8.60057,2.34,1.75
2015.03.30 19:54:09.087,8.59684,8.60057,2.34,1.75
2015.03.30 19:54:09.315,8.59684,8.60057,2.34,1.75
2015.03.30 19:54:09.416,8.59684,8.60057,2.34,1.75
2015.03.30 19:54:09.538,8.59684,8.60057,2.34,1.75
2015.03.30 19:54:10.121,8.59684,8.60057,2.34,1.75
2015.03.30 19:54:10.612,8.59684,8.60057,2.34,1.75
2015.03.30 19:54:12.641,8.59684,8.60057,2.34,1.75
2015.03.30 19:54:13.094,8.59684,8.60057,2.34,1.75
2015.03.30 19:54:13.302,8.59684,8.60057,2.34,1.75
2015.03.30 19:54:15.497,8.59684,8.60066,2.34,1.75
2015.03.30 19:54:17.400,8.59684,8.60057,2.34,1.75
2015.03.30 19:54:18.401,8.59684,8.60067,2.34,1.75
2015.03.30 19:54:18.531,8.59684,8.60067,2.34,1.75
2015.03.30 19:54:18.602,8.59684,8.60067,2.34,1.75
2015.03.30 19:54:18.702,8.59684,8.60067,2.34,1.75
2015.03.30 19:54:18.802,8.59684,8.60067,2.34,1.75
2015.03.30 19:54:18.902,8.59684,8.60067,2.34,1.75
2015.03.30 19:54:19.003,8.59684,8.60067,2.34,1.75
2015.03.30 19:54:19.104,8.59684,8.60067,2.34,1.75
2015.03.30 19:54:19.204,8.59684,8.60067,2.34,1.75
2015.03.30 19:54:19.304,8.59684,8.60067,2.34,1.75
2015.03.30 19:54:19.404,8.59684,8.60067,2.34,1.75
2015.03.30 19:54:19.504,8.59684,8.60067,2.34,1.75
2015.03.30 19:54:19.606,8.59684,8.60067,2.34,1.75
2015.03.30 19:54:19.707,8.59684,8.60067,2.34,1.75
2015.03.30 19:54:24.111,8.59684,8.60067,2.34,1.75
2015.03.30 19:54:25.131,8.59684,8.60067,2.34,1.75
2015.03.30 19:54:25.213,8.59684,8.60067,2.34,1.75
2015.03.30 19:54:25.649,8.59684,8.60077,2.34,1.75
2015.03.30 19:54:25.714,8.59684,8.60077,2.34,1.75
2015.03.30 19:54:26.260,8.59684,8.60077,2.34,1.75
2015.03.30 19:54:26.617,8.59684,8.60077,2.34,1.75
2015.03.30 19:54:27.318,8.5973,8.60087,2.05,1.75
2015.03.30 19:54:27.534,8.5973,8.60097,2.05,1.75
2015.03.30 19:54:27.742,8.5973,8.60107,2.05,1.75
2015.03.30 19:54:28.921,8.5973,8.60107,2.05,1.75
2015.03.30 19:54:30.240,8.5973,8.60097,2.05,1.75
2015.03.30 19:54:33.328,8.5973,8.60097,2.05,1.75
2015.03.30 19:54:33.460,8.5973,8.60097,2.05,1.75
2015.03.30 19:54:33.561,8.5973,8.60097,2.05,1.75
2015.03.30 19:54:33.961,8.5973,8.60137,2.05,1.75
2015.03.30 19:54:34.472,8.59763,8.60137,2.34,1.75
2015.03.30 19:54:34.680,8.59763,8.60147,2.34,1.75
2015.03.30 19:54:34.733,8.59763,8.60147,2.34,1.75
2015.03.30 19:54:35.179,8.59763,8.60147,2.34,1.75
2015.03.30 19:54:35.536,8.59763,8.60147,2.34,1.75
2015.03.30 19:54:35.645,8.59803,8.60147,1.67,1.00
2015.03.30 19:54:36.670,8.59803,8.60147,1.67,1.75
2015.03.30 19:54:36.780,8.59803,8.60147,1.67,1.75
2015.03.30 19:54:36.889,8.59803,8.60147,1.67,1.75
2015.03.30 19:54:37.541,8.59803,8.60147,1.67,1.75
2015.03.30 19:54:37.742,8.59803,8.60147,1.67,1.75
2015.03.30 19:54:37.843,8.59803,8.60147,1.67,1.75
2015.03.30 19:54:38.543,8.59803,8.60147,1.67,1.75
2015.03.30 19:54:38.751,8.59803,8.60147,1.67,1.00
2015.03.30 19:54:38.930,8.59803,8.60147,2.05,1.00
2015.03.30 19:54:39.894,8.59803,8.60147,2.05,1.75
2015.03.30 19:54:39.944,8.59803,8.60147,1.67,1.75
2015.03.30 19:54:40.195,8.59803,8.60116,1.67,1.75
2015.03.30 19:54:43.658,8.59803,8.60106,1.67,1.75
2015.03.30 19:54:43.880,8.59803,8.60106,1.37,1.75
2015.03.30 19:54:45.065,8.59803,8.60106,1.37,1.75
2015.03.30 19:54:45.200,8.59803,8.60106,1.30,1.75
2015.03.30 19:54:45.301,8.59803,8.60103,1.30,1.75
2015.03.30 19:54:45.877,8.59783,8.60096,1.67,1.75
2015.03.30 19:54:45.978,8.59763,8.60095,1.66,1.75
2015.03.30 19:54:46.080,8.59761,8.60095,1.12,1.00
2015.03.30 19:54:46.130,8.59745,8.60079,1.37,1.00
2015.03.30 19:54:46.434,8.59745,8.60077,1.37,1.00
2015.03.30 19:54:47.788,8.59745,8.60077,1.37,2.25
2015.03.30 19:54:48.111,8.59745,8.60077,1.37,2.25
2015.03.30 19:54:49.292,8.59745,8.60077,1.37,2.25
2015.03.30 19:54:49.441,8.59745,8.60077,1.37,2.25
2015.03.30 19:54:49.603,8.5976,8.60077,1.07,1.75
2015.03.30 19:54:50.005,8.5976,8.60087,1.07,1.75
2015.03.30 19:54:50.156,8.59777,8.60096,1.00,1.75
2015.03.30 19:54:50.478,8.59768,8.60096,1.00,1.75
2015.03.30 19:54:50.734,8.5976,8.60094,1.07,1.75
2015.03.30 19:54:50.835,8.59768,8.60096,1.00,1.75
2015.03.30 19:54:50.936,8.59768,8.60096,1.37,1.75
2015.03.30 19:54:51.621,8.59768,8.60087,1.37,1.75
2015.03.30 19:54:54.720,8.59768,8.60087,1.37,1.75
2015.03.30 19:54:55.325,8.59776,8.60087,1.07,1.75
2015.03.30 19:54:58.434,8.59776,8.60087,1.07,1.75
2015.03.30 19:54:59.392,8.59776,8.60097,1.07,1.75
2015.03.30 19:54:59.642,8.59776,8.60097,1.07,1.75
2015.03.30 19:54:59.793,8.59776,8.60087,1.07,1.75
2015.03.30 19:54:59.956,8.59776,8.60097,1.07,1.75
2015.03.30 19:55:00.155,8.59776,8.60107,1.07,1.75
2015.03.30 19:55:01.467,8.59776,8.60107,1.07,1.75
2015.03.30 19:55:01.869,8.59768,8.60097,1.37,1.75
2015.03.30 19:55:02.417,8.59763,8.60084,1.96,1.75
2015.03.30 19:55:03.071,8.59763,8.60084,1.96,1.75
2015.03.30 19:55:03.273,8.59763,8.60043,1.59,1.00
2015.03.30 19:55:03.324,8.59736,8.60043,1.37,1.00
2015.03.30 19:55:03.375,8.59736,8.60043,1.30,1.00
2015.03.30 19:55:03.504,8.59736,8.60046,1.30,1.00
2015.03.30 19:55:03.619,8.59736,8.60045,1.30,1.75
2015.03.30 19:55:03.955,8.59736,8.60045,1.30,1.75
2015.03.30 19:55:04.374,8.59736,8.60045,1.30,1.75
2015.03.30 19:55:06.069,8.59715,8.60045,1.37,1.75
2015.03.30 19:55:06.197,8.59711,8.60045,1.37,1.75
2015.03.30 19:55:08.027,8.59703,8.60035,1.96,1.75
2015.03.30 19:55:11.787,8.59703,8.60035,1.96,1.75
2015.03.30 19:55:13.538,8.59703,8.60035,1.96,1.75
2015.03.30 19:55:13.639,8.59709,8.60043,1.50,1.75
2015.03.30 19:55:13.966,8.59733,8.60066,1.07,1.75
2015.03.30 19:55:14.996,8.59733,8.60066,1.07,1.75
2015.03.30 19:55:16.705,8.59733,8.60067,1.07,2.25
2015.03.30 19:55:18.047,8.59733,8.60066,1.07,1.75
2015.03.30 19:55:25.135,8.59733,8.60057,1.07,1.75
2015.03.30 19:55:25.218,8.59733,8.60057,1.07,1.00
2015.03.30 19:55:25.442,8.59736,8.60057,1.07,1.00
2015.03.30 19:55:25.796,8.59726,8.60057,1.37,1.75
2015.03.30 19:55:26.127,8.59703,8.60057,2.34,1.75
2015.03.30 19:55:26.767,8.59719,8.60057,1.67,1.75
2015.03.30 19:55:26.827,8.59719,8.60057,1.67,1.75
2015.03.30 19:55:26.979,8.59766,8.60087,1.30,1.75
2015.03.30 19:55:27.030,8.59786,8.60087,1.30,1.75
2015.03.30 19:55:27.081,8.59786,8.60087,1.37,1.75
2015.03.30 19:55:27.438,8.59786,8.60097,1.37,1.75
2015.03.30 19:55:29.058,8.59786,8.60097,1.37,1.75
2015.03.30 19:55:33.768,8.59786,8.60087,1.37,1.75
2015.03.30 19:55:34.257,8.59786,8.60087,1.37,1.75
2015.03.30 19:55:34.359,8.59786,8.60087,1.37,1.75
2015.03.30 19:55:34.558,8.59786,8.60087,1.37,1.75
2015.03.30 19:55:35.298,8.59786,8.60097,1.37,1.75
2015.03.30 19:55:36.364,8.59786,8.60097,1.37,1.75
2015.03.30 19:55:36.666,8.59786,8.60097,1.37,1.75
2015.03.30 19:55:37.969,8.59786,8.60097,1.37,1.75
2015.03.30 19:55:38.271,8.59786,8.60097,1.37,1.75
2015.03.30 19:55:38.573,8.59786,8.60097,1.37,1.75
2015.03.30 19:55:40.577,8.59786,8.60096,1.37,1.75
2015.03.30 19:55:41.425,8.59743,8.60097,2.34,1.75
2015.03.30 19:55:41.476,8.59818,8.60097,1.92,1.75
2015.03.30 19:55:41.527,8.59818,8.60097,1.92,1.00
2015.03.30 19:55:41.679,8.59751,8.60097,1.12,1.00
2015.03.30 19:55:41.730,8.59743,8.60097,2.34,1.00
2015.03.30 19:55:41.884,8.59743,8.60097,2.34,1.75
2015.03.30 19:55:42.198,8.59743,8.60097,2.34,1.75
2015.03.30 19:55:42.700,8.59743,8.60097,2.34,1.75
2015.03.30 19:55:42.792,8.59743,8.60097,2.34,1.75
2015.03.30 19:55:42.897,8.59743,8.60097,2.34,1.75
2015.03.30 19:55:44.598,8.59743,8.60097,2.34,1.75
2015.03.30 19:55:44.699,8.59743,8.60097,2.34,1.75
2015.03.30 19:55:44.918,8.59746,8.60097,2.25,1.75
2015.03.30 19:55:45.132,8.59746,8.60097,2.25,1.00
2015.03.30 19:55:45.425,8.59746,8.60097,2.25,1.75
2015.03.30 19:55:45.526,8.59746,8.60097,2.25,1.75
2015.03.30 19:55:45.628,8.59747,8.60097,2.25,1.75
2015.03.30 19:55:45.678,8.59747,8.60097,1.87,1.75
2015.03.30 19:55:47.736,8.59747,8.60097,1.87,1.75
2015.03.30 19:55:48.411,8.59743,8.60097,2.34,1.75
2015.03.30 19:55:49.315,8.59743,8.60097,2.34,1.75
2015.03.30 19:55:49.517,8.59743,8.60097,2.34,1.75
2015.03.30 19:55:49.618,8.59743,8.60097,2.34,1.75
2015.03.30 19:55:49.719,8.59743,8.60097,2.34,1.75
2015.03.30 19:55:49.964,8.59743,8.60097,2.34,1.75
2015.03.30 19:55:50.327,8.59743,8.60097,2.34,1.75
2015.03.30 19:55:50.721,8.59743,8.60097,2.34,1.75
2015.03.30 19:55:50.873,8.59743,8.60107,2.34,1.75
2015.03.30 19:55:50.924,8.59743,8.60097,2.34,1.00
2015.03.30 19:55:51.476,8.59743,8.60096,1.96,1.00
2015.03.30 19:55:51.828,8.59743,8.60096,1.96,1.75
2015.03.30 19:55:52.069,8.59743,8.60097,1.96,1.75
2015.03.30 19:55:52.471,8.59743,8.60087,1.96,1.75
2015.03.30 19:55:52.762,8.59743,8.60087,1.96,1.75
2015.03.30 19:55:55.646,8.59743,8.60087,1.96,1.75
2015.03.30 19:55:56.093,8.59743,8.60077,1.96,1.75
2015.03.30 19:55:56.849,8.59743,8.60077,1.96,1.75
2015.03.30 19:55:57.451,8.59743,8.60077,1.96,1.75
2015.03.30 19:55:57.653,8.59743,8.60077,1.96,1.00
2015.03.30 19:55:57.906,8.59746,8.60076,1.87,1.00
2015.03.30 19:55:57.956,8.59746,8.60076,1.87,1.75
2015.03.30 19:55:58.058,8.59745,8.60076,1.87,1.00
2015.03.30 19:55:58.609,8.59743,8.60076,1.96,1.00
2015.03.30 19:56:00.007,8.59743,8.60087,1.96,1.00
2015.03.30 19:56:00.605,8.59743,8.60087,1.96,1.00
2015.03.30 19:56:03.626,8.59743,8.60097,4.44,1.00
2015.03.30 19:56:04.218,8.59743,8.60087,4.44,1.00
2015.03.30 19:56:12.136,8.59747,8.60081,1.37,1.00
2015.03.30 19:56:12.296,8.5975,8.60082,1.37,1.00
2015.03.30 19:56:13.566,8.59757,8.60087,1.07,1.00
2015.03.30 19:56:16.808,8.59773,8.60087,1.00,1.00
2015.03.30 19:56:16.859,8.59773,8.60097,1.00,1.00
2015.03.30 19:56:17.435,8.59773,8.60097,1.37,1.00
2015.03.30 19:56:18.106,8.5979,8.60097,1.00,1.00
2015.03.30 19:56:18.357,8.5979,8.60107,1.00,1.00
2015.03.30 19:56:19.175,8.59789,8.60107,1.10,1.00
2015.03.30 19:56:19.877,8.59789,8.60097,1.10,1.00
2015.03.30 19:56:21.186,8.59795,8.60097,1.00,1.00
2015.03.30 19:56:22.251,8.59795,8.60106,1.00,1.00
2015.03.30 19:56:28.413,8.59795,8.60106,1.19,1.00
2015.03.30 19:56:29.075,8.59779,8.60107,1.56,1.00
2015.03.30 19:56:30.686,8.59779,8.60107,1.56,1.00
2015.03.30 19:56:32.920,8.59779,8.60107,1.56,1.00
2015.03.30 19:56:33.695,8.59779,8.60107,1.37,1.00
2015.03.30 19:56:34.136,8.59797,8.60107,1.00,1.00
2015.03.30 19:56:34.723,8.59789,8.60107,1.10,1.00
2015.03.30 19:56:38.447,8.59789,8.60097,1.10,1.00
2015.03.30 19:56:39.854,8.59779,8.60097,1.37,1.00
2015.03.30 19:56:39.956,8.59779,8.60107,1.37,1.00
2015.03.30 19:56:40.006,8.59779,8.60107,1.37,1.00
2015.03.30 19:56:40.845,8.59779,8.60101,1.37,1.00
2015.03.30 19:56:41.147,8.59779,8.60077,1.30,1.00
2015.03.30 19:56:41.747,8.59767,8.60077,1.07,1.00
2015.03.30 19:56:44.979,8.59767,8.60087,1.07,1.00
2015.03.30 19:56:45.522,8.59772,8.60087,1.75,1.00
2015.03.30 19:56:45.685,8.59772,8.60106,1.75,1.00
2015.03.30 19:56:45.837,8.5978,8.60107,1.75,1.00
2015.03.30 19:56:46.373,8.59784,8.60106,1.96,1.00
2015.03.30 19:56:51.109,8.59788,8.60097,1.37,1.00
2015.03.30 19:56:52.016,8.59788,8.60107,1.37,1.00
2015.03.30 19:56:53.775,8.59786,8.60097,1.37,1.00
2015.03.30 19:56:53.977,8.59784,8.60085,1.96,1.00
2015.03.30 19:56:54.342,8.59784,8.60077,1.96,1.00
2015.03.30 19:56:54.764,8.59784,8.60087,1.96,1.00
2015.03.30 19:56:54.959,8.59784,8.60077,1.96,1.00
2015.03.30 19:56:55.371,8.59784,8.60087,1.96,1.00
2015.03.30 19:56:59.798,8.59784,8.60077,1.96,1.00
2015.03.30 19:57:03.479,8.59784,8.60067,1.96,1.00
2015.03.30 19:57:03.744,8.59784,8.60077,1.96,1.00
2015.03.30 19:57:03.949,8.59784,8.60067,1.96,1.00
2015.03.30 19:57:05.788,8.59753,8.60057,2.34,1.00
2015.03.30 19:57:08.034,8.59754,8.60057,1.37,1.00
2015.03.30 19:57:08.209,8.59754,8.60047,1.37,1.00
2015.03.30 19:57:13.546,8.59754,8.60057,1.37,1.00
2015.03.30 19:57:14.362,8.59754,8.60056,1.37,1.00
2015.03.30 19:57:18.722,8.59754,8.60057,1.37,1.00
2015.03.30 19:57:19.900,8.59754,8.60067,1.37,1.00
2015.03.30 19:57:20.310,8.59762,8.60086,1.07,1.00
2015.03.30 19:57:20.476,8.59762,8.60086,1.75,1.00
2015.03.30 19:57:20.718,8.59762,8.60095,1.75,1.00
2015.03.30 19:57:21.045,8.59762,8.60087,1.75,1.00
2015.03.30 19:57:30.236,8.59762,8.60095,1.75,1.00
2015.03.30 19:57:30.287,8.59762,8.60095,1.75,1.00
2015.03.30 19:57:30.388,8.59777,8.60097,1.75,1.00
2015.03.30 19:57:30.439,8.59777,8.60087,1.75,1.00
2015.03.30 19:57:30.619,8.59777,8.60097,1.75,1.00
2015.03.30 19:57:31.550,8.5977,8.60077,1.75,1.00
2015.03.30 19:57:32.765,8.5977,8.60087,1.75,1.00
2015.03.30 19:57:33.264,8.59793,8.60077,1.96,1.00
2015.03.30 19:57:33.466,8.59793,8.60087,1.96,1.00
2015.03.30 19:57:35.571,8.59793,8.60087,1.66,1.00
2015.03.30 19:57:35.836,8.59763,8.60077,3.09,1.00
2015.03.30 19:57:35.886,8.59763,8.60071,2.34,1.00
2015.03.30 19:57:35.988,8.59763,8.60071,1.59,1.00
2015.03.30 19:57:36.104,8.59763,8.60064,1.59,1.00
2015.03.30 19:57:36.205,8.59763,8.60087,1.66,1.00
2015.03.30 19:57:36.257,8.59763,8.60077,1.66,1.00
2015.03.30 19:57:36.567,8.59763,8.60033,1.59,1.00
2015.03.30 19:57:36.954,8.59723,8.60033,1.96,1.00
2015.03.30 19:57:37.444,8.59723,8.60033,2.34,1.00
2015.03.30 19:57:37.495,8.59723,8.60067,2.34,1.00
2015.03.30 19:57:37.653,8.59723,8.60077,2.34,1.00
2015.03.30 19:57:39.957,8.59723,8.60067,2.34,1.00
2015.03.30 19:57:41.574,8.59723,8.60057,2.34,1.00
2015.03.30 19:57:42.395,8.59723,8.60027,2.34,1.00
2015.03.30 19:57:42.496,8.59723,8.60027,1.96,1.00
2015.03.30 19:57:43.628,8.59723,8.60055,1.96,1.00
2015.03.30 19:57:43.730,8.59725,8.60055,1.12,1.00
2015.03.30 19:57:43.780,8.59725,8.60057,1.12,1.00
2015.03.30 19:57:43.991,8.59723,8.60057,1.96,1.00
2015.03.30 19:57:44.514,8.59725,8.60057,1.12,1.00
2015.03.30 19:57:44.872,8.59742,8.60057,1.12,1.00
2015.03.30 19:57:45.914,8.59723,8.60057,2.34,1.00
2015.03.30 19:57:46.235,8.5976,8.60067,1.67,1.00
2015.03.30 19:57:46.445,8.5976,8.60067,2.05,1.00
2015.03.30 19:57:46.547,8.5976,8.60077,2.05,1.00
2015.03.30 19:57:46.633,8.5976,8.60086,2.05,1.00
2015.03.30 19:57:47.204,8.59763,8.60087,2.34,1.00
2015.03.30 19:57:47.984,8.59763,8.60086,2.34,1.00
2015.03.30 19:57:48.295,8.59763,8.60077,2.34,1.00
2015.03.30 19:57:48.396,8.59763,8.60087,2.34,1.00
2015.03.30 19:57:48.826,8.59763,8.60076,2.34,1.00
2015.03.30 19:57:49.181,8.59763,8.60045,1.96,1.00
2015.03.30 19:58:04.034,8.59763,8.60045,2.34,1.00
2015.03.30 19:58:04.085,8.59763,8.60057,2.34,1.00
2015.03.30 19:58:04.287,8.59793,8.60064,1.66,1.00
2015.03.30 19:58:12.982,8.59793,8.60062,1.66,1.00
2015.03.30 19:58:13.084,8.59763,8.60062,1.59,1.00
2015.03.30 19:58:13.185,8.59763,8.60046,1.59,1.00
2015.03.30 19:58:13.517,8.59763,8.60013,1.59,1.00
2015.03.30 19:58:13.585,8.59713,8.60013,1.96,1.00
2015.03.30 19:58:15.998,8.59713,8.60006,1.96,1.00
2015.03.30 19:58:18.058,8.59726,8.60037,1.07,1.00
2015.03.30 19:58:18.108,8.59754,8.60037,1.30,1.00
2015.03.30 19:58:18.412,8.59763,8.60043,1.96,1.00
2015.03.30 19:58:18.563,8.59763,8.60043,1.59,1.00
2015.03.30 19:58:19.578,8.59763,8.60057,1.59,1.00
2015.03.30 19:58:20.334,8.59763,8.60057,1.96,1.00
2015.03.30 19:58:20.875,8.59769,8.60077,1.37,1.00
2015.03.30 19:58:20.926,8.59763,8.60066,1.96,1.00
2015.03.30 19:58:21.128,8.59771,8.6007,1.07,1.00
2015.03.30 19:58:21.179,8.59771,8.60087,1.07,1.00
2015.03.30 19:58:21.229,8.59771,8.60087,1.37,1.00
2015.03.30 19:58:21.552,8.59771,8.60077,1.37,1.00
2015.03.30 19:58:21.773,8.59771,8.60087,1.37,1.00
2015.03.30 19:58:21.875,8.59793,8.6009,1.66,1.00
2015.03.30 19:58:21.976,8.59793,8.60117,2.34,1.00
2015.03.30 19:58:22.282,8.59793,8.60107,2.34,1.00
2015.03.30 19:58:23.162,8.59793,8.60107,2.34,1.00
2015.03.30 19:58:23.213,8.59793,8.60117,2.34,1.00
2015.03.30 19:58:23.413,8.59793,8.60107,2.34,1.00
2015.03.30 19:58:24.313,8.59793,8.60095,2.34,1.00
2015.03.30 19:58:24.482,8.59793,8.60087,1.66,1.00
2015.03.30 19:58:25.613,8.59793,8.60095,1.66,1.00
2015.03.30 19:58:25.716,8.59793,8.60095,2.34,1.00
2015.03.30 19:58:25.767,8.59793,8.60117,2.34,1.00
2015.03.30 19:58:25.817,8.59793,8.60106,2.34,1.00
2015.03.30 19:58:25.919,8.59793,8.60087,1.66,1.00
2015.03.30 19:58:26.933,8.59793,8.60117,1.96,1.00
2015.03.30 19:58:27.259,8.59793,8.60117,2.34,1.00
2015.03.30 19:58:28.271,8.59793,8.60117,2.34,1.00
2015.03.30 19:58:28.474,8.59793,8.60095,1.96,1.00
2015.03.30 19:58:29.254,8.59778,8.60087,1.75,1.00
2015.03.30 19:58:29.556,8.59778,8.60087,1.75,1.00
2015.03.30 19:58:29.851,8.59778,8.60097,1.75,1.00
2015.03.30 19:58:30.162,8.59778,8.60117,1.75,1.00
2015.03.30 19:58:30.264,8.59778,8.60126,1.75,1.00
2015.03.30 19:58:30.368,8.59778,8.60117,1.75,1.00
2015.03.30 19:58:30.675,8.59778,8.60117,1.75,1.00
2015.03.30 19:58:31.282,8.5978,8.60114,1.75,1.00
2015.03.30 19:58:31.434,8.5978,8.60095,1.75,1.00
2015.03.30 19:58:31.716,8.59816,8.60097,1.37,1.00
2015.03.30 19:58:31.767,8.59816,8.60097,2.05,1.00
2015.03.30 19:58:32.072,8.5983,8.60127,1.75,1.00
2015.03.30 19:58:32.646,8.59827,8.60127,1.75,1.00
2015.03.30 19:58:32.988,8.59827,8.60127,1.75,1.00
2015.03.30 19:58:33.202,8.59827,8.60127,1.75,1.00
2015.03.30 19:58:33.412,8.59827,8.60127,1.37,1.00
2015.03.30 19:58:33.463,8.59827,8.60137,1.37,1.00
2015.03.30 19:58:33.614,8.59838,8.60137,1.75,1.00
2015.03.30 19:58:33.766,8.59846,8.60147,1.75,1.00
2015.03.30 19:58:33.867,8.59846,8.60137,1.75,1.00
2015.03.30 19:58:34.171,8.5988,8.60137,2.05,1.00
2015.03.30 19:58:34.274,8.5988,8.60167,2.05,1.00
2015.03.30 19:58:34.376,8.5988,8.60137,2.05,1.00
2015.03.30 19:58:34.795,8.5988,8.60157,2.05,1.00
2015.03.30 19:58:34.898,8.5988,8.60147,2.05,1.00
2015.03.30 19:58:35.005,8.5988,8.60186,2.05,1.00
2015.03.30 19:58:35.209,8.5988,8.60196,2.05,1.00
2015.03.30 19:58:35.522,8.5988,8.60187,2.05,1.00
2015.03.30 19:58:36.089,8.5988,8.60197,2.05,1.00
2015.03.30 19:58:36.504,8.5988,8.60187,2.05,1.00
2015.03.30 19:58:37.433,8.5988,8.60197,2.05,1.00
2015.03.30 19:58:37.483,8.5988,8.60197,2.05,1.00
2015.03.30 19:58:37.703,8.5988,8.60173,1.67,1.00
2015.03.30 19:58:37.754,8.5988,8.60167,1.67,1.00
2015.03.30 19:58:38.087,8.5988,8.60167,1.67,1.00
2015.03.30 19:58:38.138,8.5988,8.60167,1.67,1.00
2015.03.30 19:58:38.703,8.5988,8.60167,2.05,1.00
2015.03.30 19:58:38.905,8.5988,8.60167,2.05,1.00
2015.03.30 19:58:39.006,8.59815,8.60167,2.10,1.00
2015.03.30 19:58:39.158,8.59815,8.60167,2.47,1.00
2015.03.30 19:58:39.432,8.59815,8.60197,1.37,1.75
2015.03.30 19:58:39.908,8.59815,8.60187,2.05,1.12
2015.03.30 19:58:40.461,8.59815,8.60157,2.05,1.00
2015.03.30 19:58:40.561,8.59815,8.60167,2.05,1.00
2015.03.30 19:58:40.612,8.59815,8.60135,2.05,1.00
2015.03.30 19:58:40.663,8.59815,8.60126,1.37,1.00
2015.03.30 19:58:41.622,8.59815,8.60167,1.37,1.37
2015.03.30 19:58:41.673,8.59815,8.60167,2.05,1.00
2015.03.30 19:58:41.993,8.59815,8.60157,2.05,1.00
2015.03.30 19:58:42.298,8.59815,8.60147,2.05,1.00
2015.03.30 19:58:42.603,8.59838,8.60147,2.70,1.00
2015.03.30 19:58:42.654,8.59838,8.60157,1.88,1.00
2015.03.30 19:58:42.965,8.59833,8.60117,2.34,1.00
2015.03.30 19:58:43.304,8.59833,8.60117,2.34,1.00
2015.03.30 19:58:43.402,8.59833,8.60117,2.34,1.00
2015.03.30 19:58:43.529,8.59833,8.60127,2.34,1.00
2015.03.30 19:58:43.631,8.59833,8.60127,2.34,1.00
2015.03.30 19:58:43.938,8.59833,8.60147,2.34,1.00
2015.03.30 19:58:44.271,8.59833,8.60267,2.34,1.30
2015.03.30 19:58:44.323,8.59882,8.60272,1.05,1.00
2015.03.30 19:58:44.653,8.59882,8.60272,1.67,1.00
2015.03.30 19:58:44.805,8.59882,8.60276,1.67,1.00
2015.03.30 19:58:44.906,8.59882,8.60334,1.67,2.05
2015.03.30 19:58:44.957,8.59882,8.60334,2.05,1.30
2015.03.30 19:58:45.168,8.59882,8.60334,2.05,1.30
2015.03.30 19:58:45.687,8.59882,8.60334,2.05,1.30
2015.03.30 19:58:46.051,8.59882,8.60334,2.05,1.30
2015.03.30 19:58:46.385,8.59898,8.60232,1.00,1.00
2015.03.30 19:58:46.803,8.59882,8.60184,1.67,1.00
2015.03.30 19:58:47.147,8.59882,8.60184,1.30,1.00
2015.03.30 19:58:47.552,8.59882,8.60208,1.30,1.00
2015.03.30 19:58:47.673,8.59891,8.60208,1.00,1.00
2015.03.30 19:58:47.782,8.59882,8.60208,1.05,1.00
2015.03.30 19:58:50.900,8.59882,8.60206,1.05,1.00
2015.03.30 19:58:51.193,8.59882,8.60257,1.05,1.00
2015.03.30 19:58:51.253,8.59882,8.60257,1.67,1.00
2015.03.30 19:58:51.304,8.59882,8.60282,1.67,1.19
2015.03.30 19:58:51.808,8.59882,8.60249,1.67,1.00
2015.03.30 19:58:51.910,8.59882,8.60249,1.30,1.00
2015.03.30 19:58:51.961,8.59882,8.60267,1.30,1.00
2015.03.30 19:58:52.062,8.59882,8.60275,1.30,1.00
2015.03.30 19:58:52.113,8.59882,8.60275,1.37,1.00
2015.03.30 19:58:52.163,8.59882,8.60298,1.37,1.00
2015.03.30 19:58:52.315,8.59882,8.60298,1.67,1.00
2015.03.30 19:58:52.618,8.60027,8.60343,1.30,1.00
2015.03.30 19:58:52.876,8.60027,8.60397,1.30,1.00
2015.03.30 19:58:53.028,8.60027,8.60416,1.30,1.00
2015.03.30 19:58:53.079,8.60061,8.60416,1.00,1.00
2015.03.30 19:58:53.382,8.60108,8.60399,1.37,1.00
2015.03.30 19:58:53.685,8.60093,8.60399,2.34,1.00
2015.03.30 19:58:53.837,8.60113,8.60427,1.75,1.00
2015.03.30 19:58:53.938,8.6013,8.60447,1.67,1.50
2015.03.30 19:58:53.989,8.6015,8.60447,1.37,1.00
2015.03.30 19:58:54.292,8.60153,8.60433,1.96,1.00
2015.03.30 19:58:54.343,8.60153,8.60452,1.96,1.00
2015.03.30 19:58:54.444,8.60153,8.60452,1.59,1.00
2015.03.30 19:58:54.495,8.60153,8.60456,1.59,1.00
2015.03.30 19:58:55.051,8.60153,8.60453,1.59,1.00
2015.03.30 19:58:55.326,8.60103,8.60437,2.34,1.00
2015.03.30 19:58:55.482,8.60103,8.60434,1.59,1.00
2015.03.30 19:58:55.861,8.60103,8.60418,1.59,1.00
2015.03.30 19:58:57.259,8.60103,8.6041,1.59,1.00
2015.03.30 19:58:57.692,8.60076,8.6041,1.00,1.00
2015.03.30 19:58:58.144,8.60053,8.60443,1.96,1.12
2015.03.30 19:58:58.245,8.60053,8.60453,1.96,1.37
2015.03.30 19:58:58.296,8.60053,8.60453,2.34,1.00
2015.03.30 19:58:58.543,8.60053,8.60466,1.96,1.75
2015.03.30 19:58:58.816,8.60079,8.60413,1.07,1.00
2015.03.30 19:58:58.920,8.60091,8.60425,1.00,1.00
2015.03.30 19:58:59.234,8.60096,8.6043,1.00,1.00
2015.03.30 19:58:59.335,8.60053,8.6047,1.96,1.07
2015.03.30 19:58:59.486,8.60053,8.60471,2.34,1.30
2015.03.30 19:58:59.795,8.60101,8.60433,1.37,1.00
2015.03.30 19:58:59.940,8.60101,8.60433,1.00,1.00
2015.03.30 19:59:00.052,8.60101,8.60433,1.37,1.00
2015.03.30 19:59:00.105,8.60112,8.60446,1.37,1.00
2015.03.30 19:59:00.333,8.6012,8.60454,1.07,1.00
2015.03.30 19:59:00.434,8.60127,8.60462,1.07,1.00
2015.03.30 19:59:00.586,8.60113,8.60438,1.96,1.00
2015.03.30 19:59:00.688,8.60113,8.60497,1.59,1.75
2015.03.30 19:59:00.789,8.60085,8.60497,2.05,1.75
2015.03.30 19:59:01.096,8.60085,8.60406,1.30,1.00
2015.03.30 19:59:01.592,8.60085,8.60406,1.67,1.00
2015.03.30 19:59:02.032,8.60085,8.60406,1.30,1.00
2015.03.30 19:59:02.645,8.60085,8.60398,1.30,1.00
2015.03.30 19:59:02.863,8.60085,8.60476,1.30,1.00
2015.03.30 19:59:02.914,8.60085,8.60476,1.30,1.37
2015.03.30 19:59:03.015,8.60085,8.60476,1.30,1.37
2015.03.30 19:59:03.116,8.60085,8.60419,1.72,1.00
2015.03.30 19:59:03.420,8.60085,8.60405,1.30,1.00
2015.03.30 19:59:03.842,8.60085,8.60398,1.30,1.00
2015.03.30 19:59:04.191,8.60085,8.60472,1.30,1.07
2015.03.30 19:59:04.342,8.60085,8.60472,1.30,1.45
2015.03.30 19:59:04.709,8.60085,8.60403,1.30,1.00
2015.03.30 19:59:05.273,8.60085,8.60472,1.30,1.37
2015.03.30 19:59:05.388,8.60085,8.60472,1.30,1.00
2015.03.30 19:59:05.542,8.60085,8.60472,1.67,1.00
2015.03.30 19:59:06.037,8.60085,8.60395,1.30,1.00
2015.03.30 19:59:06.602,8.60085,8.60472,1.30,1.87
2015.03.30 19:59:06.755,8.60085,8.60472,1.67,1.00
2015.03.30 19:59:06.861,8.60085,8.60472,1.67,1.37
2015.03.30 19:59:06.962,8.60085,8.60472,1.67,1.00
2015.03.30 19:59:07.013,8.60065,8.60463,2.05,1.30
2015.03.30 19:59:07.064,8.60043,8.60463,2.34,2.05
2015.03.30 19:59:07.165,8.60043,8.60433,1.59,1.00
2015.03.30 19:59:07.289,8.60012,8.60463,1.67,1.80
2015.03.30 19:59:08.079,8.60012,8.60463,2.05,1.30
2015.03.30 19:59:08.424,8.60041,8.60375,1.37,1.00
2015.03.30 19:59:08.792,8.60028,8.60362,1.50,1.00
2015.03.30 19:59:08.843,8.60028,8.60362,1.12,1.00
2015.03.30 19:59:09.074,8.60028,8.60362,1.10,1.00
2015.03.30 19:59:09.125,8.60012,8.60346,2.10,1.00
2015.03.30 19:59:09.231,8.60012,8.604,1.67,1.00
2015.03.30 19:59:09.282,8.60012,8.604,2.05,1.00
2015.03.30 19:59:09.383,8.60012,8.60414,2.05,1.00
2015.03.30 19:59:09.484,8.60021,8.60356,1.07,1.00
2015.03.30 19:59:09.786,8.60012,8.60338,1.37,1.00
2015.03.30 19:59:10.332,8.60012,8.60414,1.37,1.00
2015.03.30 19:59:10.383,8.60012,8.60393,1.30,1.00
2015.03.30 19:59:10.686,8.60012,8.60439,1.67,1.00
2015.03.30 19:59:11.189,8.60012,8.60423,1.67,1.00
2015.03.30 19:59:11.611,8.60012,8.60423,1.80,1.37
2015.03.30 19:59:11.813,8.60017,8.60454,1.12,1.00
2015.03.30 19:59:12.065,8.60017,8.60382,1.12,1.00
2015.03.30 19:59:12.267,8.59995,8.60326,1.07,1.00
2015.03.30 19:59:12.318,8.60017,8.60351,1.00,1.00
2015.03.30 19:59:12.470,8.60017,8.60351,1.75,1.00
2015.03.30 19:59:12.812,8.60017,8.60351,1.75,1.00
2015.03.30 19:59:13.093,8.60013,8.60416,2.05,1.37
2015.03.30 19:59:13.245,8.60013,8.60452,2.05,1.00
2015.03.30 19:59:13.346,8.60013,8.60465,2.05,1.30
2015.03.30 19:59:13.447,8.60076,8.60496,1.67,1.00
2015.03.30 19:59:13.548,8.60076,8.60497,1.37,1.07
2015.03.30 19:59:13.793,8.60076,8.60527,2.05,2.12
2015.03.30 19:59:14.344,8.60076,8.60527,1.37,1.35
2015.03.30 19:59:14.546,8.6015,8.60537,1.30,1.37
2015.03.30 19:59:14.647,8.60084,8.60536,1.67,1.67
2015.03.30 19:59:14.799,8.60084,8.60536,2.05,1.67
2015.03.30 19:59:14.901,8.60084,8.60536,2.05,1.30
2015.03.30 19:59:15.103,8.60084,8.60536,1.37,1.37
2015.03.30 19:59:15.452,8.60084,8.60536,1.67,2.05
2015.03.30 19:59:15.771,8.60084,8.60536,2.05,1.37
2015.03.30 19:59:15.872,8.60103,8.60437,1.37,1.00
2015.03.30 19:59:16.074,8.60089,8.60423,1.07,1.00
2015.03.30 19:59:16.636,8.60089,8.60423,1.07,1.00
2015.03.30 19:59:17.482,8.60084,8.60408,1.37,1.00
2015.03.30 19:59:17.966,8.60084,8.60408,1.30,1.00
2015.03.30 19:59:18.364,8.60084,8.60415,1.30,1.00
2015.03.30 19:59:18.516,8.60097,8.60431,1.07,1.00
2015.03.30 19:59:18.959,8.60084,8.60415,1.67,1.00
2015.03.30 19:59:19.073,8.60084,8.60408,1.37,1.00
2015.03.30 19:59:22.382,8.60084,8.60408,1.30,1.00
2015.03.30 19:59:24.997,8.60084,8.60415,1.30,1.00
2015.03.30 19:59:25.917,8.60084,8.60408,1.30,1.00
2015.03.30 19:59:26.392,8.60084,8.604,1.30,1.00
2015.03.30 19:59:26.781,8.60084,8.60478,1.30,1.00
2015.03.30 19:59:26.983,8.60084,8.60478,1.67,1.00
2015.03.30 19:59:27.150,8.60084,8.60517,1.67,1.01
2015.03.30 19:59:27.201,8.60084,8.60519,1.67,1.01
2015.03.30 19:59:27.772,8.60084,8.60519,1.30,1.31
2015.03.30 19:59:28.311,8.60084,8.60503,2.05,1.00
2015.03.30 19:59:28.363,8.60084,8.60521,2.05,1.12
2015.03.30 19:59:28.464,8.60084,8.605,2.05,1.00
2015.03.30 19:59:28.515,8.60084,8.605,1.30,1.07
2015.03.30 19:59:29.513,8.60084,8.60536,1.67,1.67
2015.03.30 19:59:30.052,8.60084,8.60536,2.05,1.30
2015.03.30 19:59:30.262,8.60084,8.60536,2.05,1.30
2015.03.30 19:59:30.521,8.60084,8.60536,2.05,1.30
2015.03.30 19:59:30.682,8.60149,8.60557,1.30,1.59
2015.03.30 19:59:30.783,8.60149,8.606,1.30,1.67
2015.03.30 19:59:32.815,8.60149,8.606,1.30,2.05
2015.03.30 19:59:33.217,8.60149,8.606,2.05,2.05
2015.03.30 19:59:33.268,8.60149,8.606,2.12,1.37
2015.03.30 19:59:33.381,8.60149,8.606,1.37,1.37
2015.03.30 19:59:33.482,8.60215,8.60637,1.30,1.75
2015.03.30 19:59:35.410,8.60143,8.60463,1.66,1.00
2015.03.30 19:59:35.721,8.60055,8.60363,1.75,1.00
2015.03.30 19:59:36.028,8.60055,8.60352,1.37,1.00
2015.03.30 19:59:36.462,8.60052,8.60352,1.37,1.00
2015.03.30 19:59:36.570,8.60052,8.60363,1.37,1.00
2015.03.30 19:59:39.211,8.6005,8.60365,1.67,1.00
2015.03.30 19:59:39.890,8.6005,8.60452,1.67,1.37
2015.03.30 19:59:40.093,8.6005,8.60501,2.05,1.67
2015.03.30 19:59:40.295,8.6005,8.60467,2.05,1.59
2015.03.30 19:59:40.397,8.6005,8.60467,2.05,1.59
2015.03.30 19:59:40.498,8.6005,8.60501,2.05,1.30
2015.03.30 19:59:40.739,8.6005,8.60501,2.05,1.30
2015.03.30 19:59:41.274,8.6005,8.60501,1.67,1.30
2015.03.30 19:59:42.276,8.6005,8.60501,1.37,1.67
2015.03.30 19:59:42.599,8.6005,8.60501,1.37,2.05
2015.03.30 19:59:42.935,8.6005,8.60501,1.30,2.05
2015.03.30 19:59:43.037,8.6005,8.60501,1.30,1.37
2015.03.30 19:59:43.851,8.6005,8.60477,1.30,1.00
2015.03.30 19:59:44.221,8.6005,8.60467,1.30,1.00
2015.03.30 19:59:44.601,8.6005,8.60467,1.30,1.37
2015.03.30 19:59:45.792,8.6005,8.60477,1.30,1.07
2015.03.30 19:59:46.195,8.60121,8.60497,1.30,1.37
2015.03.30 19:59:46.347,8.60121,8.60517,1.30,1.37
2015.03.30 19:59:47.021,8.60121,8.60527,1.30,1.00
2015.03.30 19:59:47.072,8.60121,8.60516,1.30,1.00
2015.03.30 19:59:48.871,8.60121,8.60516,1.30,1.37
2015.03.30 19:59:51.841,8.60121,8.60546,1.30,1.37
2015.03.30 19:59:52.395,8.60121,8.60573,1.67,1.67
2015.03.30 19:59:55.589,8.60121,8.60547,1.30,1.37
2015.03.30 19:59:55.711,8.60121,8.60547,1.30,1.07
2015.03.30 19:59:58.155,8.60191,8.60577,1.30,1.50
2015.03.30 19:59:58.205,8.60191,8.60577,1.30,1.07
2015.03.30 19:59:58.445,8.60191,8.60602,1.30,1.07
