2010.11.11 06:00:00.513,6.73347,6.73721,1.20,1.50
2010.11.11 06:00:02.374,6.73347,6.73701,1.20,1.50
2010.11.11 06:00:03.608,6.73313,6.73701,1.10,1.50
2010.11.11 06:00:03.715,6.73308,6.7367,1.20,1.50
2010.11.11 06:00:03.935,6.73268,6.73651,2.10,1.50
2010.11.11 06:00:04.043,6.73268,6.73651,2.10,1.50
2010.11.11 06:00:04.263,6.73274,6.7367,2.60,1.50
2010.11.11 06:00:04.895,6.73268,6.73651,2.10,1.50
2010.11.11 06:00:05.356,6.73267,6.73651,2.10,1.50
2010.11.11 06:00:05.575,6.73274,6.7367,2.60,1.50
2010.11.11 06:00:06.203,6.73274,6.7367,2.60,1.50
2010.11.11 06:00:06.896,6.73318,6.7369,1.20,1.50
2010.11.11 06:00:07.436,6.73294,6.7369,2.80,1.50
2010.11.11 06:00:07.544,6.73318,6.7369,1.20,1.50
2010.11.11 06:00:07.764,6.73294,6.7369,2.60,1.50
2010.11.11 06:00:09.175,6.73318,6.7369,1.20,1.50
2010.11.11 06:00:11.256,6.73323,6.73719,2.60,1.50
2010.11.11 06:00:11.364,6.73323,6.73719,2.80,1.50
2010.11.11 06:00:11.475,6.73338,6.73719,1.30,1.50
2010.11.11 06:00:13.490,6.73338,6.73719,1.30,1.50
2010.11.11 06:00:15.016,6.73304,6.737,2.80,1.50
2010.11.11 06:00:16.864,6.73287,6.73671,1.30,1.50
2010.11.11 06:00:18.950,6.73295,6.73691,2.40,1.50
2010.11.11 06:00:19.636,6.73295,6.73691,2.60,1.50
2010.11.11 06:00:19.743,6.73324,6.7372,2.60,1.50
2010.11.11 06:00:20.464,6.73347,6.73766,1.20,1.50
2010.11.11 06:00:20.579,6.73367,6.73766,1.30,1.50
2010.11.11 06:00:20.915,6.73352,6.73748,2.80,1.50
2010.11.11 06:00:21.600,6.73367,6.73748,1.30,1.50
2010.11.11 06:00:21.934,6.73383,6.73766,1.10,1.50
2010.11.11 06:00:22.153,6.7337,6.73766,2.60,1.50
2010.11.11 06:00:24.183,6.7337,6.73766,2.60,1.50
2010.11.11 06:00:25.205,6.73372,6.73766,1.10,1.50
2010.11.11 06:00:25.314,6.73367,6.7375,1.30,1.50
2010.11.11 06:00:27.826,6.73367,6.7375,1.30,1.50
2010.11.11 06:00:28.743,6.73367,6.7375,1.20,1.50
2010.11.11 06:00:29.183,6.73324,6.7372,2.60,1.50
2010.11.11 06:00:32.725,6.73348,6.7372,1.20,1.50
2010.11.11 06:00:32.833,6.73348,6.73739,1.30,1.50
2010.11.11 06:00:35.040,6.73343,6.73739,2.60,1.50
2010.11.11 06:00:35.737,6.73313,6.737,1.10,1.50
2010.11.11 06:00:37.595,6.73358,6.73671,1.20,1.50
2010.11.11 06:00:37.813,6.73358,6.73734,1.30,1.50
2010.11.11 06:00:38.144,6.73342,6.7372,1.10,1.50
2010.11.11 06:00:38.364,6.73337,6.7372,1.30,1.50
2010.11.11 06:00:39.547,6.73324,6.7372,2.30,1.50
2010.11.11 06:00:39.983,6.73324,6.7372,2.20,1.50
2010.11.11 06:00:40.645,6.73304,6.737,2.60,1.50
2010.11.11 06:00:40.975,6.73337,6.7372,1.30,1.50
2010.11.11 06:00:41.084,6.73332,6.7372,1.10,1.50
2010.11.11 06:00:43.854,6.73332,6.7372,1.10,1.50
2010.11.11 06:00:46.471,6.73332,6.7372,1.10,1.50
2010.11.11 06:00:46.585,6.73338,6.7372,1.30,1.50
2010.11.11 06:00:48.593,6.73397,6.7372,1.20,1.50
2010.11.11 06:00:49.215,6.73402,6.73786,1.10,1.50
2010.11.11 06:00:52.062,6.73402,6.7382,1.10,1.50
2010.11.11 06:00:52.174,6.73397,6.7382,1.20,1.50
2010.11.11 06:00:53.712,6.73397,6.7382,1.20,1.50
2010.11.11 06:00:54.153,6.73367,6.73785,1.20,1.50
2010.11.11 06:00:54.374,6.73321,6.73785,2.60,1.50
2010.11.11 06:00:56.387,6.73321,6.73785,2.60,1.50
2010.11.11 06:00:57.030,6.7329,6.73753,2.60,1.50
2010.11.11 06:00:59.123,6.7329,6.73753,2.60,1.50
2010.11.11 06:01:00.930,6.7327,6.73734,2.60,1.50
2010.11.11 06:01:01.264,6.7327,6.73734,2.60,1.50
2010.11.11 06:01:03.448,6.73289,6.73753,2.60,1.50
2010.11.11 06:01:07.449,6.73289,6.73753,2.60,1.50
2010.11.11 06:01:11.501,6.73289,6.73753,2.60,1.50
2010.11.11 06:01:13.949,6.73289,6.73753,2.60,1.50
2010.11.11 06:01:16.277,6.73289,6.73753,2.60,1.50
2010.11.11 06:01:18.284,6.73289,6.73753,2.60,1.50
2010.11.11 06:01:20.899,6.73289,6.73753,2.60,1.50
2010.11.11 06:01:22.817,6.73267,6.73733,2.10,1.50
2010.11.11 06:01:23.145,6.73267,6.73707,2.10,1.50
2010.11.11 06:01:25.223,6.73267,6.73707,2.10,1.50
2010.11.11 06:01:27.433,6.73267,6.73707,2.10,1.50
2010.11.11 06:01:28.533,6.73298,6.73707,1.20,1.50
2010.11.11 06:01:28.867,6.73298,6.73704,1.20,1.50
2010.11.11 06:01:28.974,6.73298,6.73704,1.20,1.50
2010.11.11 06:01:30.127,6.73287,6.73704,1.20,1.50
2010.11.11 06:01:31.085,6.73267,6.73704,2.10,1.50
2010.11.11 06:01:33.056,6.73267,6.73704,2.10,1.50
2010.11.11 06:01:38.875,6.73267,6.73704,2.10,1.50
2010.11.11 06:01:42.621,6.73267,6.73704,2.10,1.50
2010.11.11 06:01:46.297,6.73268,6.73704,2.10,1.50
2010.11.11 06:01:46.696,6.73268,6.73704,2.10,1.50
2010.11.11 06:01:49.013,6.73268,6.73704,2.10,1.50
2010.11.11 06:01:49.313,6.73268,6.73704,2.10,1.50
2010.11.11 06:01:52.936,6.73268,6.73704,2.10,1.50
2010.11.11 06:01:56.644,6.73268,6.73704,2.10,1.50
2010.11.11 06:01:59.034,6.73298,6.73704,1.20,1.50
2010.11.11 06:02:01.371,6.73298,6.73704,1.20,1.50
2010.11.11 06:02:02.585,6.73268,6.73704,2.10,1.50
2010.11.11 06:02:06.705,6.73268,6.73704,2.10,1.50
2010.11.11 06:02:08.725,6.73268,6.73704,2.10,1.50
2010.11.11 06:02:11.158,6.73268,6.73704,2.10,1.50
2010.11.11 06:02:11.286,6.73268,6.73704,2.10,1.50
2010.11.11 06:02:13.734,6.73268,6.73704,2.10,1.50
2010.11.11 06:02:15.454,6.73268,6.73704,2.10,1.50
2010.11.11 06:02:15.784,6.73337,6.7373,1.20,1.50
2010.11.11 06:02:16.253,6.73337,6.7375,1.20,1.50
2010.11.11 06:02:19.072,6.73337,6.7375,1.20,1.50
2010.11.11 06:02:22.935,6.73337,6.7375,1.20,1.50
2010.11.11 06:02:23.787,6.73298,6.73734,1.20,1.50
2010.11.11 06:02:23.899,6.73298,6.73734,1.20,1.50
2010.11.11 06:02:26.019,6.73298,6.73704,1.20,1.50
2010.11.11 06:02:26.238,6.73278,6.7375,2.60,1.50
2010.11.11 06:02:27.996,6.73286,6.7375,2.60,1.50
2010.11.11 06:02:28.105,6.73286,6.7375,2.60,1.50
2010.11.11 06:02:28.221,6.73268,6.73734,2.10,1.50
2010.11.11 06:02:30.213,6.73274,6.73684,2.60,1.50
2010.11.11 06:02:33.253,6.73274,6.7367,2.60,1.50
2010.11.11 06:02:33.799,6.73312,6.73716,1.10,1.50
2010.11.11 06:02:34.026,6.73302,6.73696,1.10,1.50
2010.11.11 06:02:34.134,6.73277,6.73673,2.70,1.50
2010.11.11 06:02:36.163,6.73277,6.73673,2.70,1.50
2010.11.11 06:02:36.384,6.73274,6.7367,2.30,1.50
2010.11.11 06:02:36.495,6.73274,6.7367,2.60,1.50
2010.11.11 06:02:37.205,6.73274,6.7367,2.60,1.50
2010.11.11 06:02:37.815,6.73274,6.73683,2.60,1.50
2010.11.11 06:02:37.923,6.73267,6.73704,2.10,1.50
2010.11.11 06:02:41.297,6.73267,6.73704,2.10,1.50
2010.11.11 06:02:41.945,6.73308,6.73704,1.20,1.50
2010.11.11 06:02:44.061,6.73308,6.73704,1.20,1.50
2010.11.11 06:02:47.204,6.73308,6.73704,1.20,1.50
2010.11.11 06:02:47.532,6.73268,6.73704,2.10,1.50
2010.11.11 06:02:47.643,6.73268,6.73753,2.10,1.50
2010.11.11 06:02:47.753,6.73267,6.73753,4.00,1.50
2010.11.11 06:02:49.802,6.73289,6.73753,2.60,1.50
2010.11.11 06:02:50.751,6.7327,6.73733,2.60,1.50
2010.11.11 06:02:53.682,6.7327,6.73733,2.60,1.50
2010.11.11 06:02:55.690,6.7327,6.73733,2.60,1.50
2010.11.11 06:02:56.114,6.73327,6.73733,1.20,1.50
2010.11.11 06:02:56.553,6.73289,6.73753,2.60,1.50
2010.11.11 06:02:59.062,6.73289,6.73753,2.60,1.50
2010.11.11 06:03:01.160,6.73289,6.73753,2.60,1.50
2010.11.11 06:03:01.846,6.73318,6.73753,1.20,1.50
2010.11.11 06:03:02.173,6.7327,6.73733,2.60,1.50
2010.11.11 06:03:03.043,6.73347,6.73753,1.20,1.50
2010.11.11 06:03:03.157,6.73337,6.73753,1.20,1.50
2010.11.11 06:03:03.517,6.73289,6.73753,2.60,1.50
2010.11.11 06:03:04.957,6.73308,6.73733,1.20,1.50
2010.11.11 06:03:05.723,6.73308,6.73733,1.30,1.50
2010.11.11 06:03:05.835,6.73327,6.73753,1.20,1.50
2010.11.11 06:03:06.846,6.7327,6.73733,2.60,1.50
2010.11.11 06:03:08.484,6.73288,6.73733,1.30,1.50
2010.11.11 06:03:08.594,6.73288,6.73704,1.20,1.50
2010.11.11 06:03:11.094,6.73268,6.73704,2.10,1.50
2010.11.11 06:03:12.704,6.73268,6.73704,2.10,1.50
2010.11.11 06:03:13.463,6.73268,6.73724,2.10,1.50
2010.11.11 06:03:14.543,6.73287,6.73724,1.20,1.50
2010.11.11 06:03:14.763,6.73317,6.73724,1.20,1.50
2010.11.11 06:03:15.326,6.73308,6.73724,1.20,1.50
2010.11.11 06:03:17.413,6.73308,6.73724,1.20,1.50
2010.11.11 06:03:19.528,6.73308,6.73724,1.20,1.50
2010.11.11 06:03:21.834,6.73308,6.73724,1.20,1.50
2010.11.11 06:03:24.193,6.73308,6.73724,1.20,1.50
2010.11.11 06:03:26.476,6.73308,6.73724,1.20,1.50
2010.11.11 06:03:27.823,6.73318,6.73724,1.20,1.50
2010.11.11 06:03:30.049,6.73318,6.73724,1.20,1.50
2010.11.11 06:03:32.134,6.73318,6.73724,1.20,1.50
2010.11.11 06:03:32.243,6.73318,6.73753,1.20,1.50
2010.11.11 06:03:33.202,6.73318,6.73753,1.20,1.50
2010.11.11 06:03:35.664,6.73318,6.73733,1.20,1.50
2010.11.11 06:03:37.781,6.73318,6.73733,1.20,1.50
2010.11.11 06:03:38.893,6.7327,6.73733,2.80,1.50
2010.11.11 06:03:41.162,6.73323,6.73719,2.80,1.50
2010.11.11 06:03:43.204,6.73288,6.73719,1.20,1.50
2010.11.11 06:03:43.915,6.73206,6.73602,2.60,1.50
2010.11.11 06:03:44.047,6.73177,6.73573,2.60,1.50
2010.11.11 06:03:47.331,6.73177,6.73573,2.60,1.50
2010.11.11 06:03:47.445,6.73208,6.73573,1.20,1.50
2010.11.11 06:03:47.885,6.73177,6.73573,2.60,1.50
2010.11.11 06:03:48.214,6.73196,6.73592,2.70,1.50
2010.11.11 06:03:49.882,6.73207,6.73592,1.30,1.50
2010.11.11 06:03:49.995,6.73197,6.73592,1.30,1.50
2010.11.11 06:03:50.778,6.73197,6.73573,1.30,1.50
2010.11.11 06:03:50.886,6.73197,6.73606,1.20,1.50
2010.11.11 06:03:53.333,6.73143,6.73606,2.60,1.50
2010.11.11 06:03:53.775,6.73238,6.73655,1.20,1.50
2010.11.11 06:03:55.784,6.73238,6.73653,1.20,1.50
2010.11.11 06:03:57.606,6.73238,6.73673,1.20,1.50
2010.11.11 06:03:59.104,6.73238,6.73673,1.20,1.50
2010.11.11 06:04:01.064,6.73238,6.73655,1.20,1.50
2010.11.11 06:04:04.243,6.7319,6.73653,2.60,1.50
2010.11.11 06:04:06.226,6.7319,6.73653,2.60,1.50
2010.11.11 06:04:06.786,6.73238,6.73636,1.20,1.50
2010.11.11 06:04:10.023,6.73238,6.73636,1.20,1.50
2010.11.11 06:04:11.055,6.73192,6.73655,2.60,1.50
2010.11.11 06:04:12.919,6.73192,6.73655,2.60,1.50
2010.11.11 06:04:13.036,6.73172,6.73653,2.60,1.50
2010.11.11 06:04:13.144,6.73177,6.73653,2.60,1.50
2010.11.11 06:04:17.861,6.7319,6.73653,2.60,1.50
2010.11.11 06:04:20.036,6.7319,6.73653,2.60,1.50
2010.11.11 06:04:23.286,6.7319,6.73653,2.60,1.50
2010.11.11 06:04:26.671,6.73189,6.73653,2.60,1.50
2010.11.11 06:04:28.221,6.73189,6.73653,2.60,1.50
2010.11.11 06:04:28.966,6.73163,6.73633,1.60,1.50
2010.11.11 06:04:29.442,6.73163,6.73586,1.50,1.50
2010.11.11 06:04:29.561,6.73046,6.73586,4.50,1.50
2010.11.11 06:04:29.786,6.73037,6.73586,2.60,1.50
2010.11.11 06:04:29.896,6.73037,6.73565,2.60,1.50
2010.11.11 06:04:30.477,6.72978,6.73517,4.50,1.50
2010.11.11 06:04:32.078,6.72987,6.73517,2.60,1.50
2010.11.11 06:04:32.516,6.73008,6.73517,2.60,1.50
2010.11.11 06:04:33.050,6.73045,6.73517,2.60,1.50
2010.11.11 06:04:33.844,6.73045,6.73517,2.60,1.50
2010.11.11 06:04:34.175,6.73063,6.73527,2.60,1.50
2010.11.11 06:04:34.284,6.73107,6.73527,1.20,1.50
2010.11.11 06:04:34.861,6.73094,6.73557,2.60,1.50
2010.11.11 06:04:35.418,6.73157,6.73557,1.20,1.50
2010.11.11 06:04:36.529,6.73114,6.73577,2.60,1.50
2010.11.11 06:04:37.360,6.73158,6.73577,1.20,1.50
2010.11.11 06:04:37.870,6.73158,6.73557,1.20,1.50
2010.11.11 06:04:37.989,6.73094,6.73557,2.70,1.50
2010.11.11 06:04:38.094,6.73077,6.73538,2.60,1.50
2010.11.11 06:04:38.865,6.73118,6.73538,1.20,1.50
2010.11.11 06:04:41.360,6.73118,6.73538,1.20,1.50
2010.11.11 06:04:41.492,6.73108,6.73538,1.20,1.50
2010.11.11 06:04:43.315,6.73074,6.73538,2.60,1.50
2010.11.11 06:04:43.426,6.73038,6.73509,2.60,1.50
2010.11.11 06:04:43.542,6.73008,6.7346,2.60,1.50
2010.11.11 06:04:45.315,6.73027,6.7346,1.20,1.50
2010.11.11 06:04:46.023,6.72977,6.7344,2.60,1.50
2010.11.11 06:04:46.355,6.73027,6.7344,1.20,1.50
2010.11.11 06:04:48.437,6.72977,6.7344,2.60,1.50
2010.11.11 06:04:49.135,6.73047,6.7344,1.20,1.50
2010.11.11 06:04:49.243,6.72977,6.7344,2.60,1.50
2010.11.11 06:04:49.997,6.72987,6.7344,2.60,1.50
2010.11.11 06:04:50.214,6.72987,6.7344,2.60,1.50
2010.11.11 06:04:51.749,6.72998,6.7346,2.60,1.50
2010.11.11 06:04:51.858,6.73017,6.7348,2.60,1.50
2010.11.11 06:04:52.557,6.73048,6.7346,1.20,1.50
2010.11.11 06:04:53.118,6.73017,6.7348,2.60,1.50
2010.11.11 06:04:53.226,6.73017,6.7348,2.60,1.50
2010.11.11 06:04:53.669,6.73017,6.7348,2.60,1.50
2010.11.11 06:04:54.316,6.73048,6.7346,1.20,1.50
2010.11.11 06:04:54.424,6.73028,6.7346,1.20,1.50
2010.11.11 06:04:54.535,6.73048,6.7346,1.20,1.50
2010.11.11 06:04:54.754,6.73028,6.73441,1.20,1.50
2010.11.11 06:04:55.149,6.72977,6.73441,2.60,1.50
2010.11.11 06:04:55.267,6.72977,6.73441,2.60,1.50
2010.11.11 06:04:56.095,6.73037,6.73441,1.20,1.50
2010.11.11 06:04:56.204,6.73027,6.73441,1.20,1.50
2010.11.11 06:04:57.715,6.73037,6.73441,1.20,1.50
2010.11.11 06:04:58.885,6.72977,6.73441,2.60,1.50
2010.11.11 06:05:00.076,6.73038,6.73441,1.20,1.50
2010.11.11 06:05:00.187,6.72977,6.73441,2.60,1.50
2010.11.11 06:05:01.789,6.72998,6.73441,1.20,1.50
2010.11.11 06:05:02.114,6.72967,6.73411,2.10,1.50
2010.11.11 06:05:02.297,6.72988,6.73411,1.20,1.50
2010.11.11 06:05:02.828,6.72988,6.73392,1.20,1.50
2010.11.11 06:05:03.463,6.72967,6.73392,2.10,1.50
2010.11.11 06:05:04.275,6.73008,6.73392,1.20,1.50
2010.11.11 06:05:04.824,6.72968,6.73392,2.10,1.50
2010.11.11 06:05:08.025,6.72968,6.73392,2.10,1.50
2010.11.11 06:05:11.665,6.72977,6.73392,1.20,1.50
2010.11.11 06:05:11.883,6.72968,6.73392,2.10,1.50
2010.11.11 06:05:14.420,6.72968,6.73392,2.10,1.50
2010.11.11 06:05:16.529,6.72968,6.73392,2.10,1.50
2010.11.11 06:05:16.636,6.72997,6.73411,1.20,1.50
2010.11.11 06:05:17.185,6.73007,6.73411,1.20,1.50
2010.11.11 06:05:17.718,6.73027,6.73431,1.20,1.50
2010.11.11 06:05:19.455,6.73047,6.73431,1.20,1.50
2010.11.11 06:05:19.565,6.72996,6.7346,2.60,1.50
2010.11.11 06:05:19.787,6.72998,6.73479,2.60,1.50
2010.11.11 06:05:19.895,6.73037,6.73479,1.20,1.50
2010.11.11 06:05:20.377,6.72996,6.7346,2.60,1.50
2010.11.11 06:05:20.997,6.72996,6.7346,2.60,1.50
2010.11.11 06:05:22.365,6.72996,6.7346,2.60,1.50
2010.11.11 06:05:22.474,6.73017,6.7344,1.20,1.50
2010.11.11 06:05:24.276,6.73028,6.7344,1.20,1.50
2010.11.11 06:05:25.011,6.73037,6.7344,1.20,1.50
2010.11.11 06:05:25.128,6.73067,6.73479,1.20,1.50
2010.11.11 06:05:25.235,6.73078,6.73479,1.20,1.50
2010.11.11 06:05:25.344,6.73016,6.73479,2.60,1.50
2010.11.11 06:05:25.677,6.73026,6.73509,2.60,1.50
2010.11.11 06:05:26.505,6.73026,6.73489,2.60,1.50
2010.11.11 06:05:28.977,6.73026,6.73489,2.60,1.50
2010.11.11 06:05:31.394,6.73026,6.73489,2.60,1.50
2010.11.11 06:05:33.703,6.73026,6.73489,2.60,1.50
2010.11.11 06:05:35.887,6.73026,6.73489,2.60,1.50
2010.11.11 06:05:37.133,6.73087,6.73489,1.20,1.50
2010.11.11 06:05:37.354,6.73087,6.73509,1.20,1.50
2010.11.11 06:05:38.915,6.73087,6.73528,1.20,1.50
2010.11.11 06:05:39.135,6.73107,6.73528,1.20,1.50
2010.11.11 06:05:41.164,6.73107,6.73528,1.20,1.50
2010.11.11 06:05:41.686,6.73078,6.73509,1.30,1.50
2010.11.11 06:05:41.808,6.73065,6.73528,2.60,1.50
2010.11.11 06:05:42.244,6.73045,6.73509,2.60,1.50
2010.11.11 06:05:44.314,6.73048,6.73509,2.60,1.50
2010.11.11 06:05:44.644,6.73048,6.73489,2.60,1.50
2010.11.11 06:05:44.864,6.73028,6.73489,2.60,1.50
2010.11.11 06:05:46.965,6.73028,6.73489,2.60,1.50
2010.11.11 06:05:47.074,6.73028,6.73489,2.60,1.50
2010.11.11 06:05:48.065,6.73058,6.73489,1.20,1.50
2010.11.11 06:05:48.598,6.73022,6.73489,1.10,1.50
2010.11.11 06:05:49.035,6.72967,6.73411,2.10,1.50
2010.11.11 06:05:50.035,6.72967,6.73411,2.10,1.50
2010.11.11 06:05:50.365,6.73018,6.73431,1.20,1.50
2010.11.11 06:05:52.404,6.73018,6.73431,1.20,1.50
2010.11.11 06:05:53.922,6.73067,6.73478,1.20,1.50
2010.11.11 06:05:54.255,6.73037,6.7346,1.20,1.50
2010.11.11 06:05:54.476,6.73027,6.7346,1.20,1.50
2010.11.11 06:05:55.019,6.73037,6.7346,1.20,1.50
2010.11.11 06:05:57.059,6.73057,6.7346,1.20,1.50
2010.11.11 06:05:59.394,6.73058,6.7346,1.20,1.50
2010.11.11 06:05:59.924,6.72996,6.7346,2.60,1.50
2010.11.11 06:06:03.476,6.73058,6.7346,1.20,1.50
2010.11.11 06:06:03.694,6.73016,6.73479,2.60,1.50
2010.11.11 06:06:04.285,6.73016,6.73479,2.60,1.50
2010.11.11 06:06:06.101,6.73016,6.73479,2.60,1.50
2010.11.11 06:06:06.230,6.73037,6.7346,1.20,1.50
2010.11.11 06:06:08.002,6.72996,6.7346,2.60,1.50
2010.11.11 06:06:08.226,6.73067,6.73479,1.20,1.50
2010.11.11 06:06:10.628,6.73067,6.73479,1.20,1.50
2010.11.11 06:06:10.735,6.73027,6.73479,1.30,1.50
2010.11.11 06:06:10.956,6.73048,6.7346,1.20,1.50
2010.11.11 06:06:11.175,6.73038,6.7346,1.20,1.50
2010.11.11 06:06:12.145,6.72996,6.7346,2.60,1.50
2010.11.11 06:06:14.278,6.72996,6.7346,2.60,1.50
2010.11.11 06:06:14.456,6.73038,6.7346,1.20,1.50
2010.11.11 06:06:14.563,6.73058,6.7346,1.20,1.50
2010.11.11 06:06:15.233,6.73058,6.73479,1.20,1.50
2010.11.11 06:06:16.187,6.73037,6.73479,1.20,1.50
2010.11.11 06:06:16.296,6.73028,6.73442,1.20,1.50
2010.11.11 06:06:19.539,6.73028,6.73442,1.20,1.50
2010.11.11 06:06:19.797,6.73007,6.73442,1.20,1.50
2010.11.11 06:06:20.018,6.72968,6.73411,2.10,1.50
2010.11.11 06:06:20.698,6.72968,6.73431,2.10,1.50
2010.11.11 06:06:21.025,6.72968,6.73411,2.10,1.50
2010.11.11 06:06:21.674,6.73007,6.73411,1.20,1.50
2010.11.11 06:06:22.342,6.73007,6.73431,1.20,1.50
2010.11.11 06:06:24.988,6.73007,6.73431,1.20,1.50
2010.11.11 06:06:25.095,6.72967,6.73431,2.60,1.50
2010.11.11 06:06:25.204,6.72967,6.73431,2.60,1.50
2010.11.11 06:06:25.314,6.72987,6.73393,1.20,1.50
2010.11.11 06:06:26.526,6.72978,6.73393,1.20,1.50
2010.11.11 06:06:27.036,6.72988,6.73393,1.20,1.50
2010.11.11 06:06:27.477,6.72988,6.73429,1.20,1.50
2010.11.11 06:06:28.016,6.73017,6.73429,1.20,1.50
2010.11.11 06:06:28.345,6.73008,6.73411,1.20,1.50
2010.11.11 06:06:28.565,6.73008,6.73431,1.20,1.50
2010.11.11 06:06:30.778,6.73008,6.73431,1.20,1.50
2010.11.11 06:06:30.887,6.72967,6.73431,2.60,1.50
2010.11.11 06:06:31.510,6.72988,6.73411,1.20,1.50
2010.11.11 06:06:31.627,6.73007,6.73411,1.20,1.50
2010.11.11 06:06:31.957,6.73028,6.73431,1.20,1.50
2010.11.11 06:06:33.371,6.73028,6.7346,1.20,1.50
2010.11.11 06:06:33.479,6.72996,6.7346,2.60,1.50
2010.11.11 06:06:33.916,6.72996,6.7346,2.10,1.50
2010.11.11 06:06:34.032,6.72977,6.73409,2.60,1.50
2010.11.11 06:06:34.460,6.72977,6.73409,2.30,1.50
2010.11.11 06:06:34.579,6.72977,6.73393,2.10,1.50
2010.11.11 06:06:35.989,6.72967,6.73411,1.20,1.50
2010.11.11 06:06:36.205,6.72977,6.73411,1.20,1.50
2010.11.11 06:06:38.284,6.72948,6.73411,2.60,1.50
2010.11.11 06:06:38.394,6.72928,6.73391,2.60,1.50
2010.11.11 06:06:40.626,6.72928,6.73391,2.60,1.50
2010.11.11 06:06:42.149,6.72928,6.73391,2.60,1.50
2010.11.11 06:06:44.597,6.72977,6.73391,1.20,1.50
2010.11.11 06:06:47.575,6.72977,6.73391,1.20,1.50
2010.11.11 06:06:49.077,6.72977,6.7337,1.20,1.50
2010.11.11 06:06:51.115,6.72962,6.73358,2.60,1.50
2010.11.11 06:06:51.997,6.72962,6.73358,2.60,1.50
2010.11.11 06:06:52.792,6.72968,6.73358,1.30,1.50
2010.11.11 06:06:55.141,6.72968,6.73358,1.30,1.50
2010.11.11 06:06:56.946,6.72962,6.73358,2.70,1.50
2010.11.11 06:06:58.887,6.72962,6.73358,2.50,1.50
2010.11.11 06:07:01.810,6.72962,6.73358,3.00,1.50
2010.11.11 06:07:03.683,6.72932,6.73337,2.80,1.50
2010.11.11 06:07:03.904,6.72952,6.73348,2.60,1.50
2010.11.11 06:07:04.013,6.72952,6.73348,2.60,1.50
2010.11.11 06:07:04.432,6.72952,6.73348,2.80,1.50
2010.11.11 06:07:06.438,6.72952,6.73348,2.80,1.50
2010.11.11 06:07:06.764,6.72978,6.73348,1.20,1.50
2010.11.11 06:07:07.833,6.72987,6.73348,1.20,1.50
2010.11.11 06:07:12.558,6.72987,6.73348,1.20,1.50
2010.11.11 06:07:12.774,6.72952,6.73357,2.60,1.50
2010.11.11 06:07:12.884,6.72998,6.73377,1.30,1.50
2010.11.11 06:07:14.617,6.73001,6.73397,2.70,1.50
2010.11.11 06:07:14.836,6.73001,6.73397,2.80,1.50
2010.11.11 06:07:15.055,6.73017,6.73397,1.30,1.50
2010.11.11 06:07:15.903,6.73038,6.73397,1.20,1.50
2010.11.11 06:07:16.021,6.73047,6.73427,1.30,1.50
2010.11.11 06:07:16.136,6.73058,6.73427,1.20,1.50
2010.11.11 06:07:16.350,6.73047,6.73427,1.30,1.50
2010.11.11 06:07:17.511,6.73057,6.73427,1.20,1.50
2010.11.11 06:07:17.975,6.7305,6.73446,2.60,1.50
2010.11.11 06:07:19.106,6.73088,6.73446,1.20,1.50
2010.11.11 06:07:20.214,6.73088,6.7348,1.20,1.50
2010.11.11 06:07:21.099,6.73067,6.7348,1.20,1.50
2010.11.11 06:07:21.579,6.73017,6.7348,2.60,1.50
2010.11.11 06:07:23.854,6.73067,6.7348,1.20,1.50
2010.11.11 06:07:25.513,6.73017,6.7348,2.60,1.50
2010.11.11 06:07:28.198,6.73018,6.7348,2.60,1.50
2010.11.11 06:07:29.177,6.73018,6.7348,2.60,1.50
2010.11.11 06:07:35.147,6.73018,6.7348,2.60,1.50
2010.11.11 06:07:37.044,6.73018,6.7348,2.60,1.50
2010.11.11 06:07:39.733,6.73018,6.7348,2.60,1.50
2010.11.11 06:07:42.951,6.73018,6.7348,2.60,1.50
2010.11.11 06:07:44.303,6.73068,6.7348,1.20,1.50
2010.11.11 06:07:46.335,6.73017,6.7348,2.60,1.50
2010.11.11 06:07:48.665,6.73017,6.7348,2.60,1.50
2010.11.11 06:07:48.773,6.73017,6.7348,2.60,1.50
2010.11.11 06:07:50.245,6.73017,6.7348,2.60,1.50
2010.11.11 06:07:50.354,6.73005,6.73468,2.60,1.50
2010.11.11 06:07:50.985,6.73005,6.73468,2.60,1.50
2010.11.11 06:07:52.464,6.73024,6.73488,2.60,1.50
2010.11.11 06:07:52.998,6.73024,6.73488,2.60,1.50
2010.11.11 06:07:53.638,6.73088,6.73488,1.20,1.50
2010.11.11 06:07:55.520,6.73067,6.73488,1.20,1.50
2010.11.11 06:07:56.500,6.73024,6.73488,2.60,1.50
2010.11.11 06:07:59.674,6.73024,6.73488,2.60,1.50
2010.11.11 06:07:59.785,6.73078,6.73488,1.20,1.50
2010.11.11 06:08:02.921,6.73078,6.73488,1.20,1.50
2010.11.11 06:08:04.970,6.73027,6.73488,2.60,1.50
2010.11.11 06:08:07.865,6.73027,6.73488,2.60,1.50
2010.11.11 06:08:08.195,6.73097,6.73517,1.20,1.50
2010.11.11 06:08:09.816,6.73054,6.73517,2.60,1.50
2010.11.11 06:08:11.056,6.73138,6.73517,1.20,1.50
2010.11.11 06:08:11.530,6.73098,6.73517,1.20,1.50
2010.11.11 06:08:11.647,6.73073,6.73537,2.60,1.50
2010.11.11 06:08:11.865,6.73073,6.73537,2.60,1.50
2010.11.11 06:08:12.105,6.73073,6.73537,2.60,1.50
2010.11.11 06:08:14.789,6.73073,6.73537,2.60,1.50
2010.11.11 06:08:18.095,6.73073,6.73537,2.60,1.50
2010.11.11 06:08:18.655,6.73073,6.73537,2.60,1.50
2010.11.11 06:08:19.316,6.73148,6.73566,1.20,1.50
2010.11.11 06:08:19.426,6.73137,6.73566,1.20,1.50
2010.11.11 06:08:20.217,6.73137,6.73566,1.30,1.50
2010.11.11 06:08:21.255,6.73137,6.73546,1.20,1.50
2010.11.11 06:08:22.533,6.73083,6.73546,2.60,1.50
2010.11.11 06:08:24.702,6.73138,6.73546,1.20,1.50
2010.11.11 06:08:24.828,6.73083,6.73546,2.60,1.50
2010.11.11 06:08:28.060,6.73083,6.73546,2.60,1.50
2010.11.11 06:08:28.739,6.73083,6.73546,2.60,1.50
2010.11.11 06:08:29.624,6.73083,6.73546,2.60,1.50
2010.11.11 06:08:32.077,6.73083,6.73546,2.60,1.50
2010.11.11 06:08:32.905,6.73083,6.73546,2.60,1.50
2010.11.11 06:08:33.127,6.73148,6.73566,1.20,1.50
2010.11.11 06:08:34.116,6.73187,6.73612,1.20,1.50
2010.11.11 06:08:34.336,6.73187,6.73612,1.20,1.50
2010.11.11 06:08:34.450,6.73178,6.73596,1.20,1.50
2010.11.11 06:08:34.965,6.73132,6.73596,2.60,1.50
2010.11.11 06:08:35.080,6.73151,6.73615,2.60,1.50
2010.11.11 06:08:35.195,6.73208,6.73615,1.20,1.50
2010.11.11 06:08:35.305,6.73151,6.73615,2.60,1.50
2010.11.11 06:08:35.656,6.73207,6.73615,1.20,1.50
2010.11.11 06:08:35.797,6.73198,6.73615,1.20,1.50
2010.11.11 06:08:36.476,6.73207,6.73615,1.20,1.50
2010.11.11 06:08:36.697,6.73207,6.73634,1.20,1.50
2010.11.11 06:08:36.916,6.73218,6.73634,1.20,1.50
2010.11.11 06:08:38.207,6.73172,6.73626,1.10,1.50
2010.11.11 06:08:38.317,6.73172,6.73626,1.10,1.50
2010.11.11 06:08:38.936,6.73138,6.73626,2.60,1.50
2010.11.11 06:08:39.275,6.73198,6.73614,1.20,1.50
2010.11.11 06:08:40.534,6.73151,6.73614,2.80,1.50
2010.11.11 06:08:40.649,6.73151,6.73614,2.50,1.50
2010.11.11 06:08:40.978,6.73102,6.73565,2.60,1.50
2010.11.11 06:08:43.022,6.73102,6.73565,2.60,1.50
2010.11.11 06:08:43.791,6.73121,6.73585,2.60,1.50
2010.11.11 06:08:43.907,6.73121,6.73585,2.60,1.50
2010.11.11 06:08:44.125,6.73167,6.73585,1.20,1.50
2010.11.11 06:08:45.626,6.73167,6.73593,1.20,1.50
2010.11.11 06:08:45.740,6.73151,6.73614,2.60,1.50
2010.11.11 06:08:46.884,6.73131,6.73614,2.60,1.50
2010.11.11 06:08:46.996,6.73131,6.73594,2.60,1.50
2010.11.11 06:08:47.327,6.73151,6.73614,2.60,1.50
2010.11.11 06:08:47.546,6.73151,6.73614,2.60,1.50
2010.11.11 06:08:47.985,6.73218,6.73614,1.20,1.50
2010.11.11 06:08:49.967,6.73151,6.73614,2.60,1.50
2010.11.11 06:08:50.078,6.7317,6.73634,2.60,1.50
2010.11.11 06:08:50.755,6.73237,6.73634,1.20,1.50
2010.11.11 06:08:51.378,6.73237,6.73663,1.20,1.50
2010.11.11 06:08:53.416,6.73237,6.73663,1.20,1.50
2010.11.11 06:08:53.527,6.73151,6.73643,2.60,1.50
2010.11.11 06:08:54.184,6.73151,6.73623,2.60,1.50
2010.11.11 06:08:57.113,6.73151,6.73614,2.60,1.50
2010.11.11 06:08:59.795,6.73151,6.73614,2.60,1.50
2010.11.11 06:08:59.908,6.73188,6.73614,1.20,1.50
2010.11.11 06:09:00.456,6.73151,6.73614,2.60,1.50
2010.11.11 06:09:03.920,6.73151,6.73614,2.60,1.50
2010.11.11 06:09:05.320,6.7317,6.73634,2.60,1.50
2010.11.11 06:09:05.856,6.73153,6.73616,2.60,1.50
2010.11.11 06:09:09.869,6.73153,6.73616,2.60,1.50
2010.11.11 06:09:09.974,6.73178,6.73616,1.20,1.50
2010.11.11 06:09:10.649,6.73158,6.73565,1.20,1.50
2010.11.11 06:09:10.866,6.73158,6.73565,1.20,1.50
2010.11.11 06:09:10.977,6.73108,6.73565,2.10,1.50
2010.11.11 06:09:11.087,6.73121,6.73611,2.60,1.50
2010.11.11 06:09:11.306,6.73168,6.73611,1.20,1.50
2010.11.11 06:09:11.838,6.73132,6.73595,2.60,1.50
2010.11.11 06:09:15.231,6.73132,6.73595,2.60,1.50
2010.11.11 06:09:17.345,6.73132,6.73595,2.60,1.50
2010.11.11 06:09:19.705,6.73132,6.73595,2.60,1.50
2010.11.11 06:09:21.285,6.73151,6.73614,2.60,1.50
2010.11.11 06:09:21.397,6.73151,6.73614,2.60,1.50
2010.11.11 06:09:21.729,6.7317,6.73634,2.60,1.50
2010.11.11 06:09:23.609,6.7317,6.73634,2.60,1.50
2010.11.11 06:09:23.717,6.7317,6.73634,2.60,1.50
2010.11.11 06:09:25.803,6.73151,6.73614,2.60,1.50
2010.11.11 06:09:25.919,6.73188,6.73614,1.20,1.50
2010.11.11 06:09:26.032,6.73188,6.73594,1.20,1.50
2010.11.11 06:09:26.145,6.73131,6.73594,2.60,1.50
2010.11.11 06:09:26.725,6.73131,6.73594,2.60,1.50
2010.11.11 06:09:29.219,6.73131,6.73594,2.60,1.50
2010.11.11 06:09:29.557,6.73131,6.73614,2.60,1.50
2010.11.11 06:09:30.153,6.73131,6.73614,2.60,1.50
2010.11.11 06:09:32.421,6.73131,6.73594,2.60,1.50
2010.11.11 06:09:34.482,6.73131,6.73594,2.60,1.50
2010.11.11 06:09:36.552,6.73131,6.73594,2.60,1.50
2010.11.11 06:09:38.004,6.73167,6.73594,1.20,1.50
2010.11.11 06:09:40.521,6.73167,6.73594,1.20,1.50
2010.11.11 06:09:41.928,6.73131,6.73594,2.60,1.50
2010.11.11 06:09:42.034,6.73131,6.73594,2.60,1.50
2010.11.11 06:09:42.147,6.73151,6.73614,2.60,1.50
2010.11.11 06:09:42.630,6.73131,6.73614,2.60,1.50
2010.11.11 06:09:43.373,6.73131,6.73614,2.60,1.50
2010.11.11 06:09:43.596,6.7317,6.73634,2.60,1.50
2010.11.11 06:09:45.227,6.7317,6.73634,2.60,1.50
2010.11.11 06:09:45.706,6.73228,6.73634,1.20,1.50
2010.11.11 06:09:45.925,6.73199,6.73663,2.60,1.50
2010.11.11 06:09:47.256,6.73197,6.73661,2.60,1.50
2010.11.11 06:09:47.475,6.73227,6.73661,1.20,1.50
2010.11.11 06:09:47.835,6.73197,6.73661,2.60,1.50
2010.11.11 06:09:48.330,6.73181,6.73644,2.60,1.50
2010.11.11 06:09:49.104,6.73213,6.73644,1.10,1.50
2010.11.11 06:09:49.215,6.73227,6.73663,1.20,1.50
2010.11.11 06:09:51.860,6.73227,6.73663,1.20,1.50
2010.11.11 06:09:53.953,6.73227,6.73663,1.20,1.50
2010.11.11 06:09:55.388,6.73218,6.73663,1.30,1.50
2010.11.11 06:09:55.734,6.73218,6.73643,1.20,1.50
2010.11.11 06:09:58.549,6.73218,6.73643,1.20,1.50
2010.11.11 06:10:00.765,6.73218,6.73643,1.20,1.50
2010.11.11 06:10:01.827,6.73199,6.73663,2.60,1.50
2010.11.11 06:10:02.045,6.7318,6.73643,2.60,1.50
2010.11.11 06:10:02.155,6.73208,6.73643,1.20,1.50
2010.11.11 06:10:02.376,6.73218,6.73643,1.20,1.50
2010.11.11 06:10:03.219,6.73218,6.73634,1.20,1.50
2010.11.11 06:10:04.991,6.7317,6.73634,2.60,1.50
2010.11.11 06:10:05.435,6.73178,6.73634,2.60,1.50
2010.11.11 06:10:05.997,6.73173,6.73659,4.50,1.50
2010.11.11 06:10:06.146,6.73268,6.73679,1.20,1.50
2010.11.11 06:10:06.367,6.73216,6.73679,2.60,1.50
2010.11.11 06:10:07.105,6.73216,6.73679,2.60,1.50
2010.11.11 06:10:07.245,6.73182,6.73645,2.60,1.50
2010.11.11 06:10:08.320,6.73217,6.73645,1.20,1.50
2010.11.11 06:10:08.439,6.73151,6.73614,2.60,1.50
2010.11.11 06:10:08.657,6.73151,6.73614,2.60,1.50
2010.11.11 06:10:10.656,6.73131,6.73614,2.60,1.50
2010.11.11 06:10:10.876,6.73131,6.73614,2.60,1.50
2010.11.11 06:10:11.096,6.73151,6.73614,2.60,1.50
2010.11.11 06:10:13.547,6.73151,6.73614,2.60,1.50
2010.11.11 06:10:13.767,6.7317,6.73634,2.60,1.50
2010.11.11 06:10:17.078,6.7317,6.73634,2.60,1.50
2010.11.11 06:10:18.899,6.73238,6.73663,1.20,1.50
2010.11.11 06:10:19.115,6.73199,6.73663,2.60,1.50
2010.11.11 06:10:21.182,6.73199,6.73663,2.60,1.50
2010.11.11 06:10:23.275,6.73199,6.73663,2.60,1.50
2010.11.11 06:10:25.600,6.73199,6.73663,2.60,1.50
2010.11.11 06:10:27.769,6.73199,6.73663,2.60,1.50
2010.11.11 06:10:28.076,6.73238,6.73663,1.20,1.50
2010.11.11 06:10:30.938,6.73238,6.73663,1.20,1.50
2010.11.11 06:10:31.050,6.73248,6.73663,1.20,1.50
2010.11.11 06:10:31.727,6.73199,6.73663,2.60,1.50
2010.11.11 06:10:31.946,6.73277,6.73709,1.20,1.50
2010.11.11 06:10:32.529,6.73277,6.73709,1.20,1.50
2010.11.11 06:10:35.082,6.73277,6.73709,1.20,1.50
2010.11.11 06:10:37.923,6.73277,6.73709,1.20,1.50
2010.11.11 06:10:38.719,6.73257,6.73693,1.20,1.50
2010.11.11 06:10:39.455,6.73257,6.73663,1.20,1.50
2010.11.11 06:10:41.573,6.73257,6.73663,1.20,1.50
2010.11.11 06:10:42.951,6.73257,6.73663,1.20,1.50
2010.11.11 06:10:43.073,6.73219,6.73709,2.60,1.50
2010.11.11 06:10:43.515,6.73229,6.73709,2.60,1.50
2010.11.11 06:10:44.670,6.73248,6.73663,1.20,1.50
2010.11.11 06:10:45.368,6.73258,6.73663,1.20,1.50
2010.11.11 06:10:47.629,6.73258,6.73663,1.20,1.50
2010.11.11 06:10:49.165,6.73199,6.73663,2.60,1.50
2010.11.11 06:10:49.386,6.73219,6.73682,2.60,1.50
2010.11.11 06:10:52.845,6.73219,6.73682,2.60,1.50
2010.11.11 06:10:53.390,6.73278,6.73682,1.20,1.50
2010.11.11 06:10:54.067,6.73219,6.73682,2.60,1.50
2010.11.11 06:10:54.405,6.73248,6.73731,2.60,1.50
2010.11.11 06:10:55.031,6.73307,6.73731,1.20,1.50
2010.11.11 06:10:58.017,6.73277,6.73692,1.20,1.50
2010.11.11 06:10:58.125,6.73229,6.73692,2.60,1.50
2010.11.11 06:11:01.726,6.73288,6.73692,1.20,1.50
2010.11.11 06:11:04.142,6.73288,6.73692,1.20,1.50
2010.11.11 06:11:06.852,6.73288,6.73692,1.20,1.50
2010.11.11 06:11:10.399,6.73288,6.73692,1.20,1.50
2010.11.11 06:11:12.827,6.73288,6.73658,1.20,1.50
2010.11.11 06:11:16.501,6.73288,6.73658,1.20,1.50
2010.11.11 06:11:16.726,6.73282,6.73678,2.60,1.50
2010.11.11 06:11:16.837,6.73282,6.73678,2.60,1.50
2010.11.11 06:11:16.946,6.73262,6.73658,2.60,1.50
2010.11.11 06:11:20.462,6.73262,6.73658,2.60,1.50
2010.11.11 06:11:20.836,6.73262,6.73658,2.60,1.50
2010.11.11 06:11:21.276,6.73282,6.73678,2.70,1.50
2010.11.11 06:11:23.284,6.73282,6.73678,2.70,1.50
2010.11.11 06:11:26.048,6.73287,6.73678,1.30,1.50
2010.11.11 06:11:26.837,6.73262,6.73658,2.60,1.50
2010.11.11 06:11:27.855,6.73262,6.73658,2.60,1.50
2010.11.11 06:11:28.040,6.73298,6.73658,1.20,1.50
2010.11.11 06:11:28.209,6.73288,6.73658,1.20,1.50
2010.11.11 06:11:28.791,6.73297,6.73658,1.20,1.50
2010.11.11 06:11:30.149,6.73287,6.73658,1.20,1.50
2010.11.11 06:11:30.585,6.73297,6.73658,1.20,1.50
2010.11.11 06:11:32.085,6.73262,6.73658,2.60,1.50
2010.11.11 06:11:32.348,6.73262,6.73658,2.80,1.50
2010.11.11 06:11:32.525,6.73262,6.73658,2.70,1.50
2010.11.11 06:11:33.818,6.73262,6.73658,2.50,1.50
2010.11.11 06:11:34.448,6.73257,6.73629,1.20,1.50
2010.11.11 06:11:36.146,6.73233,6.73629,2.60,1.50
2010.11.11 06:11:38.245,6.73258,6.73629,1.20,1.50
2010.11.11 06:11:40.272,6.73233,6.73629,2.60,1.50
2010.11.11 06:11:43.686,6.73233,6.73629,2.60,1.50
2010.11.11 06:11:43.796,6.73233,6.73629,1.10,1.50
2010.11.11 06:11:44.018,6.73223,6.73609,1.10,1.50
2010.11.11 06:11:46.669,6.73223,6.73609,1.10,1.50
2010.11.11 06:11:48.071,6.73153,6.73562,1.30,1.50
2010.11.11 06:11:48.188,6.73119,6.73515,2.50,1.50
2010.11.11 06:11:51.576,6.73119,6.73515,2.10,1.50
2010.11.11 06:11:55.767,6.73122,6.73515,1.10,1.50
2010.11.11 06:11:58.231,6.73119,6.73515,2.20,1.50
2010.11.11 06:11:59.406,6.73119,6.73515,2.80,1.50
2010.11.11 06:12:00.031,6.73119,6.73515,2.10,1.50
2010.11.11 06:12:00.148,6.73119,6.73515,2.10,1.50
2010.11.11 06:12:02.088,6.73118,6.73502,1.30,1.50
2010.11.11 06:12:03.345,6.73113,6.73502,1.10,1.50
2010.11.11 06:12:03.458,6.73106,6.73502,2.60,1.50
2010.11.11 06:12:06.065,6.73102,6.73516,1.10,1.50
2010.11.11 06:12:06.175,6.73053,6.73516,2.60,1.50
2010.11.11 06:12:06.287,6.73033,6.73516,2.60,1.50
2010.11.11 06:12:10.298,6.73053,6.73516,2.60,1.50
2010.11.11 06:12:10.894,6.73053,6.73516,2.60,1.50
2010.11.11 06:12:11.116,6.73053,6.73516,2.60,1.50
2010.11.11 06:12:13.027,6.73118,6.73516,1.20,1.50
2010.11.11 06:12:13.246,6.73073,6.73536,2.60,1.50
2010.11.11 06:12:15.270,6.73077,6.73536,2.60,1.50
2010.11.11 06:12:15.387,6.73077,6.73536,2.60,1.50
2010.11.11 06:12:17.474,6.73073,6.73536,2.60,1.50
2010.11.11 06:12:17.806,6.73073,6.73536,2.60,1.50
2010.11.11 06:12:20.685,6.73073,6.73536,2.60,1.50
2010.11.11 06:12:21.605,6.73108,6.73536,1.20,1.50
2010.11.11 06:12:21.826,6.73108,6.73516,1.20,1.50
2010.11.11 06:12:22.353,6.73117,6.73516,1.20,1.50
2010.11.11 06:12:23.085,6.73053,6.73516,2.60,1.50
2010.11.11 06:12:23.195,6.73033,6.73497,2.60,1.50
2010.11.11 06:12:24.014,6.73053,6.73516,2.60,1.50
2010.11.11 06:12:26.818,6.73053,6.73516,2.60,1.50
2010.11.11 06:12:27.365,6.73131,6.73654,2.60,1.50
2010.11.11 06:12:28.180,6.73207,6.73683,2.60,1.50
2010.11.11 06:12:28.297,6.73228,6.73732,2.60,1.50
2010.11.11 06:12:30.953,6.73248,6.73712,2.60,1.50
2010.11.11 06:12:31.077,6.73229,6.73692,2.60,1.50
2010.11.11 06:12:34.172,6.73229,6.73692,2.60,1.50
2010.11.11 06:12:36.191,6.73229,6.73692,2.60,1.50
2010.11.11 06:12:36.420,6.73237,6.73663,1.20,1.50
2010.11.11 06:12:38.903,6.73237,6.73663,1.20,1.50
2010.11.11 06:12:40.557,6.73218,6.73643,1.20,1.50
2010.11.11 06:12:43.274,6.73218,6.73643,1.20,1.50
2010.11.11 06:12:45.382,6.73218,6.73643,1.20,1.50
2010.11.11 06:12:48.087,6.73218,6.73643,1.20,1.50
2010.11.11 06:12:50.832,6.73218,6.73643,1.20,1.50
2010.11.11 06:12:52.218,6.73208,6.73663,1.20,1.50
2010.11.11 06:12:52.476,6.73198,6.73663,1.30,1.50
2010.11.11 06:12:52.586,6.73192,6.73663,1.10,1.50
2010.11.11 06:12:53.439,6.7317,6.73634,2.60,1.50
2010.11.11 06:12:55.122,6.7317,6.73634,2.60,1.50
2010.11.11 06:12:56.437,6.73151,6.73614,2.60,1.50
2010.11.11 06:12:57.072,6.73151,6.73642,2.60,1.50
2010.11.11 06:12:57.192,6.73238,6.73663,1.20,1.50
2010.11.11 06:12:57.475,6.73199,6.73663,2.60,1.50
2010.11.11 06:12:57.697,6.73247,6.73663,1.20,1.50
2010.11.11 06:12:58.727,6.73258,6.73663,1.20,1.50
2010.11.11 06:12:58.839,6.7318,6.73643,2.60,1.50
2010.11.11 06:12:59.352,6.73247,6.73643,1.20,1.50
2010.11.11 06:12:59.509,6.7318,6.73643,2.60,1.50
2010.11.11 06:12:59.728,6.73247,6.73643,1.20,1.50
2010.11.11 06:13:00.041,6.7318,6.73643,2.60,1.50
2010.11.11 06:13:00.611,6.7318,6.73643,2.60,1.50
2010.11.11 06:13:03.167,6.73151,6.73614,2.60,1.50
2010.11.11 06:13:04.347,6.73167,6.73594,1.20,1.50
2010.11.11 06:13:05.078,6.73131,6.73594,2.60,1.50
2010.11.11 06:13:05.300,6.73151,6.73614,2.60,1.50
2010.11.11 06:13:05.637,6.73207,6.73614,1.20,1.50
2010.11.11 06:13:06.206,6.73258,6.73663,1.20,1.50
2010.11.11 06:13:06.429,6.73268,6.73682,1.20,1.50
2010.11.11 06:13:08.487,6.73268,6.73682,1.20,1.50
2010.11.11 06:13:11.127,6.73268,6.73682,1.20,1.50
2010.11.11 06:13:13.075,6.73277,6.73682,1.20,1.50
2010.11.11 06:13:15.921,6.73277,6.73682,1.20,1.50
2010.11.11 06:13:18.054,6.73277,6.73691,1.20,1.50
2010.11.11 06:13:18.278,6.73248,6.73712,2.60,1.50
2010.11.11 06:13:18.387,6.73248,6.73712,2.60,1.50
2010.11.11 06:13:18.826,6.73229,6.73692,2.60,1.50
2010.11.11 06:13:20.890,6.73229,6.73692,2.60,1.50
2010.11.11 06:13:22.087,6.73229,6.73692,2.60,1.50
2010.11.11 06:13:22.305,6.73277,6.73692,1.20,1.50
2010.11.11 06:13:22.648,6.73287,6.73692,1.20,1.50
2010.11.11 06:13:23.237,6.73217,6.73672,2.60,1.50
2010.11.11 06:13:23.346,6.73208,6.73665,2.60,1.50
2010.11.11 06:13:23.726,6.73268,6.73665,1.20,1.50
2010.11.11 06:13:24.053,6.73208,6.73665,2.60,1.50
2010.11.11 06:13:24.786,6.73208,6.73665,2.60,1.50
2010.11.11 06:13:25.651,6.73268,6.73665,1.20,1.50
2010.11.11 06:13:26.512,6.73257,6.73665,1.20,1.50
2010.11.11 06:13:26.646,6.73268,6.73665,1.20,1.50
2010.11.11 06:13:28.860,6.73257,6.73665,1.20,1.50
2010.11.11 06:13:30.934,6.73257,6.73665,1.20,1.50
2010.11.11 06:13:31.545,6.73181,6.73644,2.60,1.50
2010.11.11 06:13:34.009,6.73181,6.73644,2.60,1.50
2010.11.11 06:13:34.440,6.73167,6.73598,2.60,1.50
2010.11.11 06:13:34.546,6.73138,6.73614,2.60,1.50
2010.11.11 06:13:35.012,6.73138,6.73614,2.60,1.50
2010.11.11 06:13:35.247,6.73151,6.73614,2.60,1.50
2010.11.11 06:13:35.466,6.73151,6.73614,2.70,1.50
2010.11.11 06:13:40.588,6.73167,6.73594,1.20,1.50
2010.11.11 06:13:42.666,6.73167,6.73594,1.20,1.50
2010.11.11 06:13:42.775,6.73187,6.73594,1.20,1.50
2010.11.11 06:13:43.300,6.73187,6.73614,1.20,1.50
2010.11.11 06:13:47.086,6.73187,6.73614,1.20,1.50
2010.11.11 06:13:50.014,6.73187,6.73614,1.20,1.50
2010.11.11 06:13:52.126,6.73187,6.73614,1.20,1.50
2010.11.11 06:13:55.506,6.73187,6.73614,1.20,1.50
2010.11.11 06:13:58.411,6.73187,6.73614,1.20,1.50
2010.11.11 06:14:01.702,6.73187,6.73614,1.20,1.50
2010.11.11 06:14:03.256,6.73151,6.73614,2.60,1.50
2010.11.11 06:14:03.477,6.73167,6.73594,1.20,1.50
2010.11.11 06:14:07.133,6.73167,6.73594,1.20,1.50
2010.11.11 06:14:09.463,6.73167,6.73594,1.20,1.50
2010.11.11 06:14:12.146,6.73167,6.73594,1.20,1.50
2010.11.11 06:14:13.115,6.73188,6.73594,1.20,1.50
2010.11.11 06:14:13.338,6.73188,6.73614,1.20,1.50
2010.11.11 06:14:15.877,6.73151,6.73614,2.60,1.50
2010.11.11 06:14:17.972,6.73151,6.73614,2.60,1.50
2010.11.11 06:14:19.237,6.73151,6.73614,2.60,1.50
2010.11.11 06:14:19.345,6.73177,6.73594,1.20,1.50
2010.11.11 06:14:22.173,6.73177,6.73594,1.20,1.50
2010.11.11 06:14:23.918,6.73177,6.73594,1.20,1.50
2010.11.11 06:14:24.039,6.73248,6.73663,1.20,1.50
2010.11.11 06:14:25.456,6.73258,6.73663,1.20,1.50
2010.11.11 06:14:26.627,6.73237,6.73663,1.20,1.50
2010.11.11 06:14:27.070,6.73237,6.73663,1.20,1.50
2010.11.11 06:14:29.543,6.73237,6.73643,1.20,1.50
2010.11.11 06:14:32.068,6.73213,6.73609,2.60,1.50
2010.11.11 06:14:32.506,6.73248,6.73629,1.30,1.50
2010.11.11 06:14:34.506,6.73248,6.73629,1.30,1.50
2010.11.11 06:14:37.203,6.73248,6.73627,1.30,1.50
2010.11.11 06:14:39.349,6.73258,6.73627,1.20,1.50
2010.11.11 06:14:42.203,6.73258,6.73627,1.20,1.50
2010.11.11 06:14:44.624,6.73258,6.73627,1.20,1.50
2010.11.11 06:14:44.895,6.73268,6.73627,1.20,1.50
2010.11.11 06:14:45.225,6.73287,6.73647,1.20,1.50
2010.11.11 06:14:45.827,6.73292,6.73678,1.10,1.50
2010.11.11 06:14:45.947,6.73282,6.73678,2.60,1.50
2010.11.11 06:14:50.413,6.73282,6.73692,2.60,1.50
2010.11.11 06:14:50.526,6.73248,6.73712,4.50,1.50
2010.11.11 06:14:50.875,6.73268,6.73731,2.60,1.50
2010.11.11 06:14:50.987,6.73278,6.73731,2.60,1.50
2010.11.11 06:14:51.098,6.73278,6.73758,2.60,1.50
2010.11.11 06:14:52.012,6.73297,6.73761,2.60,1.50
2010.11.11 06:14:56.519,6.73297,6.73761,2.60,1.50
2010.11.11 06:15:00.354,6.73297,6.73761,2.60,1.50
2010.11.11 06:15:00.706,6.73368,6.7378,1.20,1.50
2010.11.11 06:15:01.588,6.73357,6.7378,1.20,1.50
2010.11.11 06:15:01.810,6.73368,6.7378,1.20,1.50
2010.11.11 06:15:01.921,6.73317,6.7378,2.60,1.50
2010.11.11 06:15:02.689,6.73317,6.7378,2.60,1.50
2010.11.11 06:15:02.799,6.73297,6.73761,2.60,1.50
2010.11.11 06:15:05.348,6.73297,6.73761,2.60,1.50
2010.11.11 06:15:07.336,6.73287,6.73761,2.60,1.50
2010.11.11 06:15:10.507,6.73297,6.73761,2.60,1.50
2010.11.11 06:15:12.799,6.73297,6.73761,2.60,1.50
2010.11.11 06:15:15.887,6.73297,6.73761,2.60,1.50
2010.11.11 06:15:19.198,6.73297,6.73761,2.60,1.50
2010.11.11 06:15:20.277,6.73297,6.73761,2.60,1.50
2010.11.11 06:15:20.386,6.73297,6.7378,2.60,1.50
2010.11.11 06:15:20.919,6.73347,6.7378,1.20,1.50
2010.11.11 06:15:21.396,6.73347,6.73761,1.20,1.50
2010.11.11 06:15:21.616,6.73347,6.7378,1.20,1.50
2010.11.11 06:15:22.373,6.73287,6.7376,2.60,1.50
2010.11.11 06:15:22.492,6.73337,6.73761,1.20,1.50
2010.11.11 06:15:22.607,6.73337,6.73761,1.20,1.50
2010.11.11 06:15:22.717,6.73278,6.73741,2.60,1.50
2010.11.11 06:15:22.826,6.73278,6.73741,2.60,1.50
2010.11.11 06:15:23.081,6.73317,6.73741,1.20,1.50
2010.11.11 06:15:23.902,6.73308,6.73761,1.20,1.50
2010.11.11 06:15:24.127,6.73308,6.73741,1.20,1.50
2010.11.11 06:15:24.567,6.73308,6.73761,1.20,1.50
2010.11.11 06:15:25.273,6.73308,6.73761,1.20,1.50
2010.11.11 06:15:27.364,6.73308,6.73741,1.20,1.50
2010.11.11 06:15:27.806,6.73297,6.73761,2.60,1.50
2010.11.11 06:15:29.256,6.73297,6.73761,2.60,1.50
2010.11.11 06:15:30.821,6.73278,6.73741,2.60,1.50
2010.11.11 06:15:32.956,6.73278,6.73741,2.60,1.50
2010.11.11 06:15:37.590,6.73278,6.73741,2.60,1.50
2010.11.11 06:15:40.283,6.73278,6.73741,2.60,1.50
2010.11.11 06:15:41.190,6.73327,6.73741,1.20,1.50
2010.11.11 06:15:41.407,6.73297,6.73761,2.60,1.50
2010.11.11 06:15:42.549,6.73297,6.73761,2.60,1.50
2010.11.11 06:15:44.983,6.73297,6.73761,2.60,1.50
2010.11.11 06:15:46.015,6.73298,6.73761,2.60,1.50
2010.11.11 06:15:46.126,6.73358,6.7378,1.20,1.50
2010.11.11 06:15:46.897,6.73317,6.7378,2.60,1.50
2010.11.11 06:15:47.441,6.73317,6.7378,2.60,1.50
2010.11.11 06:15:47.797,6.73338,6.7378,2.60,1.50
2010.11.11 06:15:48.300,6.73338,6.73789,2.60,1.50
2010.11.11 06:15:48.416,6.73346,6.73809,2.60,1.50
2010.11.11 06:15:49.733,6.73348,6.73829,2.60,1.50
2010.11.11 06:15:49.958,6.73346,6.73809,2.60,1.50
2010.11.11 06:15:52.348,6.73346,6.73809,2.60,1.50
2010.11.11 06:15:55.268,6.73346,6.73809,2.60,1.50
2010.11.11 06:15:57.384,6.73346,6.73809,2.60,1.50
2010.11.11 06:15:59.472,6.73346,6.73809,2.60,1.50
2010.11.11 06:15:59.806,6.73366,6.73829,2.60,1.50
2010.11.11 06:16:01.827,6.73438,6.73829,1.20,1.50
2010.11.11 06:16:02.490,6.73368,6.73829,2.60,1.50
2010.11.11 06:16:02.600,6.73378,6.73856,2.60,1.50
2010.11.11 06:16:05.196,6.73393,6.73856,2.60,1.50
2010.11.11 06:16:05.636,6.73467,6.73856,1.20,1.50
2010.11.11 06:16:06.367,6.73527,6.73878,1.20,1.50
2010.11.11 06:16:06.482,6.73527,6.73883,1.20,1.50
2010.11.11 06:16:06.706,6.73527,6.73935,1.20,1.50
2010.11.11 06:16:07.249,6.73542,6.74045,2.10,1.50
2010.11.11 06:16:07.365,6.73617,6.74045,1.20,1.50
2010.11.11 06:16:08.220,6.73607,6.74045,1.20,1.50
2010.11.11 06:16:08.677,6.73597,6.74025,1.20,1.50
2010.11.11 06:16:09.407,6.73597,6.74005,1.20,1.50
2010.11.11 06:16:09.736,6.73588,6.74005,1.20,1.50
2010.11.11 06:16:10.066,6.73528,6.73985,2.60,1.50
2010.11.11 06:16:12.385,6.73588,6.73985,1.20,1.50
2010.11.11 06:16:13.865,6.73598,6.73985,1.20,1.50
2010.11.11 06:16:14.086,6.73598,6.74005,1.20,1.50
2010.11.11 06:16:15.096,6.73607,6.74025,1.20,1.50
2010.11.11 06:16:15.205,6.73607,6.74025,1.20,1.50
2010.11.11 06:16:15.317,6.73542,6.74025,2.60,1.50
2010.11.11 06:16:15.536,6.73548,6.74005,2.60,1.50
2010.11.11 06:16:16.303,6.73548,6.74005,2.60,1.50
2010.11.11 06:16:17.128,6.73587,6.74005,1.20,1.50
2010.11.11 06:16:17.817,6.73587,6.74005,1.20,1.50
2010.11.11 06:16:17.933,6.73577,6.73985,1.20,1.50
2010.11.11 06:16:19.597,6.73522,6.73985,2.60,1.50
2010.11.11 06:16:22.233,6.73522,6.73985,2.60,1.50
2010.11.11 06:16:23.316,6.73522,6.73985,2.60,1.50
2010.11.11 06:16:24.085,6.73567,6.73985,1.20,1.50
2010.11.11 06:16:27.269,6.73567,6.73985,1.20,1.50
2010.11.11 06:16:27.687,6.73567,6.73985,1.20,1.50
2010.11.11 06:16:27.800,6.73542,6.74005,2.60,1.50
2010.11.11 06:16:28.747,6.73548,6.74005,2.60,1.50
2010.11.11 06:16:29.279,6.73538,6.74005,2.60,1.50
2010.11.11 06:16:29.387,6.73578,6.74005,1.20,1.50
2010.11.11 06:16:29.718,6.73567,6.73985,1.20,1.50
2010.11.11 06:16:32.160,6.73567,6.73985,1.20,1.50
2010.11.11 06:16:34.209,6.73567,6.73985,1.20,1.50
2010.11.11 06:16:35.155,6.73567,6.74086,1.20,1.50
2010.11.11 06:16:35.266,6.73611,6.74126,1.50,1.50
2010.11.11 06:16:36.633,6.73632,6.74106,1.50,1.50
2010.11.11 06:16:37.719,6.73687,6.74106,1.20,1.50
2010.11.11 06:16:38.537,6.73637,6.74106,2.60,1.50
2010.11.11 06:16:39.416,6.73727,6.74106,1.20,1.50
2010.11.11 06:16:41.707,6.73727,6.74106,1.20,1.50
2010.11.11 06:16:41.837,6.73667,6.74106,2.60,1.50
2010.11.11 06:16:42.789,6.73717,6.74108,1.20,1.50
2010.11.11 06:16:44.150,6.73647,6.74108,2.60,1.50
2010.11.11 06:16:46.089,6.73698,6.74108,1.20,1.50
2010.11.11 06:16:46.196,6.73618,6.74108,2.60,1.50
2010.11.11 06:16:46.307,6.73668,6.74108,1.20,1.50
2010.11.11 06:16:46.526,6.73657,6.7406,1.20,1.50
2010.11.11 06:16:48.582,6.73657,6.7406,1.20,1.50
2010.11.11 06:16:50.678,6.73657,6.7406,1.20,1.50
2010.11.11 06:16:50.921,6.73597,6.7406,4.50,1.50
2010.11.11 06:16:51.146,6.73627,6.74077,2.60,1.50
2010.11.11 06:16:51.586,6.73677,6.74077,1.20,1.50
2010.11.11 06:16:51.697,6.73668,6.74057,1.20,1.50
2010.11.11 06:16:52.214,6.73668,6.74057,1.20,1.50
2010.11.11 06:16:54.571,6.73668,6.74057,1.20,1.50
2010.11.11 06:16:56.591,6.73668,6.74057,1.20,1.50
2010.11.11 06:17:00.685,6.73668,6.74057,1.20,1.50
2010.11.11 06:17:02.095,6.73638,6.74057,1.20,1.50
2010.11.11 06:17:02.214,6.73567,6.74031,2.70,1.50
2010.11.11 06:17:02.328,6.73527,6.73982,2.60,1.50
2010.11.11 06:17:03.511,6.73527,6.73982,2.60,1.50
2010.11.11 06:17:04.272,6.73588,6.73982,1.20,1.50
2010.11.11 06:17:04.680,6.73557,6.73982,1.20,1.50
2010.11.11 06:17:05.006,6.73578,6.73982,1.20,1.50
2010.11.11 06:17:05.945,6.73567,6.73977,1.20,1.50
2010.11.11 06:17:07.997,6.73518,6.73977,2.60,1.50
2010.11.11 06:17:08.935,6.73587,6.73977,1.20,1.50
2010.11.11 06:17:09.442,6.73527,6.73977,2.60,1.50
2010.11.11 06:17:10.053,6.73568,6.74027,2.60,1.50
2010.11.11 06:17:12.353,6.73568,6.74027,2.60,1.50
2010.11.11 06:17:14.598,6.73568,6.74027,2.60,1.50
2010.11.11 06:17:17.373,6.73568,6.74027,2.60,1.50
2010.11.11 06:17:17.507,6.73618,6.74008,1.20,1.50
2010.11.11 06:17:17.727,6.73568,6.74025,2.60,1.50
2010.11.11 06:17:21.716,6.73568,6.74025,2.60,1.50
2010.11.11 06:17:22.845,6.73608,6.74008,1.20,1.50
2010.11.11 06:17:22.961,6.73544,6.74008,2.60,1.50
2010.11.11 06:17:24.197,6.73518,6.73982,4.50,1.50
2010.11.11 06:17:24.528,6.73568,6.73982,1.20,1.50
2010.11.11 06:17:27.516,6.73568,6.73982,1.20,1.50
2010.11.11 06:17:27.640,6.73587,6.73982,1.20,1.50
2010.11.11 06:17:29.076,6.73547,6.73982,2.60,1.50
2010.11.11 06:17:29.296,6.73547,6.73999,2.60,1.50
2010.11.11 06:17:32.535,6.73547,6.73999,2.60,1.50
2010.11.11 06:17:36.152,6.73547,6.73999,2.60,1.50
2010.11.11 06:17:39.612,6.73547,6.73999,2.60,1.50
2010.11.11 06:17:42.570,6.73547,6.73999,2.60,1.50
2010.11.11 06:17:44.631,6.73547,6.73999,2.60,1.50
2010.11.11 06:17:48.030,6.73547,6.73999,2.60,1.50
2010.11.11 06:17:48.959,6.73547,6.73999,2.60,1.50
2010.11.11 06:17:49.285,6.73569,6.73965,2.60,1.50
2010.11.11 06:17:51.324,6.73569,6.73965,2.60,1.50
2010.11.11 06:17:52.637,6.73595,6.73991,2.60,1.50
2010.11.11 06:17:52.857,6.73637,6.73991,1.20,1.50
2010.11.11 06:17:53.075,6.73617,6.74013,2.60,1.50
2010.11.11 06:17:54.069,6.73647,6.74013,1.20,1.50
2010.11.11 06:17:54.838,6.736,6.73996,2.60,1.50
2010.11.11 06:17:54.949,6.73658,6.74043,1.30,1.50
2010.11.11 06:17:57.535,6.73658,6.74043,1.30,1.50
2010.11.11 06:17:57.653,6.73697,6.74063,1.20,1.50
2010.11.11 06:17:57.886,6.73688,6.74063,1.30,1.50
2010.11.11 06:17:59.357,6.73637,6.74096,2.60,1.50
2010.11.11 06:18:00.839,6.73637,6.74096,2.60,1.50
2010.11.11 06:18:02.096,6.73697,6.7416,2.60,1.50
2010.11.11 06:18:02.810,6.73697,6.7416,2.60,1.50
2010.11.11 06:18:03.837,6.73698,6.7416,2.60,1.50
2010.11.11 06:18:04.218,6.73698,6.7416,2.60,1.50
2010.11.11 06:18:04.437,6.73683,6.74141,4.50,1.50
2010.11.11 06:18:04.547,6.73677,6.74141,4.50,1.50
2010.11.11 06:18:05.257,6.73677,6.74141,4.50,1.50
2010.11.11 06:18:05.757,6.73697,6.7416,2.60,1.50
2010.11.11 06:18:05.868,6.73708,6.7416,2.60,1.50
2010.11.11 06:18:05.977,6.73717,6.7416,2.70,1.50
2010.11.11 06:18:06.088,6.73727,6.74169,2.60,1.50
2010.11.11 06:18:06.197,6.73767,6.74189,1.20,1.50
2010.11.11 06:18:07.047,6.73767,6.74189,1.20,1.50
2010.11.11 06:18:10.771,6.73767,6.7417,1.20,1.50
2010.11.11 06:18:11.718,6.73728,6.74189,2.60,1.50
2010.11.11 06:18:12.398,6.73728,6.74189,2.60,1.50
2010.11.11 06:18:12.508,6.73726,6.74189,2.70,1.50
2010.11.11 06:18:16.390,6.73717,6.7417,2.60,1.50
2010.11.11 06:18:16.501,6.73728,6.74189,2.60,1.50
2010.11.11 06:18:17.078,6.73726,6.74189,2.60,1.50
2010.11.11 06:18:17.186,6.73726,6.74189,2.60,1.50
2010.11.11 06:18:20.548,6.73718,6.7417,2.60,1.50
2010.11.11 06:18:21.486,6.73777,6.7417,1.20,1.50
2010.11.11 06:18:21.707,6.73777,6.74189,1.20,1.50
2010.11.11 06:18:21.925,6.73777,6.7417,1.20,1.50
2010.11.11 06:18:22.479,6.73718,6.7417,2.60,1.50
2010.11.11 06:18:25.151,6.73718,6.7417,2.60,1.50
2010.11.11 06:18:27.274,6.73718,6.7417,2.60,1.50
2010.11.11 06:18:30.641,6.73718,6.7417,2.60,1.50
2010.11.11 06:18:32.653,6.73718,6.7417,2.60,1.50
2010.11.11 06:18:34.506,6.73778,6.7417,1.20,1.50
2010.11.11 06:18:34.841,6.73778,6.74189,1.20,1.50
2010.11.11 06:18:37.672,6.73778,6.74189,1.20,1.50
2010.11.11 06:18:38.549,6.73787,6.74189,1.20,1.50
2010.11.11 06:18:38.770,6.73778,6.74207,1.20,1.10
2010.11.11 06:18:39.456,6.73778,6.7417,1.20,1.50
2010.11.11 06:18:39.571,6.73717,6.7417,2.60,1.50
2010.11.11 06:18:42.625,6.73717,6.7417,2.60,1.50
2010.11.11 06:18:45.007,6.73717,6.7417,2.60,1.50
2010.11.11 06:18:47.060,6.73717,6.7417,2.60,1.50
2010.11.11 06:18:47.286,6.73708,6.7417,2.60,1.50
2010.11.11 06:18:47.396,6.73738,6.74167,1.20,1.10
2010.11.11 06:18:47.877,6.73738,6.74141,1.20,1.50
2010.11.11 06:18:49.006,6.73727,6.74141,1.20,1.50
2010.11.11 06:18:49.732,6.73758,6.7416,1.20,1.50
2010.11.11 06:18:51.947,6.73758,6.7416,1.20,1.50
2010.11.11 06:18:54.400,6.73758,6.7416,1.20,1.50
2010.11.11 06:18:57.713,6.73758,6.7416,1.20,1.50
2010.11.11 06:19:00.663,6.73758,6.7416,1.20,1.50
2010.11.11 06:19:02.715,6.73758,6.7416,1.20,1.50
2010.11.11 06:19:05.379,6.73758,6.7416,1.20,1.50
2010.11.11 06:19:07.664,6.73758,6.7416,1.20,1.50
2010.11.11 06:19:12.440,6.73758,6.7416,1.20,1.50
2010.11.11 06:19:15.159,6.73707,6.7416,2.60,1.50
2010.11.11 06:19:15.485,6.73778,6.74168,1.20,1.50
2010.11.11 06:19:15.595,6.73778,6.74189,1.20,1.50
2010.11.11 06:19:17.750,6.73778,6.74189,1.20,1.50
2010.11.11 06:19:20.607,6.73778,6.74189,1.20,1.50
2010.11.11 06:19:22.963,6.73737,6.74189,2.60,1.50
2010.11.11 06:19:23.464,6.73788,6.74189,1.20,1.50
2010.11.11 06:19:25.963,6.73807,6.74175,1.20,1.50
2010.11.11 06:19:28.046,6.73807,6.74175,1.20,1.50
2010.11.11 06:19:30.370,6.73807,6.74175,1.20,1.50
2010.11.11 06:19:32.251,6.73779,6.74238,2.60,1.50
2010.11.11 06:19:32.371,6.73787,6.74258,2.60,1.50
2010.11.11 06:19:33.343,6.73798,6.74278,2.60,1.50
2010.11.11 06:19:35.068,6.73888,6.74304,1.20,1.50
2010.11.11 06:19:35.583,6.73907,6.74304,1.20,1.50
2010.11.11 06:19:35.689,6.73857,6.74304,2.60,1.50
2010.11.11 06:19:35.799,6.73842,6.74304,1.30,1.50
2010.11.11 06:19:36.017,6.73927,6.74336,1.20,1.50
2010.11.11 06:19:36.458,6.73857,6.74336,2.60,1.60
2010.11.11 06:19:36.568,6.73917,6.74317,1.20,1.50
2010.11.11 06:19:37.178,6.73937,6.74336,1.20,1.50
2010.11.11 06:19:37.508,6.73917,6.74365,2.60,1.50
2010.11.11 06:19:37.617,6.73978,6.74365,1.20,1.50
2010.11.11 06:19:37.728,6.73927,6.74386,2.60,1.50
2010.11.11 06:19:38.274,6.73927,6.74386,2.60,1.50
2010.11.11 06:19:38.497,6.73948,6.74386,2.60,1.50
2010.11.11 06:19:39.509,6.73928,6.74403,2.60,1.20
2010.11.11 06:19:39.620,6.73938,6.74366,1.20,1.70
2010.11.11 06:19:39.847,6.73878,6.74362,2.60,1.20
2010.11.11 06:19:39.957,6.73887,6.74356,2.60,1.50
2010.11.11 06:19:40.709,6.73928,6.74356,1.20,1.70
2010.11.11 06:19:40.818,6.73897,6.74356,2.60,1.50
2010.11.11 06:19:41.148,6.73898,6.74327,1.20,1.10
2010.11.11 06:19:41.257,6.73898,6.74316,1.20,1.50
2010.11.11 06:19:41.991,6.73838,6.74287,2.60,1.50
2010.11.11 06:19:42.098,6.73867,6.74287,1.20,1.50
2010.11.11 06:19:42.649,6.73867,6.74268,1.20,1.50
2010.11.11 06:19:43.281,6.73878,6.74287,1.20,1.50
2010.11.11 06:19:43.613,6.73888,6.74287,1.20,1.50
2010.11.11 06:19:44.298,6.73907,6.74287,1.20,1.50
2010.11.11 06:19:44.517,6.73907,6.74316,1.20,1.50
2010.11.11 06:19:44.631,6.73877,6.74336,2.60,1.50
2010.11.11 06:19:45.163,6.73938,6.74356,1.20,1.50
2010.11.11 06:19:46.695,6.73938,6.74346,1.20,2.30
2010.11.11 06:19:46.812,6.73898,6.74319,1.20,1.50
2010.11.11 06:19:47.036,6.73855,6.74319,2.60,2.80
2010.11.11 06:19:48.236,6.73897,6.74319,1.20,1.50
2010.11.11 06:19:50.187,6.73855,6.74319,2.60,1.50
2010.11.11 06:19:50.516,6.73888,6.74318,2.60,1.50
2010.11.11 06:19:51.112,6.73947,6.74356,1.20,1.50
2010.11.11 06:19:52.485,6.73917,6.74317,1.20,1.50
2010.11.11 06:19:54.024,6.73867,6.74317,2.60,1.50
2010.11.11 06:19:55.706,6.73878,6.74336,2.60,1.50
2010.11.11 06:19:55.817,6.73878,6.74336,2.60,1.50
2010.11.11 06:19:56.145,6.73918,6.74336,1.20,1.50
2010.11.11 06:19:56.667,6.73927,6.74336,1.20,1.50
2010.11.11 06:19:57.008,6.73918,6.74336,1.20,1.50
2010.11.11 06:19:58.669,6.73927,6.74336,1.20,1.50
2010.11.11 06:19:58.775,6.73918,6.74336,1.20,1.50
2010.11.11 06:19:58.888,6.73928,6.74336,1.20,1.50
2010.11.11 06:19:59.116,6.73918,6.74336,1.20,1.50
2010.11.11 06:20:00.679,6.73853,6.74317,2.60,1.50
2010.11.11 06:20:02.838,6.73853,6.74317,2.60,1.50
2010.11.11 06:20:03.896,6.73887,6.74317,1.20,1.70
2010.11.11 06:20:04.688,6.73853,6.74317,2.60,1.50
2010.11.11 06:20:05.077,6.73853,6.74317,2.60,1.70
2010.11.11 06:20:07.222,6.73853,6.74317,2.60,1.70
2010.11.11 06:20:09.786,6.73853,6.74317,2.60,1.70
2010.11.11 06:20:12.006,6.73853,6.74317,2.60,1.70
2010.11.11 06:20:14.622,6.73853,6.74317,2.60,1.60
2010.11.11 06:20:14.845,6.73857,6.74317,2.60,1.50
2010.11.11 06:20:15.175,6.73857,6.74317,2.60,1.60
2010.11.11 06:20:15.873,6.73857,6.74317,2.60,1.50
2010.11.11 06:20:15.986,6.73898,6.74317,1.20,1.50
2010.11.11 06:20:16.648,6.73908,6.74317,1.20,1.50
2010.11.11 06:20:19.843,6.73908,6.74317,1.20,1.50
2010.11.11 06:20:20.291,6.73927,6.74346,1.20,2.30
2010.11.11 06:20:20.409,6.73897,6.74354,2.60,1.50
2010.11.11 06:20:20.997,6.73877,6.74336,2.60,1.50
2010.11.11 06:20:23.056,6.73898,6.74356,2.60,1.50
2010.11.11 06:20:23.169,6.73927,6.74364,2.60,1.50
2010.11.11 06:20:23.281,6.73937,6.74385,2.60,1.50
2010.11.11 06:20:23.398,6.73941,6.74405,2.60,1.50
2010.11.11 06:20:23.727,6.73947,6.74432,2.60,1.50
2010.11.11 06:20:25.794,6.73951,6.74415,2.60,1.50
2010.11.11 06:20:25.908,6.73951,6.74415,2.60,1.60
2010.11.11 06:20:26.456,6.73998,6.74415,1.20,1.50
2010.11.11 06:20:27.699,6.73951,6.74415,2.60,1.60
2010.11.11 06:20:27.919,6.73977,6.74415,4.50,1.50
2010.11.11 06:20:28.138,6.74027,6.74452,1.20,1.50
2010.11.11 06:20:28.676,6.74027,6.74434,1.20,1.50
2010.11.11 06:20:28.787,6.73971,6.74434,2.60,1.50
2010.11.11 06:20:29.117,6.73971,6.74434,2.60,1.50
2010.11.11 06:20:29.447,6.74077,6.74454,1.20,1.50
2010.11.11 06:20:30.306,6.74077,6.74483,1.20,1.50
2010.11.11 06:20:30.528,6.74067,6.74463,1.20,1.50
2010.11.11 06:20:30.750,6.74067,6.74463,1.20,1.50
2010.11.11 06:20:31.077,6.74,6.74463,2.60,1.50
2010.11.11 06:20:31.187,6.74,6.74463,2.60,1.60
2010.11.11 06:20:31.762,6.74,6.74463,2.60,3.00
2010.11.11 06:20:31.881,6.73977,6.74442,2.60,1.50
2010.11.11 06:20:31.996,6.73977,6.74434,2.60,1.50
2010.11.11 06:20:33.507,6.73988,6.74414,1.20,1.70
2010.11.11 06:20:33.617,6.73951,6.74413,2.60,1.20
2010.11.11 06:20:35.694,6.73951,6.74413,2.60,1.20
2010.11.11 06:20:37.738,6.73951,6.74414,2.60,1.60
2010.11.11 06:20:38.245,6.74048,6.74414,1.20,1.50
2010.11.11 06:20:38.685,6.74048,6.7443,1.20,1.50
2010.11.11 06:20:38.795,6.74048,6.74451,1.20,1.50
2010.11.11 06:20:40.982,6.74048,6.74451,1.20,1.50
2010.11.11 06:20:41.099,6.74047,6.74499,2.60,1.50
2010.11.11 06:20:41.583,6.74048,6.74499,2.60,1.50
2010.11.11 06:20:41.707,6.74068,6.74465,1.20,1.50
2010.11.11 06:20:42.147,6.74057,6.74465,1.20,1.50
2010.11.11 06:20:42.768,6.74017,6.74465,2.60,1.50
2010.11.11 06:20:43.126,6.74057,6.74465,1.20,1.50
2010.11.11 06:20:43.348,6.74077,6.74465,1.20,1.50
2010.11.11 06:20:43.567,6.74077,6.74483,1.20,1.50
2010.11.11 06:20:46.814,6.74088,6.74483,1.20,1.50
2010.11.11 06:20:46.930,6.74028,6.74483,2.60,1.50
2010.11.11 06:20:47.147,6.74007,6.74463,2.60,1.50
2010.11.11 06:20:47.478,6.74018,6.74463,2.60,1.50
2010.11.11 06:20:48.142,6.74018,6.74463,2.60,1.50
2010.11.11 06:20:48.368,6.74027,6.74483,2.60,1.50
2010.11.11 06:20:49.409,6.74048,6.74477,1.20,1.10
2010.11.11 06:20:49.520,6.74048,6.74463,1.20,1.50
2010.11.11 06:20:52.903,6.74048,6.74463,1.20,1.50
2010.11.11 06:20:53.417,6.74017,6.74447,1.30,1.10
2010.11.11 06:20:53.536,6.73953,6.74416,2.60,1.50
2010.11.11 06:20:53.759,6.73978,6.74385,1.20,1.50
2010.11.11 06:20:55.357,6.73938,6.74385,2.60,1.50
2010.11.11 06:20:56.100,6.73941,6.74405,2.60,1.50
2010.11.11 06:20:56.206,6.73977,6.74405,1.20,1.70
2010.11.11 06:20:57.351,6.73988,6.74405,1.20,1.50
2010.11.11 06:20:57.857,6.73978,6.74405,1.20,1.70
2010.11.11 06:20:58.397,6.73988,6.74405,1.20,1.50
2010.11.11 06:20:58.560,6.73978,6.74405,1.20,1.70
2010.11.11 06:20:59.999,6.73941,6.74405,2.60,1.50
2010.11.11 06:21:00.479,6.73941,6.74405,2.60,1.60
2010.11.11 06:21:01.369,6.73941,6.74405,2.60,1.50
2010.11.11 06:21:01.786,6.73977,6.74405,1.20,1.70
2010.11.11 06:21:02.627,6.74007,6.74405,1.20,1.50
2010.11.11 06:21:02.737,6.73971,6.74422,2.60,1.20
2010.11.11 06:21:03.510,6.73938,6.74385,2.60,1.50
2010.11.11 06:21:06.797,6.73938,6.74385,2.60,1.50
2010.11.11 06:21:08.902,6.73938,6.74385,2.60,1.50
2010.11.11 06:21:09.448,6.74017,6.74434,1.20,1.50
2010.11.11 06:21:09.549,6.74017,6.74434,1.20,1.50
2010.11.11 06:21:09.769,6.73977,6.74454,2.60,1.50
2010.11.11 06:21:12.989,6.7399,6.74454,2.60,1.50
2010.11.11 06:21:15.022,6.7399,6.74454,2.60,1.50
2010.11.11 06:21:17.894,6.7399,6.74454,2.60,1.50
2010.11.11 06:21:19.866,6.7399,6.74442,2.60,1.20
2010.11.11 06:21:20.089,6.73978,6.74434,2.60,1.50
2010.11.11 06:21:20.609,6.73977,6.74454,2.60,1.60
2010.11.11 06:21:20.826,6.73977,6.74454,2.60,1.60
2010.11.11 06:21:22.837,6.73977,6.74434,2.60,1.50
2010.11.11 06:21:28.266,6.73977,6.74434,2.60,1.50
2010.11.11 06:21:30.741,6.73977,6.74434,2.60,1.50
2010.11.11 06:21:33.048,6.73977,6.74434,2.60,1.50
2010.11.11 06:21:36.867,6.73977,6.74434,2.60,1.50
2010.11.11 06:21:39.341,6.73977,6.74434,2.60,1.50
2010.11.11 06:21:43.477,6.74004,6.744,2.60,1.50
2010.11.11 06:21:45.367,6.74004,6.744,2.60,1.50
2010.11.11 06:21:46.516,6.74004,6.744,2.60,1.50
2010.11.11 06:21:47.922,6.73997,6.74381,1.30,1.50
2010.11.11 06:21:48.598,6.73985,6.74381,2.30,1.50
2010.11.11 06:21:49.247,6.73956,6.74361,2.80,1.50
2010.11.11 06:21:52.216,6.73987,6.74352,1.20,1.50
2010.11.11 06:21:54.881,6.73987,6.74352,1.20,1.50
2010.11.11 06:21:57.251,6.73987,6.74352,1.20,1.50
2010.11.11 06:22:03.090,6.73987,6.74352,1.20,1.50
2010.11.11 06:22:03.294,6.73978,6.74352,1.20,1.50
2010.11.11 06:22:05.841,6.73978,6.74352,1.20,1.50
2010.11.11 06:22:07.928,6.73978,6.74352,1.20,1.50
2010.11.11 06:22:11.057,6.73978,6.74352,1.20,1.50
2010.11.11 06:22:13.115,6.73978,6.74352,1.20,1.50
2010.11.11 06:22:15.950,6.73978,6.74352,1.20,1.50
2010.11.11 06:22:16.168,6.73948,6.74332,1.30,1.50
2010.11.11 06:22:18.398,6.73936,6.74332,2.60,1.50
2010.11.11 06:22:23.137,6.73936,6.74332,2.60,1.50
2010.11.11 06:22:25.859,6.73936,6.74332,2.60,1.50
2010.11.11 06:22:27.479,6.73907,6.74303,2.70,1.50
2010.11.11 06:22:30.436,6.73907,6.74303,2.70,1.50
2010.11.11 06:22:33.144,6.73907,6.74303,2.70,1.50
2010.11.11 06:22:35.869,6.73927,6.74303,1.30,1.50
2010.11.11 06:22:38.157,6.73927,6.74303,1.30,1.50
2010.11.11 06:22:40.136,6.73907,6.74303,2.70,1.50
2010.11.11 06:22:43.179,6.73887,6.74283,2.60,1.50
2010.11.11 06:22:47.188,6.73948,6.74283,1.20,1.50
2010.11.11 06:22:47.406,6.73948,6.7432,1.20,1.50
2010.11.11 06:22:47.628,6.73924,6.7432,2.80,1.50
2010.11.11 06:22:48.181,6.73887,6.74283,2.60,1.50
2010.11.11 06:22:52.089,6.73887,6.74283,2.60,1.50
2010.11.11 06:22:54.646,6.73887,6.74283,2.60,1.50
2010.11.11 06:22:56.466,6.73887,6.74283,2.60,1.50
2010.11.11 06:22:57.055,6.73917,6.74283,1.20,1.50
2010.11.11 06:22:59.269,6.73917,6.74283,1.20,1.50
2010.11.11 06:22:59.795,6.73887,6.74283,2.60,1.50
2010.11.11 06:23:00.436,6.73907,6.74303,2.70,1.50
2010.11.11 06:23:03.206,6.73907,6.74303,2.70,1.50
2010.11.11 06:23:04.476,6.73948,6.74303,1.20,1.50
2010.11.11 06:23:04.994,6.73957,6.74322,1.20,1.50
2010.11.11 06:23:08.220,6.73957,6.74322,1.20,1.50
2010.11.11 06:23:09.747,6.73977,6.74322,1.20,1.50
2010.11.11 06:23:10.075,6.73927,6.74331,2.70,1.50
2010.11.11 06:23:10.187,6.73956,6.74352,2.70,1.50
2010.11.11 06:23:12.248,6.73988,6.74352,1.20,1.50
2010.11.11 06:23:12.907,6.73977,6.74354,1.30,1.50
2010.11.11 06:23:13.851,6.73998,6.74354,1.20,1.50
2010.11.11 06:23:14.080,6.73998,6.74354,1.20,1.50
2010.11.11 06:23:14.299,6.74018,6.7438,1.30,1.50
2010.11.11 06:23:14.409,6.74004,6.744,2.60,1.50
2010.11.11 06:23:17.000,6.74004,6.744,2.60,1.50
2010.11.11 06:23:20.355,6.74004,6.744,2.60,1.50
2010.11.11 06:23:22.379,6.74004,6.744,2.60,1.50
2010.11.11 06:23:25.257,6.74004,6.744,2.60,1.50
2010.11.11 06:23:27.922,6.74017,6.744,1.30,1.50
2010.11.11 06:23:29.670,6.73985,6.74381,2.60,1.50
2010.11.11 06:23:31.713,6.73985,6.74381,2.60,1.50
2010.11.11 06:23:35.041,6.73985,6.74381,2.60,1.50
2010.11.11 06:23:36.578,6.73973,6.74381,1.10,1.50
2010.11.11 06:23:37.241,6.73943,6.74361,1.10,1.50
2010.11.11 06:23:37.354,6.73907,6.74303,2.70,1.50
2010.11.11 06:23:39.381,6.73907,6.74303,2.70,1.50
2010.11.11 06:23:41.448,6.73907,6.74303,2.70,1.50
2010.11.11 06:23:42.030,6.73907,6.74303,2.60,1.50
2010.11.11 06:23:42.527,6.73907,6.74303,2.70,1.50
2010.11.11 06:23:42.846,6.73938,6.74303,1.20,1.50
2010.11.11 06:23:43.098,6.73928,6.74303,1.30,1.50
2010.11.11 06:23:44.736,6.73907,6.74303,2.60,1.50
2010.11.11 06:23:45.137,6.73908,6.74332,2.80,1.50
2010.11.11 06:23:45.248,6.73956,6.74352,2.80,1.50
2010.11.11 06:23:46.080,6.73968,6.74352,1.30,1.50
2010.11.11 06:23:48.168,6.73968,6.74352,1.30,1.50
2010.11.11 06:23:50.317,6.73968,6.74352,1.30,1.50
2010.11.11 06:23:51.296,6.73962,6.74352,1.10,1.50
2010.11.11 06:23:51.408,6.73957,6.74332,1.30,1.50
2010.11.11 06:23:53.430,6.73936,6.74332,2.60,1.50
2010.11.11 06:23:56.328,6.73958,6.74332,1.20,1.50
2010.11.11 06:23:56.676,6.73967,6.74332,1.20,1.50
2010.11.11 06:24:00.800,6.73967,6.74332,1.20,1.50
2010.11.11 06:24:00.908,6.73967,6.74352,1.30,1.50
2010.11.11 06:24:01.126,6.73975,6.74371,2.60,1.50
2010.11.11 06:24:01.346,6.73975,6.74371,2.60,1.50
2010.11.11 06:24:03.448,6.73975,6.74371,2.60,1.50
2010.11.11 06:24:07.370,6.73975,6.74371,2.60,1.50
2010.11.11 06:24:10.420,6.73975,6.74371,2.60,1.50
2010.11.11 06:24:13.349,6.73975,6.74371,2.60,1.50
2010.11.11 06:24:15.544,6.73975,6.74371,2.60,1.50
2010.11.11 06:24:15.986,6.73975,6.7438,2.80,1.50
2010.11.11 06:24:16.096,6.74004,6.744,2.80,1.50
2010.11.11 06:24:16.738,6.74017,6.744,1.30,1.50
2010.11.11 06:24:19.549,6.74017,6.744,1.30,1.50
2010.11.11 06:24:23.279,6.74017,6.744,1.30,1.50
2010.11.11 06:24:23.499,6.74004,6.744,2.30,1.50
2010.11.11 06:24:23.608,6.73998,6.74381,1.30,1.50
2010.11.11 06:24:27.473,6.73998,6.74381,1.30,1.50
2010.11.11 06:24:29.809,6.73998,6.74381,1.30,1.50
2010.11.11 06:24:30.247,6.73939,6.74335,2.60,1.50
2010.11.11 06:24:30.357,6.73939,6.74335,2.80,1.50
2010.11.11 06:24:33.409,6.73939,6.74335,2.80,1.50
2010.11.11 06:24:35.326,6.73939,6.74335,2.10,1.50
2010.11.11 06:24:35.452,6.73907,6.74303,2.60,1.50
2010.11.11 06:24:37.692,6.73907,6.74303,2.60,1.50
2010.11.11 06:24:37.921,6.73908,6.74283,1.30,1.50
2010.11.11 06:24:38.028,6.73928,6.74283,1.20,1.50
2010.11.11 06:24:38.510,6.73887,6.74283,2.70,1.50
2010.11.11 06:24:38.617,6.73927,6.74283,1.20,1.50
2010.11.11 06:24:39.258,6.73908,6.74283,1.30,1.50
2010.11.11 06:24:39.589,6.73887,6.74283,2.60,1.50
2010.11.11 06:24:41.343,6.73887,6.74283,2.70,1.50
2010.11.11 06:24:41.653,6.73918,6.74283,1.20,1.50
2010.11.11 06:24:44.732,6.73918,6.74283,1.20,1.50
2010.11.11 06:24:45.069,6.73887,6.74283,2.60,1.50
2010.11.11 06:24:45.180,6.73907,6.74303,2.60,1.50
2010.11.11 06:24:45.289,6.73928,6.74303,1.20,1.50
2010.11.11 06:24:45.958,6.73917,6.74303,1.30,1.50
2010.11.11 06:24:46.069,6.73907,6.74303,2.60,1.50
2010.11.11 06:24:48.078,6.73907,6.74303,2.60,1.50
2010.11.11 06:24:49.597,6.73887,6.74283,2.70,1.50
2010.11.11 06:24:50.332,6.73907,6.74303,2.70,1.50
2010.11.11 06:24:53.430,6.73907,6.74303,2.70,1.50
2010.11.11 06:24:56.304,6.73907,6.74303,2.70,1.50
2010.11.11 06:24:56.668,6.73907,6.74303,2.60,1.50
2010.11.11 06:24:57.276,6.73968,6.74303,1.20,1.50
2010.11.11 06:24:57.379,6.73968,6.74352,1.30,1.50
2010.11.11 06:24:57.598,6.73977,6.74352,1.20,1.50
2010.11.11 06:25:00.686,6.73977,6.74352,1.20,1.50
2010.11.11 06:25:03.450,6.73977,6.74352,1.20,1.50
2010.11.11 06:25:06.059,6.73977,6.74352,1.20,1.50
2010.11.11 06:25:08.487,6.73977,6.74352,1.20,1.50
2010.11.11 06:25:13.109,6.73977,6.74352,1.20,1.50
2010.11.11 06:25:15.085,6.73977,6.74352,1.20,1.50
2010.11.11 06:25:18.398,6.73977,6.74352,1.20,1.50
2010.11.11 06:25:22.415,6.73977,6.74352,1.20,1.50
2010.11.11 06:25:25.397,6.73977,6.74352,1.20,1.50
2010.11.11 06:25:28.117,6.73977,6.74352,1.20,1.50
2010.11.11 06:25:31.367,6.73977,6.74352,1.20,1.50
2010.11.11 06:25:33.837,6.73977,6.74352,1.20,1.50
2010.11.11 06:25:35.934,6.73977,6.74352,1.20,1.50
2010.11.11 06:25:38.036,6.73977,6.74352,1.20,1.50
2010.11.11 06:25:40.588,6.73977,6.74352,1.20,1.50
2010.11.11 06:25:43.262,6.73977,6.74352,1.20,1.50
2010.11.11 06:25:46.800,6.73977,6.74352,1.20,1.50
2010.11.11 06:25:49.733,6.73977,6.74352,1.20,1.50
2010.11.11 06:25:51.855,6.73977,6.74352,1.20,1.50
2010.11.11 06:25:53.955,6.73977,6.74352,1.30,1.50
2010.11.11 06:25:57.106,6.73977,6.74352,1.30,1.50
2010.11.11 06:25:57.904,6.73927,6.74352,1.60,1.50
2010.11.11 06:26:01.273,6.73927,6.74352,1.60,1.50
2010.11.11 06:26:03.572,6.73927,6.74352,1.60,1.50
2010.11.11 06:26:07.749,6.73927,6.74352,1.60,1.50
2010.11.11 06:26:07.854,6.73988,6.74352,1.20,1.50
2010.11.11 06:26:08.190,6.73975,6.74371,2.60,1.50
2010.11.11 06:26:10.559,6.73975,6.74371,2.60,1.50
2010.11.11 06:26:11.728,6.74017,6.74371,1.20,1.50
2010.11.11 06:26:12.581,6.74017,6.744,1.30,1.50
2010.11.11 06:26:13.061,6.74004,6.744,2.60,1.50
2010.11.11 06:26:15.638,6.74004,6.744,2.60,1.50
2010.11.11 06:26:17.892,6.74004,6.744,2.60,1.50
2010.11.11 06:26:18.005,6.74018,6.744,1.30,1.50
2010.11.11 06:26:22.223,6.74018,6.744,1.30,1.50
2010.11.11 06:26:23.276,6.73985,6.74381,2.60,1.50
2010.11.11 06:26:28.068,6.73985,6.74381,2.60,1.50
2010.11.11 06:26:31.388,6.73985,6.74381,2.60,1.50
2010.11.11 06:26:33.623,6.73985,6.74381,2.60,1.50
2010.11.11 06:26:36.085,6.73985,6.74381,2.60,1.50
2010.11.11 06:26:38.647,6.73985,6.74381,2.60,1.50
2010.11.11 06:26:41.736,6.73985,6.74381,2.60,1.50
2010.11.11 06:26:45.209,6.73985,6.74381,2.60,1.50
2010.11.11 06:26:48.450,6.73985,6.74381,2.60,1.50
2010.11.11 06:26:49.247,6.73985,6.74381,2.60,1.50
2010.11.11 06:26:49.357,6.73992,6.74381,1.10,1.50
2010.11.11 06:26:49.468,6.73956,6.74352,2.80,1.50
2010.11.11 06:26:49.891,6.73956,6.74352,2.70,1.50
2010.11.11 06:26:50.005,6.73942,6.74332,1.10,1.50
2010.11.11 06:26:50.339,6.73937,6.74303,1.20,1.50
2010.11.11 06:26:53.667,6.73909,6.74305,2.60,1.50
2010.11.11 06:26:53.887,6.73956,6.74352,2.60,1.50
2010.11.11 06:26:53.998,6.73956,6.74352,2.60,1.50
2010.11.11 06:26:56.881,6.73956,6.74352,2.60,1.50
2010.11.11 06:26:58.707,6.73956,6.74352,2.60,1.50
2010.11.11 06:26:59.718,6.73948,6.74372,1.60,1.50
2010.11.11 06:27:01.331,6.73788,6.74352,1.40,1.50
2010.11.11 06:27:01.440,6.73788,6.74344,1.40,1.50
2010.11.11 06:27:02.074,6.73766,6.74324,1.40,1.50
2010.11.11 06:27:04.279,6.73766,6.74324,1.40,1.50
2010.11.11 06:27:04.828,6.73757,6.74296,1.40,1.50
2010.11.11 06:27:05.890,6.73757,6.74284,2.40,1.50
2010.11.11 06:27:08.219,6.73873,6.74284,1.30,1.50
2010.11.11 06:27:08.770,6.73802,6.74214,1.10,1.50
2010.11.11 06:27:11.476,6.73822,6.74234,1.30,1.50
2010.11.11 06:27:13.514,6.73813,6.74234,1.10,1.50
2010.11.11 06:27:14.261,6.73808,6.74214,1.20,1.50
2010.11.11 06:27:17.339,6.73803,6.74214,1.10,1.50
2010.11.11 06:27:18.017,6.73789,6.74185,2.20,1.50
2010.11.11 06:27:20.326,6.73789,6.74185,2.20,1.50
2010.11.11 06:27:20.927,6.73803,6.74185,1.10,1.50
2010.11.11 06:27:21.036,6.73792,6.74185,1.10,1.50
2010.11.11 06:27:21.147,6.73792,6.74185,1.10,1.50
2010.11.11 06:27:23.146,6.73813,6.74234,1.10,1.50
2010.11.11 06:27:23.366,6.73822,6.74234,1.10,1.50
2010.11.11 06:27:25.396,6.73823,6.74234,1.10,1.50
2010.11.11 06:27:27.431,6.73823,6.74234,1.10,1.50
2010.11.11 06:27:28.070,6.73812,6.74215,1.30,1.50
2010.11.11 06:27:29.497,6.73789,6.74195,2.80,1.50
2010.11.11 06:27:29.609,6.73789,6.74185,2.20,1.50
2010.11.11 06:27:32.111,6.73772,6.74185,1.30,1.50
2010.11.11 06:27:34.310,6.73782,6.74185,1.30,1.50
2010.11.11 06:27:36.376,6.73782,6.74185,1.30,1.50
2010.11.11 06:27:38.757,6.73782,6.74185,1.30,1.50
2010.11.11 06:27:42.180,6.73789,6.74185,2.10,1.50
2010.11.11 06:27:42.508,6.73792,6.74205,1.10,1.50
2010.11.11 06:27:43.710,6.73782,6.74185,1.10,1.50
2010.11.11 06:27:46.009,6.73782,6.74185,1.10,1.50
2010.11.11 06:27:47.117,6.73802,6.74205,1.10,1.50
2010.11.11 06:27:48.388,6.73782,6.74185,1.10,1.50
2010.11.11 06:27:50.542,6.73782,6.74185,1.10,1.50
2010.11.11 06:27:50.987,6.73792,6.74205,1.30,1.50
2010.11.11 06:27:53.091,6.73782,6.74185,1.10,1.50
2010.11.11 06:27:54.949,6.73793,6.74205,1.10,1.50
2010.11.11 06:27:57.047,6.73783,6.74205,1.10,1.50
2010.11.11 06:27:57.632,6.73762,6.74167,1.30,1.50
2010.11.11 06:27:59.971,6.73762,6.74167,1.30,1.50
2010.11.11 06:28:02.267,6.73762,6.74167,1.30,1.50
2010.11.11 06:28:04.712,6.73762,6.74167,1.30,1.50
2010.11.11 06:28:07.336,6.73762,6.74167,1.30,1.50
2010.11.11 06:28:12.515,6.73762,6.74167,1.30,1.50
2010.11.11 06:28:12.846,6.7374,6.74136,2.10,1.50
2010.11.11 06:28:15.106,6.73738,6.74156,1.20,1.50
2010.11.11 06:28:15.220,6.73742,6.74156,1.30,1.50
2010.11.11 06:28:18.840,6.73753,6.74156,1.10,1.50
2010.11.11 06:28:20.890,6.73753,6.74156,1.10,1.50
2010.11.11 06:28:23.060,6.73753,6.74156,1.30,1.50
2010.11.11 06:28:25.622,6.73753,6.74156,1.30,1.50
2010.11.11 06:28:27.786,6.73753,6.74156,1.30,1.50
2010.11.11 06:28:29.987,6.73743,6.74156,1.10,1.50
2010.11.11 06:28:31.996,6.73753,6.74156,1.30,1.50
2010.11.11 06:28:35.205,6.73753,6.74156,1.30,1.50
2010.11.11 06:28:37.760,6.73753,6.74156,1.30,1.50
2010.11.11 06:28:38.308,6.7372,6.74136,2.20,1.50
2010.11.11 06:28:38.860,6.73713,6.74116,1.30,1.50
2010.11.11 06:28:41.948,6.73713,6.74116,1.30,1.50
2010.11.11 06:28:45.717,6.73713,6.74116,1.30,1.50
2010.11.11 06:28:45.830,6.73722,6.74136,1.30,1.50
2010.11.11 06:28:48.894,6.73723,6.74136,1.10,1.50
2010.11.11 06:28:51.782,6.73732,6.74136,1.10,1.50
2010.11.11 06:28:53.911,6.73732,6.74136,1.10,1.50
2010.11.11 06:28:55.988,6.7374,6.74136,2.10,1.50
2010.11.11 06:28:56.316,6.73742,6.74156,1.30,1.50
2010.11.11 06:28:57.578,6.73733,6.74136,1.10,1.50
2010.11.11 06:28:59.641,6.73733,6.74136,1.10,1.50
2010.11.11 06:29:02.342,6.73733,6.74136,1.10,1.50
2010.11.11 06:29:07.247,6.73733,6.74136,1.10,1.50
2010.11.11 06:29:09.324,6.73733,6.74136,1.10,1.50
2010.11.11 06:29:12.147,6.73733,6.74136,1.10,1.50
2010.11.11 06:29:14.227,6.73733,6.74136,1.10,1.50
2010.11.11 06:29:16.925,6.73733,6.74136,1.10,1.50
2010.11.11 06:29:17.617,6.73743,6.74156,1.10,1.50
2010.11.11 06:29:23.976,6.73743,6.74156,1.10,1.50
2010.11.11 06:29:29.416,6.73743,6.74156,1.10,1.50
2010.11.11 06:29:31.799,6.73743,6.74156,1.10,1.50
2010.11.11 06:29:33.006,6.73733,6.74156,1.10,1.50
2010.11.11 06:29:35.342,6.73733,6.74136,1.30,1.50
2010.11.11 06:29:35.677,6.73742,6.74156,1.10,1.50
2010.11.11 06:29:38.294,6.73742,6.74156,1.10,1.50
2010.11.11 06:29:40.487,6.73742,6.74156,1.10,1.50
2010.11.11 06:29:42.519,6.73742,6.74156,1.10,1.50
2010.11.11 06:29:44.793,6.73742,6.74156,1.10,1.50
2010.11.11 06:29:48.115,6.73742,6.74156,1.10,1.50
2010.11.11 06:29:51.543,6.73742,6.74156,1.10,1.50
2010.11.11 06:29:54.047,6.73742,6.74156,1.10,1.50
2010.11.11 06:29:56.695,6.73722,6.74136,2.80,1.50
2010.11.11 06:29:56.816,6.73702,6.74118,1.30,1.50
2010.11.11 06:29:58.665,6.73653,6.74071,1.30,1.50
2010.11.11 06:29:59.787,6.73672,6.74087,1.30,1.50
2010.11.11 06:30:01.859,6.73682,6.74087,1.10,1.50
2010.11.11 06:30:04.215,6.73682,6.74087,1.10,1.50
2010.11.11 06:30:04.770,6.73633,6.74056,1.10,1.50
2010.11.11 06:30:04.989,6.73602,6.7404,1.30,1.50
2010.11.11 06:30:05.959,6.73632,6.74057,1.10,1.50
2010.11.11 06:30:06.545,6.73643,6.74085,1.10,1.50
2010.11.11 06:30:06.657,6.73643,6.74085,1.10,1.50
2010.11.11 06:30:06.768,6.73643,6.74047,1.10,1.50
2010.11.11 06:30:06.881,6.73643,6.74041,1.10,1.50
2010.11.11 06:30:08.224,6.73582,6.7402,1.30,1.50
2010.11.11 06:30:10.570,6.73583,6.73991,1.30,1.50
2010.11.11 06:30:13.470,6.73583,6.73991,1.30,1.50
2010.11.11 06:30:16.549,6.73583,6.73991,1.30,1.50
2010.11.11 06:30:17.841,6.73562,6.73971,1.10,1.50
2010.11.11 06:30:20.624,6.73553,6.73971,1.30,1.50
2010.11.11 06:30:22.620,6.73525,6.73921,2.30,1.50
2010.11.11 06:30:23.202,6.73542,6.7394,1.10,1.50
2010.11.11 06:30:24.841,6.73533,6.7396,1.30,1.50
2010.11.11 06:30:25.060,6.73533,6.7394,1.30,1.50
2010.11.11 06:30:26.501,6.73512,6.73921,1.30,1.50
2010.11.11 06:30:27.216,6.73532,6.7394,1.30,1.50
2010.11.11 06:30:27.833,6.73532,6.7396,1.30,1.50
2010.11.11 06:30:30.477,6.73553,6.7396,1.10,1.50
2010.11.11 06:30:30.698,6.73512,6.7394,1.10,1.50
2010.11.11 06:30:30.810,6.73512,6.73922,1.10,1.50
2010.11.11 06:30:33.555,6.73512,6.73922,1.10,1.50
2010.11.11 06:30:33.674,6.73512,6.7394,1.10,1.50
2010.11.11 06:30:34.981,6.73552,6.7394,1.10,1.50
2010.11.11 06:30:35.199,6.73533,6.7394,1.10,1.50
2010.11.11 06:30:37.762,6.73533,6.7394,1.10,1.50
2010.11.11 06:30:39.848,6.73552,6.7396,1.30,1.50
2010.11.11 06:30:41.945,6.73553,6.7396,1.30,1.50
2010.11.11 06:30:44.142,6.73543,6.7396,1.10,1.50
2010.11.11 06:30:45.231,6.73562,6.73986,1.10,1.50
2010.11.11 06:30:45.973,6.73592,6.74009,1.10,1.50
2010.11.11 06:30:48.155,6.73592,6.74009,1.10,1.50
2010.11.11 06:30:50.511,6.73592,6.74009,1.10,1.50
2010.11.11 06:30:50.839,6.73582,6.73991,1.10,1.50
2010.11.11 06:30:53.216,6.73582,6.73991,1.10,1.50
2010.11.11 06:30:53.547,6.73573,6.7397,1.30,1.50
2010.11.11 06:30:54.336,6.73583,6.73987,1.10,1.50
2010.11.11 06:30:56.219,6.73593,6.74009,1.30,1.50
2010.11.11 06:30:58.576,6.73583,6.74009,1.10,1.50
2010.11.11 06:30:58.693,6.73583,6.73991,1.10,1.50
2010.11.11 06:31:01.010,6.73583,6.73991,1.10,1.50
2010.11.11 06:31:02.189,6.73663,6.74107,1.10,1.50
2010.11.11 06:31:03.533,6.73712,6.74133,1.10,1.50
2010.11.11 06:31:07.897,6.73723,6.74133,1.10,1.50
2010.11.11 06:31:09.825,6.73733,6.74133,1.30,1.50
2010.11.11 06:31:12.433,6.73757,6.74153,2.60,1.50
2010.11.11 06:31:14.510,6.73738,6.74118,1.30,1.50
2010.11.11 06:31:14.617,6.73713,6.74118,1.10,1.50
2010.11.11 06:31:16.668,6.73703,6.74118,1.30,1.50
2010.11.11 06:31:19.493,6.73693,6.74118,1.10,1.50
2010.11.11 06:31:20.218,6.73693,6.74136,1.10,1.50
2010.11.11 06:31:20.956,6.73763,6.74165,1.10,1.50
2010.11.11 06:31:21.419,6.73763,6.74165,1.10,1.50
2010.11.11 06:31:23.559,6.73789,6.74185,2.10,1.50
2010.11.11 06:31:25.957,6.73753,6.74165,1.30,1.50
2010.11.11 06:31:27.958,6.73773,6.74165,1.10,1.50
2010.11.11 06:31:30.070,6.73791,6.74187,2.20,1.50
2010.11.11 06:31:30.775,6.73762,6.74167,1.30,1.50
2010.11.11 06:31:32.178,6.73771,6.74167,2.20,1.50
2010.11.11 06:31:34.288,6.73752,6.74185,1.10,1.50
2010.11.11 06:31:34.921,6.73722,6.7412,1.30,1.50
2010.11.11 06:31:36.928,6.73712,6.74116,1.10,1.50
2010.11.11 06:31:39.236,6.73742,6.74138,2.20,1.50
2010.11.11 06:31:41.364,6.73742,6.74138,2.20,1.50
2010.11.11 06:31:44.250,6.73742,6.74138,2.20,1.50
2010.11.11 06:31:46.306,6.73732,6.74138,1.10,1.50
2010.11.11 06:31:49.253,6.73733,6.74138,1.30,1.50
2010.11.11 06:31:51.553,6.73737,6.74138,1.20,1.50
2010.11.11 06:31:51.673,6.73762,6.74155,1.10,1.50
2010.11.11 06:31:51.788,6.73762,6.74164,1.10,1.50
2010.11.11 06:31:51.898,6.73762,6.74185,1.10,1.50
2010.11.11 06:31:53.968,6.73762,6.74185,1.10,1.50
2010.11.11 06:31:56.103,6.73773,6.74185,1.10,1.50
2010.11.11 06:31:56.636,6.73773,6.74185,1.10,1.50
2010.11.11 06:31:58.741,6.73772,6.74185,1.30,1.50
2010.11.11 06:31:59.216,6.73772,6.74185,1.30,1.50
2010.11.11 06:32:01.618,6.73772,6.74185,1.30,1.50
2010.11.11 06:32:01.729,6.73769,6.74165,2.10,1.50
2010.11.11 06:32:02.787,6.73762,6.74185,1.30,1.50
2010.11.11 06:32:05.140,6.73762,6.74185,1.30,1.50
2010.11.11 06:32:08.014,6.73753,6.74185,1.30,1.50
2010.11.11 06:32:08.559,6.73763,6.74165,1.30,1.50
2010.11.11 06:32:12.451,6.73763,6.74165,1.30,1.50
2010.11.11 06:32:15.516,6.73769,6.74165,2.10,1.50
2010.11.11 06:32:17.477,6.73762,6.74165,1.10,1.50
2010.11.11 06:32:19.903,6.73769,6.74165,2.10,1.50
2010.11.11 06:32:22.415,6.73769,6.74165,2.10,1.50
2010.11.11 06:32:26.081,6.73769,6.74165,2.10,1.50
2010.11.11 06:32:28.900,6.73769,6.74165,2.20,1.50
2010.11.11 06:32:31.233,6.73769,6.74165,2.20,1.50
2010.11.11 06:32:33.283,6.73753,6.74165,1.10,1.50
2010.11.11 06:32:36.133,6.73763,6.74165,1.10,1.50
2010.11.11 06:32:36.981,6.73732,6.74165,1.30,1.50
2010.11.11 06:32:37.093,6.73722,6.74116,1.10,1.50
2010.11.11 06:32:39.355,6.73702,6.74116,1.10,1.50
2010.11.11 06:32:40.471,6.73732,6.74136,1.10,1.50
2010.11.11 06:32:42.645,6.73732,6.74156,1.10,1.50
2010.11.11 06:32:43.486,6.73741,6.74137,2.20,1.50
2010.11.11 06:32:45.176,6.73712,6.74117,1.30,1.50
2010.11.11 06:32:47.365,6.73703,6.74117,1.10,1.50
2010.11.11 06:32:49.371,6.73703,6.74117,1.10,1.50
2010.11.11 06:32:50.727,6.73692,6.74117,1.10,1.50
2010.11.11 06:32:51.312,6.73662,6.74067,1.30,1.50
2010.11.11 06:32:51.420,6.73662,6.74067,1.10,1.50
2010.11.11 06:32:54.026,6.73632,6.74042,1.10,1.50
2010.11.11 06:32:56.239,6.73632,6.74042,1.10,1.50
2010.11.11 06:32:59.765,6.73632,6.74042,1.10,1.50
2010.11.11 06:33:03.569,6.73632,6.74042,1.10,1.50
2010.11.11 06:33:05.992,6.73632,6.74042,1.10,1.50
2010.11.11 06:33:08.079,6.73632,6.74042,1.10,1.50
2010.11.11 06:33:08.518,6.73592,6.74,1.10,1.50
2010.11.11 06:33:08.628,6.73592,6.7399,1.10,1.50
2010.11.11 06:33:10.708,6.73582,6.7399,1.10,1.50
2010.11.11 06:33:12.080,6.73573,6.7397,1.30,1.50
2010.11.11 06:33:12.843,6.73574,6.73987,2.80,1.50
2010.11.11 06:33:12.961,6.73602,6.74007,1.10,1.50
2010.11.11 06:33:13.737,6.73595,6.73991,2.30,1.50
2010.11.11 06:33:17.031,6.73582,6.73991,1.30,1.50
2010.11.11 06:33:17.469,6.73613,6.74009,2.60,1.50
2010.11.11 06:33:17.908,6.73593,6.73991,1.10,1.50
2010.11.11 06:33:20.608,6.73592,6.73991,1.10,1.50
2010.11.11 06:33:20.994,6.73574,6.7397,2.80,1.50
2010.11.11 06:33:22.148,6.73592,6.74007,1.30,1.50
2010.11.11 06:33:22.261,6.73592,6.74007,1.30,1.50
2010.11.11 06:33:24.400,6.73582,6.73991,1.30,1.50
2010.11.11 06:33:28.703,6.73582,6.73991,1.30,1.50
2010.11.11 06:33:31.651,6.73582,6.73991,1.30,1.50
2010.11.11 06:33:31.759,6.73513,6.73923,1.30,1.50
2010.11.11 06:33:33.873,6.73513,6.73923,1.30,1.50
2010.11.11 06:33:35.157,6.73513,6.73923,1.30,1.50
2010.11.11 06:33:35.267,6.73503,6.73891,1.10,1.50
2010.11.11 06:33:36.128,6.73483,6.73906,1.10,1.50
2010.11.11 06:33:36.240,6.73472,6.73872,1.30,1.50
2010.11.11 06:33:38.535,6.7345,6.73846,2.10,1.50
2010.11.11 06:33:40.579,6.73452,6.73861,1.30,1.50
2010.11.11 06:33:42.682,6.73452,6.73861,1.30,1.50
2010.11.11 06:33:43.429,6.73429,6.73825,2.50,1.50
2010.11.11 06:33:43.542,6.73429,6.73825,2.50,1.50
2010.11.11 06:33:44.198,6.73443,6.73843,1.10,1.50
2010.11.11 06:33:45.570,6.73433,6.73845,1.30,1.50
2010.11.11 06:33:49.496,6.73422,6.73845,1.10,1.50
2010.11.11 06:33:53.222,6.73422,6.73845,1.10,1.50
2010.11.11 06:33:54.939,6.73423,6.73861,1.10,1.50
2010.11.11 06:33:55.877,6.73422,6.73843,1.10,1.50
2010.11.11 06:33:58.787,6.73422,6.73843,1.10,1.50
2010.11.11 06:34:01.550,6.73423,6.73843,1.10,1.50
2010.11.11 06:34:04.508,6.73423,6.73843,1.10,1.50
2010.11.11 06:34:04.622,6.73442,6.73862,1.10,1.50
2010.11.11 06:34:06.853,6.73452,6.73862,1.10,1.50
2010.11.11 06:34:08.930,6.73433,6.73862,1.30,1.50
2010.11.11 06:34:11.291,6.73452,6.73862,1.30,1.50
2010.11.11 06:34:13.556,6.73452,6.73862,1.30,1.50
2010.11.11 06:34:16.182,6.73452,6.73862,1.30,1.50
2010.11.11 06:34:18.227,6.73452,6.73862,1.30,1.50
2010.11.11 06:34:21.519,6.73443,6.73862,1.10,1.50
2010.11.11 06:34:24.286,6.73442,6.73862,1.30,1.50
2010.11.11 06:34:24.399,6.73442,6.73862,1.30,1.50
2010.11.11 06:34:26.780,6.73453,6.73862,1.10,1.50
2010.11.11 06:34:29.615,6.73453,6.73862,1.10,1.50
2010.11.11 06:34:30.908,6.73422,6.73843,1.10,1.50
2010.11.11 06:34:33.207,6.73412,6.73843,1.30,1.50
2010.11.11 06:34:35.249,6.73402,6.73823,1.30,1.50
2010.11.11 06:34:35.364,6.73437,6.73843,1.20,1.50
2010.11.11 06:34:37.448,6.73422,6.73843,1.30,1.50
2010.11.11 06:34:39.499,6.73433,6.73863,1.10,1.50
2010.11.11 06:34:40.687,6.73427,6.73863,1.20,1.50
2010.11.11 06:34:42.907,6.73422,6.73843,1.10,1.50
2010.11.11 06:34:43.999,6.73412,6.73824,1.30,1.50
2010.11.11 06:34:46.033,6.73412,6.73824,1.30,1.50
2010.11.11 06:34:49.480,6.73412,6.73824,1.30,1.50
2010.11.11 06:34:49.807,6.73432,6.73861,1.10,1.50
2010.11.11 06:34:51.907,6.73433,6.73861,1.30,1.50
2010.11.11 06:34:52.440,6.73433,6.73843,1.30,1.50
2010.11.11 06:34:54.620,6.73422,6.73843,1.30,1.50
2010.11.11 06:34:59.126,6.73418,6.73863,1.20,1.50
2010.11.11 06:34:59.242,6.73453,6.73863,1.30,1.50
2010.11.11 06:35:00.009,6.73423,6.73863,1.10,1.50
2010.11.11 06:35:04.644,6.73432,6.73843,1.10,1.50
2010.11.11 06:35:07.518,6.73432,6.73843,1.10,1.50
2010.11.11 06:35:09.547,6.73432,6.73843,1.10,1.50
2010.11.11 06:35:12.835,6.73432,6.73843,1.10,1.50
2010.11.11 06:35:18.092,6.73423,6.73843,1.30,1.50
2010.11.11 06:35:20.537,6.73423,6.73843,1.30,1.50
2010.11.11 06:35:20.869,6.73402,6.73824,1.30,1.50
2010.11.11 06:35:21.789,6.73423,6.73843,1.10,1.50
2010.11.11 06:35:24.706,6.73423,6.73843,1.10,1.50
2010.11.11 06:35:28.071,6.73423,6.73843,1.10,1.50
2010.11.11 06:35:31.173,6.73423,6.73843,1.10,1.50
2010.11.11 06:35:32.257,6.73412,6.73843,1.10,1.50
2010.11.11 06:35:34.711,6.73412,6.73824,1.10,1.50
2010.11.11 06:35:36.321,6.73433,6.73863,1.30,1.50
2010.11.11 06:35:37.782,6.73423,6.73843,1.10,1.50
2010.11.11 06:35:40.102,6.73423,6.73843,1.10,1.50
2010.11.11 06:35:40.938,6.73413,6.73824,1.10,1.50
2010.11.11 06:35:43.654,6.73413,6.73824,1.10,1.50
2010.11.11 06:35:45.089,6.73423,6.73843,1.30,1.50
2010.11.11 06:35:47.139,6.73423,6.73843,1.30,1.50
2010.11.11 06:35:49.183,6.73423,6.73843,1.30,1.50
2010.11.11 06:35:51.852,6.73423,6.73843,1.30,1.50
2010.11.11 06:35:53.937,6.73423,6.73843,1.30,1.50
2010.11.11 06:35:56.379,6.73423,6.73843,1.30,1.50
2010.11.11 06:35:59.625,6.73423,6.73843,1.30,1.50
2010.11.11 06:36:01.635,6.73423,6.73843,1.30,1.50
2010.11.11 06:36:02.698,6.73363,6.73823,1.30,1.70
2010.11.11 06:36:03.140,6.73363,6.73794,1.30,1.50
2010.11.11 06:36:03.799,6.73392,6.73814,1.10,1.50
2010.11.11 06:36:07.467,6.73392,6.73814,1.10,1.50
2010.11.11 06:36:09.481,6.73382,6.73796,1.10,1.50
2010.11.11 06:36:11.823,6.73373,6.73796,1.10,1.50
2010.11.11 06:36:14.125,6.73372,6.73796,1.10,1.50
2010.11.11 06:36:16.548,6.73372,6.73796,1.10,1.50
2010.11.11 06:36:18.833,6.73372,6.73796,1.10,1.50
2010.11.11 06:36:20.834,6.73372,6.73796,1.10,1.50
2010.11.11 06:36:23.103,6.73372,6.73796,1.10,1.50
2010.11.11 06:36:23.548,6.73342,6.73745,1.30,1.50
2010.11.11 06:36:24.242,6.73343,6.73765,1.30,1.50
2010.11.11 06:36:26.800,6.73342,6.73765,1.10,1.50
2010.11.11 06:36:29.022,6.73342,6.73765,1.10,1.50
2010.11.11 06:36:30.138,6.73362,6.73791,1.10,1.50
2010.11.11 06:36:32.217,6.73352,6.73775,1.30,1.50
2010.11.11 06:36:34.380,6.73352,6.73775,1.10,1.50
2010.11.11 06:36:37.135,6.73372,6.73775,1.30,1.50
2010.11.11 06:36:37.468,6.73382,6.73794,1.10,1.50
2010.11.11 06:36:37.688,6.73382,6.73814,1.10,1.50
2010.11.11 06:36:39.538,6.73393,6.73794,1.10,1.50
2010.11.11 06:36:42.507,6.73392,6.73794,1.30,1.50
2010.11.11 06:36:44.838,6.73392,6.73794,1.30,1.50
2010.11.11 06:36:48.099,6.73392,6.73794,1.30,1.50
2010.11.11 06:36:51.401,6.73392,6.73794,1.30,1.50
2010.11.11 06:36:54.881,6.73392,6.73794,1.30,1.50
2010.11.11 06:36:56.926,6.73392,6.73794,1.30,1.50
2010.11.11 06:36:59.885,6.73392,6.73794,1.30,1.50
2010.11.11 06:37:02.627,6.73392,6.73794,1.30,1.50
2010.11.11 06:37:04.821,6.73392,6.73794,1.30,1.50
2010.11.11 06:37:07.216,6.73382,6.73775,1.10,1.50
2010.11.11 06:37:09.683,6.73363,6.73775,1.10,1.50
2010.11.11 06:37:10.478,6.73372,6.73794,1.10,1.50
2010.11.11 06:37:11.578,6.73408,6.73814,1.20,1.50
2010.11.11 06:37:14.918,6.73408,6.73814,1.20,1.50
2010.11.11 06:37:17.583,6.73408,6.73814,1.20,1.50
2010.11.11 06:37:17.918,6.73432,6.73843,1.10,1.50
2010.11.11 06:37:18.138,6.73432,6.73863,1.10,1.50
2010.11.11 06:37:19.368,6.73423,6.73863,1.10,1.50
2010.11.11 06:37:21.563,6.73423,6.73843,1.10,1.50
2010.11.11 06:37:24.089,6.73423,6.73843,1.10,1.50
2010.11.11 06:37:24.419,6.73352,6.73812,1.30,1.50
2010.11.11 06:37:24.529,6.73352,6.73777,1.30,1.50
2010.11.11 06:37:24.974,6.73349,6.73756,2.20,1.50
2010.11.11 06:37:25.100,6.73333,6.73745,1.10,1.50
2010.11.11 06:37:30.344,6.73333,6.73745,1.10,1.50
2010.11.11 06:37:33.863,6.73272,6.73738,1.30,1.10
2010.11.11 06:37:34.199,6.73273,6.73714,1.30,1.50
2010.11.11 06:37:34.773,6.73252,6.73679,1.30,1.50
2010.11.11 06:37:36.891,6.73243,6.73679,1.10,1.50
2010.11.11 06:37:39.959,6.73253,6.73679,1.30,1.50
2010.11.11 06:37:43.385,6.73262,6.73679,1.10,1.50
2010.11.11 06:37:45.438,6.73262,6.73679,1.10,1.50
2010.11.11 06:37:48.140,6.73262,6.73679,1.10,1.50
2010.11.11 06:37:50.890,6.73262,6.73679,1.10,1.50
2010.11.11 06:37:51.108,6.73293,6.73714,1.10,1.50
2010.11.11 06:37:51.218,6.73293,6.73714,1.10,1.50
2010.11.11 06:37:53.660,6.73312,6.73714,1.30,1.50
2010.11.11 06:37:56.406,6.73318,6.73714,2.20,1.50
2010.11.11 06:37:58.923,6.73308,6.73714,1.20,1.50
2010.11.11 06:37:59.461,6.73333,6.73745,1.10,1.50
2010.11.11 06:38:00.679,6.73343,6.73764,1.30,1.50
2010.11.11 06:38:02.919,6.73343,6.73764,1.30,1.50
2010.11.11 06:38:04.449,6.73333,6.73745,1.10,1.50
2010.11.11 06:38:06.488,6.73333,6.73745,1.10,1.50
2010.11.11 06:38:08.960,6.73333,6.73745,1.10,1.50
2010.11.11 06:38:15.033,6.73333,6.73745,1.10,1.50
2010.11.11 06:38:15.573,6.73353,6.73764,1.30,1.50
2010.11.11 06:38:19.777,6.73353,6.73764,1.30,1.50
2010.11.11 06:38:23.810,6.73353,6.73764,1.30,1.50
2010.11.11 06:38:25.809,6.73373,6.73779,1.30,1.50
2010.11.11 06:38:25.919,6.73378,6.73779,1.20,1.50
2010.11.11 06:38:29.531,6.73383,6.73779,1.10,1.50
2010.11.11 06:38:32.485,6.73383,6.73779,2.30,1.50
2010.11.11 06:38:34.558,6.73343,6.73779,1.10,1.50
2010.11.11 06:38:37.559,6.73343,6.73745,1.10,1.50
2010.11.11 06:38:38.049,6.73349,6.73745,2.80,1.50
2010.11.11 06:38:38.159,6.73368,6.73764,2.20,1.50
2010.11.11 06:38:40.360,6.73343,6.73764,1.10,1.50
2010.11.11 06:38:42.381,6.73378,6.73779,1.20,1.50
2010.11.11 06:38:45.064,6.73378,6.73779,1.20,1.50
2010.11.11 06:38:47.383,6.73378,6.73779,1.20,1.50
2010.11.11 06:38:49.508,6.73383,6.73779,2.50,1.50
2010.11.11 06:38:49.837,6.73403,6.73812,1.10,1.50
2010.11.11 06:38:50.058,6.73433,6.73843,1.30,1.50
2010.11.11 06:38:52.973,6.73433,6.73843,1.30,1.50
2010.11.11 06:38:55.311,6.73433,6.73843,1.30,1.50
2010.11.11 06:38:58.979,6.73423,6.73843,1.30,1.50
2010.11.11 06:39:01.010,6.73432,6.73843,1.30,1.50
2010.11.11 06:39:04.736,6.73442,6.73843,1.10,1.50
2010.11.11 06:39:08.079,6.73442,6.73843,1.10,1.50
2010.11.11 06:39:09.459,6.73442,6.73862,1.30,1.50
2010.11.11 06:39:12.794,6.73442,6.73862,1.10,1.50
2010.11.11 06:39:15.110,6.73452,6.73862,1.30,1.50
2010.11.11 06:39:17.881,6.73466,6.73862,2.60,1.50
2010.11.11 06:39:18.542,6.73482,6.73891,1.30,1.50
2010.11.11 06:39:19.509,6.73473,6.73872,1.30,1.50
2010.11.11 06:39:22.063,6.73473,6.73872,1.30,1.50
2010.11.11 06:39:25.170,6.73473,6.73872,1.30,1.50
2010.11.11 06:39:28.048,6.73473,6.73872,1.30,1.50
2010.11.11 06:39:29.586,6.73482,6.73891,1.30,1.50
2010.11.11 06:39:31.048,6.73492,6.73911,1.30,1.50
2010.11.11 06:39:33.159,6.73515,6.73911,2.30,1.50
2010.11.11 06:39:33.734,6.73503,6.73921,1.10,1.50
2010.11.11 06:39:36.484,6.73512,6.73921,1.10,1.50
2010.11.11 06:39:40.191,6.73512,6.73921,1.10,1.50
2010.11.11 06:39:43.931,6.73512,6.73921,1.10,1.50
2010.11.11 06:39:46.302,6.73512,6.73921,1.10,1.50
2010.11.11 06:39:50.223,6.73503,6.73921,1.30,1.50
2010.11.11 06:39:52.539,6.73482,6.73921,1.30,1.50
2010.11.11 06:39:55.224,6.73482,6.73921,1.30,1.50
2010.11.11 06:39:57.548,6.73483,6.73921,1.10,1.50
2010.11.11 06:40:00.240,6.73502,6.73921,1.30,1.50
2010.11.11 06:40:04.496,6.73502,6.73921,1.30,1.50
2010.11.11 06:40:06.693,6.73502,6.73921,1.30,1.50
2010.11.11 06:40:10.263,6.73502,6.73921,1.30,1.50
2010.11.11 06:40:12.300,6.73502,6.73921,1.30,1.50
2010.11.11 06:40:15.273,6.73502,6.73921,1.30,1.50
2010.11.11 06:40:20.267,6.73502,6.73921,1.30,1.50
2010.11.11 06:40:22.405,6.73502,6.73921,1.30,1.50
2010.11.11 06:40:25.121,6.73502,6.73921,1.30,1.50
2010.11.11 06:40:27.084,6.73472,6.73894,1.10,1.50
2010.11.11 06:40:28.152,6.73452,6.73873,1.30,1.50
2010.11.11 06:40:30.295,6.73452,6.73873,1.30,1.50
2010.11.11 06:40:32.626,6.73443,6.73873,1.30,1.50
2010.11.11 06:40:35.315,6.73413,6.73843,1.10,1.50
2010.11.11 06:40:39.022,6.73422,6.73843,1.30,1.50
2010.11.11 06:40:42.044,6.73422,6.73843,1.30,1.50
2010.11.11 06:40:42.488,6.73432,6.73862,1.30,1.50
2010.11.11 06:40:45.642,6.73442,6.73862,1.10,1.50
2010.11.11 06:40:48.760,6.73442,6.73862,1.10,1.50
2010.11.11 06:40:48.978,6.73452,6.73891,1.10,1.50
2010.11.11 06:40:52.270,6.73473,6.73891,1.30,1.50
2010.11.11 06:40:55.566,6.73473,6.73891,1.30,1.50
2010.11.11 06:40:59.314,6.73473,6.73891,1.30,1.50
2010.11.11 06:41:03.389,6.73473,6.73891,1.30,1.50
2010.11.11 06:41:06.224,6.73473,6.73891,1.30,1.50
2010.11.11 06:41:07.197,6.73482,6.73891,1.10,1.50
2010.11.11 06:41:09.982,6.73503,6.73911,1.10,1.50
2010.11.11 06:41:12.447,6.73503,6.73911,1.10,1.50
2010.11.11 06:41:14.528,6.73452,6.73891,1.30,1.50
2010.11.11 06:41:16.158,6.73413,6.73826,1.10,1.50
2010.11.11 06:41:17.364,6.73422,6.73843,1.30,1.50
2010.11.11 06:41:19.863,6.73422,6.73843,1.30,1.50
2010.11.11 06:41:20.554,6.73422,6.73862,1.10,1.50
2010.11.11 06:41:22.939,6.73433,6.73862,1.10,1.50
2010.11.11 06:41:25.385,6.73422,6.73825,1.10,1.50
2010.11.11 06:41:27.995,6.73422,6.73825,1.30,1.50
2010.11.11 06:41:30.395,6.73422,6.73825,1.30,1.50
2010.11.11 06:41:32.978,6.73412,6.73825,1.10,1.50
2010.11.11 06:41:35.064,6.73453,6.7386,1.30,1.50
2010.11.11 06:41:37.340,6.73453,6.7386,1.30,1.50
2010.11.11 06:41:39.999,6.73464,6.7386,2.60,1.50
2010.11.11 06:41:43.857,6.73464,6.7386,2.60,1.50
2010.11.11 06:41:46.844,6.73464,6.7386,2.60,1.50
2010.11.11 06:41:49.574,6.73464,6.7386,2.60,1.50
2010.11.11 06:41:50.794,6.73463,6.73891,1.30,1.50
2010.11.11 06:41:51.013,6.73472,6.73872,1.30,1.50
2010.11.11 06:41:53.785,6.73472,6.73872,1.30,1.50
2010.11.11 06:41:55.843,6.73463,6.73872,1.10,1.50
2010.11.11 06:41:58.209,6.73463,6.73872,1.10,1.50
2010.11.11 06:42:00.343,6.73463,6.73872,1.10,1.50
2010.11.11 06:42:03.078,6.73463,6.73872,1.10,1.50
2010.11.11 06:42:05.496,6.73463,6.73872,1.10,1.50
2010.11.11 06:42:07.671,6.73463,6.73872,1.10,1.50
2010.11.11 06:42:10.491,6.73463,6.73872,1.10,1.50
2010.11.11 06:42:13.052,6.73452,6.73872,1.10,1.50
2010.11.11 06:42:15.501,6.73452,6.73872,1.10,1.50
2010.11.11 06:42:17.877,6.73452,6.73872,1.10,1.50
2010.11.11 06:42:20.459,6.73452,6.73872,1.10,1.50
2010.11.11 06:42:22.574,6.73452,6.73872,1.10,1.50
2010.11.11 06:42:24.655,6.73452,6.73872,1.10,1.50
2010.11.11 06:42:28.011,6.73463,6.73872,1.10,1.50
2010.11.11 06:42:30.180,6.73463,6.73872,1.10,1.50
2010.11.11 06:42:32.275,6.73453,6.73872,1.30,1.50
2010.11.11 06:42:34.347,6.73452,6.73872,1.10,1.50
2010.11.11 06:42:35.867,6.73433,6.73851,1.10,1.50
2010.11.11 06:42:35.979,6.73433,6.73843,1.10,1.50
2010.11.11 06:42:37.090,6.73442,6.73862,1.30,1.50
2010.11.11 06:42:39.152,6.73442,6.73862,1.30,1.50
2010.11.11 06:42:41.237,6.73442,6.73862,1.30,1.50
2010.11.11 06:42:43.928,6.73452,6.73861,1.30,1.70
2010.11.11 06:42:44.258,6.73351,6.73861,2.70,1.70
2010.11.11 06:42:46.029,6.73371,6.73783,2.60,1.10
2010.11.11 06:42:46.820,6.73387,6.73724,1.30,1.10
2010.11.11 06:42:47.149,6.73371,6.73724,2.80,2.80
2010.11.11 06:42:47.258,6.73371,6.73712,2.80,2.90
2010.11.11 06:42:49.293,6.73387,6.73712,1.30,2.40
2010.11.11 06:42:49.740,6.73381,6.73753,2.80,1.20
2010.11.11 06:42:49.850,6.73381,6.73753,2.60,1.20
2010.11.11 06:42:50.590,6.73381,6.73753,2.60,1.20
2010.11.11 06:42:52.907,6.73397,6.73708,1.30,1.40
2010.11.11 06:42:53.667,6.73381,6.73704,2.80,1.20
2010.11.11 06:42:56.020,6.73381,6.73679,2.80,1.50
2010.11.11 06:42:57.098,6.73428,6.73679,1.20,1.50
2010.11.11 06:42:57.210,6.73415,6.73679,4.50,1.50
2010.11.11 06:42:57.429,6.73412,6.73728,1.20,4.20
2010.11.11 06:42:58.980,6.73401,6.73728,2.60,4.10
2010.11.11 06:42:59.839,6.73423,6.73727,1.10,1.40
2010.11.11 06:43:01.988,6.7342,6.73728,2.80,1.70
2010.11.11 06:43:02.442,6.73422,6.73728,1.10,4.60
2010.11.11 06:43:04.020,6.7342,6.73728,2.80,1.70
2010.11.11 06:43:06.256,6.73433,6.73728,1.10,1.80
2010.11.11 06:43:10.626,6.73433,6.73728,1.10,1.80
2010.11.11 06:43:12.982,6.73433,6.73728,1.10,1.80
2010.11.11 06:43:15.749,6.73433,6.73728,1.10,1.80
2010.11.11 06:43:18.635,6.73433,6.73728,1.10,1.80
2010.11.11 06:43:20.638,6.73433,6.73728,1.10,1.80
2010.11.11 06:43:23.839,6.73437,6.73728,1.30,1.50
2010.11.11 06:43:24.079,6.73433,6.73728,1.10,1.80
2010.11.11 06:43:26.969,6.7342,6.73728,2.80,1.70
2010.11.11 06:43:30.662,6.7342,6.73728,2.80,1.70
2010.11.11 06:43:33.079,6.7342,6.73728,2.80,1.70
2010.11.11 06:43:34.709,6.7342,6.73728,2.60,1.50
2010.11.11 06:43:35.162,6.73432,6.73728,1.10,1.80
2010.11.11 06:43:35.268,6.7342,6.73728,2.60,1.50
2010.11.11 06:43:36.120,6.7342,6.73728,2.80,1.70
2010.11.11 06:43:38.575,6.7342,6.73728,2.80,1.70
2010.11.11 06:43:40.672,6.7342,6.73728,2.80,1.70
2010.11.11 06:43:44.181,6.7342,6.73728,2.80,1.70
2010.11.11 06:43:44.379,6.73438,6.73728,1.30,1.50
2010.11.11 06:43:46.495,6.7342,6.73728,2.60,1.50
2010.11.11 06:43:50.741,6.7342,6.73728,2.60,1.50
2010.11.11 06:43:52.081,6.7342,6.73728,2.80,1.70
2010.11.11 06:43:52.935,6.73437,6.73728,1.30,1.50
2010.11.11 06:43:54.953,6.73438,6.73728,1.30,1.50
2010.11.11 06:43:55.059,6.73432,6.73728,1.10,1.80
2010.11.11 06:43:55.168,6.73446,6.73728,1.20,1.50
2010.11.11 06:43:55.279,6.73446,6.73777,1.20,4.60
2010.11.11 06:43:59.152,6.73449,6.73777,2.60,4.60
2010.11.11 06:44:00.437,6.73477,6.73777,1.20,1.70
2010.11.11 06:44:04.908,6.73482,6.73777,1.10,1.70
2010.11.11 06:44:05.018,6.73497,6.73777,1.20,1.50
2010.11.11 06:44:05.349,6.73527,6.73777,1.20,1.50
2010.11.11 06:44:05.459,6.73532,6.73826,1.10,1.70
2010.11.11 06:44:05.981,6.73518,6.73826,2.60,1.50
2010.11.11 06:44:06.090,6.73518,6.73826,2.80,1.60
2010.11.11 06:44:06.589,6.73518,6.73826,2.60,1.50
2010.11.11 06:44:07.589,6.73528,6.73826,1.30,1.70
2010.11.11 06:44:09.337,6.73528,6.73826,1.30,1.70
2010.11.11 06:44:09.827,6.73518,6.73826,2.70,1.50
2010.11.11 06:44:10.901,6.73532,6.73826,1.10,1.70
2010.11.11 06:44:13.536,6.73532,6.73826,1.10,1.70
2010.11.11 06:44:15.658,6.73532,6.73826,1.10,1.70
2010.11.11 06:44:17.746,6.73532,6.73826,1.10,1.70
2010.11.11 06:44:18.611,6.73538,6.73826,1.30,1.50
2010.11.11 06:44:20.029,6.73558,6.73826,1.20,1.50
2010.11.11 06:44:20.358,6.73588,6.73875,1.20,1.50
2010.11.11 06:44:20.469,6.73544,6.73875,2.60,1.50
2010.11.11 06:44:21.053,6.73588,6.73875,1.30,1.50
2010.11.11 06:44:23.059,6.73588,6.73875,1.20,1.50
2010.11.11 06:44:25.325,6.73588,6.73875,1.20,1.50
2010.11.11 06:44:26.587,6.73598,6.73875,1.20,1.50
2010.11.11 06:44:26.699,6.73583,6.73912,1.30,1.20
2010.11.11 06:44:27.377,6.73596,6.73923,2.60,4.40
2010.11.11 06:44:27.489,6.73596,6.73923,2.60,4.40
2010.11.11 06:44:27.968,6.73628,6.73923,1.20,1.50
2010.11.11 06:44:28.078,6.73628,6.73952,1.20,1.80
2010.11.11 06:44:29.550,6.73616,6.73963,2.60,1.20
2010.11.11 06:44:30.835,6.73642,6.73923,3.00,1.50
2010.11.11 06:44:31.060,6.73637,6.73923,1.30,1.50
2010.11.11 06:44:32.613,6.73627,6.73923,1.20,1.90
2010.11.11 06:44:35.794,6.73627,6.73923,1.20,1.90
2010.11.11 06:44:37.309,6.73616,6.73964,2.60,1.20
2010.11.11 06:44:40.023,6.73616,6.73964,2.60,1.20
2010.11.11 06:44:41.238,6.73627,6.73943,1.30,1.20
2010.11.11 06:44:42.399,6.73618,6.73923,1.30,4.20
2010.11.11 06:44:43.218,6.73628,6.73923,1.20,1.70
2010.11.11 06:44:45.249,6.73598,6.73912,3.10,1.20
2010.11.11 06:44:48.477,6.73598,6.73875,1.30,1.50
2010.11.11 06:44:48.702,6.73578,6.73875,2.60,1.50
2010.11.11 06:44:49.183,6.73638,6.73923,1.20,1.50
2010.11.11 06:44:52.211,6.73638,6.73923,1.20,1.50
2010.11.11 06:44:54.247,6.73638,6.73923,1.20,1.50
2010.11.11 06:44:54.360,6.73617,6.73923,1.30,2.00
2010.11.11 06:44:55.549,6.73638,6.73923,1.20,1.50
2010.11.11 06:45:00.418,6.73638,6.73923,1.20,1.50
2010.11.11 06:45:00.639,6.73641,6.73964,1.20,1.20
2010.11.11 06:45:02.727,6.73645,6.73964,2.80,1.20
2010.11.11 06:45:05.037,6.73645,6.73964,2.80,1.20
2010.11.11 06:45:07.740,6.73645,6.73962,2.80,1.10
2010.11.11 06:45:07.848,6.73643,6.73945,1.10,1.20
2010.11.11 06:45:08.079,6.73638,6.73923,1.30,1.50
2010.11.11 06:45:09.250,6.73632,6.73923,1.10,1.70
2010.11.11 06:45:10.763,6.73611,6.73877,2.30,1.30
2010.11.11 06:45:10.871,6.73611,6.73913,1.60,1.20
2010.11.11 06:45:10.980,6.73568,6.73846,1.40,1.50
2010.11.11 06:45:11.090,6.73568,6.73846,1.10,1.50
2010.11.11 06:45:11.200,6.73568,6.73895,1.10,4.00
2010.11.11 06:45:12.701,6.73587,6.73875,1.10,4.00
2010.11.11 06:45:12.811,6.73598,6.73875,1.10,1.50
2010.11.11 06:45:12.919,6.73598,6.73945,1.10,1.50
2010.11.11 06:45:13.033,6.73618,6.74014,2.90,1.50
2010.11.11 06:45:13.139,6.73593,6.74014,1.30,1.50
2010.11.11 06:45:14.245,6.73607,6.73992,1.30,1.50
2010.11.11 06:45:14.360,6.73614,6.7401,2.60,1.50
2010.11.11 06:45:16.478,6.73622,6.7401,1.10,1.50
2010.11.11 06:45:16.698,6.73638,6.7401,1.20,1.50
2010.11.11 06:45:16.918,6.73635,6.74031,2.60,1.50
2010.11.11 06:45:17.029,6.73635,6.74031,2.80,1.50
2010.11.11 06:45:17.801,6.73635,6.74031,2.60,1.50
2010.11.11 06:45:18.019,6.73657,6.74058,1.20,1.50
2010.11.11 06:45:20.886,6.73663,6.74058,1.10,1.50
2010.11.11 06:45:23.029,6.73663,6.74058,1.10,1.50
2010.11.11 06:45:25.100,6.73663,6.74058,1.10,1.50
2010.11.11 06:45:27.668,6.73662,6.74058,2.60,1.50
2010.11.11 06:45:28.449,6.73642,6.74041,1.30,1.50
2010.11.11 06:45:28.900,6.73645,6.74041,2.60,1.50
2010.11.11 06:45:29.608,6.73665,6.74061,2.30,1.50
2010.11.11 06:45:31.666,6.73665,6.74061,2.30,1.50
2010.11.11 06:45:33.814,6.73665,6.74061,2.30,1.50
2010.11.11 06:45:35.914,6.73665,6.74061,2.30,1.50
2010.11.11 06:45:38.199,6.73663,6.74061,1.10,1.50
2010.11.11 06:45:40.325,6.73663,6.74061,1.10,1.50
2010.11.11 06:45:45.106,6.73663,6.74061,1.10,1.50
2010.11.11 06:45:48.285,6.73663,6.74061,1.10,1.50
2010.11.11 06:45:48.951,6.73645,6.74041,2.60,1.50
2010.11.11 06:45:51.365,6.73643,6.74041,1.10,1.50
2010.11.11 06:45:52.279,6.73645,6.74041,2.60,1.50
2010.11.11 06:45:52.913,6.73693,6.74058,1.10,1.50
2010.11.11 06:45:53.032,6.73693,6.74079,1.10,1.50
2010.11.11 06:45:54.730,6.73684,6.74061,2.80,1.50
2010.11.11 06:45:55.257,6.73684,6.7408,2.30,1.50
2010.11.11 06:45:55.381,6.73713,6.74109,2.50,1.50
2010.11.11 06:45:55.601,6.73733,6.74129,2.50,1.50
2010.11.11 06:45:56.872,6.73722,6.74109,1.10,1.50
2010.11.11 06:45:57.201,6.73722,6.74129,1.10,1.50
2010.11.11 06:45:57.419,6.73713,6.74109,2.30,1.50
2010.11.11 06:45:59.865,6.73713,6.74109,2.60,1.50
2010.11.11 06:46:01.188,6.73713,6.74109,1.10,1.50
2010.11.11 06:46:05.132,6.73692,6.7409,1.10,1.50
2010.11.11 06:46:09.508,6.73692,6.7409,1.10,1.50
2010.11.11 06:46:10.149,6.73682,6.7409,1.10,1.50
2010.11.11 06:46:10.263,6.73665,6.74061,2.80,1.50
2010.11.11 06:46:10.609,6.73665,6.74061,2.60,1.50
2010.11.11 06:46:14.000,6.73665,6.74061,2.60,1.50
2010.11.11 06:46:14.123,6.73645,6.74041,2.60,1.50
2010.11.11 06:46:14.239,6.73645,6.74041,2.60,1.50
2010.11.11 06:46:14.790,6.73645,6.74041,2.60,1.50
2010.11.11 06:46:16.520,6.73642,6.73969,1.10,1.50
2010.11.11 06:46:16.740,6.73612,6.73969,1.10,2.30
2010.11.11 06:46:16.850,6.73597,6.73969,1.30,2.30
2010.11.11 06:46:17.702,6.73604,6.74,2.60,1.50
2010.11.11 06:46:17.822,6.73613,6.74,1.10,1.50
2010.11.11 06:46:19.783,6.73612,6.7398,1.10,1.10
2010.11.11 06:46:20.298,6.73628,6.73987,1.20,1.10
2010.11.11 06:46:20.629,6.73607,6.73961,1.20,1.10
2010.11.11 06:46:22.246,6.73568,6.73961,1.60,2.40
2010.11.11 06:46:22.360,6.73493,6.73951,1.10,2.30
2010.11.11 06:46:22.469,6.73493,6.73907,1.10,1.50
2010.11.11 06:46:24.773,6.73503,6.73907,1.30,1.50
2010.11.11 06:46:27.599,6.73482,6.73907,1.10,1.50
2010.11.11 06:46:29.489,6.73503,6.73923,1.10,1.50
2010.11.11 06:46:31.683,6.73512,6.73923,1.30,1.50
2010.11.11 06:46:33.392,6.73462,6.73857,1.10,1.50
2010.11.11 06:46:33.829,6.73461,6.73857,2.70,1.50
2010.11.11 06:46:36.046,6.73477,6.73857,1.30,1.50
2010.11.11 06:46:38.489,6.73461,6.73857,2.60,1.50
2010.11.11 06:46:38.598,6.73461,6.73842,2.10,1.20
2010.11.11 06:46:41.128,6.73461,6.73842,2.10,1.20
2010.11.11 06:46:41.241,6.73422,6.73811,1.30,2.70
2010.11.11 06:46:41.349,6.73413,6.73798,2.60,1.10
2010.11.11 06:46:41.679,6.73413,6.73809,2.60,1.50
2010.11.11 06:46:42.400,6.73423,6.73807,1.10,1.10
2010.11.11 06:46:44.963,6.73423,6.73807,1.10,1.10
2010.11.11 06:46:48.181,6.73423,6.73807,1.10,1.10
2010.11.11 06:46:51.062,6.73423,6.73807,1.10,1.10
2010.11.11 06:46:54.658,6.73423,6.73807,1.10,1.10
2010.11.11 06:46:58.440,6.73423,6.73807,1.10,1.10
2010.11.11 06:47:00.486,6.73423,6.73807,1.10,1.10
2010.11.11 06:47:02.301,6.73407,6.7376,1.20,1.50
2010.11.11 06:47:02.412,6.73381,6.73777,2.60,1.70
2010.11.11 06:47:02.523,6.73381,6.73777,2.70,1.50
2010.11.11 06:47:03.653,6.73363,6.73759,2.60,1.50
2010.11.11 06:47:05.955,6.73381,6.73777,2.80,1.60
2010.11.11 06:47:06.070,6.73398,6.73777,1.30,1.50
2010.11.11 06:47:08.308,6.73363,6.73759,2.60,1.50
2010.11.11 06:47:11.120,6.73363,6.73759,2.60,1.50
2010.11.11 06:47:11.778,6.73398,6.73759,1.20,1.50
2010.11.11 06:47:11.888,6.73398,6.73759,1.30,1.50
2010.11.11 06:47:14.639,6.73398,6.73777,1.30,1.50
2010.11.11 06:47:14.749,6.73408,6.73777,1.80,1.50
2010.11.11 06:47:15.291,6.73423,6.73826,1.10,2.30
2010.11.11 06:47:15.399,6.73423,6.73838,1.30,1.50
2010.11.11 06:47:18.095,6.73432,6.73838,1.30,1.50
2010.11.11 06:47:20.461,6.73432,6.73838,1.30,1.50
2010.11.11 06:47:24.034,6.73432,6.73838,1.30,1.50
2010.11.11 06:47:28.827,6.73432,6.73838,1.30,1.50
2010.11.11 06:47:30.867,6.73432,6.73838,1.30,1.50
2010.11.11 06:47:32.888,6.73432,6.73838,1.30,1.50
2010.11.11 06:47:35.757,6.73432,6.73838,1.30,1.50
2010.11.11 06:47:38.494,6.73432,6.73838,1.30,1.50
2010.11.11 06:47:38.610,6.73422,6.73838,1.30,1.50
2010.11.11 06:47:41.203,6.73402,6.7382,1.10,1.50
2010.11.11 06:47:45.628,6.73402,6.7382,1.10,1.50
2010.11.11 06:47:48.034,6.73402,6.7382,1.10,1.50
2010.11.11 06:47:50.090,6.73402,6.7382,1.10,1.50
2010.11.11 06:47:52.591,6.73402,6.7382,1.10,1.50
2010.11.11 06:47:56.183,6.73402,6.7382,1.10,1.50
2010.11.11 06:47:58.617,6.73392,6.738,1.30,1.50
2010.11.11 06:47:58.734,6.73382,6.73791,1.30,1.50
2010.11.11 06:48:01.188,6.73373,6.73791,1.30,1.50
2010.11.11 06:48:04.203,6.73372,6.73791,1.30,1.50
2010.11.11 06:48:06.202,6.73372,6.73791,1.10,1.50
2010.11.11 06:48:08.824,6.73373,6.73791,1.30,1.50
2010.11.11 06:48:11.130,6.73393,6.73791,1.30,1.50
2010.11.11 06:48:12.060,6.73403,6.73811,1.10,1.50
2010.11.11 06:48:14.090,6.73415,6.73811,2.30,1.50
2010.11.11 06:48:14.200,6.73415,6.73817,2.80,1.50
2010.11.11 06:48:14.310,6.73433,6.73837,1.10,1.50
2010.11.11 06:48:15.128,6.73424,6.7382,2.30,1.50
2010.11.11 06:48:18.618,6.73402,6.7382,1.10,1.50
2010.11.11 06:48:19.619,6.73395,6.73791,2.30,1.50
2010.11.11 06:48:19.839,6.73403,6.73811,1.10,1.50
2010.11.11 06:48:23.649,6.73403,6.73811,1.10,1.50
2010.11.11 06:48:24.050,6.73393,6.73793,1.10,1.50
2010.11.11 06:48:26.243,6.73393,6.73793,1.10,1.50
2010.11.11 06:48:31.240,6.73393,6.73793,1.10,1.50
2010.11.11 06:48:33.211,6.73346,6.73773,2.80,1.50
2010.11.11 06:48:33.332,6.73346,6.73742,2.30,1.50
2010.11.11 06:48:33.440,6.73353,6.73762,1.10,1.50
2010.11.11 06:48:34.860,6.73333,6.73742,1.10,1.50
2010.11.11 06:48:38.975,6.73333,6.73742,1.10,1.50
2010.11.11 06:48:41.100,6.73333,6.73742,1.10,1.50
2010.11.11 06:48:43.438,6.73333,6.73742,1.10,1.50
2010.11.11 06:48:45.490,6.73333,6.73742,1.10,1.50
2010.11.11 06:48:48.603,6.73333,6.73742,1.10,1.50
2010.11.11 06:48:50.650,6.73353,6.73762,1.10,1.50
2010.11.11 06:48:51.660,6.73372,6.73788,1.10,1.50
2010.11.11 06:48:53.748,6.73372,6.73788,1.10,1.50
2010.11.11 06:48:55.211,6.73393,6.73809,1.30,1.50
2010.11.11 06:48:59.380,6.73393,6.73809,1.30,1.50
2010.11.11 06:49:00.071,6.73412,6.73837,1.30,1.50
2010.11.11 06:49:02.537,6.73413,6.73837,1.10,1.50
2010.11.11 06:49:03.160,6.73393,6.7382,1.10,1.50
2010.11.11 06:49:04.107,6.73383,6.73794,1.30,1.50
2010.11.11 06:49:06.580,6.73383,6.73794,1.30,1.50
2010.11.11 06:49:06.690,6.73323,6.73794,1.10,1.50
2010.11.11 06:49:06.799,6.73323,6.73745,1.10,1.50
2010.11.11 06:49:06.911,6.73333,6.73745,1.10,1.50
2010.11.11 06:49:07.131,6.73302,6.73724,1.10,1.50
2010.11.11 06:49:07.671,6.73312,6.73723,1.10,1.50
2010.11.11 06:49:08.112,6.73273,6.73693,1.30,1.50
2010.11.11 06:49:08.331,6.73293,6.73711,1.10,1.50
2010.11.11 06:49:08.983,6.73287,6.73693,1.20,1.50
2010.11.11 06:49:09.961,6.73263,6.73674,1.10,1.50
2010.11.11 06:49:13.053,6.73263,6.73674,1.10,1.50
2010.11.11 06:49:13.380,6.73212,6.73659,1.10,1.50
2010.11.11 06:49:13.927,6.73212,6.73627,1.10,1.50
2010.11.11 06:49:16.343,6.73212,6.73627,1.10,1.50
2010.11.11 06:49:19.788,6.73212,6.73627,1.10,1.50
2010.11.11 06:49:22.180,6.73212,6.73627,1.10,1.50
2010.11.11 06:49:24.907,6.73212,6.73627,1.10,1.50
2010.11.11 06:49:29.035,6.73212,6.73627,1.10,1.50
2010.11.11 06:49:31.668,6.73212,6.73627,1.10,1.50
2010.11.11 06:49:31.783,6.73212,6.73678,1.10,1.50
2010.11.11 06:49:33.787,6.73263,6.73678,1.30,1.50
2010.11.11 06:49:35.916,6.73282,6.73678,2.10,1.50
2010.11.11 06:49:39.913,6.73263,6.73678,1.30,1.50
2010.11.11 06:49:41.107,6.73263,6.73678,1.10,1.50
2010.11.11 06:49:43.229,6.73293,6.73696,1.30,1.50
2010.11.11 06:49:44.071,6.73262,6.73676,1.30,1.50
2010.11.11 06:49:45.040,6.73242,6.73647,1.30,1.50
2010.11.11 06:49:47.423,6.73242,6.73647,1.30,1.50
2010.11.11 06:49:49.553,6.73242,6.73647,1.30,1.50
2010.11.11 06:49:50.900,6.7327,6.73666,2.10,1.50
2010.11.11 06:49:53.213,6.7327,6.73666,2.10,1.50
2010.11.11 06:49:53.429,6.73283,6.73666,1.10,1.50
2010.11.11 06:49:53.539,6.73293,6.73696,1.30,1.50
2010.11.11 06:49:55.843,6.73293,6.73696,1.30,1.50
2010.11.11 06:49:59.039,6.73293,6.73696,1.30,1.50
2010.11.11 06:50:01.378,6.73293,6.73696,1.30,1.50
2010.11.11 06:50:03.691,6.73293,6.73696,1.30,1.50
2010.11.11 06:50:06.223,6.73293,6.73696,1.30,1.50
2010.11.11 06:50:06.769,6.73273,6.73676,1.10,1.50
2010.11.11 06:50:10.042,6.73273,6.73676,1.10,1.50
2010.11.11 06:50:12.128,6.73273,6.73676,1.10,1.50
2010.11.11 06:50:14.426,6.73253,6.73676,1.30,1.50
2010.11.11 06:50:15.820,6.73251,6.73647,2.10,1.50
2010.11.11 06:50:17.690,6.73243,6.73647,1.10,1.70
2010.11.11 06:50:19.718,6.73243,6.73647,1.10,1.70
2010.11.11 06:50:22.121,6.73243,6.73647,1.10,1.70
2010.11.11 06:50:24.127,6.73243,6.73647,1.10,1.70
2010.11.11 06:50:26.265,6.73243,6.73647,1.10,1.70
2010.11.11 06:50:28.345,6.73243,6.73647,1.10,1.70
2010.11.11 06:50:30.416,6.73243,6.73647,1.10,1.70
2010.11.11 06:50:32.126,6.73252,6.73666,1.30,2.50
2010.11.11 06:50:32.789,6.73251,6.73647,2.20,1.70
2010.11.11 06:50:34.985,6.73243,6.73647,1.30,1.70
2010.11.11 06:50:36.999,6.73243,6.73647,1.30,1.70
2010.11.11 06:50:39.201,6.73231,6.73627,2.20,1.70
2010.11.11 06:50:39.430,6.73232,6.73647,1.10,1.70
2010.11.11 06:50:41.531,6.73232,6.73647,1.10,1.70
2010.11.11 06:50:43.998,6.73222,6.73647,1.10,1.70
2010.11.11 06:50:46.128,6.73233,6.73647,1.10,1.70
2010.11.11 06:50:47.872,6.73182,6.73627,1.30,1.70
2010.11.11 06:50:47.982,6.73173,6.73583,1.10,1.70
2010.11.11 06:50:48.093,6.73128,6.73563,1.60,1.70
2010.11.11 06:50:48.600,6.73112,6.73563,1.10,1.70
2010.11.11 06:50:48.716,6.7305,6.73464,2.10,1.70
2010.11.11 06:50:48.832,6.73023,6.73464,1.30,1.70
2010.11.11 06:50:51.023,6.73063,6.73464,1.30,1.70
2010.11.11 06:50:53.192,6.73073,6.73464,1.10,1.70
2010.11.11 06:50:55.894,6.7307,6.73464,2.50,1.70
2010.11.11 06:50:56.869,6.73058,6.73464,1.20,1.70
2010.11.11 06:50:57.090,6.73063,6.73464,1.10,1.70
2010.11.11 06:50:57.314,6.73032,6.73432,1.10,1.70
2010.11.11 06:50:57.902,6.73033,6.73432,1.30,1.70
2010.11.11 06:50:58.820,6.73036,6.73432,2.80,1.70
2010.11.11 06:51:01.187,6.73053,6.73451,1.10,1.70
2010.11.11 06:51:01.871,6.73036,6.73412,2.30,1.70
2010.11.11 06:51:01.982,6.72993,6.73389,1.10,1.70
2010.11.11 06:51:02.444,6.72989,6.73385,2.50,1.70
2010.11.11 06:51:05.262,6.72977,6.73383,1.20,1.70
2010.11.11 06:51:05.933,6.73002,6.73389,1.10,1.70
2010.11.11 06:51:06.370,6.73013,6.73389,1.10,1.70
2010.11.11 06:51:09.223,6.73007,6.73389,2.60,1.70
2010.11.11 06:51:11.564,6.72993,6.73389,1.30,1.70
2010.11.11 06:51:13.942,6.72993,6.73389,1.30,1.70
2010.11.11 06:51:15.557,6.72973,6.73389,1.30,1.70
2010.11.11 06:51:15.676,6.72972,6.73389,1.30,1.70
2010.11.11 06:51:16.018,6.72953,6.73353,1.10,2.50
2010.11.11 06:51:16.131,6.72933,6.73334,1.10,1.70
2010.11.11 06:51:16.654,6.72933,6.73334,1.10,1.70
2010.11.11 06:51:18.430,6.72958,6.73353,2.30,1.70
2010.11.11 06:51:20.271,6.72963,6.73353,1.30,1.70
2010.11.11 06:51:20.492,6.72932,6.73353,1.10,1.70
2010.11.11 06:51:20.713,6.72903,6.73334,1.10,1.70
2010.11.11 06:51:21.296,6.72903,6.73305,1.10,1.70
2010.11.11 06:51:21.520,6.72912,6.73325,1.30,1.70
2010.11.11 06:51:21.740,6.72911,6.73307,2.10,1.70
2010.11.11 06:51:22.934,6.72912,6.73288,1.10,1.50
2010.11.11 06:51:23.159,6.72902,6.73273,1.30,1.50
2010.11.11 06:51:23.270,6.72902,6.73283,1.30,1.50
2010.11.11 06:51:23.911,6.72932,6.733,1.30,1.70
2010.11.11 06:51:24.024,6.72913,6.73292,1.30,1.50
2010.11.11 06:51:24.459,6.72872,6.73247,1.10,1.50
2010.11.11 06:51:24.573,6.72872,6.73239,1.10,1.50
2010.11.11 06:51:26.583,6.72872,6.73243,1.30,1.70
2010.11.11 06:51:27.679,6.72862,6.73229,1.10,1.50
2010.11.11 06:51:28.409,6.72873,6.73229,1.10,1.50
2010.11.11 06:51:28.520,6.72888,6.73257,1.20,1.70
2010.11.11 06:51:30.934,6.72892,6.73257,1.30,1.70
2010.11.11 06:51:31.044,6.72923,6.73283,1.30,1.50
2010.11.11 06:51:31.271,6.72912,6.73265,1.10,1.50
2010.11.11 06:51:31.490,6.72903,6.73265,1.10,1.50
2010.11.11 06:51:32.137,6.72923,6.73281,1.10,1.50
2010.11.11 06:51:32.861,6.72872,6.73276,1.10,1.70
2010.11.11 06:51:33.079,6.72872,6.73253,1.30,1.70
2010.11.11 06:51:33.661,6.72872,6.73247,1.30,1.70
2010.11.11 06:51:33.881,6.72891,6.73282,2.70,2.50
2010.11.11 06:51:35.067,6.72917,6.7332,1.20,2.50
2010.11.11 06:51:37.302,6.72912,6.73321,1.30,2.50
2010.11.11 06:51:40.027,6.72912,6.73321,1.30,2.50
2010.11.11 06:51:41.793,6.72903,6.73305,1.10,1.70
2010.11.11 06:51:43.917,6.72903,6.73305,1.10,1.70
2010.11.11 06:51:44.689,6.72923,6.73325,1.10,1.70
2010.11.11 06:51:45.153,6.72913,6.73325,1.10,1.70
2010.11.11 06:51:46.510,6.72842,6.73231,1.10,1.50
2010.11.11 06:51:47.107,6.72842,6.73231,1.10,1.50
2010.11.11 06:51:49.596,6.72842,6.73231,1.30,1.50
2010.11.11 06:51:49.718,6.72853,6.73222,1.10,1.50
2010.11.11 06:51:50.209,6.72853,6.73214,1.10,1.50
2010.11.11 06:51:51.316,6.72853,6.73186,1.30,1.50
2010.11.11 06:51:51.653,6.72832,6.73201,1.10,1.50
2010.11.11 06:51:54.280,6.72852,6.73201,1.30,1.50
2010.11.11 06:51:59.553,6.72843,6.73201,1.30,1.50
2010.11.11 06:52:00.548,6.72843,6.73188,1.30,1.50
2010.11.11 06:52:01.185,6.72843,6.73199,1.30,1.50
2010.11.11 06:52:03.220,6.72843,6.73189,1.30,1.50
2010.11.11 06:52:03.769,6.72843,6.73174,1.30,1.50
2010.11.11 06:52:03.881,6.72833,6.73174,1.30,1.50
2010.11.11 06:52:05.325,6.72842,6.7319,1.30,1.50
2010.11.11 06:52:05.439,6.72842,6.7319,1.30,1.50
2010.11.11 06:52:08.915,6.72842,6.7319,1.30,1.50
2010.11.11 06:52:12.011,6.72842,6.7319,1.30,1.50
2010.11.11 06:52:12.579,6.72852,6.73209,1.30,1.50
2010.11.11 06:52:12.690,6.72852,6.73209,1.10,1.50
2010.11.11 06:52:16.702,6.72852,6.73209,1.10,1.50
2010.11.11 06:52:18.700,6.72852,6.73209,1.10,1.50
2010.11.11 06:52:21.707,6.72852,6.73209,1.10,1.50
2010.11.11 06:52:23.353,6.72862,6.73201,1.30,1.50
2010.11.11 06:52:23.570,6.72862,6.732,1.30,1.50
2010.11.11 06:52:23.790,6.72862,6.73219,1.30,1.50
2010.11.11 06:52:27.142,6.72853,6.73209,1.30,1.50
2010.11.11 06:52:28.300,6.72853,6.7322,1.30,1.50
2010.11.11 06:52:31.859,6.72853,6.7322,1.30,1.50
2010.11.11 06:52:34.633,6.72863,6.7322,1.10,1.50
2010.11.11 06:52:36.768,6.72863,6.7322,1.10,1.50
2010.11.11 06:52:40.894,6.72863,6.7322,1.10,1.50
2010.11.11 06:52:41.179,6.72873,6.73229,1.30,1.50
2010.11.11 06:52:43.191,6.72908,6.73258,2.20,1.50
2010.11.11 06:52:43.413,6.72912,6.73258,1.30,1.50
2010.11.11 06:52:44.045,6.72912,6.73281,1.30,1.50
2010.11.11 06:52:44.261,6.72912,6.73281,1.10,1.50
2010.11.11 06:52:44.370,6.72942,6.73287,1.10,1.50
2010.11.11 06:52:44.481,6.72942,6.73287,1.30,1.50
2010.11.11 06:52:46.490,6.72942,6.73287,1.30,1.50
2010.11.11 06:52:49.525,6.72942,6.7329,1.30,1.50
2010.11.11 06:52:51.772,6.72942,6.7329,1.30,1.50
2010.11.11 06:52:54.061,6.72942,6.7329,1.30,1.50
2010.11.11 06:52:54.279,6.73012,6.73382,1.50,1.70
2010.11.11 06:52:54.499,6.73012,6.73392,2.30,1.70
2010.11.11 06:52:54.937,6.73012,6.73429,2.30,1.70
2010.11.11 06:52:55.273,6.73012,6.73411,2.30,1.70
2010.11.11 06:52:56.821,6.73048,6.73411,1.30,1.70
2010.11.11 06:52:57.469,6.73067,6.73411,1.20,1.70
2010.11.11 06:52:57.948,6.73035,6.73411,2.60,1.70
2010.11.11 06:53:00.527,6.73035,6.73411,2.60,1.70
2010.11.11 06:53:04.419,6.73035,6.73411,2.60,1.70
2010.11.11 06:53:06.141,6.73061,6.73431,4.20,1.70
2010.11.11 06:53:06.254,6.73061,6.73431,4.50,1.70
2010.11.11 06:53:08.553,6.73073,6.73449,2.60,1.70
2010.11.11 06:53:09.094,6.73087,6.73446,1.20,1.70
2010.11.11 06:53:10.983,6.73061,6.73446,4.50,1.70
2010.11.11 06:53:11.529,6.73074,6.73449,2.60,1.70
2010.11.11 06:53:15.799,6.73077,6.73449,2.60,1.70
2010.11.11 06:53:18.378,6.73077,6.73449,2.60,1.70
2010.11.11 06:53:20.950,6.73077,6.73449,2.60,1.70
2010.11.11 06:53:21.074,6.73121,6.73499,2.60,1.70
2010.11.11 06:53:22.250,6.73137,6.73499,1.30,1.70
2010.11.11 06:53:22.363,6.73159,6.73517,4.50,1.70
2010.11.11 06:53:22.582,6.73168,6.73549,2.60,1.70
2010.11.11 06:53:23.830,6.73197,6.73549,1.20,1.70
2010.11.11 06:53:24.269,6.73152,6.73539,2.60,1.70
2010.11.11 06:53:25.398,6.73152,6.73539,2.60,1.70
2010.11.11 06:53:28.474,6.73152,6.73539,2.60,1.70
2010.11.11 06:53:29.900,6.73177,6.73539,1.20,1.70
2010.11.11 06:53:31.982,6.73177,6.73539,1.20,1.70
2010.11.11 06:53:35.619,6.73177,6.73539,1.20,1.70
2010.11.11 06:53:38.579,6.73177,6.73539,1.20,1.70
2010.11.11 06:53:38.689,6.73167,6.73539,1.30,1.70
2010.11.11 06:53:39.136,6.73177,6.73528,1.20,1.70
2010.11.11 06:53:39.763,6.73132,6.73528,2.60,1.70
2010.11.11 06:53:39.871,6.73132,6.73528,2.60,1.70
2010.11.11 06:53:40.182,6.73167,6.73528,1.20,1.70
2010.11.11 06:53:40.412,6.73132,6.73528,2.60,1.70
2010.11.11 06:53:40.632,6.73143,6.73522,1.10,1.10
2010.11.11 06:53:40.851,6.73132,6.73528,2.60,1.70
2010.11.11 06:53:41.298,6.73132,6.73522,2.80,1.10
2010.11.11 06:53:41.552,6.73132,6.73528,2.60,1.70
2010.11.11 06:53:42.485,6.73132,6.73522,2.80,1.10
2010.11.11 06:53:42.601,6.73157,6.73528,1.20,1.70
2010.11.11 06:53:42.713,6.73132,6.73523,2.60,1.10
2010.11.11 06:53:45.280,6.73132,6.73528,2.60,1.70
2010.11.11 06:53:45.959,6.73137,6.73523,1.30,1.10
2010.11.11 06:53:46.399,6.73132,6.73528,2.60,1.70
2010.11.11 06:53:46.733,6.73137,6.73479,1.20,1.70
2010.11.11 06:53:49.198,6.73207,6.73529,1.20,1.70
2010.11.11 06:53:49.317,6.73228,6.73575,1.20,1.70
2010.11.11 06:53:52.091,6.73228,6.73575,1.20,1.70
2010.11.11 06:53:54.201,6.73228,6.73575,1.20,1.70
2010.11.11 06:53:54.310,6.73203,6.73575,1.10,1.70
2010.11.11 06:53:54.421,6.732,6.73575,2.80,1.70
2010.11.11 06:53:56.902,6.7318,6.73568,2.60,1.70
2010.11.11 06:53:58.669,6.73157,6.73556,2.80,1.70
2010.11.11 06:53:59.421,6.73154,6.7355,2.60,1.70
2010.11.11 06:54:01.270,6.73163,6.7355,1.10,1.70
2010.11.11 06:54:01.710,6.73131,6.73527,2.60,1.70
2010.11.11 06:54:03.881,6.73131,6.73527,2.60,1.70
2010.11.11 06:54:04.715,6.73143,6.73522,1.10,1.10
2010.11.11 06:54:04.824,6.73148,6.73497,1.20,2.50
2010.11.11 06:54:06.923,6.73148,6.73497,1.20,2.50
2010.11.11 06:54:07.652,6.73148,6.73497,1.20,1.70
2010.11.11 06:54:07.759,6.73157,6.73497,1.20,1.70
2010.11.11 06:54:08.990,6.73163,6.73526,1.10,1.70
2010.11.11 06:54:10.362,6.73149,6.73545,2.60,1.70
2010.11.11 06:54:12.439,6.73149,6.73545,2.60,1.70
2010.11.11 06:54:14.479,6.73149,6.73545,2.60,1.70
2010.11.11 06:54:16.629,6.73149,6.73545,2.60,1.70
2010.11.11 06:54:16.740,6.73149,6.73542,2.80,1.10
2010.11.11 06:54:19.090,6.73133,6.73509,2.60,1.70
2010.11.11 06:54:20.218,6.73151,6.73527,2.60,1.70
2010.11.11 06:54:22.602,6.73151,6.73527,2.60,1.70
2010.11.11 06:54:24.711,6.73177,6.73527,1.20,1.70
2010.11.11 06:54:27.083,6.73177,6.73527,1.20,1.70
2010.11.11 06:54:29.212,6.73177,6.73527,1.20,1.70
2010.11.11 06:54:31.403,6.73177,6.73527,1.20,1.70
2010.11.11 06:54:33.598,6.73177,6.73527,1.20,1.70
2010.11.11 06:54:36.770,6.73177,6.73527,1.20,1.70
2010.11.11 06:54:39.262,6.73177,6.73527,1.20,1.70
2010.11.11 06:54:41.995,6.73177,6.73527,1.20,1.70
2010.11.11 06:54:43.274,6.73151,6.73527,2.60,1.70
2010.11.11 06:54:44.901,6.73151,6.73547,2.60,1.70
2010.11.11 06:54:45.336,6.73197,6.73567,1.20,1.50
2010.11.11 06:54:45.453,6.73257,6.73567,1.20,1.50
2010.11.11 06:54:45.561,6.73257,6.7359,1.20,1.70
2010.11.11 06:54:45.670,6.73257,6.73611,1.20,1.70
2010.11.11 06:54:46.991,6.73256,6.73643,4.50,1.70
2010.11.11 06:54:47.659,6.73298,6.73652,1.20,1.70
2010.11.11 06:54:50.794,6.73317,6.73652,1.20,1.70
2010.11.11 06:54:53.390,6.73317,6.73673,1.30,1.70
2010.11.11 06:54:55.809,6.73317,6.73673,1.30,1.70
2010.11.11 06:54:58.819,6.73298,6.73673,2.60,1.70
2010.11.11 06:55:00.972,6.73298,6.73673,2.60,1.70
2010.11.11 06:55:05.704,6.73298,6.73673,2.60,1.70
2010.11.11 06:55:08.352,6.73298,6.73673,2.60,1.70
2010.11.11 06:55:10.203,6.73298,6.73673,2.60,1.70
2010.11.11 06:55:11.534,6.73317,6.73673,1.30,1.70
2010.11.11 06:55:13.540,6.73317,6.73673,1.30,1.70
2010.11.11 06:55:15.712,6.73317,6.73673,1.30,1.70
2010.11.11 06:55:19.783,6.73317,6.73673,1.30,1.70
2010.11.11 06:55:21.782,6.73317,6.73673,1.30,1.70
2010.11.11 06:55:24.068,6.73317,6.73673,1.30,1.70
2010.11.11 06:55:26.729,6.73317,6.73673,1.30,1.70
2010.11.11 06:55:28.805,6.73328,6.73673,1.20,1.70
2010.11.11 06:55:29.709,6.73298,6.73673,2.60,1.70
2010.11.11 06:55:32.094,6.73298,6.73673,2.60,1.70
2010.11.11 06:55:32.242,6.73328,6.73673,1.20,1.70
2010.11.11 06:55:34.961,6.73328,6.7367,1.20,2.50
2010.11.11 06:55:37.108,6.73328,6.7367,1.20,2.50
2010.11.11 06:55:38.361,6.73328,6.7367,1.20,1.50
2010.11.11 06:55:40.766,6.73328,6.7367,1.20,1.50
2010.11.11 06:55:43.839,6.73328,6.7367,1.20,1.50
2010.11.11 06:55:46.289,6.73328,6.7367,1.20,1.50
2010.11.11 06:55:48.380,6.73328,6.73659,1.20,1.50
2010.11.11 06:55:52.149,6.73328,6.73659,1.20,1.50
2010.11.11 06:55:53.617,6.73328,6.73647,1.20,1.50
2010.11.11 06:55:57.159,6.73328,6.73647,1.20,1.50
2010.11.11 06:56:01.532,6.73328,6.73647,1.20,1.50
2010.11.11 06:56:05.018,6.73328,6.73647,1.20,1.50
2010.11.11 06:56:07.377,6.73328,6.73647,1.20,1.50
2010.11.11 06:56:07.489,6.73298,6.73638,2.60,1.50
2010.11.11 06:56:12.180,6.73278,6.73638,2.60,1.50
2010.11.11 06:56:14.079,6.73308,6.73669,2.80,1.50
2010.11.11 06:56:14.191,6.73308,6.73661,2.60,1.50
2010.11.11 06:56:15.971,6.73408,6.73706,1.20,1.50
2010.11.11 06:56:16.763,6.73408,6.73722,1.20,1.50
2010.11.11 06:56:19.536,6.73408,6.73722,1.20,1.50
2010.11.11 06:56:22.207,6.73408,6.73722,1.20,1.50
2010.11.11 06:56:23.301,6.73408,6.7373,1.20,1.50
2010.11.11 06:56:24.130,6.73396,6.73766,2.60,1.50
2010.11.11 06:56:24.355,6.73396,6.73766,2.60,1.50
2010.11.11 06:56:24.471,6.73418,6.73783,2.60,1.50
2010.11.11 06:56:24.850,6.73418,6.7379,2.60,2.30
2010.11.11 06:56:26.835,6.73427,6.73793,2.60,1.50
2010.11.11 06:56:27.574,6.73468,6.7381,1.20,2.30
2010.11.11 06:56:27.951,6.73458,6.73799,1.20,1.50
2010.11.11 06:56:28.721,6.73425,6.73799,2.60,1.50
2010.11.11 06:56:29.196,6.73425,6.73789,2.60,1.50
2010.11.11 06:56:29.529,6.73448,6.73789,1.20,1.50
2010.11.11 06:56:30.014,6.73425,6.73789,2.60,1.50
2010.11.11 06:56:30.282,6.73425,6.73789,2.60,1.50
2010.11.11 06:56:33.875,6.73458,6.73789,1.20,1.50
2010.11.11 06:56:35.494,6.73425,6.7379,2.60,1.50
2010.11.11 06:56:35.602,6.73377,6.73772,2.60,1.50
2010.11.11 06:56:35.711,6.73403,6.73778,1.10,2.30
2010.11.11 06:56:35.820,6.73418,6.73778,1.20,2.30
2010.11.11 06:56:37.833,6.73393,6.73764,2.60,1.50
2010.11.11 06:56:38.417,6.73414,6.73794,2.60,2.30
2010.11.11 06:56:38.571,6.73414,6.73794,2.60,2.30
2010.11.11 06:56:39.520,6.73414,6.73794,2.60,2.30
2010.11.11 06:56:39.632,6.73414,6.73778,2.60,1.50
2010.11.11 06:56:40.522,6.73458,6.7379,1.20,2.30
2010.11.11 06:56:40.739,6.73458,6.7379,1.20,1.50
2010.11.11 06:56:43.560,6.73458,6.7379,1.20,1.50
2010.11.11 06:56:43.950,6.73437,6.7379,2.60,1.50
2010.11.11 06:56:44.062,6.73477,6.73814,1.20,1.50
2010.11.11 06:56:44.818,6.73477,6.73814,1.20,2.30
2010.11.11 06:56:44.931,6.73467,6.73814,1.20,2.30
2010.11.11 06:56:45.150,6.73458,6.738,1.20,1.50
2010.11.11 06:56:47.240,6.73425,6.738,2.60,1.50
2010.11.11 06:56:47.922,6.73507,6.73821,1.20,1.50
2010.11.11 06:56:48.361,6.73452,6.73821,4.50,1.50
2010.11.11 06:56:48.483,6.73493,6.73848,2.60,1.50
2010.11.11 06:56:48.704,6.73493,6.7383,2.60,1.50
2010.11.11 06:56:49.698,6.73497,6.7383,1.20,1.50
2010.11.11 06:56:49.812,6.73474,6.73813,2.60,1.50
2010.11.11 06:56:50.252,6.73477,6.73813,1.20,1.50
2010.11.11 06:56:52.349,6.73477,6.73813,1.20,1.50
2010.11.11 06:56:53.859,6.73477,6.73824,1.20,2.30
2010.11.11 06:56:53.969,6.73508,6.73824,1.20,2.30
2010.11.11 06:56:54.699,6.73508,6.73824,1.20,1.70
2010.11.11 06:56:55.296,6.73464,6.73824,2.60,1.70
2010.11.11 06:56:55.418,6.73477,6.73802,1.20,1.50
2010.11.11 06:56:57.062,6.73477,6.73802,1.20,2.50
2010.11.11 06:56:57.173,6.73468,6.73784,1.20,1.70
2010.11.11 06:56:59.293,6.73468,6.73788,1.20,1.70
2010.11.11 06:56:59.402,6.73458,6.73788,2.30,1.70
2010.11.11 06:56:59.511,6.73462,6.73805,2.60,1.70
2010.11.11 06:56:59.622,6.73462,6.73822,2.60,2.50
2010.11.11 06:57:00.243,6.73464,6.73824,2.60,1.70
2010.11.11 06:57:00.579,6.73464,6.73824,2.60,1.70
2010.11.11 06:57:03.461,6.73464,6.73831,2.60,1.70
2010.11.11 06:57:04.983,6.73498,6.73842,1.20,1.70
2010.11.11 06:57:05.088,6.73464,6.73842,2.60,1.70
2010.11.11 06:57:05.728,6.73464,6.73842,2.60,1.70
2010.11.11 06:57:10.373,6.73464,6.73842,2.60,1.70
2010.11.11 06:57:14.529,6.73464,6.73842,2.60,1.70
2010.11.11 06:57:16.386,6.73464,6.73842,2.60,1.70
2010.11.11 06:57:18.591,6.73464,6.73842,2.60,1.70
2010.11.11 06:57:22.312,6.73464,6.73842,2.60,1.70
2010.11.11 06:57:22.419,6.73464,6.73842,2.60,1.70
2010.11.11 06:57:24.709,6.73464,6.73842,2.60,1.70
2010.11.11 06:57:27.153,6.73464,6.73842,2.60,1.70
2010.11.11 06:57:27.259,6.73464,6.73842,2.60,1.70
2010.11.11 06:57:27.894,6.73444,6.73832,2.60,1.70
2010.11.11 06:57:31.690,6.73444,6.73832,2.60,1.70
2010.11.11 06:57:37.346,6.73444,6.73832,2.60,1.70
2010.11.11 06:57:39.094,6.73468,6.73832,1.20,1.70
2010.11.11 06:57:39.211,6.73453,6.73832,1.10,1.90
2010.11.11 06:57:40.981,6.73425,6.73821,2.60,1.70
2010.11.11 06:57:42.650,6.73425,6.73821,2.60,1.70
2010.11.11 06:57:43.029,6.73425,6.73821,2.60,1.70
2010.11.11 06:57:43.471,6.73444,6.73832,2.60,1.70
2010.11.11 06:57:46.043,6.73448,6.73832,2.60,1.70
2010.11.11 06:57:46.156,6.73467,6.73832,2.60,1.70
2010.11.11 06:57:46.620,6.73468,6.7384,2.60,1.70
2010.11.11 06:57:47.223,6.73468,6.7384,2.60,1.70
2010.11.11 06:57:49.297,6.73468,6.7384,2.60,1.70
2010.11.11 06:57:51.479,6.73468,6.7384,2.60,1.70
2010.11.11 06:57:53.601,6.73488,6.7384,1.20,1.70
2010.11.11 06:57:53.819,6.73468,6.7384,2.60,1.70
2010.11.11 06:57:56.183,6.73468,6.7384,2.60,1.70
2010.11.11 06:57:56.620,6.73528,6.7384,1.20,1.70
2010.11.11 06:57:56.729,6.73528,6.7386,1.20,1.70
2010.11.11 06:57:56.953,6.7351,6.7388,2.60,1.70
2010.11.11 06:57:57.624,6.735,6.73821,4.60,1.70
2010.11.11 06:57:57.734,6.73396,6.73793,2.30,1.10
2010.11.11 06:57:57.844,6.73366,6.73742,2.60,1.70
2010.11.11 06:57:58.522,6.73308,6.73673,1.20,1.70
2010.11.11 06:57:58.632,6.73278,6.73653,2.80,1.70
2010.11.11 06:57:58.741,6.73249,6.73625,2.60,1.70
2010.11.11 06:57:59.219,6.73267,6.73625,1.30,1.70
2010.11.11 06:57:59.564,6.73233,6.73578,1.60,1.70
2010.11.11 06:57:59.672,6.73132,6.73557,1.10,1.70
2010.11.11 06:58:00.285,6.73132,6.73578,1.30,1.50
2010.11.11 06:58:01.304,6.73197,6.73592,1.30,1.50
2010.11.11 06:58:01.760,6.73202,6.73616,1.10,1.70
2010.11.11 06:58:04.425,6.73222,6.73636,1.10,1.70
2010.11.11 06:58:07.269,6.73222,6.73636,1.10,1.70
2010.11.11 06:58:11.874,6.73222,6.73636,1.10,1.70
2010.11.11 06:58:12.099,6.73173,6.73569,2.60,1.50
2010.11.11 06:58:12.859,6.73207,6.73603,2.30,1.70
2010.11.11 06:58:15.395,6.73207,6.73603,2.60,1.70
2010.11.11 06:58:15.841,6.73188,6.73584,2.50,1.50
2010.11.11 06:58:18.017,6.73188,6.73584,2.50,1.50
2010.11.11 06:58:18.240,6.73147,6.73542,1.60,1.20
2010.11.11 06:58:18.765,6.73132,6.73538,1.10,1.10
2010.11.11 06:58:18.891,6.73171,6.73514,1.50,1.50
2010.11.11 06:58:19.004,6.73171,6.73516,1.50,1.50
2010.11.11 06:58:19.849,6.73171,6.73523,4.60,1.10
2010.11.11 06:58:20.802,6.73171,6.73533,4.50,1.10
2010.11.11 06:58:21.764,6.73171,6.73535,4.50,1.60
2010.11.11 06:58:21.870,6.73238,6.73535,1.20,1.50
2010.11.11 06:58:21.980,6.73238,6.73547,1.20,1.10
2010.11.11 06:58:22.644,6.7322,6.73555,4.50,1.60
2010.11.11 06:58:24.791,6.7322,6.73555,4.50,1.60
2010.11.11 06:58:27.444,6.7322,6.73555,4.50,1.60
2010.11.11 06:58:29.762,6.7322,6.73552,4.50,1.10
2010.11.11 06:58:29.980,6.73168,6.7352,2.60,4.70
2010.11.11 06:58:30.517,6.73122,6.73469,4.50,2.60
2010.11.11 06:58:30.743,6.73137,6.73438,1.20,1.10
2010.11.11 06:58:33.153,6.73137,6.73438,1.20,1.10
2010.11.11 06:58:34.310,6.73073,6.73457,4.50,1.60
2010.11.11 06:58:34.424,6.73122,6.73457,4.50,1.60
2010.11.11 06:58:34.652,6.73122,6.73443,4.50,1.20
2010.11.11 06:58:34.759,6.73122,6.73452,4.50,1.20
2010.11.11 06:58:35.333,6.73137,6.73438,1.20,1.10
2010.11.11 06:58:35.776,6.73137,6.73438,1.20,1.80
2010.11.11 06:58:38.106,6.73137,6.73438,1.20,1.80
2010.11.11 06:58:38.442,6.73148,6.73447,1.20,1.10
2010.11.11 06:58:41.037,6.73148,6.73447,1.20,1.10
2010.11.11 06:58:41.159,6.73207,6.73487,1.20,1.50
2010.11.11 06:58:41.275,6.73207,6.73514,1.20,2.40
2010.11.11 06:58:41.384,6.73171,6.73535,4.50,1.60
2010.11.11 06:58:42.107,6.73171,6.73535,4.50,1.60
2010.11.11 06:58:44.181,6.73171,6.73535,4.50,1.60
2010.11.11 06:58:44.292,6.73171,6.73535,4.50,1.50
2010.11.11 06:58:44.897,6.73278,6.73535,1.20,1.50
2010.11.11 06:58:45.027,6.7322,6.73581,4.50,1.50
2010.11.11 06:58:45.254,6.7322,6.73566,4.50,1.60
2010.11.11 06:58:45.366,6.7322,6.73566,4.50,1.60
2010.11.11 06:58:45.592,6.73171,6.73514,4.50,2.10
2010.11.11 06:58:46.209,6.73122,6.73483,4.50,1.20
2010.11.11 06:58:46.545,6.73187,6.73467,1.20,1.50
2010.11.11 06:58:48.891,6.73208,6.73506,1.20,1.70
2010.11.11 06:58:49.223,6.73171,6.73535,4.50,1.60
2010.11.11 06:58:51.693,6.73171,6.73535,4.50,1.60
2010.11.11 06:58:51.801,6.7322,6.73535,4.50,1.50
2010.11.11 06:58:52.022,6.7322,6.73552,4.50,1.20
2010.11.11 06:58:54.434,6.7322,6.73552,4.50,1.20
2010.11.11 06:58:56.045,6.73187,6.73495,1.20,2.40
2010.11.11 06:58:56.263,6.73187,6.73488,1.20,1.10
2010.11.11 06:58:56.703,6.73122,6.73482,4.50,1.20
2010.11.11 06:58:58.704,6.73171,6.73487,4.50,1.50
2010.11.11 06:58:58.813,6.73171,6.73516,4.50,1.50
2010.11.11 06:58:59.247,6.73171,6.73533,4.50,1.20
2010.11.11 06:58:59.367,6.73171,6.73523,4.50,1.20
2010.11.11 06:59:00.053,6.73171,6.73516,4.50,2.60
2010.11.11 06:59:01.047,6.73122,6.73487,4.50,1.60
2010.11.11 06:59:04.561,6.73187,6.73487,1.20,1.70
2010.11.11 06:59:05.319,6.73171,6.73536,4.50,1.60
2010.11.11 06:59:07.651,6.73171,6.73536,4.50,1.60
2010.11.11 06:59:11.782,6.73171,6.73536,4.50,1.60
2010.11.11 06:59:11.896,6.7322,6.73564,4.50,1.50
2010.11.11 06:59:12.011,6.7322,6.73585,4.50,1.60
2010.11.11 06:59:12.123,6.7322,6.73572,4.50,1.20
2010.11.11 06:59:12.344,6.73189,6.73542,2.60,1.20
2010.11.11 06:59:13.225,6.73228,6.73527,1.20,1.10
2010.11.11 06:59:13.454,6.73171,6.73522,4.50,1.20
2010.11.11 06:59:16.067,6.73171,6.73522,4.50,1.20
2010.11.11 06:59:16.181,6.73257,6.73536,1.20,1.50
2010.11.11 06:59:16.291,6.73257,6.73536,1.20,1.50
2010.11.11 06:59:16.833,6.73247,6.73548,1.20,1.10
2010.11.11 06:59:20.519,6.73247,6.73548,1.20,1.10
2010.11.11 06:59:20.630,6.7322,6.73535,4.20,2.60
2010.11.11 06:59:20.741,6.73171,6.7352,4.50,4.70
2010.11.11 06:59:20.852,6.73207,6.73508,1.20,1.10
2010.11.11 06:59:21.558,6.73197,6.73498,1.20,1.10
2010.11.11 06:59:21.674,6.73197,6.73498,1.20,1.10
2010.11.11 06:59:21.782,6.73122,6.73487,4.50,1.60
2010.11.11 06:59:22.332,6.73122,6.73483,4.50,1.20
2010.11.11 06:59:24.356,6.73091,6.73483,2.60,1.20
2010.11.11 06:59:24.468,6.73078,6.73463,2.60,1.20
2010.11.11 06:59:25.699,6.73073,6.73441,4.50,1.50
2010.11.11 06:59:25.814,6.73138,6.73437,1.20,1.10
2010.11.11 06:59:27.516,6.73127,6.7342,1.20,1.50
2010.11.11 06:59:27.634,6.73137,6.73422,1.20,2.30
2010.11.11 06:59:28.186,6.73171,6.73438,4.50,1.50
2010.11.11 06:59:28.727,6.73122,6.73483,4.50,1.20
2010.11.11 06:59:29.994,6.73158,6.73457,1.20,1.10
2010.11.11 06:59:30.212,6.73073,6.73441,4.50,1.50
2010.11.11 06:59:30.926,6.73158,6.7344,1.20,1.50
2010.11.11 06:59:31.371,6.73073,6.73459,4.50,1.50
2010.11.11 06:59:32.816,6.73122,6.73459,4.50,1.50
2010.11.11 06:59:32.945,6.73177,6.73479,1.20,1.10
2010.11.11 06:59:33.163,6.73122,6.73472,4.50,1.20
2010.11.11 06:59:33.619,6.73122,6.73493,4.50,1.20
2010.11.11 06:59:33.738,6.73122,6.73484,4.50,1.60
2010.11.11 06:59:34.765,6.73122,6.73492,4.50,1.20
2010.11.11 06:59:35.355,6.73187,6.73487,1.20,1.70
2010.11.11 06:59:36.934,6.73198,6.73497,1.20,1.10
2010.11.11 06:59:37.372,6.73171,6.73493,4.50,1.20
2010.11.11 06:59:39.383,6.73122,6.73487,4.50,1.60
2010.11.11 06:59:39.494,6.73157,6.73467,1.20,1.70
2010.11.11 06:59:40.039,6.73158,6.73438,1.20,1.50
2010.11.11 06:59:40.373,6.73122,6.73484,4.50,1.60
2010.11.11 06:59:42.002,6.73122,6.73483,4.50,1.20
2010.11.11 06:59:44.354,6.73122,6.73483,4.50,1.20
2010.11.11 06:59:47.414,6.73122,6.73483,4.50,1.20
2010.11.11 06:59:47.523,6.73122,6.73482,1.50,1.20
2010.11.11 06:59:47.652,6.73122,6.73464,1.50,1.50
2010.11.11 06:59:48.193,6.73053,6.73449,2.50,1.50
2010.11.11 06:59:49.666,6.73072,6.73468,2.40,1.50
2010.11.11 06:59:49.783,6.73078,6.73468,1.30,1.50
2010.11.11 06:59:49.891,6.73078,6.73468,1.20,1.50
2010.11.11 06:59:50.115,6.73067,6.73451,1.30,1.50
2010.11.11 06:59:50.620,6.73063,6.73451,1.10,1.50
2010.11.11 06:59:53.073,6.73063,6.73451,1.10,1.50
2010.11.11 06:59:53.292,6.73074,6.7347,2.40,1.50
2010.11.11 06:59:53.401,6.73074,6.7347,2.60,1.50
2010.11.11 06:59:55.574,6.73083,6.73466,1.10,1.50
2010.11.11 06:59:56.128,6.73087,6.73466,1.30,1.50
2010.11.11 06:59:56.724,6.73098,6.73466,1.20,1.50
2010.11.11 06:59:56.945,6.73088,6.73466,1.30,1.50
2010.11.11 06:59:59.143,6.73088,6.73466,1.30,1.50
