2011.01.07 03:00:09.964,6.85622,6.85823,1.50,1.09
2011.01.07 03:00:11.028,6.85622,6.85823,1.50,1.09
2011.01.07 03:00:20.894,6.85622,6.85778,1.50,1.08
2011.01.07 03:00:23.345,6.85622,6.85778,1.50,1.08
2011.01.07 03:00:24.667,6.85622,6.85762,1.50,1.20
2011.01.07 03:00:34.503,6.85622,6.85782,1.50,1.08
2011.01.07 03:00:34.723,6.85605,6.85782,1.50,1.08
2011.01.07 03:00:35.975,6.85605,6.85783,1.50,1.08
2011.01.07 03:00:36.171,6.85605,6.85773,1.50,1.20
2011.01.07 03:00:36.388,6.85605,6.85783,1.50,1.08
2011.01.07 03:00:36.977,6.85605,6.85782,1.50,1.08
2011.01.07 03:00:37.546,6.85605,6.85805,1.50,2.78
2011.01.07 03:00:37.764,6.85605,6.85783,1.50,1.08
2011.01.07 03:00:37.874,6.85605,6.85805,1.50,2.67
2011.01.07 03:00:38.414,6.85605,6.85805,1.50,2.40
2011.01.07 03:00:38.633,6.85605,6.85824,1.50,1.08
2011.01.07 03:00:38.743,6.85598,6.85824,1.50,1.08
2011.01.07 03:00:40.097,6.85598,6.85824,1.50,1.08
2011.01.07 03:00:41.925,6.85598,6.85824,1.50,1.08
2011.01.07 03:00:42.915,6.85598,6.8586,1.50,1.08
2011.01.07 03:00:44.926,6.85598,6.8586,1.50,1.08
2011.01.07 03:00:46.027,6.85598,6.8586,1.50,1.08
2011.01.07 03:00:57.068,6.85598,6.85843,1.50,1.20
2011.01.07 03:01:13.063,6.85598,6.8586,1.50,1.08
2011.01.07 03:01:13.638,6.85598,6.8586,1.50,1.08
2011.01.07 03:01:16.602,6.85598,6.8586,1.50,1.08
2011.01.07 03:01:31.066,6.85598,6.85843,1.50,1.20
2011.01.07 03:01:33.082,6.85598,6.85833,1.50,1.20
2011.01.07 03:01:33.868,6.85598,6.85822,1.50,1.20
2011.01.07 03:01:33.990,6.85577,6.85847,1.50,1.08
2011.01.07 03:01:34.874,6.85577,6.85822,1.50,1.20
2011.01.07 03:01:43.626,6.85577,6.85847,1.50,1.08
2011.01.07 03:01:44.608,6.85544,6.85807,1.50,1.08
2011.01.07 03:01:44.943,6.85544,6.85807,1.50,1.08
2011.01.07 03:01:45.375,6.85544,6.85793,1.50,1.08
2011.01.07 03:01:45.933,6.85524,6.85793,1.50,1.08
2011.01.07 03:01:46.046,6.85524,6.85763,1.50,1.20
2011.01.07 03:01:46.375,6.85548,6.85803,1.50,1.20
2011.01.07 03:01:46.595,6.85563,6.85803,1.50,1.20
2011.01.07 03:01:46.705,6.85563,6.85812,1.50,1.20
2011.01.07 03:01:47.262,6.85563,6.85822,1.50,1.20
2011.01.07 03:01:47.377,6.85563,6.85792,1.50,1.20
2011.01.07 03:01:47.494,6.85563,6.85802,1.50,1.20
2011.01.07 03:01:47.757,6.85563,6.85841,1.50,1.08
2011.01.07 03:01:48.527,6.85563,6.85841,1.50,1.08
2011.01.07 03:01:48.644,6.85563,6.85803,1.50,1.20
2011.01.07 03:01:48.864,6.85563,6.85841,1.50,1.08
2011.01.07 03:01:49.218,6.85563,6.85841,1.50,1.08
2011.01.07 03:01:52.515,6.85563,6.85823,1.50,1.20
2011.01.07 03:01:52.732,6.85563,6.85833,1.50,1.20
2011.01.07 03:01:55.883,6.85563,6.85842,1.50,1.08
2011.01.07 03:01:56.001,6.85598,6.85861,1.50,1.08
2011.01.07 03:01:56.225,6.85598,6.85863,1.50,1.08
2011.01.07 03:01:56.347,6.85598,6.85888,1.50,2.78
2011.01.07 03:02:00.987,6.85598,6.85864,1.50,2.40
2011.01.07 03:02:01.326,6.85598,6.85838,1.50,1.30
2011.01.07 03:02:01.437,6.85598,6.85864,1.50,2.78
2011.01.07 03:02:14.358,6.85598,6.85872,1.50,1.08
2011.01.07 03:02:14.697,6.85577,6.85872,1.50,1.08
2011.01.07 03:02:27.723,6.85577,6.85834,1.50,1.08
2011.01.07 03:02:31.377,6.85577,6.85834,1.50,1.08
2011.01.07 03:02:36.454,6.85577,6.85872,1.50,1.08
2011.01.07 03:02:36.673,6.85597,6.85872,1.50,1.08
2011.01.07 03:02:37.184,6.85597,6.85873,1.50,1.08
2011.01.07 03:02:39.801,6.85597,6.85872,1.50,1.08
2011.01.07 03:02:41.480,6.85597,6.85873,1.50,1.08
2011.01.07 03:02:45.274,6.85597,6.85872,1.50,1.08
2011.01.07 03:02:45.636,6.85597,6.85833,1.50,1.20
2011.01.07 03:03:00.775,6.85597,6.85872,1.50,1.08
2011.01.07 03:03:01.147,6.85597,6.85832,1.50,1.20
2011.01.07 03:03:01.346,6.85597,6.85843,1.50,1.20
2011.01.07 03:03:04.605,6.85597,6.85857,1.50,1.08
2011.01.07 03:03:04.823,6.85577,6.85857,1.50,1.08
2011.01.07 03:03:04.935,6.85577,6.85857,1.50,1.08
2011.01.07 03:03:05.444,6.85577,6.85857,1.50,1.08
2011.01.07 03:03:05.995,6.85577,6.85822,1.50,1.20
2011.01.07 03:03:06.126,6.85577,6.85857,1.50,1.08
2011.01.07 03:03:07.244,6.85577,6.85857,1.50,1.08
2011.01.07 03:03:07.727,6.85577,6.85857,1.50,1.08
2011.01.07 03:03:42.783,6.85577,6.85822,1.50,1.20
2011.01.07 03:03:55.314,6.85551,6.85785,1.50,1.08
2011.01.07 03:03:55.425,6.85528,6.85773,1.50,1.20
2011.01.07 03:03:55.534,6.85544,6.85783,1.50,1.20
2011.01.07 03:03:58.585,6.85523,6.85804,1.50,1.08
2011.01.07 03:03:58.694,6.85523,6.85804,1.50,1.08
2011.01.07 03:03:58.915,6.85523,6.85804,1.50,1.08
2011.01.07 03:03:59.024,6.85545,6.85804,1.50,1.08
2011.01.07 03:03:59.244,6.85545,6.85808,1.50,1.30
2011.01.07 03:03:59.768,6.85545,6.85813,1.50,1.20
2011.01.07 03:03:59.983,6.85598,6.85853,1.50,1.20
2011.01.07 03:04:00.094,6.85598,6.85862,1.50,1.08
2011.01.07 03:04:00.736,6.85598,6.85862,1.50,1.08
2011.01.07 03:04:01.064,6.85598,6.85862,1.50,1.08
2011.01.07 03:04:03.244,6.85598,6.85823,1.50,1.20
2011.01.07 03:04:03.782,6.85598,6.85832,1.50,1.20
2011.01.07 03:04:04.287,6.85598,6.85823,1.50,1.20
2011.01.07 03:04:09.682,6.85598,6.85832,1.50,1.20
2011.01.07 03:04:10.172,6.85598,6.85862,1.50,1.08
2011.01.07 03:04:10.504,6.85598,6.85822,1.50,1.20
2011.01.07 03:04:10.834,6.85576,6.85862,1.50,1.08
2011.01.07 03:04:10.945,6.85576,6.85862,1.50,1.08
2011.01.07 03:04:12.248,6.85576,6.85862,1.50,1.08
2011.01.07 03:04:20.646,6.85576,6.85862,1.50,1.08
2011.01.07 03:04:24.924,6.85576,6.85823,1.50,1.20
2011.01.07 03:04:25.034,6.85576,6.85862,1.50,1.08
2011.01.07 03:04:31.844,6.85576,6.85862,1.50,1.08
2011.01.07 03:04:32.385,6.85576,6.85803,1.50,1.20
2011.01.07 03:04:32.493,6.85576,6.85862,1.50,1.08
2011.01.07 03:04:34.558,6.85576,6.85843,1.50,1.20
2011.01.07 03:04:34.784,6.85598,6.85823,1.50,1.20
2011.01.07 03:04:34.893,6.85598,6.85842,1.50,1.20
2011.01.07 03:04:35.249,6.85598,6.85822,1.50,1.20
2011.01.07 03:04:38.573,6.85598,6.85842,1.50,1.20
2011.01.07 03:04:38.683,6.85598,6.85865,1.50,1.08
2011.01.07 03:04:38.793,6.85598,6.85842,1.50,1.20
2011.01.07 03:04:39.637,6.85598,6.85843,1.50,1.20
2011.01.07 03:04:39.747,6.85598,6.85865,1.50,1.08
2011.01.07 03:04:39.856,6.85598,6.85865,1.50,1.08
2011.01.07 03:04:40.563,6.85598,6.85865,1.50,1.08
2011.01.07 03:04:40.784,6.85598,6.85862,1.50,1.08
2011.01.07 03:04:41.277,6.85576,6.85813,1.50,1.20
2011.01.07 03:04:42.112,6.85576,6.85862,1.50,1.08
2011.01.07 03:04:42.885,6.85576,6.85862,1.50,1.08
2011.01.07 03:04:43.136,6.85576,6.85862,1.50,1.08
2011.01.07 03:04:44.641,6.85576,6.85823,1.50,1.20
2011.01.07 03:04:44.992,6.85576,6.85832,1.50,1.20
2011.01.07 03:04:45.212,6.85576,6.85822,1.50,1.20
2011.01.07 03:04:45.671,6.85576,6.85832,1.50,1.20
2011.01.07 03:04:46.077,6.85576,6.85815,1.50,1.09
2011.01.07 03:04:46.306,6.85528,6.85786,1.50,1.08
2011.01.07 03:04:46.770,6.85528,6.85786,1.50,1.08
2011.01.07 03:04:46.885,6.85545,6.85783,1.50,1.20
2011.01.07 03:04:46.993,6.85545,6.85825,1.50,1.08
2011.01.07 03:04:48.786,6.85545,6.85825,1.50,1.08
2011.01.07 03:04:48.897,6.85524,6.85825,1.50,1.08
2011.01.07 03:04:50.586,6.85524,6.85786,1.50,1.08
2011.01.07 03:04:50.696,6.85524,6.85783,1.50,1.20
2011.01.07 03:04:50.805,6.85524,6.85783,1.50,1.20
2011.01.07 03:04:51.345,6.85545,6.85772,1.50,1.20
2011.01.07 03:04:51.896,6.85545,6.85786,1.50,1.08
2011.01.07 03:04:53.277,6.85545,6.85792,1.50,1.20
2011.01.07 03:04:53.394,6.85545,6.85825,1.50,1.08
2011.01.07 03:04:53.504,6.85545,6.85773,1.50,1.20
2011.01.07 03:04:53.615,6.85545,6.85773,1.50,1.20
2011.01.07 03:04:57.206,6.85524,6.85762,1.50,1.20
2011.01.07 03:04:57.733,6.85524,6.85752,1.50,1.20
2011.01.07 03:04:58.064,6.85493,6.85747,1.50,1.24
2011.01.07 03:04:58.668,6.85493,6.85742,1.50,1.08
2011.01.07 03:04:59.320,6.85493,6.8576,1.50,2.78
2011.01.07 03:05:00.284,6.85493,6.85819,1.50,4.35
2011.01.07 03:05:00.706,6.85517,6.85829,1.50,1.08
2011.01.07 03:05:01.107,6.85545,6.85783,1.50,1.20
2011.01.07 03:05:06.164,6.85524,6.85794,1.50,1.08
2011.01.07 03:05:06.272,6.85524,6.85794,1.50,1.08
2011.01.07 03:05:07.708,6.85493,6.85768,1.50,1.24
2011.01.07 03:05:07.826,6.85493,6.85743,1.50,1.20
2011.01.07 03:05:08.344,6.85494,6.85759,1.50,1.08
2011.01.07 03:05:08.863,6.85494,6.85759,1.50,1.08
2011.01.07 03:05:09.383,6.85494,6.85791,1.50,1.08
2011.01.07 03:05:09.494,6.85513,6.85763,1.50,1.20
2011.01.07 03:05:09.604,6.85513,6.85763,1.50,1.20
2011.01.07 03:05:09.826,6.85524,6.85791,1.50,1.08
2011.01.07 03:05:10.325,6.85545,6.85791,1.50,1.08
2011.01.07 03:05:12.481,6.85477,6.85741,1.50,1.08
2011.01.07 03:05:13.095,6.85492,6.85768,1.50,2.78
2011.01.07 03:05:13.204,6.85492,6.85768,1.50,2.78
2011.01.07 03:05:13.769,6.85492,6.85758,1.50,1.24
2011.01.07 03:05:13.889,6.85492,6.85747,1.50,1.24
2011.01.07 03:05:14.876,6.85492,6.85742,1.50,1.20
2011.01.07 03:05:19.942,6.85492,6.85772,1.50,1.08
2011.01.07 03:05:20.207,6.85492,6.85742,1.50,1.20
2011.01.07 03:05:20.688,6.85492,6.85752,1.50,1.20
2011.01.07 03:05:22.558,6.85492,6.85743,1.50,1.20
2011.01.07 03:05:23.006,6.85492,6.85772,1.50,1.08
2011.01.07 03:05:28.954,6.85492,6.85757,1.50,1.08
2011.01.07 03:05:29.063,6.85492,6.85757,1.50,1.08
2011.01.07 03:05:33.493,6.85471,6.85757,1.50,1.08
2011.01.07 03:05:34.054,6.85471,6.85703,1.50,1.20
2011.01.07 03:05:34.170,6.85422,6.8568,1.50,1.08
2011.01.07 03:05:34.286,6.85422,6.85683,1.50,1.08
2011.01.07 03:05:35.545,6.85438,6.85707,1.50,1.08
2011.01.07 03:05:36.065,6.85438,6.85682,1.50,1.20
2011.01.07 03:05:36.369,6.85438,6.85707,1.50,1.08
2011.01.07 03:05:47.375,6.85438,6.85769,1.50,1.08
2011.01.07 03:05:47.593,6.85461,6.85769,1.50,1.08
2011.01.07 03:06:06.154,6.85461,6.85733,1.50,1.20
2011.01.07 03:06:06.373,6.85485,6.85732,1.50,1.20
2011.01.07 03:06:06.705,6.85489,6.85742,1.50,1.20
2011.01.07 03:06:08.713,6.85489,6.85788,1.50,1.08
2011.01.07 03:06:08.823,6.85489,6.85742,1.50,1.20
2011.01.07 03:06:09.516,6.85489,6.85762,1.50,1.20
2011.01.07 03:06:09.844,6.85495,6.85788,1.50,1.08
2011.01.07 03:06:10.284,6.85495,6.85788,1.50,1.08
2011.01.07 03:06:16.747,6.85495,6.85712,1.50,1.20
2011.01.07 03:06:16.863,6.85495,6.85722,1.50,1.20
2011.01.07 03:06:18.722,6.85495,6.85788,1.50,1.08
2011.01.07 03:06:19.522,6.85495,6.85788,1.50,1.08
2011.01.07 03:06:20.187,6.85495,6.85788,1.50,1.08
2011.01.07 03:06:20.749,6.85495,6.85788,1.50,1.08
2011.01.07 03:06:21.755,6.85495,6.85745,1.50,1.08
2011.01.07 03:06:21.870,6.85422,6.85692,1.50,1.08
2011.01.07 03:06:24.756,6.85422,6.85692,1.50,1.08
2011.01.07 03:06:25.084,6.85442,6.85692,1.50,1.20
2011.01.07 03:06:25.565,6.85441,6.85683,1.50,1.20
2011.01.07 03:06:26.104,6.85441,6.85725,1.50,1.08
2011.01.07 03:06:26.423,6.85441,6.85725,1.50,1.08
2011.01.07 03:06:28.628,6.85441,6.85653,1.50,1.20
2011.01.07 03:06:29.305,6.85419,6.85686,1.50,1.08
2011.01.07 03:06:34.435,6.85419,6.85629,1.50,1.08
2011.01.07 03:06:34.543,6.85369,6.85629,1.50,1.08
2011.01.07 03:06:35.363,6.85369,6.85629,1.50,1.08
2011.01.07 03:06:36.188,6.85369,6.85629,1.50,1.08
2011.01.07 03:06:36.310,6.85386,6.85633,1.50,1.08
2011.01.07 03:06:43.588,6.85408,6.85643,1.50,1.20
2011.01.07 03:06:44.794,6.85408,6.85703,1.50,1.08
2011.01.07 03:06:51.193,6.85408,6.85703,1.50,1.08
2011.01.07 03:06:57.775,6.85408,6.85633,1.50,1.20
2011.01.07 03:06:57.996,6.85369,6.85655,1.50,1.08
2011.01.07 03:06:58.596,6.85359,6.85603,1.50,1.08
2011.01.07 03:06:58.709,6.85335,6.85603,1.50,1.08
2011.01.07 03:07:02.897,6.85355,6.85602,1.50,1.20
2011.01.07 03:07:03.132,6.85355,6.85647,1.50,1.08
2011.01.07 03:07:03.356,6.85355,6.85602,1.50,1.20
2011.01.07 03:07:04.657,6.85355,6.85647,1.50,1.08
2011.01.07 03:07:06.016,6.85355,6.85603,1.50,1.20
2011.01.07 03:07:06.716,6.85355,6.85602,1.50,1.20
2011.01.07 03:07:08.485,6.85355,6.85647,1.50,1.08
2011.01.07 03:07:08.814,6.85355,6.85592,1.50,1.20
2011.01.07 03:07:09.068,6.85355,6.85647,1.50,1.08
2011.01.07 03:07:14.530,6.85355,6.85593,1.50,1.20
2011.01.07 03:07:16.951,6.85355,6.85647,1.50,1.08
2011.01.07 03:07:17.189,6.85355,6.85623,1.50,1.20
2011.01.07 03:07:21.235,6.85383,6.85632,1.50,1.20
2011.01.07 03:07:37.618,6.85385,6.85632,1.50,1.20
2011.01.07 03:07:37.734,6.85385,6.85652,1.50,1.08
2011.01.07 03:07:38.250,6.85385,6.85652,1.50,1.08
2011.01.07 03:07:41.657,6.85385,6.85652,1.50,1.08
2011.01.07 03:07:42.186,6.85385,6.85652,1.50,1.08
2011.01.07 03:07:44.834,6.85385,6.85652,1.50,1.08
2011.01.07 03:07:45.055,6.85365,6.85652,1.50,1.08
2011.01.07 03:07:45.182,6.85365,6.85632,1.50,1.20
2011.01.07 03:07:45.514,6.85365,6.85623,1.50,1.20
2011.01.07 03:07:51.795,6.85365,6.85652,1.50,1.08
2011.01.07 03:07:51.903,6.85365,6.85623,1.50,1.20
2011.01.07 03:08:03.706,6.85365,6.85652,1.50,1.08
2011.01.07 03:08:04.334,6.85384,6.85652,1.50,1.08
2011.01.07 03:08:10.887,6.85384,6.85652,1.50,1.08
2011.01.07 03:08:11.074,6.85384,6.85652,1.50,1.08
2011.01.07 03:08:11.404,6.85365,6.85652,1.50,1.08
2011.01.07 03:08:18.616,6.85384,6.85654,1.50,1.08
2011.01.07 03:08:18.727,6.85384,6.85654,1.50,1.08
2011.01.07 03:08:19.220,6.85384,6.85654,1.50,1.08
2011.01.07 03:08:24.281,6.85384,6.85654,1.50,1.08
2011.01.07 03:08:24.805,6.85384,6.85654,1.50,1.08
2011.01.07 03:08:36.306,6.85408,6.85654,1.50,1.08
2011.01.07 03:08:36.415,6.85408,6.85681,1.50,2.59
2011.01.07 03:08:36.524,6.85437,6.85692,1.50,1.20
2011.01.07 03:08:37.103,6.85437,6.85702,1.50,1.20
2011.01.07 03:08:38.529,6.85437,6.85732,1.50,1.08
2011.01.07 03:08:38.649,6.8546,6.85732,1.50,1.08
2011.01.07 03:08:38.768,6.8546,6.85753,1.50,1.20
2011.01.07 03:08:38.886,6.85492,6.85763,1.50,1.20
2011.01.07 03:08:39.468,6.85471,6.85768,1.50,1.08
2011.01.07 03:08:39.687,6.85471,6.85768,1.50,1.08
2011.01.07 03:08:40.646,6.8549,6.85768,1.50,1.08
2011.01.07 03:08:43.717,6.8549,6.85789,1.50,1.08
2011.01.07 03:08:44.056,6.8549,6.85723,1.50,1.20
2011.01.07 03:08:44.432,6.8547,6.85723,1.50,1.20
2011.01.07 03:08:46.880,6.8547,6.85768,1.50,1.08
2011.01.07 03:08:47.540,6.85491,6.85732,1.50,1.20
2011.01.07 03:08:47.657,6.85491,6.85751,1.50,1.08
2011.01.07 03:08:48.976,6.8547,6.85741,1.50,1.08
2011.01.07 03:08:49.085,6.85443,6.85741,1.50,1.08
2011.01.07 03:08:49.414,6.85443,6.85741,1.50,1.08
2011.01.07 03:08:55.513,6.85443,6.85741,1.50,1.08
2011.01.07 03:08:55.734,6.85443,6.85683,1.50,1.20
2011.01.07 03:08:56.294,6.85443,6.85673,1.50,1.20
2011.01.07 03:08:57.369,6.85443,6.85682,1.50,1.20
2011.01.07 03:08:59.283,6.85443,6.85741,1.50,1.08
2011.01.07 03:09:03.904,6.85443,6.85741,1.50,1.08
2011.01.07 03:09:04.283,6.85443,6.85741,1.50,1.08
2011.01.07 03:09:04.747,6.85443,6.85741,1.50,1.08
2011.01.07 03:09:06.037,6.85443,6.85673,1.50,1.20
2011.01.07 03:09:14.383,6.85443,6.85741,1.50,1.08
2011.01.07 03:09:18.737,6.85443,6.85741,1.50,1.08
2011.01.07 03:09:19.665,6.85443,6.85663,1.50,1.20
2011.01.07 03:09:19.775,6.85443,6.85673,1.50,1.20
2011.01.07 03:09:19.884,6.85422,6.85663,1.50,1.20
2011.01.07 03:09:20.214,6.85422,6.85704,1.50,1.08
2011.01.07 03:09:20.413,6.85422,6.85704,1.50,1.08
2011.01.07 03:09:20.774,6.85422,6.85653,1.50,1.20
2011.01.07 03:09:21.482,6.85422,6.85643,1.50,1.20
2011.01.07 03:09:21.594,6.85422,6.85652,1.50,1.20
2011.01.07 03:09:22.173,6.85422,6.85642,1.50,1.20
2011.01.07 03:09:22.392,6.85422,6.85704,1.50,1.08
2011.01.07 03:09:28.465,6.85422,6.85655,1.50,1.08
2011.01.07 03:09:28.576,6.85389,6.85655,1.50,1.08
2011.01.07 03:09:29.165,6.85389,6.85655,1.50,1.08
2011.01.07 03:09:29.647,6.85389,6.85655,1.50,1.08
2011.01.07 03:09:30.884,6.85389,6.85655,1.50,1.08
2011.01.07 03:09:33.243,6.85389,6.85662,1.50,1.08
2011.01.07 03:09:33.358,6.85389,6.85704,1.50,1.08
2011.01.07 03:09:33.767,6.85389,6.85704,1.50,1.08
2011.01.07 03:09:33.878,6.85436,6.85704,1.50,1.08
2011.01.07 03:09:40.844,6.85436,6.85704,1.50,1.08
2011.01.07 03:09:41.064,6.85436,6.85708,1.50,1.30
2011.01.07 03:09:41.175,6.85436,6.85757,1.50,1.08
2011.01.07 03:09:41.505,6.85461,6.85757,1.50,1.08
2011.01.07 03:09:44.186,6.85461,6.85712,1.50,1.20
2011.01.07 03:09:50.756,6.85461,6.85757,1.50,1.08
2011.01.07 03:09:51.085,6.85442,6.85755,1.50,1.08
2011.01.07 03:09:51.304,6.85442,6.85712,1.50,1.20
2011.01.07 03:09:52.364,6.85442,6.85752,1.50,1.08
2011.01.07 03:09:52.584,6.8544,6.85752,1.50,1.08
2011.01.07 03:09:52.806,6.8544,6.85752,1.50,1.08
2011.01.07 03:09:53.267,6.8544,6.85712,1.50,1.20
2011.01.07 03:09:53.614,6.8544,6.85752,1.50,1.08
2011.01.07 03:09:54.186,6.85461,6.85752,1.50,1.08
2011.01.07 03:09:54.877,6.85486,6.85796,1.50,1.08
2011.01.07 03:09:55.204,6.8549,6.85796,1.50,1.08
2011.01.07 03:10:00.525,6.8549,6.8581,1.50,1.08
2011.01.07 03:10:01.000,6.8549,6.8581,1.50,1.08
2011.01.07 03:10:01.128,6.85494,6.8581,1.50,1.08
2011.01.07 03:10:01.355,6.85494,6.8581,1.50,1.08
2011.01.07 03:10:01.466,6.85514,6.8581,1.50,1.08
2011.01.07 03:10:02.220,6.85514,6.85763,1.50,1.20
2011.01.07 03:10:02.444,6.85514,6.8581,1.50,1.08
2011.01.07 03:10:13.261,6.85514,6.85762,1.50,1.20
2011.01.07 03:10:19.263,6.85514,6.8581,1.50,1.08
2011.01.07 03:10:19.374,6.85514,6.8581,1.50,1.08
2011.01.07 03:10:19.724,6.85514,6.85762,1.50,1.20
2011.01.07 03:10:30.074,6.85514,6.85772,1.50,1.20
2011.01.07 03:10:31.837,6.85514,6.85782,1.50,1.20
2011.01.07 03:10:31.945,6.85538,6.85782,1.50,1.20
2011.01.07 03:10:32.357,6.85544,6.85783,1.50,1.20
2011.01.07 03:10:32.474,6.85544,6.85813,1.50,1.08
2011.01.07 03:10:35.047,6.85544,6.85813,1.50,1.08
2011.01.07 03:10:35.735,6.85544,6.85813,1.50,1.08
2011.01.07 03:10:36.175,6.85524,6.85772,1.50,1.20
2011.01.07 03:10:36.285,6.85524,6.85804,1.50,1.08
2011.01.07 03:10:36.719,6.85524,6.85804,1.50,1.08
2011.01.07 03:10:36.944,6.85524,6.85804,1.50,1.08
2011.01.07 03:10:39.583,6.85524,6.85804,1.50,1.08
2011.01.07 03:10:40.249,6.85524,6.85752,1.50,1.20
2011.01.07 03:10:40.371,6.85492,6.85733,1.50,1.20
2011.01.07 03:10:40.607,6.85492,6.8576,1.50,1.08
2011.01.07 03:10:40.825,6.85471,6.85745,1.50,1.08
2011.01.07 03:10:54.178,6.8549,6.85733,1.50,1.20
2011.01.07 03:10:54.295,6.8549,6.85733,1.50,1.20
2011.01.07 03:10:54.794,6.8549,6.85781,1.50,1.08
2011.01.07 03:11:00.336,6.8549,6.85723,1.50,1.20
2011.01.07 03:11:00.971,6.8549,6.85783,1.50,1.08
2011.01.07 03:11:01.091,6.85493,6.85783,1.50,1.08
2011.01.07 03:11:01.204,6.85493,6.85783,1.50,1.08
2011.01.07 03:11:01.505,6.85493,6.85783,1.50,1.08
2011.01.07 03:11:02.127,6.85493,6.85783,1.50,1.08
2011.01.07 03:11:02.516,6.85493,6.85752,1.50,1.20
2011.01.07 03:11:03.866,6.85493,6.85772,1.50,1.20
2011.01.07 03:11:06.294,6.85493,6.85772,1.50,1.20
2011.01.07 03:11:06.788,6.85523,6.85773,1.50,1.20
2011.01.07 03:11:07.127,6.85523,6.85823,1.50,1.08
2011.01.07 03:11:07.236,6.85543,6.85823,1.50,1.08
2011.01.07 03:11:07.345,6.85543,6.85803,1.50,1.20
2011.01.07 03:11:07.883,6.85543,6.85823,1.50,1.68
2011.01.07 03:11:08.975,6.85543,6.85836,1.50,1.08
2011.01.07 03:11:09.680,6.85544,6.85836,1.50,1.08
2011.01.07 03:11:11.078,6.85544,6.85836,1.50,1.08
2011.01.07 03:11:11.585,6.85544,6.85836,1.50,1.08
2011.01.07 03:11:15.269,6.85544,6.85836,1.50,1.08
2011.01.07 03:11:15.607,6.8552,6.85778,1.50,1.08
2011.01.07 03:11:16.179,6.85495,6.85732,1.50,1.20
2011.01.07 03:11:16.407,6.85443,6.85726,1.50,1.08
2011.01.07 03:11:16.917,6.85443,6.85726,1.50,1.08
2011.01.07 03:11:17.829,6.85443,6.85726,1.50,1.08
2011.01.07 03:11:36.977,6.85443,6.85726,1.50,1.08
2011.01.07 03:11:37.304,6.85463,6.85726,1.50,1.08
2011.01.07 03:11:39.096,6.85463,6.85733,1.50,1.20
2011.01.07 03:11:51.495,6.85489,6.85733,1.50,1.20
2011.01.07 03:11:57.546,6.85489,6.85783,1.50,1.08
2011.01.07 03:11:57.654,6.85489,6.85783,1.50,1.08
2011.01.07 03:11:58.215,6.85489,6.85783,1.50,1.08
2011.01.07 03:12:04.925,6.85489,6.85783,1.50,1.68
2011.01.07 03:12:05.037,6.85489,6.85792,1.50,1.20
2011.01.07 03:12:05.634,6.85539,6.85792,1.50,1.20
2011.01.07 03:12:06.352,6.85542,6.85792,1.50,1.20
2011.01.07 03:12:08.427,6.85542,6.85782,1.50,1.20
2011.01.07 03:12:08.754,6.85522,6.85782,1.50,1.20
2011.01.07 03:12:10.385,6.8552,6.85782,1.50,1.20
2011.01.07 03:12:10.496,6.85495,6.85804,1.50,4.35
2011.01.07 03:12:11.038,6.85495,6.85804,1.50,4.35
2011.01.07 03:12:11.265,6.85495,6.85804,1.50,4.35
2011.01.07 03:12:11.489,6.85495,6.85804,1.50,4.35
2011.01.07 03:12:16.705,6.85495,6.85782,1.50,1.08
2011.01.07 03:12:22.489,6.85495,6.85743,1.50,1.20
2011.01.07 03:12:26.604,6.85495,6.85743,1.50,1.20
2011.01.07 03:12:27.156,6.85443,6.85713,1.50,1.08
2011.01.07 03:12:27.760,6.85443,6.85713,1.50,1.08
2011.01.07 03:12:29.975,6.85443,6.85692,1.50,1.20
2011.01.07 03:12:30.085,6.85443,6.85722,1.50,1.08
2011.01.07 03:12:30.217,6.85443,6.85713,1.50,1.08
2011.01.07 03:12:32.107,6.85443,6.85718,1.50,1.02
2011.01.07 03:12:39.096,6.85461,6.85733,1.50,1.20
2011.01.07 03:12:42.647,6.85461,6.85752,1.50,1.08
2011.01.07 03:12:45.916,6.85441,6.85748,1.50,1.08
2011.01.07 03:12:53.744,6.85441,6.85748,1.50,1.08
2011.01.07 03:12:54.311,6.85441,6.85748,1.50,1.08
2011.01.07 03:12:55.306,6.85441,6.85682,1.50,1.20
2011.01.07 03:13:01.664,6.85441,6.85748,1.50,1.08
2011.01.07 03:13:01.774,6.85441,6.85733,1.50,1.20
2011.01.07 03:13:02.176,6.85441,6.85733,1.50,1.20
2011.01.07 03:13:02.666,6.85463,6.85794,1.50,1.08
2011.01.07 03:13:02.776,6.85463,6.85794,1.50,1.08
2011.01.07 03:13:02.887,6.85489,6.85794,1.50,1.08
2011.01.07 03:13:02.996,6.85489,6.85794,1.50,1.08
2011.01.07 03:13:03.465,6.85489,6.85794,1.50,1.08
2011.01.07 03:13:15.814,6.85515,6.85763,1.50,1.20
2011.01.07 03:13:16.246,6.85513,6.85762,1.50,1.20
2011.01.07 03:13:16.362,6.85495,6.85763,1.50,1.20
2011.01.07 03:13:16.588,6.85495,6.85782,1.50,1.08
2011.01.07 03:13:17.285,6.85516,6.85834,1.50,1.08
2011.01.07 03:13:21.126,6.85477,6.85762,1.50,1.20
2011.01.07 03:13:21.653,6.85489,6.85781,1.50,1.08
2011.01.07 03:13:21.765,6.85489,6.85742,1.50,1.20
2011.01.07 03:13:25.069,6.85515,6.85773,1.50,1.20
2011.01.07 03:13:25.295,6.85515,6.85823,1.50,1.08
2011.01.07 03:13:28.473,6.85515,6.85823,1.50,1.08
2011.01.07 03:13:28.585,6.85515,6.85823,1.50,1.08
2011.01.07 03:13:32.908,6.85541,6.85846,1.50,1.08
2011.01.07 03:13:33.025,6.85541,6.85846,1.50,1.08
2011.01.07 03:13:33.490,6.85547,6.85822,1.50,1.20
2011.01.07 03:13:33.605,6.85547,6.85846,1.50,1.08
2011.01.07 03:13:33.997,6.85547,6.85845,1.50,4.35
2011.01.07 03:13:38.486,6.85547,6.85832,1.50,1.08
2011.01.07 03:13:38.935,6.85547,6.85832,1.50,1.08
2011.01.07 03:13:43.900,6.85547,6.85832,1.50,1.08
2011.01.07 03:13:44.021,6.85524,6.85832,1.50,1.08
2011.01.07 03:13:44.247,6.85545,6.85832,1.50,1.08
2011.01.07 03:13:45.097,6.85545,6.85832,1.50,1.08
2011.01.07 03:13:45.517,6.85545,6.85832,1.50,1.08
2011.01.07 03:13:45.629,6.85545,6.85823,1.50,1.20
2011.01.07 03:14:04.562,6.85545,6.85832,1.50,1.08
2011.01.07 03:14:04.676,6.85545,6.85832,1.50,1.08
2011.01.07 03:14:17.116,6.85545,6.85792,1.50,1.20
2011.01.07 03:14:17.527,6.85545,6.85832,1.50,1.08
2011.01.07 03:14:18.081,6.85597,6.85842,1.50,1.20
2011.01.07 03:14:18.306,6.85597,6.8589,1.50,1.08
2011.01.07 03:14:18.415,6.85597,6.8589,1.50,1.08
2011.01.07 03:14:19.350,6.85597,6.8589,1.50,1.08
2011.01.07 03:14:21.546,6.85597,6.8589,1.50,1.08
2011.01.07 03:14:24.894,6.85597,6.8589,1.50,1.08
2011.01.07 03:14:25.263,6.85597,6.8589,1.50,1.08
2011.01.07 03:14:32.159,6.85576,6.85884,1.50,4.35
2011.01.07 03:14:39.185,6.85576,6.8583,1.50,1.08
2011.01.07 03:14:39.295,6.85544,6.8583,1.50,1.08
2011.01.07 03:14:41.744,6.85544,6.8583,1.50,1.08
2011.01.07 03:14:42.274,6.85544,6.8583,1.50,1.08
2011.01.07 03:14:44.870,6.85544,6.85792,1.50,1.20
2011.01.07 03:14:45.977,6.85544,6.8583,1.50,1.08
2011.01.07 03:14:48.065,6.85544,6.85803,1.50,1.20
2011.01.07 03:14:54.050,6.85545,6.85822,1.50,1.20
2011.01.07 03:14:55.717,6.85566,6.85822,1.50,1.20
2011.01.07 03:14:56.521,6.85566,6.85832,1.50,1.08
2011.01.07 03:14:57.290,6.85591,6.85838,1.50,1.30
2011.01.07 03:14:57.409,6.85598,6.85858,1.50,1.24
2011.01.07 03:14:58.325,6.85598,6.85863,1.50,1.20
2011.01.07 03:15:08.855,6.85598,6.85852,1.50,1.20
2011.01.07 03:15:10.784,6.85598,6.85863,1.50,1.20
2011.01.07 03:15:11.006,6.85618,6.85863,1.50,1.20
2011.01.07 03:15:11.235,6.85618,6.85872,1.50,1.20
2011.01.07 03:15:14.335,6.85618,6.85893,1.50,1.08
2011.01.07 03:15:14.446,6.85618,6.85893,1.50,1.08
2011.01.07 03:15:14.918,6.8563,6.85893,1.50,1.08
2011.01.07 03:15:16.257,6.8563,6.85863,1.50,1.20
2011.01.07 03:15:20.916,6.8563,6.85862,1.50,1.20
2011.01.07 03:15:21.478,6.8563,6.85893,1.50,1.08
2011.01.07 03:15:24.355,6.8563,6.85892,1.50,1.20
2011.01.07 03:15:26.598,6.8563,6.85893,1.50,1.08
2011.01.07 03:15:40.776,6.8563,6.85898,1.50,1.02
2011.01.07 03:15:40.997,6.85651,6.85923,1.50,1.08
2011.01.07 03:15:42.506,6.85651,6.85919,1.50,1.08
2011.01.07 03:15:42.878,6.85597,6.8591,1.50,1.08
2011.01.07 03:15:43.428,6.85597,6.85853,1.50,1.20
2011.01.07 03:15:43.764,6.85597,6.85832,1.50,1.20
2011.01.07 03:15:46.237,6.85597,6.85863,1.50,1.20
2011.01.07 03:15:46.456,6.85618,6.85912,1.50,1.08
2011.01.07 03:15:46.999,6.85618,6.85912,1.50,1.08
2011.01.07 03:15:53.955,6.85671,6.85967,1.50,1.08
2011.01.07 03:15:54.552,6.85681,6.85998,1.50,2.78
2011.01.07 03:15:54.885,6.85681,6.85972,1.50,1.08
2011.01.07 03:15:55.219,6.85681,6.85967,1.50,1.08
2011.01.07 03:15:55.711,6.8565,6.85931,1.50,1.08
2011.01.07 03:15:55.935,6.8565,6.85912,1.50,1.20
2011.01.07 03:15:59.645,6.8563,6.85915,1.50,1.08
2011.01.07 03:15:59.757,6.8563,6.85915,1.50,1.08
2011.01.07 03:15:59.975,6.8563,6.85883,1.50,1.20
2011.01.07 03:16:00.577,6.8563,6.85915,1.50,1.08
2011.01.07 03:16:07.895,6.8563,6.85882,1.50,1.20
2011.01.07 03:16:08.268,6.8563,6.85915,1.50,1.08
2011.01.07 03:16:11.147,6.85598,6.85894,1.50,2.78
2011.01.07 03:16:11.256,6.85598,6.85872,1.50,1.08
2011.01.07 03:16:11.719,6.85598,6.85894,1.50,2.78
2011.01.07 03:16:11.838,6.85598,6.85872,1.50,1.08
2011.01.07 03:16:12.388,6.85598,6.85862,1.50,1.20
2011.01.07 03:16:17.385,6.85598,6.85872,1.50,1.08
2011.01.07 03:16:17.886,6.85598,6.85887,1.50,1.24
2011.01.07 03:16:32.285,6.85598,6.85872,1.50,1.08
2011.01.07 03:16:32.397,6.85598,6.85888,1.50,1.24
2011.01.07 03:16:32.505,6.85598,6.85873,1.50,1.08
2011.01.07 03:16:32.649,6.85598,6.85894,1.50,2.78
2011.01.07 03:16:38.084,6.85598,6.85915,1.50,1.08
2011.01.07 03:16:38.197,6.85598,6.85915,1.50,1.08
2011.01.07 03:16:38.678,6.85619,6.85882,1.50,1.20
2011.01.07 03:16:38.784,6.85619,6.85903,1.50,1.20
2011.01.07 03:16:42.620,6.85619,6.85915,1.50,1.08
2011.01.07 03:16:42.740,6.85619,6.85903,1.50,1.20
2011.01.07 03:16:42.970,6.85619,6.85915,1.50,1.08
2011.01.07 03:16:46.700,6.85619,6.85903,1.50,1.20
2011.01.07 03:16:48.176,6.85642,6.86017,2.48,1.08
2011.01.07 03:16:48.752,6.85668,6.86017,1.20,1.30
2011.01.07 03:16:51.127,6.85643,6.85997,2.48,1.08
2011.01.07 03:16:51.345,6.85637,6.85997,1.02,1.08
2011.01.07 03:16:51.872,6.85623,6.85952,1.05,1.20
2011.01.07 03:16:52.466,6.85619,6.85983,2.78,1.08
2011.01.07 03:16:53.071,6.85619,6.85932,1.50,1.20
2011.01.07 03:16:53.458,6.85641,6.85949,1.50,1.08
2011.01.07 03:16:56.965,6.85641,6.85942,1.50,1.08
2011.01.07 03:16:57.447,6.85661,6.85967,1.50,2.78
2011.01.07 03:17:00.335,6.85661,6.85963,1.50,1.20
2011.01.07 03:17:00.818,6.85693,6.85988,1.50,1.30
2011.01.07 03:17:01.686,6.85693,6.8598,1.50,2.78
2011.01.07 03:17:01.905,6.85681,6.8598,1.50,2.78
2011.01.07 03:17:02.415,6.85681,6.85953,1.50,1.08
2011.01.07 03:17:04.898,6.85681,6.85943,1.50,1.20
2011.01.07 03:17:06.027,6.85681,6.85953,1.50,1.08
2011.01.07 03:17:12.238,6.85681,6.85957,1.50,1.24
2011.01.07 03:17:12.727,6.85681,6.85952,1.50,1.08
2011.01.07 03:17:19.487,6.85681,6.8598,1.50,2.78
2011.01.07 03:17:21.842,6.85704,6.85997,1.50,1.08
2011.01.07 03:17:21.953,6.85703,6.85982,1.50,1.68
2011.01.07 03:17:22.175,6.85724,6.86012,1.50,2.67
2011.01.07 03:17:22.396,6.85724,6.86012,1.50,2.67
2011.01.07 03:17:23.325,6.85724,6.86004,1.50,1.08
2011.01.07 03:17:23.656,6.85703,6.85973,1.50,1.20
2011.01.07 03:17:27.155,6.85703,6.86021,1.50,1.08
2011.01.07 03:17:27.265,6.85703,6.86006,1.50,4.35
2011.01.07 03:17:30.696,6.85725,6.85998,1.50,2.78
2011.01.07 03:17:30.915,6.85703,6.85972,1.50,1.08
2011.01.07 03:17:32.007,6.85703,6.85989,1.50,4.47
2011.01.07 03:17:33.638,6.85724,6.86015,1.50,1.08
2011.01.07 03:17:36.267,6.85724,6.86007,1.50,1.50
2011.01.07 03:17:36.486,6.85773,6.86032,1.50,1.20
2011.01.07 03:17:38.957,6.85773,6.8605,1.50,1.08
2011.01.07 03:17:39.067,6.85756,6.86012,1.50,1.20
2011.01.07 03:17:39.598,6.85779,6.86192,2.48,2.78
2011.01.07 03:17:39.716,6.85779,6.86192,2.48,2.78
2011.01.07 03:17:40.299,6.85828,6.86181,1.20,1.30
2011.01.07 03:17:40.596,6.85779,6.86136,2.48,1.08
2011.01.07 03:17:41.119,6.85779,6.86136,2.29,1.08
2011.01.07 03:17:41.236,6.85779,6.86125,2.29,2.78
2011.01.07 03:17:41.352,6.85767,6.86103,1.09,1.08
2011.01.07 03:17:41.942,6.85778,6.86098,1.50,1.30
2011.01.07 03:17:42.277,6.85795,6.86084,1.50,2.74
2011.01.07 03:17:42.386,6.85795,6.86109,1.50,1.30
2011.01.07 03:17:42.966,6.85816,6.86109,1.50,1.08
2011.01.07 03:17:43.785,6.85816,6.86112,1.50,1.08
2011.01.07 03:17:43.896,6.85816,6.86109,1.50,1.08
2011.01.07 03:17:44.225,6.85816,6.86106,1.50,1.08
2011.01.07 03:17:44.906,6.85816,6.86092,1.50,1.20
2011.01.07 03:17:45.012,6.85839,6.86253,2.48,1.08
2011.01.07 03:17:49.381,6.85839,6.86182,2.29,1.08
2011.01.07 03:17:49.500,6.85828,6.86152,1.09,1.20
2011.01.07 03:17:49.839,6.85815,6.8614,1.50,1.08
2011.01.07 03:17:50.426,6.85815,6.8614,1.50,1.08
2011.01.07 03:17:50.755,6.85815,6.86137,1.50,1.08
2011.01.07 03:17:51.435,6.85816,6.86137,1.50,1.08
2011.01.07 03:17:51.896,6.85816,6.86137,1.50,1.08
2011.01.07 03:17:52.117,6.85831,6.86137,1.50,1.08
2011.01.07 03:17:56.800,6.85811,6.86102,1.50,1.20
2011.01.07 03:17:56.922,6.85811,6.86083,1.50,1.20
2011.01.07 03:17:58.121,6.85811,6.86122,1.50,1.08
2011.01.07 03:17:58.497,6.85811,6.86122,1.50,1.08
2011.01.07 03:17:59.006,6.85811,6.86126,1.50,1.08
2011.01.07 03:17:59.114,6.85827,6.86126,1.50,1.08
2011.01.07 03:18:00.647,6.85859,6.86135,1.50,1.08
2011.01.07 03:18:03.163,6.85841,6.86131,1.50,2.67
2011.01.07 03:18:05.739,6.85841,6.86118,1.50,1.02
2011.01.07 03:18:06.448,6.85862,6.8613,1.50,1.08
2011.01.07 03:18:06.983,6.8584,6.8613,1.50,1.08
2011.01.07 03:18:08.196,6.8584,6.8613,1.50,1.08
2011.01.07 03:18:08.464,6.8584,6.86099,1.50,1.30
2011.01.07 03:18:08.687,6.85814,6.86099,1.50,1.30
2011.01.07 03:18:08.799,6.85808,6.86099,1.50,1.08
2011.01.07 03:18:09.297,6.85808,6.86102,1.50,1.08
2011.01.07 03:18:13.256,6.85837,6.86232,1.08,2.76
2011.01.07 03:18:13.770,6.85837,6.86246,1.08,4.35
2011.01.07 03:18:14.723,6.85833,6.86193,2.48,1.08
2011.01.07 03:18:14.946,6.85833,6.86193,2.10,1.08
2011.01.07 03:18:15.560,6.85817,6.86143,1.09,1.08
2011.01.07 03:18:18.679,6.85833,6.86152,1.05,1.20
2011.01.07 03:18:19.229,6.85817,6.86162,1.09,1.08
2011.01.07 03:18:21.958,6.85809,6.86112,1.50,4.28
2011.01.07 03:18:22.285,6.85809,6.86103,1.50,1.08
2011.01.07 03:18:24.431,6.85809,6.86112,1.50,4.83
2011.01.07 03:18:27.794,6.85809,6.86102,1.50,1.20
2011.01.07 03:18:28.591,6.85833,6.86102,1.50,1.20
2011.01.07 03:18:29.417,6.85843,6.86102,1.50,1.20
2011.01.07 03:18:29.526,6.85853,6.86112,1.17,1.69
2011.01.07 03:18:29.978,6.85853,6.86183,1.17,1.08
2011.01.07 03:18:30.102,6.85913,6.86207,1.50,1.24
2011.01.07 03:18:30.615,6.85913,6.86197,1.50,1.24
2011.01.07 03:18:31.111,6.85933,6.86183,1.50,1.08
2011.01.07 03:18:31.231,6.85915,6.86183,1.50,1.08
2011.01.07 03:18:31.459,6.85893,6.862,1.50,4.35
2011.01.07 03:18:32.718,6.85893,6.86148,1.50,4.35
2011.01.07 03:18:32.825,6.85865,6.86148,1.50,4.35
2011.01.07 03:18:33.245,6.85865,6.86148,1.50,1.80
2011.01.07 03:18:33.356,6.85865,6.86148,1.50,4.35
2011.01.07 03:18:34.038,6.85865,6.86148,1.50,4.35
2011.01.07 03:18:34.191,6.85865,6.86148,1.50,4.58
2011.01.07 03:18:35.720,6.85865,6.86148,1.50,4.58
2011.01.07 03:18:36.229,6.85865,6.86148,1.50,4.35
2011.01.07 03:18:36.345,6.85865,6.86148,1.50,4.17
2011.01.07 03:18:37.458,6.85865,6.86118,1.50,1.02
2011.01.07 03:18:37.675,6.85865,6.86112,1.50,1.58
2011.01.07 03:18:38.467,6.85841,6.86112,1.50,1.65
2011.01.07 03:18:45.212,6.85841,6.86127,1.50,1.24
2011.01.07 03:18:45.547,6.85862,6.86142,1.50,2.40
2011.01.07 03:18:45.805,6.85862,6.86163,1.50,1.20
2011.01.07 03:18:46.026,6.85883,6.86196,1.50,1.54
2011.01.07 03:18:49.008,6.85863,6.86169,1.50,1.08
2011.01.07 03:18:49.190,6.85863,6.86169,1.50,1.08
2011.01.07 03:18:49.416,6.85863,6.86169,1.50,1.08
2011.01.07 03:18:50.206,6.85863,6.86169,1.50,1.08
2011.01.07 03:18:50.341,6.85863,6.86169,1.50,1.08
2011.01.07 03:18:50.566,6.85863,6.86169,1.50,1.08
2011.01.07 03:18:50.918,6.85863,6.86142,1.50,1.20
2011.01.07 03:18:51.035,6.85863,6.86169,1.50,1.08
2011.01.07 03:18:51.308,6.85863,6.86169,1.50,1.08
2011.01.07 03:18:52.088,6.85891,6.862,2.78,1.47
2011.01.07 03:18:52.305,6.85932,6.86233,1.50,1.08
2011.01.07 03:18:52.881,6.85932,6.86221,1.50,2.78
2011.01.07 03:18:53.107,6.85932,6.86207,1.50,1.02
2011.01.07 03:18:54.015,6.85892,6.86163,1.50,1.20
2011.01.07 03:18:55.366,6.85865,6.86163,1.50,1.08
2011.01.07 03:18:56.507,6.85865,6.86163,1.50,1.08
2011.01.07 03:18:56.836,6.85865,6.86183,1.50,1.08
2011.01.07 03:18:57.055,6.85884,6.86183,1.50,1.08
2011.01.07 03:19:02.188,6.85884,6.86172,1.50,1.20
2011.01.07 03:19:02.311,6.85907,6.86227,1.50,1.08
2011.01.07 03:19:02.869,6.85895,6.86227,1.50,1.08
2011.01.07 03:19:02.988,6.85895,6.86227,1.50,1.08
2011.01.07 03:19:03.329,6.85882,6.86164,1.50,1.08
2011.01.07 03:19:03.447,6.85863,6.86153,1.50,1.20
2011.01.07 03:19:03.560,6.85863,6.86153,1.50,1.20
2011.01.07 03:19:03.678,6.85884,6.86162,1.50,1.20
2011.01.07 03:19:04.118,6.85864,6.86164,1.50,1.08
2011.01.07 03:19:04.227,6.85864,6.86164,1.50,1.08
2011.01.07 03:19:04.446,6.85864,6.86164,1.50,1.08
2011.01.07 03:19:04.775,6.85885,6.86164,1.50,1.08
2011.01.07 03:19:04.885,6.85864,6.86164,1.50,1.08
2011.01.07 03:19:05.802,6.85864,6.86143,1.50,2.78
2011.01.07 03:19:05.918,6.85844,6.86138,1.50,1.24
2011.01.07 03:19:07.899,6.85844,6.86219,1.50,1.08
2011.01.07 03:19:08.381,6.85882,6.86157,1.50,2.40
2011.01.07 03:19:08.719,6.85892,6.86173,1.50,1.20
2011.01.07 03:19:08.945,6.85893,6.86162,1.50,1.20
2011.01.07 03:19:09.056,6.85893,6.86182,1.50,1.08
2011.01.07 03:19:09.662,6.85861,6.86122,1.50,1.20
2011.01.07 03:19:10.000,6.85841,6.86092,1.50,1.20
2011.01.07 03:19:10.481,6.85841,6.86082,1.50,1.20
2011.01.07 03:19:10.601,6.85808,6.86095,1.50,4.35
2011.01.07 03:19:14.085,6.85808,6.86212,1.69,2.48
2011.01.07 03:19:14.198,6.85887,6.86199,1.50,1.08
2011.01.07 03:19:14.690,6.85887,6.86184,1.50,4.20
2011.01.07 03:19:15.265,6.85887,6.86163,1.50,1.20
2011.01.07 03:19:16.043,6.85862,6.86135,1.50,1.08
2011.01.07 03:19:21.438,6.85808,6.86082,1.50,1.20
2011.01.07 03:19:27.065,6.85808,6.86072,1.50,1.20
2011.01.07 03:19:30.138,6.85808,6.86127,1.50,1.08
2011.01.07 03:19:30.247,6.8583,6.86127,1.50,1.08
2011.01.07 03:19:36.323,6.8583,6.86127,1.50,1.08
2011.01.07 03:19:36.657,6.85808,6.86083,1.50,1.08
2011.01.07 03:19:37.609,6.8583,6.86138,1.50,1.24
2011.01.07 03:19:37.731,6.85878,6.86145,1.50,1.02
2011.01.07 03:19:38.431,6.85883,6.86173,1.50,1.92
2011.01.07 03:19:38.551,6.85883,6.86173,1.50,1.92
2011.01.07 03:19:42.045,6.85883,6.86163,1.50,1.02
2011.01.07 03:19:42.155,6.85883,6.86156,1.50,2.40
2011.01.07 03:19:42.773,6.8584,6.86102,1.50,1.20
2011.01.07 03:19:43.106,6.8584,6.86112,1.50,1.20
2011.01.07 03:19:43.216,6.8584,6.86128,1.50,1.08
2011.01.07 03:20:04.196,6.85808,6.86082,1.50,1.08
2011.01.07 03:20:06.686,6.85808,6.86119,1.50,1.08
2011.01.07 03:20:07.282,6.85808,6.86068,1.50,1.30
2011.01.07 03:20:07.396,6.85808,6.86099,1.50,2.78
2011.01.07 03:20:09.430,6.8583,6.86082,1.50,1.20
2011.01.07 03:20:09.545,6.8583,6.86093,1.50,1.20
2011.01.07 03:20:12.140,6.8583,6.86148,1.50,4.35
2011.01.07 03:20:12.357,6.8583,6.86148,1.50,4.35
2011.01.07 03:20:14.549,6.8583,6.86148,1.50,4.35
2011.01.07 03:20:14.776,6.85854,6.86148,1.50,4.35
2011.01.07 03:20:15.105,6.85859,6.86143,1.50,1.20
2011.01.07 03:20:20.208,6.85859,6.86148,1.50,4.58
2011.01.07 03:20:32.455,6.85859,6.86148,1.50,4.35
2011.01.07 03:20:32.784,6.85859,6.86148,1.50,4.35
2011.01.07 03:20:33.577,6.85841,6.86112,1.50,1.95
2011.01.07 03:20:35.109,6.85841,6.86112,1.50,1.65
2011.01.07 03:20:35.446,6.85841,6.86132,1.50,1.20
2011.01.07 03:20:36.855,6.85861,6.86148,1.50,1.80
2011.01.07 03:20:36.966,6.85883,6.86163,1.50,1.20
2011.01.07 03:20:37.590,6.85883,6.86172,1.50,1.68
2011.01.07 03:20:38.547,6.85883,6.86157,1.50,1.24
2011.01.07 03:20:38.658,6.85861,6.86138,1.50,1.24
2011.01.07 03:20:38.766,6.85861,6.86133,1.50,1.08
2011.01.07 03:20:40.919,6.85862,6.86174,1.50,1.08
2011.01.07 03:20:43.076,6.85862,6.86152,1.50,1.20
2011.01.07 03:20:43.518,6.85882,6.86153,1.50,1.20
2011.01.07 03:20:43.735,6.85864,6.86153,1.50,1.20
2011.01.07 03:20:45.067,6.85864,6.86162,1.50,1.20
2011.01.07 03:20:45.286,6.85883,6.86162,1.50,1.20
2011.01.07 03:20:45.866,6.85863,6.86162,1.50,1.20
2011.01.07 03:20:45.983,6.85913,6.86218,1.50,1.08
2011.01.07 03:20:46.317,6.85913,6.86218,1.50,1.08
2011.01.07 03:20:46.648,6.85861,6.86157,1.50,1.08
2011.01.07 03:20:46.756,6.85861,6.86122,1.50,1.20
2011.01.07 03:20:47.248,6.85841,6.86143,1.50,1.20
2011.01.07 03:20:47.359,6.85841,6.86123,1.50,1.08
2011.01.07 03:20:51.569,6.85841,6.86143,1.50,2.78
2011.01.07 03:20:52.537,6.85841,6.86112,1.50,1.20
2011.01.07 03:21:41.985,6.85841,6.86091,1.50,2.37
2011.01.07 03:21:42.877,6.8584,6.86091,1.50,2.37
2011.01.07 03:21:48.571,6.85809,6.86072,1.50,1.08
2011.01.07 03:21:48.796,6.85787,6.86072,1.50,1.08
2011.01.07 03:21:48.905,6.85787,6.86072,1.50,2.78
2011.01.07 03:21:52.072,6.85787,6.86072,1.50,2.78
2011.01.07 03:21:52.404,6.85787,6.86057,1.50,1.24
2011.01.07 03:21:54.454,6.85807,6.86072,1.50,2.78
2011.01.07 03:21:55.333,6.85807,6.86072,1.50,2.59
2011.01.07 03:21:55.454,6.85828,6.8609,1.50,1.30
2011.01.07 03:21:55.677,6.85828,6.86122,1.50,2.78
2011.01.07 03:21:56.173,6.85862,6.86122,1.50,2.40
2011.01.07 03:22:08.574,6.8584,6.86122,1.50,2.78
2011.01.07 03:22:09.431,6.85859,6.86122,1.50,2.59
2011.01.07 03:22:26.509,6.85838,6.86117,1.50,1.24
2011.01.07 03:22:30.034,6.85811,6.86094,1.50,1.77
2011.01.07 03:22:30.147,6.85831,6.86094,1.50,1.77
2011.01.07 03:22:58.175,6.85831,6.86115,1.50,2.78
2011.01.07 03:23:06.226,6.85812,6.86115,1.50,2.78
2011.01.07 03:23:09.328,6.85812,6.8608,1.50,1.30
2011.01.07 03:24:01.354,6.85811,6.86083,1.50,1.20
2011.01.07 03:24:09.869,6.85811,6.8621,1.50,1.11
2011.01.07 03:24:15.051,6.85811,6.86202,1.50,1.11
2011.01.07 03:24:15.164,6.85811,6.86114,1.50,1.50
2011.01.07 03:24:37.760,6.85811,6.86094,1.50,1.77
2011.01.07 03:24:38.096,6.85811,6.86088,1.50,1.02
2011.01.07 03:24:38.206,6.85811,6.86088,1.50,1.02
2011.01.07 03:24:40.198,6.85811,6.86082,1.50,1.20
2011.01.07 03:24:42.105,6.85811,6.86088,1.50,1.02
2011.01.07 03:24:42.673,6.85811,6.86087,1.50,1.30
2011.01.07 03:24:49.930,6.85811,6.86113,1.50,2.67
2011.01.07 03:24:50.366,6.85811,6.86083,1.50,1.08
2011.01.07 03:24:51.569,6.85809,6.86083,1.50,1.68
2011.01.07 03:25:00.864,6.85809,6.86083,1.50,1.08
2011.01.07 03:25:01.199,6.85788,6.86063,1.50,2.40
2011.01.07 03:25:06.668,6.85739,6.86042,2.78,1.02
2011.01.07 03:25:06.999,6.85739,6.85982,1.50,1.09
2011.01.07 03:25:07.480,6.85754,6.86017,1.50,1.24
2011.01.07 03:25:07.597,6.85754,6.86017,1.50,1.24
2011.01.07 03:25:07.710,6.85734,6.86027,1.50,2.78
2011.01.07 03:25:08.224,6.85734,6.86021,1.50,2.78
2011.01.07 03:25:08.726,6.85734,6.85997,1.50,1.24
2011.01.07 03:25:09.061,6.85734,6.86008,1.50,1.24
2011.01.07 03:25:09.175,6.85734,6.86021,1.50,2.78
2011.01.07 03:25:09.345,6.85734,6.86007,1.50,1.24
2011.01.07 03:25:12.648,6.85734,6.86027,1.50,1.08
2011.01.07 03:25:12.758,6.85754,6.86027,1.50,1.08
2011.01.07 03:25:13.835,6.85754,6.86027,1.50,1.08
2011.01.07 03:25:20.796,6.85754,6.86022,1.50,1.20
2011.01.07 03:25:21.016,6.85754,6.86027,1.50,1.30
2011.01.07 03:25:30.777,6.85754,6.86027,1.50,1.08
2011.01.07 03:25:34.200,6.85775,6.86058,1.50,4.65
2011.01.07 03:25:34.539,6.85775,6.86058,1.50,4.65
2011.01.07 03:25:35.149,6.85756,6.86022,1.50,1.09
2011.01.07 03:25:35.476,6.85778,6.86033,1.50,1.09
2011.01.07 03:25:35.588,6.85778,6.8604,1.50,2.37
2011.01.07 03:25:36.183,6.85809,6.86052,1.50,1.02
2011.01.07 03:25:36.303,6.85809,6.86092,1.50,2.40
2011.01.07 03:25:36.636,6.85809,6.86093,1.50,1.09
2011.01.07 03:25:38.208,6.85829,6.86092,1.50,1.09
2011.01.07 03:25:39.113,6.85829,6.86107,1.50,1.24
2011.01.07 03:25:47.845,6.85829,6.86103,1.50,1.08
2011.01.07 03:25:52.349,6.85829,6.86129,1.50,2.78
2011.01.07 03:25:53.855,6.85829,6.86117,1.50,1.24
2011.01.07 03:25:54.323,6.85854,6.86117,1.50,1.24
2011.01.07 03:25:56.308,6.85859,6.86147,1.50,2.78
2011.01.07 03:25:56.424,6.85852,6.86153,1.05,1.09
2011.01.07 03:25:56.648,6.85877,6.86153,1.50,1.09
2011.01.07 03:25:57.076,6.85877,6.86154,1.50,1.09
2011.01.07 03:25:59.399,6.85877,6.86154,1.50,2.78
2011.01.07 03:25:59.766,6.85863,6.86114,1.50,1.09
2011.01.07 03:26:00.243,6.8584,6.86123,1.50,1.08
2011.01.07 03:26:00.359,6.8584,6.86123,1.50,1.08
2011.01.07 03:26:01.628,6.85859,6.86128,1.50,1.30
2011.01.07 03:26:01.735,6.85859,6.86126,1.50,1.08
2011.01.07 03:26:02.310,6.85859,6.86127,1.50,1.30
2011.01.07 03:26:02.331,6.85859,6.86123,1.50,1.20
2011.01.07 03:26:02.446,6.85859,6.86133,1.50,1.08
2011.01.07 03:26:06.474,6.85859,6.86132,1.50,1.08
2011.01.07 03:26:09.196,6.85859,6.86126,1.50,1.08
2011.01.07 03:26:09.665,6.85859,6.86126,1.50,1.08
2011.01.07 03:26:09.872,6.85859,6.86122,1.50,1.20
2011.01.07 03:26:12.724,6.85859,6.86126,1.50,1.08
2011.01.07 03:26:12.989,6.85859,6.86126,1.50,1.08
2011.01.07 03:26:13.565,6.85859,6.86126,1.50,1.08
2011.01.07 03:26:13.681,6.85862,6.86127,1.50,1.30
2011.01.07 03:26:17.756,6.85862,6.86122,1.50,1.20
2011.01.07 03:26:18.136,6.85862,6.86126,1.50,1.08
2011.01.07 03:26:18.680,6.85862,6.86126,1.50,1.08
2011.01.07 03:26:19.470,6.85862,6.86126,1.50,1.08
2011.01.07 03:26:19.699,6.85862,6.86112,1.50,1.20
2011.01.07 03:26:20.184,6.85862,6.86122,1.50,1.20
2011.01.07 03:26:25.333,6.85883,6.86167,1.50,2.74
2011.01.07 03:26:26.060,6.85893,6.86167,1.50,2.59
2011.01.07 03:26:26.184,6.85914,6.86178,1.50,2.59
2011.01.07 03:26:27.545,6.85965,6.86242,1.50,1.08
2011.01.07 03:26:28.823,6.85965,6.86222,1.50,1.02
2011.01.07 03:26:29.161,6.85917,6.86182,1.50,1.20
2011.01.07 03:26:29.279,6.85917,6.86219,1.50,2.78
2011.01.07 03:26:29.753,6.85937,6.86219,1.50,2.37
2011.01.07 03:26:29.868,6.85963,6.86222,1.50,1.09
2011.01.07 03:26:31.912,6.85963,6.86283,1.65,1.20
2011.01.07 03:26:32.645,6.86075,6.86364,1.50,2.78
2011.01.07 03:26:33.197,6.86075,6.86346,1.50,1.02
2011.01.07 03:26:34.987,6.86043,6.86346,1.50,2.74
2011.01.07 03:26:35.098,6.86019,6.86322,1.50,1.08
2011.01.07 03:26:35.578,6.86041,6.86312,1.50,1.09
2011.01.07 03:26:36.019,6.86071,6.86312,1.50,1.02
2011.01.07 03:26:36.340,6.86071,6.86344,1.50,2.78
2011.01.07 03:26:36.930,6.86052,6.86317,1.50,1.30
2011.01.07 03:26:37.985,6.86052,6.86306,1.50,1.09
2011.01.07 03:26:38.871,6.86052,6.86317,1.50,1.30
2011.01.07 03:26:38.986,6.86052,6.86317,1.50,1.30
2011.01.07 03:26:39.546,6.86052,6.86344,1.50,2.78
2011.01.07 03:26:40.173,6.86092,6.86348,1.50,1.30
2011.01.07 03:26:41.577,6.86092,6.86358,1.50,1.24
2011.01.07 03:26:42.056,6.86092,6.86343,1.50,1.09
2011.01.07 03:26:42.990,6.86072,6.86347,1.50,1.30
2011.01.07 03:26:43.108,6.86072,6.86347,1.50,1.30
2011.01.07 03:26:43.217,6.86072,6.86367,1.50,1.24
2011.01.07 03:26:43.328,6.86072,6.86367,1.50,1.24
2011.01.07 03:26:44.071,6.86072,6.86383,1.50,2.78
2011.01.07 03:26:44.187,6.86072,6.86352,1.50,1.08
2011.01.07 03:26:45.044,6.86094,6.86352,1.50,1.08
2011.01.07 03:26:45.160,6.86094,6.86383,1.50,2.78
2011.01.07 03:26:46.908,6.86094,6.86313,1.50,1.09
2011.01.07 03:26:47.127,6.86052,6.86332,1.50,1.02
2011.01.07 03:26:47.577,6.8602,6.86263,1.50,1.02
2011.01.07 03:26:47.689,6.8602,6.86257,1.50,1.09
2011.01.07 03:26:47.797,6.8602,6.86268,1.50,1.30
2011.01.07 03:26:48.740,6.8599,6.86256,1.50,1.02
2011.01.07 03:26:48.856,6.8599,6.86273,1.50,1.08
2011.01.07 03:26:50.797,6.8599,6.86243,1.50,1.20
2011.01.07 03:26:51.827,6.85967,6.86269,1.50,2.78
2011.01.07 03:26:52.862,6.85988,6.86308,1.50,1.24
2011.01.07 03:26:52.979,6.86016,6.86308,1.50,1.24
2011.01.07 03:26:53.306,6.86041,6.86308,1.50,1.24
2011.01.07 03:26:55.490,6.86022,6.86292,1.50,1.20
2011.01.07 03:26:56.153,6.86021,6.86336,1.50,2.78
2011.01.07 03:26:56.272,6.86021,6.86302,1.50,1.08
2011.01.07 03:26:58.487,6.86021,6.86293,1.50,1.20
2011.01.07 03:26:58.596,6.86021,6.86302,1.50,1.08
2011.01.07 03:27:00.777,6.85998,6.86263,1.50,1.08
2011.01.07 03:27:01.107,6.85998,6.86213,1.50,1.68
2011.01.07 03:27:01.217,6.85945,6.86213,1.50,1.68
2011.01.07 03:27:01.328,6.85945,6.86203,1.50,1.02
2011.01.07 03:27:01.885,6.85935,6.86183,1.50,1.02
2011.01.07 03:27:01.998,6.85935,6.86183,1.50,2.74
2011.01.07 03:27:02.729,6.85935,6.86192,1.50,1.02
2011.01.07 03:27:03.570,6.85935,6.86212,1.50,1.08
2011.01.07 03:27:04.044,6.85959,6.86235,1.50,2.78
2011.01.07 03:27:04.160,6.85966,6.86235,1.50,2.78
2011.01.07 03:27:06.168,6.85966,6.86228,1.50,1.24
2011.01.07 03:27:06.687,6.85989,6.86258,1.50,1.24
2011.01.07 03:27:18.649,6.85989,6.86282,1.50,2.78
2011.01.07 03:27:21.286,6.85989,6.8629,1.50,1.08
2011.01.07 03:27:23.673,6.85989,6.8629,1.50,1.08
2011.01.07 03:27:23.899,6.85989,6.86253,1.50,1.73
2011.01.07 03:27:24.335,6.85968,6.86246,1.50,1.02
2011.01.07 03:27:24.679,6.85963,6.86252,1.50,4.35
2011.01.07 03:27:25.887,6.85963,6.86252,1.50,4.35
2011.01.07 03:27:28.068,6.85914,6.86194,1.50,1.08
2011.01.07 03:27:28.288,6.85914,6.86217,1.50,4.28
2011.01.07 03:27:28.401,6.85935,6.86217,1.50,4.28
2011.01.07 03:27:28.996,6.85935,6.86217,1.50,4.28
2011.01.07 03:27:29.650,6.85935,6.86208,1.50,1.24
2011.01.07 03:27:34.736,6.85915,6.862,1.50,1.80
2011.01.07 03:27:35.250,6.85911,6.86173,1.50,1.20
2011.01.07 03:27:36.767,6.85911,6.86179,1.50,2.78
2011.01.07 03:27:36.879,6.85911,6.86179,1.50,2.78
2011.01.07 03:27:37.409,6.85893,6.86179,1.50,2.78
2011.01.07 03:27:38.683,6.85934,6.86208,1.50,1.02
2011.01.07 03:27:39.237,6.85934,6.86207,1.50,1.24
2011.01.07 03:27:39.794,6.85934,6.86216,1.50,4.54
2011.01.07 03:27:40.586,6.85934,6.86207,1.50,1.24
2011.01.07 03:27:40.701,6.85915,6.86192,1.50,1.02
2011.01.07 03:27:48.047,6.85936,6.86227,1.50,1.24
2011.01.07 03:27:48.266,6.85936,6.86222,1.50,1.08
2011.01.07 03:27:49.122,6.85936,6.86212,1.50,1.20
2011.01.07 03:27:49.347,6.85914,6.86192,1.50,1.20
2011.01.07 03:27:49.568,6.85914,6.86213,1.50,1.08
2011.01.07 03:27:49.677,6.85914,6.86213,1.50,1.08
2011.01.07 03:27:49.787,6.85914,6.86213,1.50,1.08
2011.01.07 03:27:50.189,6.85914,6.86213,1.50,1.08
2011.01.07 03:27:50.417,6.85914,6.86213,1.50,1.08
2011.01.07 03:27:50.639,6.85914,6.86192,1.50,1.20
2011.01.07 03:27:51.255,6.85914,6.86203,1.50,1.20
2011.01.07 03:27:51.699,6.85936,6.86207,1.50,1.24
2011.01.07 03:27:51.806,6.85936,6.86207,1.50,1.24
2011.01.07 03:27:52.666,6.85967,6.86233,1.50,1.20
2011.01.07 03:27:53.048,6.85967,6.86242,1.50,1.20
2011.01.07 03:27:54.558,6.85967,6.86251,1.50,1.08
2011.01.07 03:27:54.667,6.85967,6.86232,1.50,1.20
2011.01.07 03:27:54.887,6.85946,6.86213,1.50,1.08
2011.01.07 03:27:55.298,6.85946,6.86213,1.50,1.08
2011.01.07 03:27:55.636,6.85914,6.86206,1.50,1.08
2011.01.07 03:27:55.746,6.85914,6.86208,1.50,1.30
2011.01.07 03:27:55.982,6.85915,6.86242,1.50,1.08
2011.01.07 03:27:56.097,6.85915,6.86183,1.50,1.20
2011.01.07 03:27:56.554,6.85967,6.86217,1.50,3.12
2011.01.07 03:27:56.900,6.85946,6.86211,1.50,1.08
2011.01.07 03:27:57.020,6.85918,6.86211,1.50,1.08
2011.01.07 03:27:57.140,6.85918,6.86213,1.50,1.08
2011.01.07 03:27:57.515,6.85918,6.86213,1.50,1.08
2011.01.07 03:27:57.977,6.85937,6.86211,1.50,1.08
2011.01.07 03:27:58.762,6.85917,6.86163,1.50,1.20
2011.01.07 03:27:58.879,6.85895,6.86163,1.50,1.20
2011.01.07 03:27:59.317,6.85895,6.86182,1.50,1.08
2011.01.07 03:27:59.537,6.85914,6.86182,1.50,1.08
2011.01.07 03:27:59.939,6.85914,6.86153,1.50,1.20
2011.01.07 03:28:00.054,6.85912,6.86173,1.50,1.08
2011.01.07 03:28:00.790,6.85912,6.86173,1.50,1.08
2011.01.07 03:28:00.915,6.85896,6.86178,1.50,2.67
2011.01.07 03:28:01.140,6.85894,6.86188,1.50,1.08
2011.01.07 03:28:01.848,6.85865,6.86135,1.50,1.08
2011.01.07 03:28:03.148,6.85865,6.86122,1.50,1.20
2011.01.07 03:28:04.009,6.85842,6.86127,1.50,1.08
2011.01.07 03:28:10.949,6.85842,6.86077,1.50,1.08
2011.01.07 03:28:11.058,6.85791,6.86063,1.50,1.20
2011.01.07 03:28:11.664,6.85778,6.86053,1.50,2.78
2011.01.07 03:28:12.108,6.85778,6.86038,1.50,1.24
2011.01.07 03:28:12.219,6.85778,6.86053,1.50,2.78
2011.01.07 03:28:12.328,6.85777,6.86053,1.50,2.78
2011.01.07 03:28:12.865,6.85778,6.86047,1.50,1.24
2011.01.07 03:28:13.747,6.85778,6.86063,1.50,1.20
2011.01.07 03:28:13.859,6.85802,6.86089,1.50,1.08
2011.01.07 03:28:13.966,6.85808,6.86089,1.50,1.08
2011.01.07 03:28:14.436,6.8583,6.86119,1.50,2.78
2011.01.07 03:28:14.554,6.85859,6.86102,1.50,1.20
2011.01.07 03:28:14.778,6.85839,6.86102,1.50,1.20
2011.01.07 03:28:16.146,6.85839,6.86196,1.50,1.08
2011.01.07 03:28:16.369,6.85877,6.86133,1.50,1.20
2011.01.07 03:28:16.478,6.85877,6.86163,1.50,1.20
2011.01.07 03:28:18.767,6.85906,6.86196,1.50,1.08
2011.01.07 03:28:18.878,6.85911,6.86196,1.50,1.08
2011.01.07 03:28:24.008,6.85981,6.86282,1.50,1.20
2011.01.07 03:28:24.229,6.85981,6.86292,1.50,1.20
2011.01.07 03:28:25.209,6.85981,6.86263,1.50,1.20
2011.01.07 03:28:26.238,6.85981,6.86262,1.50,1.20
2011.01.07 03:28:26.623,6.85981,6.86233,1.50,1.20
2011.01.07 03:28:28.151,6.85966,6.86233,1.50,1.20
2011.01.07 03:28:31.757,6.85966,6.86278,1.50,1.08
2011.01.07 03:28:31.868,6.85988,6.86252,1.50,1.20
2011.01.07 03:28:31.976,6.85988,6.86252,1.50,1.20
2011.01.07 03:28:32.089,6.85988,6.86278,1.50,1.08
2011.01.07 03:28:34.476,6.85988,6.86278,1.50,1.08
2011.01.07 03:28:40.626,6.85988,6.86278,1.50,1.08
2011.01.07 03:28:41.274,6.85966,6.86242,1.50,1.08
2011.01.07 03:28:41.388,6.85966,6.86234,1.50,1.08
2011.01.07 03:28:48.317,6.85995,6.86382,1.08,1.08
2011.01.07 03:28:50.309,6.85991,6.86346,2.48,1.02
2011.01.07 03:28:50.419,6.8599,6.86319,2.70,1.30
2011.01.07 03:28:50.528,6.85983,6.86302,1.05,1.20
2011.01.07 03:28:51.141,6.85967,6.86319,1.58,1.08
2011.01.07 03:28:51.476,6.85967,6.86273,1.50,1.20
2011.01.07 03:28:53.216,6.85967,6.86263,1.50,1.20
2011.01.07 03:28:53.758,6.85967,6.86266,1.50,1.08
2011.01.07 03:28:54.508,6.85967,6.86233,1.50,1.20
2011.01.07 03:28:55.578,6.85967,6.86272,1.50,1.20
2011.01.07 03:28:56.125,6.85988,6.86272,1.50,1.20
2011.01.07 03:28:57.065,6.85988,6.86288,1.50,1.08
2011.01.07 03:28:57.397,6.86046,6.8629,1.50,1.08
2011.01.07 03:29:00.410,6.86054,6.86282,1.50,1.20
2011.01.07 03:29:00.991,6.86058,6.86335,1.50,1.08
2011.01.07 03:29:02.787,6.86058,6.86335,1.50,1.08
2011.01.07 03:29:05.386,6.86077,6.8632,1.50,1.08
2011.01.07 03:29:06.012,6.86077,6.86322,1.50,1.08
2011.01.07 03:29:06.239,6.86077,6.86328,2.25,1.24
2011.01.07 03:29:06.846,6.861,6.86358,1.50,1.08
2011.01.07 03:29:07.190,6.86085,6.86332,2.25,1.20
2011.01.07 03:29:07.311,6.86085,6.86322,2.25,1.20
2011.01.07 03:29:08.009,6.86079,6.86322,1.50,1.20
2011.01.07 03:29:08.340,6.86079,6.8635,1.50,1.08
2011.01.07 03:29:08.677,6.8607,6.8635,1.50,1.08
2011.01.07 03:29:09.875,6.86126,6.8639,1.50,1.08
2011.01.07 03:29:09.990,6.86126,6.8639,1.50,1.08
2011.01.07 03:29:10.217,6.86126,6.8639,1.50,1.08
2011.01.07 03:29:10.328,6.86116,6.8639,1.50,1.08
2011.01.07 03:29:10.724,6.86116,6.8639,2.25,1.08
2011.01.07 03:29:11.066,6.86143,6.8639,1.50,1.08
2011.01.07 03:29:12.268,6.86143,6.86343,1.50,1.20
2011.01.07 03:29:12.377,6.86143,6.86469,1.50,1.54
2011.01.07 03:29:12.784,6.86124,6.86469,1.58,1.54
2011.01.07 03:29:12.913,6.8619,6.86503,2.25,1.20
2011.01.07 03:29:13.491,6.86225,6.86534,2.25,1.54
2011.01.07 03:29:14.442,6.86261,6.86453,1.50,1.20
2011.01.07 03:29:14.564,6.86252,6.86513,1.50,2.78
2011.01.07 03:29:14.678,6.86251,6.86536,2.25,1.08
2011.01.07 03:29:14.788,6.86251,6.86536,2.25,1.08
2011.01.07 03:29:15.254,6.86241,6.86502,1.50,1.02
2011.01.07 03:29:15.955,6.86243,6.86473,2.25,1.08
2011.01.07 03:29:16.074,6.86213,6.86464,1.50,1.08
2011.01.07 03:29:16.187,6.86213,6.86442,1.50,1.20
2011.01.07 03:29:17.162,6.86213,6.86464,1.50,1.08
2011.01.07 03:29:17.496,6.86212,6.86464,1.50,1.08
2011.01.07 03:29:18.052,6.86182,6.86433,1.50,1.20
2011.01.07 03:29:18.173,6.86179,6.86413,2.25,1.20
2011.01.07 03:29:18.508,6.86166,6.86417,1.50,1.08
2011.01.07 03:29:18.618,6.86155,6.86417,1.50,1.08
2011.01.07 03:29:19.214,6.86155,6.86417,1.50,1.08
2011.01.07 03:29:19.329,6.86146,6.86383,2.25,1.20
2011.01.07 03:29:20.176,6.86146,6.86411,2.25,4.35
2011.01.07 03:29:20.577,6.86126,6.86372,2.25,1.20
2011.01.07 03:29:21.071,6.86126,6.86362,2.25,1.20
2011.01.07 03:29:21.287,6.86126,6.86373,2.25,1.20
2011.01.07 03:29:22.290,6.86126,6.86376,2.25,4.35
2011.01.07 03:29:22.657,6.86126,6.86373,2.25,1.20
2011.01.07 03:29:23.388,6.86126,6.86375,2.25,3.98
2011.01.07 03:29:23.610,6.86137,6.86387,2.25,1.24
2011.01.07 03:29:25.994,6.86137,6.8641,1.50,1.08
2011.01.07 03:29:26.107,6.86137,6.8641,2.25,1.08
2011.01.07 03:29:27.799,6.86138,6.8641,2.25,1.08
2011.01.07 03:29:28.027,6.86138,6.8641,1.50,1.08
2011.01.07 03:29:28.137,6.86116,6.86375,2.25,3.98
2011.01.07 03:29:28.969,6.86116,6.86375,2.25,4.28
2011.01.07 03:29:29.468,6.86101,6.86352,1.50,1.08
2011.01.07 03:29:29.603,6.86046,6.86302,2.25,1.08
2011.01.07 03:29:29.718,6.86046,6.863,2.25,1.08
2011.01.07 03:29:33.927,6.86037,6.86292,2.25,1.20
2011.01.07 03:29:34.256,6.86034,6.86303,2.25,1.08
2011.01.07 03:29:34.477,6.86034,6.86312,2.25,1.20
2011.01.07 03:29:34.586,6.86047,6.86312,2.25,1.20
2011.01.07 03:29:37.541,6.86066,6.8638,2.25,1.08
2011.01.07 03:29:37.659,6.8607,6.8638,1.50,1.08
2011.01.07 03:29:38.162,6.8607,6.8638,1.50,1.08
2011.01.07 03:29:38.851,6.86072,6.8638,2.25,1.08
2011.01.07 03:29:41.847,6.8607,6.8638,1.50,1.08
2011.01.07 03:29:42.177,6.86049,6.86337,1.50,1.08
2011.01.07 03:29:46.867,6.86049,6.86302,1.50,1.20
2011.01.07 03:29:47.085,6.86023,6.86337,1.50,1.08
2011.01.07 03:29:47.196,6.86023,6.86283,1.50,1.20
2011.01.07 03:29:54.191,6.86023,6.86337,1.50,1.08
2011.01.07 03:29:54.310,6.86023,6.86337,1.50,1.08
2011.01.07 03:29:54.538,6.86043,6.86337,1.50,1.08
2011.01.07 03:29:55.557,6.86022,6.86302,1.50,1.20
2011.01.07 03:29:55.886,6.86022,6.86282,1.50,1.20
2011.01.07 03:29:57.067,6.86001,6.86282,1.50,1.20
2011.01.07 03:29:57.178,6.86001,6.86286,1.50,1.08
2011.01.07 03:30:00.281,6.86001,6.86286,1.50,1.08
2011.01.07 03:30:01.246,6.86001,6.86272,1.50,1.20
2011.01.07 03:30:01.656,6.86001,6.86263,1.50,1.20
2011.01.07 03:30:03.847,6.86001,6.86286,1.50,1.08
2011.01.07 03:30:04.229,6.86001,6.86286,1.50,1.08
2011.01.07 03:30:09.046,6.86001,6.86288,1.50,1.08
2011.01.07 03:30:09.157,6.86001,6.86288,1.50,1.08
2011.01.07 03:30:15.787,6.86018,6.86272,1.50,1.20
2011.01.07 03:30:16.308,6.86018,6.86288,1.50,1.08
2011.01.07 03:30:16.526,6.85967,6.86243,1.50,1.20
2011.01.07 03:30:16.638,6.85967,6.86246,1.50,1.08
2011.01.07 03:30:17.093,6.85948,6.86246,1.50,1.08
2011.01.07 03:30:17.215,6.85985,6.86267,1.50,1.08
2011.01.07 03:30:17.556,6.85985,6.86267,1.50,1.08
2011.01.07 03:30:18.811,6.85985,6.86267,1.50,1.08
2011.01.07 03:30:19.156,6.85985,6.86278,1.50,1.24
2011.01.07 03:30:21.071,6.85985,6.86267,1.50,1.08
2011.01.07 03:30:21.408,6.85985,6.86233,1.50,1.20
2011.01.07 03:30:22.589,6.85985,6.86237,1.50,1.30
2011.01.07 03:30:22.918,6.85948,6.86253,1.50,4.62
2011.01.07 03:30:23.321,6.85948,6.86235,1.50,1.08
2011.01.07 03:30:23.658,6.85964,6.86213,1.50,1.20
2011.01.07 03:30:23.767,6.85964,6.86223,1.50,1.20
2011.01.07 03:30:23.877,6.85964,6.86252,1.50,4.35
2011.01.07 03:30:24.431,6.85917,6.86199,1.50,4.35
2011.01.07 03:30:24.657,6.85917,6.86182,1.50,1.20
2011.01.07 03:30:26.651,6.85917,6.86199,1.50,4.35
2011.01.07 03:30:28.751,6.85917,6.86199,1.50,4.58
2011.01.07 03:30:33.506,6.85934,6.86212,1.50,1.08
2011.01.07 03:30:34.070,6.85934,6.86213,1.50,1.08
2011.01.07 03:30:34.178,6.85934,6.86212,1.50,1.08
2011.01.07 03:30:34.389,6.85934,6.86213,1.50,1.08
2011.01.07 03:30:38.215,6.85934,6.86217,1.58,1.50
2011.01.07 03:30:38.438,6.85934,6.86262,1.58,1.08
2011.01.07 03:30:38.548,6.85985,6.86262,1.50,1.08
2011.01.07 03:30:44.166,6.85985,6.86262,1.50,1.08
2011.01.07 03:30:45.047,6.85985,6.86262,1.50,1.08
2011.01.07 03:30:45.678,6.85985,6.86262,1.50,1.08
2011.01.07 03:30:48.677,6.85985,6.86243,1.50,1.20
2011.01.07 03:30:48.828,6.85985,6.86262,1.50,1.08
2011.01.07 03:30:51.942,6.85985,6.86242,1.50,1.20
2011.01.07 03:30:56.500,6.85985,6.86262,1.50,1.08
2011.01.07 03:30:56.716,6.85985,6.86243,1.50,1.20
2011.01.07 03:30:56.918,6.85985,6.86262,1.50,1.08
2011.01.07 03:30:58.781,6.85985,6.86242,1.50,1.20
2011.01.07 03:30:58.897,6.85985,6.86262,1.50,1.08
2011.01.07 03:31:00.196,6.85985,6.86242,1.50,1.20
2011.01.07 03:31:02.576,6.85985,6.86262,1.50,1.08
2011.01.07 03:31:15.609,6.85985,6.86289,1.50,2.78
2011.01.07 03:31:15.717,6.8602,6.86289,1.50,2.59
2011.01.07 03:31:16.288,6.8602,6.86294,1.50,1.08
2011.01.07 03:31:16.397,6.8602,6.86282,1.50,1.20
2011.01.07 03:31:19.256,6.8602,6.86293,1.50,1.20
2011.01.07 03:31:20.216,6.8602,6.86282,1.50,1.20
2011.01.07 03:31:21.218,6.8602,6.86333,1.50,1.08
2011.01.07 03:31:21.546,6.86041,6.86333,1.50,1.08
2011.01.07 03:31:21.657,6.86041,6.86333,1.50,1.08
2011.01.07 03:31:22.218,6.86041,6.86323,1.50,1.20
2011.01.07 03:31:24.208,6.86041,6.86322,1.50,1.20
2011.01.07 03:31:30.618,6.86041,6.86333,1.50,1.08
2011.01.07 03:31:30.886,6.86041,6.86333,1.50,1.08
2011.01.07 03:31:34.327,6.86041,6.86323,1.50,1.20
2011.01.07 03:31:38.778,6.86041,6.86333,1.50,1.08
2011.01.07 03:31:40.820,6.86041,6.86333,1.50,1.08
2011.01.07 03:31:41.160,6.86041,6.86333,1.50,1.08
2011.01.07 03:31:44.657,6.86041,6.86323,1.50,1.20
2011.01.07 03:31:45.791,6.86041,6.86322,1.50,1.20
2011.01.07 03:31:46.336,6.86041,6.86313,1.50,1.20
2011.01.07 03:31:49.011,6.86041,6.86334,1.50,1.08
2011.01.07 03:31:49.351,6.86072,6.86343,1.50,1.08
2011.01.07 03:31:49.469,6.86072,6.86333,1.50,1.20
2011.01.07 03:31:49.970,6.86072,6.86333,1.50,1.20
2011.01.07 03:31:50.387,6.86072,6.86328,1.50,1.24
2011.01.07 03:31:50.945,6.86051,6.86312,1.50,1.08
2011.01.07 03:31:51.168,6.8602,6.86303,1.50,1.08
2011.01.07 03:31:52.061,6.8602,6.86303,1.50,1.08
2011.01.07 03:31:52.287,6.8602,6.86294,1.50,1.08
2011.01.07 03:31:52.619,6.8602,6.86242,1.50,1.20
2011.01.07 03:31:52.842,6.85974,6.86241,1.50,1.08
2011.01.07 03:31:53.247,6.85949,6.86241,1.50,1.08
2011.01.07 03:31:53.354,6.85945,6.86203,1.50,1.20
2011.01.07 03:31:53.658,6.85945,6.86209,1.50,1.08
2011.01.07 03:31:56.366,6.85945,6.86177,1.50,1.08
2011.01.07 03:31:57.060,6.85915,6.86206,1.50,2.78
2011.01.07 03:31:58.550,6.85915,6.86223,1.50,1.08
2011.01.07 03:31:59.061,6.85966,6.86251,1.50,2.59
2011.01.07 03:32:01.302,6.85966,6.86228,1.50,1.24
2011.01.07 03:32:01.791,6.85966,6.8622,1.50,1.30
2011.01.07 03:32:03.847,6.85966,6.86227,1.50,1.24
2011.01.07 03:32:05.047,6.85966,6.86251,1.50,2.59
2011.01.07 03:32:05.647,6.85966,6.86251,1.50,2.78
2011.01.07 03:32:06.312,6.85966,6.86228,1.50,1.24
2011.01.07 03:32:07.160,6.85966,6.86237,1.50,1.24
2011.01.07 03:32:11.070,6.85966,6.86251,1.50,2.78
2011.01.07 03:32:12.256,6.85966,6.86222,1.50,1.08
2011.01.07 03:32:15.208,6.85966,6.86227,1.50,1.24
2011.01.07 03:32:15.809,6.85966,6.86223,1.50,1.08
2011.01.07 03:32:17.028,6.85966,6.8622,1.50,1.08
2011.01.07 03:32:18.907,6.85966,6.86236,1.50,1.08
2011.01.07 03:32:23.767,6.85989,6.86269,1.50,4.35
2011.01.07 03:32:25.352,6.85989,6.86223,1.50,1.20
2011.01.07 03:32:25.468,6.85989,6.86223,1.50,1.20
2011.01.07 03:32:42.280,6.85966,6.86232,1.50,1.20
2011.01.07 03:33:00.937,6.85966,6.86242,1.50,1.20
2011.01.07 03:33:02.248,6.85966,6.86252,1.50,1.20
2011.01.07 03:33:03.141,6.85966,6.86273,1.50,1.08
2011.01.07 03:33:09.179,6.85966,6.86273,1.50,1.08
2011.01.07 03:33:11.230,6.85966,6.86273,1.50,1.08
2011.01.07 03:33:17.798,6.85991,6.86311,1.50,2.78
2011.01.07 03:33:17.911,6.86015,6.86332,1.50,1.20
2011.01.07 03:33:18.027,6.86043,6.86332,1.50,1.20
2011.01.07 03:33:18.591,6.86068,6.86332,1.50,1.20
2011.01.07 03:33:18.703,6.86096,6.86372,1.50,1.20
2011.01.07 03:33:20.812,6.86078,6.86377,1.50,1.08
2011.01.07 03:33:21.037,6.86078,6.86377,1.50,1.08
2011.01.07 03:33:23.396,6.86103,6.86421,2.48,1.32
2011.01.07 03:33:23.506,6.86131,6.86457,1.08,1.11
2011.01.07 03:33:23.617,6.86131,6.86498,1.08,1.08
2011.01.07 03:33:24.154,6.86127,6.86454,1.20,2.74
2011.01.07 03:33:24.268,6.86103,6.86454,2.48,2.40
2011.01.07 03:33:24.987,6.86123,6.86467,2.10,1.08
2011.01.07 03:33:27.307,6.86123,6.86467,2.10,1.08
2011.01.07 03:33:27.528,6.86124,6.86469,2.10,2.78
2011.01.07 03:33:28.187,6.86127,6.86469,1.09,2.78
2011.01.07 03:33:28.733,6.86127,6.8647,1.09,1.08
2011.01.07 03:33:30.320,6.86127,6.8647,1.09,1.08
2011.01.07 03:33:30.958,6.86127,6.8647,1.09,1.08
2011.01.07 03:33:32.488,6.86127,6.86455,1.09,2.78
2011.01.07 03:33:34.565,6.86123,6.86437,1.05,1.24
2011.01.07 03:33:35.147,6.8612,6.86403,1.50,1.08
2011.01.07 03:33:35.639,6.8612,6.86393,1.50,1.20
2011.01.07 03:33:35.996,6.86111,6.86363,1.50,1.20
2011.01.07 03:33:36.109,6.86075,6.86394,1.69,1.08
2011.01.07 03:33:36.220,6.86075,6.86352,1.50,1.08
2011.01.07 03:33:36.992,6.86075,6.86367,1.50,3.12
2011.01.07 03:33:37.218,6.86075,6.86383,1.50,1.08
2011.01.07 03:33:37.696,6.86075,6.86383,1.50,1.08
2011.01.07 03:33:39.411,6.86078,6.86372,1.50,1.20
2011.01.07 03:33:39.639,6.86078,6.86362,1.50,1.20
2011.01.07 03:33:39.967,6.86078,6.86382,1.50,1.08
2011.01.07 03:33:46.297,6.86078,6.86382,1.50,1.08
2011.01.07 03:33:46.627,6.86075,6.86348,1.50,1.24
2011.01.07 03:33:48.329,6.86075,6.86369,1.50,2.78
2011.01.07 03:33:51.949,6.86075,6.86369,1.50,2.78
2011.01.07 03:33:54.953,6.86097,6.86393,1.50,1.08
2011.01.07 03:34:01.791,6.86097,6.86393,1.50,1.08
2011.01.07 03:34:03.766,6.86097,6.86383,1.50,1.20
2011.01.07 03:34:05.182,6.86097,6.86393,1.50,1.08
2011.01.07 03:34:06.052,6.86097,6.86367,1.50,1.09
2011.01.07 03:34:06.174,6.86075,6.86344,1.50,1.08
2011.01.07 03:34:06.788,6.86075,6.86328,1.50,1.30
2011.01.07 03:34:07.510,6.86055,6.86328,1.50,1.30
2011.01.07 03:34:10.126,6.86055,6.86357,1.50,1.08
2011.01.07 03:34:10.349,6.86027,6.86357,1.50,1.08
2011.01.07 03:34:10.901,6.86027,6.86319,1.50,1.08
2011.01.07 03:34:13.121,6.86027,6.86347,1.50,2.78
2011.01.07 03:34:13.238,6.86027,6.86347,1.50,2.78
2011.01.07 03:34:33.513,6.86044,6.86345,1.50,2.78
2011.01.07 03:34:33.633,6.86044,6.86362,1.50,2.78
2011.01.07 03:34:33.989,6.86067,6.86362,1.50,2.78
2011.01.07 03:34:35.633,6.86097,6.86381,1.50,1.08
2011.01.07 03:34:35.967,6.86076,6.86381,1.50,1.08
2011.01.07 03:34:42.690,6.86055,6.86343,1.50,1.20
2011.01.07 03:34:42.797,6.86055,6.86343,1.50,1.20
2011.01.07 03:34:45.748,6.86055,6.86336,1.50,2.74
2011.01.07 03:34:50.488,6.86055,6.86318,1.50,1.24
2011.01.07 03:34:52.516,6.86055,6.86336,1.50,2.78
2011.01.07 03:34:56.868,6.86055,6.86302,1.50,1.20
2011.01.07 03:34:57.393,6.85953,6.8627,1.50,2.37
2011.01.07 03:34:57.913,6.85953,6.8627,1.50,2.78
2011.01.07 03:34:58.498,6.85973,6.86242,1.50,1.20
2011.01.07 03:34:58.898,6.85973,6.86244,1.50,1.08
2011.01.07 03:34:59.195,6.85973,6.86242,1.50,1.20
2011.01.07 03:34:59.797,6.85973,6.8627,1.50,2.78
2011.01.07 03:34:59.912,6.85973,6.8627,1.50,2.59
2011.01.07 03:35:00.874,6.85991,6.8631,1.50,2.78
2011.01.07 03:35:01.546,6.86001,6.8631,1.50,2.78
2011.01.07 03:35:01.671,6.86001,6.8628,1.50,1.30
2011.01.07 03:35:03.467,6.86001,6.86288,1.50,1.30
2011.01.07 03:35:03.578,6.86002,6.86288,1.50,1.08
2011.01.07 03:35:03.690,6.86002,6.8632,1.50,2.78
2011.01.07 03:35:04.190,6.86001,6.86303,1.50,2.67
2011.01.07 03:35:04.298,6.86001,6.86303,1.50,2.67
2011.01.07 03:35:04.409,6.86021,6.86303,1.50,2.78
2011.01.07 03:35:04.517,6.86021,6.86303,1.50,2.78
2011.01.07 03:35:04.738,6.86,6.86278,1.50,1.02
2011.01.07 03:35:06.529,6.86021,6.86315,1.50,1.08
2011.01.07 03:35:07.034,6.86021,6.86315,1.50,1.08
2011.01.07 03:35:07.698,6.86021,6.86293,1.50,1.20
2011.01.07 03:35:10.706,6.86021,6.86303,1.50,1.20
2011.01.07 03:35:12.657,6.86021,6.86294,1.50,2.78
2011.01.07 03:35:13.581,6.86022,6.86294,1.50,2.78
2011.01.07 03:35:13.708,6.86022,6.86294,1.50,2.74
2011.01.07 03:35:15.631,6.86022,6.86294,1.50,2.78
2011.01.07 03:35:15.861,6.86022,6.86294,1.50,2.40
2011.01.07 03:35:15.977,6.86002,6.86294,1.50,2.40
2011.01.07 03:35:16.470,6.86022,6.86294,1.50,2.78
2011.01.07 03:35:17.087,6.86022,6.86312,1.50,1.08
2011.01.07 03:35:17.658,6.86051,6.86337,1.50,1.24
2011.01.07 03:35:18.472,6.86051,6.86343,1.50,1.08
2011.01.07 03:35:20.217,6.86051,6.86329,1.50,2.78
2011.01.07 03:35:20.329,6.86029,6.86303,1.50,1.68
2011.01.07 03:35:20.439,6.86029,6.8629,1.50,2.37
2011.01.07 03:35:20.548,6.8598,6.86288,1.50,1.24
2011.01.07 03:35:21.040,6.8598,6.86264,1.50,1.08
2011.01.07 03:35:21.268,6.8598,6.86264,1.50,1.08
2011.01.07 03:35:21.377,6.8598,6.86273,1.50,1.08
2011.01.07 03:35:22.038,6.8598,6.86283,1.50,1.20
2011.01.07 03:35:22.152,6.85997,6.86283,1.50,1.20
2011.01.07 03:35:22.380,6.85997,6.86308,1.65,1.24
2011.01.07 03:35:23.804,6.85997,6.86298,1.50,1.30
2011.01.07 03:35:27.544,6.85997,6.8632,1.58,1.84
2011.01.07 03:35:28.028,6.85997,6.86297,1.50,1.30
2011.01.07 03:35:28.960,6.85997,6.86295,1.50,1.08
2011.01.07 03:35:32.325,6.85997,6.86295,1.50,1.08
2011.01.07 03:35:32.438,6.85978,6.86271,1.50,2.67
2011.01.07 03:35:35.307,6.85978,6.86242,1.50,1.08
2011.01.07 03:35:35.417,6.85978,6.86242,1.50,1.08
2011.01.07 03:35:40.695,6.85927,6.8625,1.50,1.08
2011.01.07 03:35:40.812,6.85927,6.8625,1.50,1.08
2011.01.07 03:35:40.929,6.85927,6.8625,1.50,1.08
2011.01.07 03:35:46.627,6.85927,6.86203,1.50,1.02
2011.01.07 03:35:47.287,6.85927,6.86228,1.50,2.78
2011.01.07 03:35:47.397,6.85927,6.86228,1.50,2.78
2011.01.07 03:35:49.903,6.85927,6.86228,1.50,2.78
2011.01.07 03:36:00.887,6.85927,6.86207,1.50,1.24
2011.01.07 03:36:00.999,6.85925,6.86207,1.50,1.24
2011.01.07 03:36:06.887,6.85925,6.86237,1.50,1.08
2011.01.07 03:36:07.469,6.85946,6.86237,1.50,1.08
2011.01.07 03:36:07.583,6.85946,6.86265,1.50,2.78
2011.01.07 03:36:11.334,6.85946,6.86243,1.50,1.08
2011.01.07 03:36:11.667,6.85946,6.86237,1.50,1.08
2011.01.07 03:36:11.998,6.85924,6.86218,1.50,2.59
2011.01.07 03:36:12.603,6.85924,6.86218,1.50,2.78
2011.01.07 03:36:18.173,6.85924,6.86217,1.50,1.24
2011.01.07 03:36:18.590,6.85924,6.86217,1.50,1.24
2011.01.07 03:36:19.102,6.85903,6.86218,1.50,2.78
2011.01.07 03:36:19.222,6.85903,6.86218,1.50,2.78
2011.01.07 03:36:21.417,6.85924,6.86223,1.50,2.78
2011.01.07 03:36:21.941,6.85904,6.86203,1.50,1.08
2011.01.07 03:36:22.063,6.85904,6.86203,1.50,1.08
2011.01.07 03:36:22.727,6.85904,6.86191,1.50,2.22
2011.01.07 03:36:29.018,6.85904,6.86177,1.50,1.02
2011.01.07 03:36:29.878,6.85904,6.86162,1.50,1.08
2011.01.07 03:36:30.354,6.85872,6.86162,1.50,1.08
2011.01.07 03:36:39.038,6.85872,6.86165,1.50,2.78
2011.01.07 03:36:39.148,6.85851,6.86138,1.50,1.30
2011.01.07 03:36:39.730,6.85851,6.86133,1.50,1.20
2011.01.07 03:36:40.058,6.85818,6.86138,1.50,1.08
2011.01.07 03:36:40.815,6.85818,6.86138,1.50,1.08
2011.01.07 03:36:41.923,6.85818,6.86138,1.50,1.08
2011.01.07 03:36:43.147,6.85818,6.86113,1.50,1.20
2011.01.07 03:36:51.231,6.85841,6.86122,1.50,1.20
2011.01.07 03:36:51.348,6.85841,6.86132,1.50,1.20
2011.01.07 03:36:51.678,6.85841,6.86123,1.50,1.20
2011.01.07 03:36:52.259,6.8584,6.86119,1.50,2.37
2011.01.07 03:36:52.370,6.8584,6.86148,1.50,1.24
2011.01.07 03:36:52.478,6.8584,6.86133,1.50,1.20
2011.01.07 03:36:52.808,6.8584,6.86118,1.50,1.24
2011.01.07 03:36:53.646,6.8584,6.86142,1.50,2.40
2011.01.07 03:36:54.123,6.8584,6.86127,1.50,1.24
2011.01.07 03:36:54.343,6.8584,6.86138,1.50,1.24
2011.01.07 03:37:01.639,6.8584,6.86142,1.50,2.78
2011.01.07 03:37:01.968,6.8584,6.86111,1.50,2.22
2011.01.07 03:37:04.328,6.85841,6.86137,1.50,1.30
2011.01.07 03:37:04.716,6.85841,6.86148,1.50,1.24
2011.01.07 03:37:10.088,6.85841,6.86138,1.50,1.30
2011.01.07 03:37:15.452,6.85819,6.86112,1.50,2.22
2011.01.07 03:37:15.677,6.85819,6.86112,1.50,2.22
2011.01.07 03:37:17.522,6.85819,6.86133,1.50,1.08
2011.01.07 03:37:17.641,6.85819,6.8613,1.50,1.08
2011.01.07 03:37:17.869,6.85841,6.8613,1.50,1.08
2011.01.07 03:37:21.456,6.85872,6.86162,1.50,1.20
2011.01.07 03:37:21.570,6.85872,6.86173,1.50,1.08
2011.01.07 03:37:26.178,6.85872,6.86196,1.50,2.78
2011.01.07 03:37:26.288,6.85878,6.86196,1.09,2.40
2011.01.07 03:37:27.209,6.85893,6.86205,1.50,2.78
2011.01.07 03:37:28.760,6.85893,6.86187,1.50,1.24
2011.01.07 03:37:29.257,6.85893,6.8617,1.50,2.59
2011.01.07 03:37:29.477,6.85871,6.8617,1.50,2.59
2011.01.07 03:37:32.607,6.85893,6.8617,1.50,2.22
2011.01.07 03:37:43.314,6.85942,6.86243,1.80,1.09
2011.01.07 03:37:44.987,6.85925,6.86223,1.50,2.78
2011.01.07 03:37:47.038,6.85925,6.86242,1.50,1.08
2011.01.07 03:37:47.482,6.85946,6.86242,1.50,1.08
2011.01.07 03:37:47.602,6.85946,6.86247,1.50,1.02
2011.01.07 03:37:54.429,6.85946,6.8627,1.58,2.78
2011.01.07 03:38:15.604,6.85946,6.8627,1.50,2.78
2011.01.07 03:38:34.741,6.85925,6.86217,1.50,2.59
2011.01.07 03:38:35.178,6.85925,6.86197,1.50,1.02
2011.01.07 03:38:35.771,6.85903,6.86217,1.50,2.78
2011.01.07 03:38:36.111,6.85903,6.86217,1.50,2.78
2011.01.07 03:38:38.178,6.85903,6.86192,1.50,1.08
2011.01.07 03:38:53.769,6.85903,6.86208,1.50,1.24
2011.01.07 03:38:54.333,6.85903,6.86198,1.50,1.24
2011.01.07 03:38:54.452,6.85903,6.86217,1.50,2.78
2011.01.07 03:38:56.658,6.85903,6.86197,1.50,1.02
2011.01.07 03:39:01.658,6.85903,6.86217,1.50,2.78
2011.01.07 03:39:02.136,6.85924,6.86217,1.50,2.78
2011.01.07 03:39:09.399,6.85924,6.86197,1.50,1.02
2011.01.07 03:39:09.837,6.85903,6.86202,1.50,1.20
2011.01.07 03:39:10.210,6.85903,6.86197,1.50,1.24
2011.01.07 03:39:12.159,6.85903,6.86187,1.50,1.24
2011.01.07 03:39:12.547,6.85903,6.86183,1.50,1.08
2011.01.07 03:39:13.027,6.85871,6.86169,1.50,2.22
2011.01.07 03:39:13.148,6.85871,6.86157,1.50,1.24
2011.01.07 03:39:13.369,6.85871,6.86157,1.50,2.74
2011.01.07 03:39:13.481,6.85871,6.86157,1.50,2.78
2011.01.07 03:39:14.214,6.85889,6.8617,1.50,2.78
2011.01.07 03:39:14.334,6.85889,6.86157,1.50,1.24
2011.01.07 03:39:14.942,6.85869,6.8617,1.50,2.78
2011.01.07 03:39:15.180,6.85852,6.8614,1.50,2.59
2011.01.07 03:39:18.240,6.85852,6.86158,1.50,1.24
2011.01.07 03:39:18.922,6.85872,6.86164,1.50,2.78
2011.01.07 03:39:21.167,6.85872,6.86185,1.50,1.08
2011.01.07 03:39:21.283,6.85892,6.86185,1.50,1.08
2011.01.07 03:39:22.288,6.85892,6.86185,1.50,1.08
2011.01.07 03:39:22.683,6.85892,6.86182,1.50,1.20
2011.01.07 03:39:26.478,6.85892,6.86178,1.50,2.78
2011.01.07 03:39:26.969,6.85872,6.86158,1.50,1.24
2011.01.07 03:39:27.081,6.85872,6.86178,1.50,2.78
2011.01.07 03:39:27.308,6.85872,6.86157,1.50,1.24
2011.01.07 03:39:28.321,6.85872,6.86178,1.50,2.78
2011.01.07 03:39:30.446,6.85872,6.86178,1.50,2.78
2011.01.07 03:39:30.750,6.85872,6.86157,1.50,1.24
2011.01.07 03:39:34.137,6.85872,6.86153,1.50,1.08
2011.01.07 03:39:36.959,6.85872,6.86173,1.50,1.20
2011.01.07 03:39:37.179,6.85852,6.86173,1.80,1.20
2011.01.07 03:39:37.401,6.85872,6.86168,1.50,1.02
2011.01.07 03:39:37.509,6.85872,6.86158,1.50,1.30
2011.01.07 03:39:38.162,6.85872,6.86158,1.50,1.08
2011.01.07 03:39:38.498,6.85872,6.86162,1.50,1.08
2011.01.07 03:39:40.857,6.85872,6.86186,1.50,2.78
2011.01.07 03:39:41.281,6.85892,6.86158,1.50,1.08
2011.01.07 03:39:41.394,6.85872,6.86158,1.50,1.08
2011.01.07 03:39:41.618,6.85872,6.86135,1.50,1.02
2011.01.07 03:39:41.731,6.85823,6.86135,1.58,2.52
2011.01.07 03:39:42.134,6.85817,6.86135,1.09,2.52
2011.01.07 03:39:42.254,6.85799,6.86135,2.78,2.78
2011.01.07 03:39:42.369,6.85819,6.86135,1.50,2.78
2011.01.07 03:39:49.059,6.85819,6.8614,1.50,2.78
2011.01.07 03:39:49.761,6.85841,6.8614,1.50,2.78
2011.01.07 03:39:50.365,6.85841,6.8614,1.50,2.37
2011.01.07 03:39:52.249,6.85871,6.86157,1.50,1.24
2011.01.07 03:40:04.150,6.85869,6.86157,1.50,1.24
2011.01.07 03:40:13.827,6.85869,6.86159,1.50,2.67
2011.01.07 03:40:14.047,6.85852,6.86148,1.50,1.24
2011.01.07 03:40:14.544,6.8585,6.86158,1.50,1.24
2011.01.07 03:40:14.658,6.8585,6.86158,1.50,1.24
2011.01.07 03:40:21.997,6.85852,6.86159,1.50,2.59
2011.01.07 03:40:31.588,6.85852,6.86165,1.50,2.78
2011.01.07 03:40:31.698,6.85872,6.86165,1.50,2.78
2011.01.07 03:41:26.782,6.85872,6.86172,1.50,1.09
2011.01.07 03:41:28.172,6.85872,6.86187,1.50,1.30
2011.01.07 03:41:28.288,6.85893,6.86214,1.50,2.78
2011.01.07 03:41:28.607,6.85893,6.86214,1.65,2.78
2011.01.07 03:41:34.377,6.85916,6.86214,1.50,2.78
2011.01.07 03:41:34.856,6.85903,6.86218,1.50,2.78
2011.01.07 03:41:34.975,6.85978,6.86267,1.50,1.24
2011.01.07 03:41:35.090,6.85978,6.86258,1.50,1.24
2011.01.07 03:41:35.312,6.85978,6.86264,1.50,2.67
2011.01.07 03:41:35.430,6.85975,6.86264,1.50,2.67
2011.01.07 03:41:35.937,6.85955,6.86247,1.50,1.02
2011.01.07 03:41:36.749,6.85955,6.86264,1.50,2.78
2011.01.07 03:41:37.185,6.85955,6.8628,1.50,1.08
2011.01.07 03:41:37.302,6.85975,6.8628,1.50,1.30
2011.01.07 03:41:38.551,6.85977,6.86273,1.50,2.78
2011.01.07 03:41:38.670,6.85977,6.86279,1.50,2.67
2011.01.07 03:41:53.189,6.85977,6.86277,1.50,1.24
2011.01.07 03:41:53.303,6.85956,6.86279,1.58,2.78
2011.01.07 03:41:53.639,6.85978,6.86279,1.50,2.78
2011.01.07 03:41:53.749,6.85978,6.86267,1.50,1.24
2011.01.07 03:41:54.382,6.85978,6.86279,1.50,2.59
2011.01.07 03:41:54.495,6.86003,6.86317,1.05,1.24
2011.01.07 03:41:54.828,6.86029,6.86331,1.50,1.30
2011.01.07 03:41:58.817,6.86029,6.86331,1.50,1.30
2011.01.07 03:42:00.297,6.86029,6.8636,1.50,2.78
2011.01.07 03:42:00.462,6.86029,6.86332,1.50,1.08
2011.01.07 03:42:00.582,6.86029,6.8636,1.50,2.78
2011.01.07 03:42:01.172,6.8608,6.8636,1.50,2.78
2011.01.07 03:42:01.293,6.8608,6.86385,1.50,1.08
2011.01.07 03:42:01.408,6.8608,6.86388,1.50,1.30
2011.01.07 03:42:01.740,6.8608,6.86388,1.50,1.30
2011.01.07 03:42:01.851,6.86105,6.86413,1.50,2.78
2011.01.07 03:42:03.010,6.86105,6.86423,1.50,1.08
2011.01.07 03:42:04.322,6.86102,6.86382,1.50,1.20
2011.01.07 03:42:04.441,6.86085,6.86382,1.50,1.20
2011.01.07 03:42:07.850,6.86085,6.86385,1.50,1.08
2011.01.07 03:42:08.442,6.86064,6.86361,1.50,2.67
2011.01.07 03:42:08.562,6.8603,6.86361,2.78,2.67
2011.01.07 03:42:09.168,6.8603,6.86361,1.50,2.78
2011.01.07 03:42:09.278,6.8603,6.86337,1.50,1.30
2011.01.07 03:42:09.868,6.8603,6.86333,1.50,1.08
2011.01.07 03:42:10.222,6.8603,6.86297,1.50,1.30
2011.01.07 03:42:10.452,6.86009,6.86292,1.50,1.20
2011.01.07 03:42:11.418,6.86009,6.86298,1.50,1.30
2011.01.07 03:42:12.686,6.86009,6.86295,1.50,1.08
2011.01.07 03:42:12.909,6.86009,6.86293,1.50,1.20
2011.01.07 03:42:14.489,6.8603,6.86308,1.50,1.24
2011.01.07 03:42:14.598,6.8603,6.86308,1.50,1.24
2011.01.07 03:42:15.195,6.85978,6.86294,1.50,2.67
2011.01.07 03:42:15.311,6.86002,6.86313,1.50,1.20
2011.01.07 03:42:15.418,6.86029,6.86313,1.50,1.20
2011.01.07 03:42:18.768,6.86029,6.86322,1.50,1.08
2011.01.07 03:42:20.158,6.86083,6.86455,1.08,1.50
2011.01.07 03:42:20.267,6.86083,6.86484,1.08,1.08
2011.01.07 03:42:24.041,6.86179,6.86508,1.30,1.24
2011.01.07 03:42:24.710,6.86152,6.86478,1.30,1.24
2011.01.07 03:42:25.252,6.86153,6.86477,1.30,1.24
2011.01.07 03:42:25.370,6.86116,6.86505,2.48,1.08
2011.01.07 03:42:25.480,6.86116,6.86453,2.33,1.20
2011.01.07 03:42:25.808,6.86116,6.86438,2.33,3.12
2011.01.07 03:42:26.412,6.86116,6.86442,2.10,1.02
2011.01.07 03:42:26.758,6.8618,6.86498,1.05,3.12
2011.01.07 03:42:27.087,6.86157,6.86498,1.09,2.67
2011.01.07 03:42:27.583,6.86175,6.86473,1.50,1.68
2011.01.07 03:42:28.199,6.86175,6.86473,1.50,1.08
2011.01.07 03:42:28.878,6.86176,6.86457,1.50,1.08
2011.01.07 03:42:32.346,6.8616,6.86457,1.50,1.08
2011.01.07 03:42:32.457,6.86135,6.86457,1.58,1.08
2011.01.07 03:42:32.567,6.86135,6.86442,1.50,1.20
2011.01.07 03:42:33.387,6.86135,6.86457,1.58,1.08
2011.01.07 03:42:33.718,6.86135,6.86433,1.58,1.02
2011.01.07 03:42:34.312,6.86135,6.86433,1.58,1.02
2011.01.07 03:42:35.130,6.86187,6.86535,1.20,1.35
2011.01.07 03:42:35.239,6.86204,6.86537,1.65,1.30
2011.01.07 03:42:36.302,6.86204,6.86487,1.50,1.24
2011.01.07 03:42:36.418,6.86188,6.86487,1.50,1.24
2011.01.07 03:42:38.898,6.86188,6.86478,1.50,1.02
2011.01.07 03:42:40.297,6.86188,6.86473,1.50,1.08
2011.01.07 03:42:40.918,6.86159,6.86437,1.50,1.08
2011.01.07 03:42:41.037,6.86103,6.86413,1.50,2.78
2011.01.07 03:42:41.637,6.86103,6.86424,1.50,2.78
2011.01.07 03:42:42.620,6.86103,6.86424,1.50,2.78
2011.01.07 03:42:42.732,6.86133,6.86443,1.50,1.08
2011.01.07 03:42:44.592,6.86133,6.86443,1.50,1.08
2011.01.07 03:42:44.708,6.86133,6.86443,1.50,1.08
2011.01.07 03:42:44.818,6.86133,6.86443,1.50,1.08
2011.01.07 03:42:44.928,6.86118,6.86443,1.09,1.08
2011.01.07 03:42:45.038,6.86178,6.86492,1.20,1.09
2011.01.07 03:42:45.512,6.86193,6.86475,1.05,2.44
2011.01.07 03:42:45.635,6.86156,6.86467,1.65,2.74
2011.01.07 03:42:45.749,6.86135,6.86443,1.50,1.08
2011.01.07 03:42:45.969,6.86157,6.86443,1.50,1.08
2011.01.07 03:42:48.619,6.86158,6.86472,1.09,1.20
2011.01.07 03:42:49.072,6.86169,6.86472,1.69,1.20
2011.01.07 03:42:49.196,6.86166,6.86503,1.50,1.54
2011.01.07 03:42:49.308,6.86185,6.86472,1.50,1.08
2011.01.07 03:42:49.532,6.86165,6.86462,1.50,1.20
2011.01.07 03:42:54.562,6.86165,6.8647,1.50,1.08
2011.01.07 03:42:55.059,6.86189,6.86502,1.69,1.54
2011.01.07 03:42:55.175,6.86232,6.86629,2.48,1.08
2011.01.07 03:42:55.837,6.86232,6.86629,2.48,1.08
2011.01.07 03:42:56.331,6.86232,6.86609,2.48,1.08
2011.01.07 03:42:56.445,6.86292,6.86618,1.05,1.24
2011.01.07 03:42:57.262,6.86323,6.86638,1.50,2.78
2011.01.07 03:42:58.470,6.86323,6.86579,1.50,2.59
2011.01.07 03:42:58.691,6.86279,6.86567,1.50,1.24
2011.01.07 03:42:58.809,6.86279,6.86579,1.50,2.67
2011.01.07 03:42:59.493,6.86242,6.86553,1.50,1.08
2011.01.07 03:42:59.614,6.86242,6.86537,1.50,1.02
2011.01.07 03:42:59.731,6.86227,6.86537,1.09,1.02
2011.01.07 03:43:00.579,6.8624,6.86571,1.50,2.67
2011.01.07 03:43:01.654,6.8624,6.86552,1.50,1.08
2011.01.07 03:43:01.769,6.8624,6.86542,1.50,1.20
2011.01.07 03:43:04.078,6.86242,6.86558,1.05,1.02
2011.01.07 03:43:04.187,6.86263,6.86558,1.50,1.02
2011.01.07 03:43:04.709,6.86263,6.86571,1.50,2.67
2011.01.07 03:43:06.073,6.86263,6.86543,1.50,1.08
2011.01.07 03:43:06.268,6.86263,6.86571,1.50,2.67
2011.01.07 03:43:06.777,6.86263,6.86565,1.50,2.74
2011.01.07 03:43:07.501,6.8624,6.8654,1.50,1.30
2011.01.07 03:43:07.850,6.86264,6.8664,2.48,1.62
2011.01.07 03:43:08.072,6.8631,6.86638,1.50,1.24
2011.01.07 03:43:08.743,6.86317,6.86626,1.50,1.08
2011.01.07 03:43:08.860,6.86317,6.86606,1.50,1.08
2011.01.07 03:43:08.971,6.86293,6.86606,1.50,1.08
2011.01.07 03:43:09.228,6.86293,6.86587,1.50,2.78
2011.01.07 03:43:14.048,6.86273,6.86583,1.50,1.08
2011.01.07 03:43:15.780,6.86273,6.86572,1.50,2.78
2011.01.07 03:43:22.609,6.86273,6.86572,1.50,2.67
2011.01.07 03:43:23.250,6.86296,6.86572,1.69,1.20
2011.01.07 03:43:23.360,6.86328,6.86691,1.08,2.59
2011.01.07 03:43:23.469,6.86367,6.86703,1.20,1.09
2011.01.07 03:43:24.103,6.86336,6.86735,2.48,1.08
2011.01.07 03:43:24.438,6.86336,6.86683,2.33,1.20
2011.01.07 03:43:26.062,6.86336,6.86715,2.10,1.08
2011.01.07 03:43:26.471,6.86313,6.8665,1.58,1.08
2011.01.07 03:43:27.164,6.8635,6.86644,1.50,1.08
2011.01.07 03:43:27.935,6.8635,6.86644,1.50,1.08
2011.01.07 03:43:28.503,6.86349,6.86632,1.50,1.20
2011.01.07 03:43:29.229,6.86349,6.86633,1.50,1.20
2011.01.07 03:43:30.395,6.86325,6.86623,1.50,1.20
2011.01.07 03:43:30.508,6.86313,6.86623,1.50,1.20
2011.01.07 03:43:31.988,6.86327,6.8666,1.09,2.78
2011.01.07 03:43:32.100,6.86343,6.8666,1.50,2.78
2011.01.07 03:43:32.522,6.86343,6.8666,1.50,2.78
2011.01.07 03:43:32.981,6.86343,6.86648,1.50,1.24
2011.01.07 03:43:33.090,6.86343,6.86648,1.50,1.24
2011.01.07 03:43:33.200,6.86346,6.86637,1.50,1.08
2011.01.07 03:43:33.418,6.86346,6.86665,1.50,2.67
2011.01.07 03:43:33.637,6.86346,6.86638,1.50,1.30
2011.01.07 03:43:33.748,6.86346,6.86647,1.50,1.02
2011.01.07 03:43:34.348,6.86346,6.86637,1.50,1.08
2011.01.07 03:43:36.253,6.86332,6.86633,1.05,1.09
2011.01.07 03:43:36.596,6.86325,6.866,1.50,1.30
2011.01.07 03:43:37.074,6.86325,6.86626,1.50,2.78
2011.01.07 03:43:37.298,6.86325,6.86626,1.50,2.78
2011.01.07 03:43:37.520,6.86293,6.866,1.50,1.08
2011.01.07 03:43:37.630,6.86293,6.86593,1.50,2.78
2011.01.07 03:43:41.149,6.86293,6.86597,1.50,1.24
2011.01.07 03:43:46.099,6.86273,6.86583,1.50,1.20
2011.01.07 03:43:46.592,6.86273,6.86586,1.50,1.08
2011.01.07 03:43:46.819,6.86241,6.86558,2.78,1.84
2011.01.07 03:43:46.930,6.86263,6.86577,1.50,1.08
2011.01.07 03:43:49.068,6.86263,6.86582,1.65,1.08
2011.01.07 03:43:49.179,6.8629,6.86582,1.50,1.08
2011.01.07 03:43:49.743,6.8629,6.86598,1.50,1.24
2011.01.07 03:43:50.439,6.8629,6.86608,1.50,2.78
2011.01.07 03:44:04.318,6.8629,6.86587,1.50,2.78
2011.01.07 03:44:04.537,6.86273,6.86587,1.50,2.78
2011.01.07 03:44:11.554,6.8624,6.86522,1.50,1.02
2011.01.07 03:44:17.891,6.8624,6.86489,1.50,1.30
2011.01.07 03:44:18.012,6.86212,6.86492,1.50,1.08
2011.01.07 03:44:18.458,6.86188,6.86492,1.50,1.08
2011.01.07 03:44:18.575,6.86188,6.8646,1.50,2.22
2011.01.07 03:44:18.691,6.86166,6.8646,1.50,2.22
2011.01.07 03:44:19.029,6.86166,6.86443,1.50,1.08
2011.01.07 03:44:22.468,6.86135,6.86428,1.50,1.24
2011.01.07 03:44:22.688,6.86135,6.86428,1.50,1.24
2011.01.07 03:44:27.669,6.86138,6.86489,1.09,2.22
2011.01.07 03:44:27.779,6.86168,6.86489,1.50,2.22
2011.01.07 03:44:28.108,6.86194,6.86489,1.50,2.22
2011.01.07 03:44:28.838,6.86194,6.86502,1.50,1.08
2011.01.07 03:44:28.950,6.86219,6.86551,1.05,1.30
2011.01.07 03:44:29.059,6.86223,6.86551,1.05,1.30
2011.01.07 03:44:29.583,6.86239,6.86551,1.50,1.30
2011.01.07 03:44:29.986,6.863,6.86588,1.50,1.08
2011.01.07 03:44:31.517,6.863,6.86588,1.50,1.08
2011.01.07 03:44:32.145,6.863,6.86588,1.50,1.08
2011.01.07 03:44:32.260,6.863,6.86588,1.50,1.08
2011.01.07 03:44:32.371,6.863,6.86579,1.50,2.78
2011.01.07 03:44:32.589,6.86278,6.8655,1.50,1.30
2011.01.07 03:44:33.643,6.86278,6.86582,1.50,1.08
2011.01.07 03:44:33.758,6.863,6.86597,1.50,1.02
2011.01.07 03:44:33.978,6.86321,6.86597,1.50,1.02
2011.01.07 03:44:34.630,6.86321,6.86625,1.50,2.67
2011.01.07 03:44:34.739,6.86321,6.86625,1.50,2.74
2011.01.07 03:44:34.849,6.86321,6.86607,1.50,1.02
2011.01.07 03:44:37.356,6.86321,6.86625,1.50,2.78
2011.01.07 03:44:37.863,6.86345,6.86625,1.50,2.78
2011.01.07 03:44:37.984,6.86352,6.86633,1.50,1.20
2011.01.07 03:44:38.097,6.86352,6.86633,1.50,1.20
2011.01.07 03:44:41.498,6.86352,6.86631,1.50,1.08
2011.01.07 03:44:42.592,6.86332,6.86631,1.50,1.08
2011.01.07 03:44:43.790,6.86332,6.86592,1.50,1.02
2011.01.07 03:44:44.568,6.86345,6.86602,1.50,1.09
2011.01.07 03:44:45.349,6.86345,6.86608,1.50,2.78
2011.01.07 03:44:46.699,6.86345,6.86573,1.50,1.02
2011.01.07 03:44:46.919,6.86324,6.86573,1.50,1.02
2011.01.07 03:44:47.885,6.86324,6.86594,1.50,2.78
2011.01.07 03:44:49.098,6.86345,6.86599,1.50,1.08
2011.01.07 03:44:49.208,6.86345,6.86626,1.50,2.78
2011.01.07 03:44:50.109,6.86345,6.86586,1.50,1.09
2011.01.07 03:44:50.438,6.86324,6.86592,1.50,1.02
2011.01.07 03:44:50.659,6.86345,6.86586,1.50,1.09
2011.01.07 03:44:51.859,6.86345,6.86586,1.50,1.02
2011.01.07 03:44:55.540,6.86323,6.86582,1.50,1.68
2011.01.07 03:44:55.650,6.86316,6.86577,1.50,1.24
2011.01.07 03:44:55.759,6.86293,6.86577,1.50,1.24
2011.01.07 03:44:55.868,6.86293,6.86563,1.50,1.08
2011.01.07 03:44:56.198,6.86293,6.86543,1.50,1.20
2011.01.07 03:44:56.483,6.86293,6.86563,1.50,1.08
2011.01.07 03:44:57.592,6.86293,6.86508,1.50,1.02
2011.01.07 03:44:57.709,6.86242,6.86508,1.50,1.02
2011.01.07 03:44:58.450,6.86242,6.86548,1.50,1.24
2011.01.07 03:44:58.942,6.86263,6.86553,1.50,1.20
2011.01.07 03:44:59.066,6.86259,6.86532,1.50,1.08
2011.01.07 03:45:00.936,6.86259,6.86554,1.50,2.78
2011.01.07 03:45:01.051,6.86259,6.86554,1.50,2.78
2011.01.07 03:45:02.518,6.86259,6.86574,1.50,1.02
2011.01.07 03:45:02.738,6.86281,6.86574,1.50,2.74
2011.01.07 03:45:03.128,6.86281,6.86624,1.50,2.78
2011.01.07 03:45:03.653,6.86314,6.86597,1.50,1.24
2011.01.07 03:45:03.957,6.86314,6.86592,1.50,1.08
2011.01.07 03:45:04.287,6.86314,6.86586,1.50,1.08
2011.01.07 03:45:05.979,6.86314,6.86583,1.50,1.20
2011.01.07 03:45:06.880,6.86314,6.86586,1.50,1.08
2011.01.07 03:45:13.568,6.86314,6.86592,1.50,1.08
2011.01.07 03:45:13.898,6.86314,6.86598,1.50,1.24
2011.01.07 03:45:22.888,6.86314,6.86586,1.50,1.08
2011.01.07 03:45:23.108,6.86294,6.86587,1.50,2.78
2011.01.07 03:45:27.259,6.86294,6.86592,1.50,2.22
2011.01.07 03:45:27.477,6.86315,6.86592,1.50,2.22
2011.01.07 03:45:31.579,6.86293,6.86587,1.50,3.12
2011.01.07 03:45:32.070,6.86315,6.86587,1.50,1.02
2011.01.07 03:45:39.297,6.86315,6.86604,1.50,1.08
2011.01.07 03:45:39.518,6.86315,6.86633,1.50,2.78
2011.01.07 03:45:39.738,6.86328,6.86633,1.50,2.78
2011.01.07 03:45:41.339,6.86328,6.86633,1.50,2.78
2011.01.07 03:45:42.488,6.86328,6.86652,1.50,1.08
2011.01.07 03:45:42.709,6.86334,6.86707,1.69,1.11
2011.01.07 03:45:42.819,6.86397,6.86751,1.50,1.84
2011.01.07 03:45:42.928,6.86397,6.86797,1.50,1.30
2011.01.07 03:45:43.038,6.86417,6.86812,1.50,1.02
2011.01.07 03:45:43.478,6.86462,6.86813,1.50,1.02
2011.01.07 03:45:43.588,6.86462,6.86852,1.50,1.54
2011.01.07 03:45:44.414,6.8644,6.86819,1.50,1.50
2011.01.07 03:45:44.529,6.8644,6.86819,1.50,1.50
2011.01.07 03:45:45.266,6.8644,6.86819,1.50,1.50
2011.01.07 03:45:46.982,6.8644,6.86798,1.50,1.08
2011.01.07 03:45:47.105,6.8641,6.8678,1.50,1.54
2011.01.07 03:45:48.209,6.8641,6.8678,1.50,1.54
2011.01.07 03:45:49.049,6.8641,6.86732,1.50,1.13
2011.01.07 03:45:50.013,6.8641,6.86732,1.50,1.13
2011.01.07 03:45:50.400,6.8641,6.8672,1.50,1.54
2011.01.07 03:45:50.861,6.8641,6.8672,1.50,1.54
2011.01.07 03:45:51.961,6.8641,6.86721,1.50,1.54
2011.01.07 03:45:52.700,6.8641,6.86663,1.50,1.20
2011.01.07 03:45:52.810,6.86389,6.86668,1.50,2.82
2011.01.07 03:45:52.918,6.86349,6.86668,1.50,1.69
2011.01.07 03:45:54.293,6.86349,6.86631,1.50,2.01
2011.01.07 03:45:54.699,6.86319,6.86593,1.50,1.02
2011.01.07 03:45:55.235,6.86319,6.86588,1.50,1.30
2011.01.07 03:45:55.458,6.86319,6.86588,1.50,1.24
2011.01.07 03:45:55.788,6.86319,6.86572,1.50,1.08
2011.01.07 03:45:56.540,6.86319,6.86562,1.50,1.20
2011.01.07 03:45:56.981,6.86319,6.86563,1.50,1.08
2011.01.07 03:45:57.538,6.86319,6.86563,1.50,1.08
2011.01.07 03:45:58.918,6.86319,6.86591,1.50,2.37
2011.01.07 03:45:59.139,6.86352,6.86591,1.50,2.37
2011.01.07 03:45:59.622,6.86372,6.86643,1.50,1.08
2011.01.07 03:46:02.641,6.86372,6.86632,1.50,1.20
2011.01.07 03:46:04.812,6.86372,6.86642,1.50,1.08
2011.01.07 03:46:05.151,6.86372,6.86616,1.50,2.67
2011.01.07 03:46:05.259,6.86349,6.86616,1.50,2.40
2011.01.07 03:46:06.421,6.86349,6.86648,1.50,1.24
2011.01.07 03:46:06.650,6.86389,6.86648,1.50,1.24
2011.01.07 03:47:06.959,6.8639,6.86699,1.50,1.54
2011.01.07 03:47:16.195,6.8639,6.86699,1.50,1.54
2011.01.07 03:47:17.953,6.8639,6.86699,1.50,1.54
2011.01.07 03:47:27.043,6.8639,6.86653,1.50,1.20
2011.01.07 03:47:31.777,6.8639,6.86706,1.50,1.54
2011.01.07 03:47:32.143,6.8639,6.86706,1.50,1.54
2011.01.07 03:47:38.118,6.8639,6.86693,1.50,1.54
2011.01.07 03:47:38.618,6.8639,6.86622,1.50,1.20
2011.01.07 03:47:38.948,6.86371,6.86621,1.50,2.59
2011.01.07 03:47:39.504,6.86368,6.86626,1.50,1.08
2011.01.07 03:47:39.619,6.86368,6.86626,1.50,1.08
2011.01.07 03:47:43.208,6.86368,6.86593,1.50,1.20
2011.01.07 03:47:43.719,6.8635,6.86573,1.50,1.20
2011.01.07 03:47:43.828,6.86342,6.86573,1.50,1.20
2011.01.07 03:47:44.241,6.86319,6.86573,1.50,1.20
2011.01.07 03:47:44.618,6.86319,6.86587,1.50,1.24
2011.01.07 03:47:44.731,6.86371,6.86639,1.50,1.84
2011.01.07 03:47:45.383,6.86393,6.86652,1.50,1.20
2011.01.07 03:47:45.498,6.86393,6.86662,1.50,1.20
2011.01.07 03:47:45.609,6.86417,6.86662,1.50,1.20
2011.01.07 03:47:45.940,6.8642,6.86668,1.50,1.02
2011.01.07 03:47:46.662,6.8642,6.86653,1.50,1.20
2011.01.07 03:47:46.888,6.86401,6.86653,1.50,1.20
2011.01.07 03:47:47.112,6.86422,6.86684,1.50,1.08
2011.01.07 03:47:47.339,6.864,6.86684,1.50,1.08
2011.01.07 03:47:47.903,6.86422,6.86684,1.50,1.08
2011.01.07 03:47:48.025,6.864,6.86684,1.50,1.08
2011.01.07 03:47:48.252,6.86422,6.86673,1.50,1.20
2011.01.07 03:47:48.368,6.86422,6.86673,1.50,1.20
2011.01.07 03:48:04.202,6.86422,6.86684,1.50,1.08
2011.01.07 03:48:04.301,6.86442,6.86713,1.50,2.78
2011.01.07 03:48:11.617,6.86442,6.86693,1.50,1.08
2011.01.07 03:48:12.092,6.86442,6.86681,1.50,2.78
2011.01.07 03:48:12.205,6.86425,6.86681,1.50,2.78
2011.01.07 03:48:14.656,6.86425,6.86679,1.50,2.78
2011.01.07 03:48:14.992,6.86351,6.86593,1.50,1.20
2011.01.07 03:48:15.110,6.86351,6.86593,1.50,1.20
2011.01.07 03:48:15.512,6.86351,6.86572,1.50,1.20
2011.01.07 03:48:15.634,6.8637,6.86626,1.50,2.78
2011.01.07 03:48:19.640,6.8637,6.86603,1.50,1.08
2011.01.07 03:48:20.079,6.8635,6.86603,1.50,1.08
2011.01.07 03:48:21.528,6.8635,6.86608,1.50,1.24
2011.01.07 03:48:21.748,6.86372,6.86608,1.50,1.24
2011.01.07 03:48:29.431,6.86372,6.86599,1.50,1.30
2011.01.07 03:48:29.540,6.86368,6.86626,1.50,2.78
2011.01.07 03:48:31.962,6.86348,6.86599,1.50,1.30
2011.01.07 03:48:36.918,6.86348,6.86599,1.50,1.08
2011.01.07 03:48:37.030,6.86322,6.86594,1.50,1.08
2011.01.07 03:48:39.698,6.86342,6.86604,1.50,1.08
2011.01.07 03:48:40.017,6.86342,6.86607,1.50,1.30
2011.01.07 03:48:40.349,6.86368,6.86607,1.50,1.30
2011.01.07 03:48:44.898,6.86368,6.86613,1.50,1.08
2011.01.07 03:48:45.630,6.86368,6.86607,1.50,1.30
2011.01.07 03:48:46.220,6.86368,6.86633,1.50,2.78
2011.01.07 03:48:57.122,6.86368,6.86613,1.50,1.08
2011.01.07 03:49:05.120,6.86368,6.86592,1.50,1.20
2011.01.07 03:49:05.522,6.86368,6.86592,1.50,1.20
2011.01.07 03:49:05.645,6.8632,6.86602,1.50,2.67
2011.01.07 03:49:05.980,6.8632,6.86563,1.50,1.20
2011.01.07 03:49:06.088,6.8632,6.86573,1.50,1.08
2011.01.07 03:49:06.203,6.8632,6.86572,1.50,1.08
2011.01.07 03:49:06.910,6.8632,6.86552,1.50,1.20
2011.01.07 03:49:13.490,6.8632,6.86572,1.50,1.08
2011.01.07 03:49:13.601,6.86297,6.86534,1.50,1.08
2011.01.07 03:49:15.431,6.86319,6.86554,1.50,1.08
2011.01.07 03:49:15.551,6.86319,6.86554,1.50,1.08
2011.01.07 03:49:16.452,6.86319,6.86579,1.50,2.78
2011.01.07 03:49:26.262,6.86298,6.86574,1.50,2.78
2011.01.07 03:49:26.382,6.86298,6.86548,1.50,1.30
2011.01.07 03:49:51.151,6.86298,6.86553,1.50,1.08
2011.01.07 03:49:58.941,6.86298,6.86546,1.50,1.08
2011.01.07 03:49:59.268,6.86298,6.8652,1.50,2.59
2011.01.07 03:49:59.811,6.86266,6.86507,1.50,1.24
2011.01.07 03:50:05.880,6.86266,6.86493,1.50,1.08
2011.01.07 03:50:05.990,6.86244,6.86493,1.50,1.08
2011.01.07 03:50:06.491,6.86263,6.86531,1.50,1.08
2011.01.07 03:50:16.810,6.86263,6.86531,1.50,1.08
2011.01.07 03:50:17.032,6.86243,6.86488,1.50,1.02
2011.01.07 03:50:17.152,6.86216,6.86483,1.50,1.08
2011.01.07 03:50:17.269,6.86216,6.86483,1.50,1.08
2011.01.07 03:50:18.071,6.86216,6.86472,1.50,1.20
2011.01.07 03:50:21.277,6.86216,6.86478,1.50,1.08
2011.01.07 03:50:21.731,6.86216,6.86472,1.50,1.20
2011.01.07 03:50:22.847,6.8619,6.86441,1.50,1.30
2011.01.07 03:50:24.919,6.86164,6.86433,1.50,1.08
2011.01.07 03:50:25.029,6.86164,6.86433,1.50,1.08
2011.01.07 03:50:25.139,6.86184,6.86447,1.50,1.08
2011.01.07 03:50:26.389,6.86184,6.86422,1.50,1.20
2011.01.07 03:50:26.609,6.86163,6.86443,1.50,1.20
2011.01.07 03:50:26.829,6.86184,6.86443,1.50,1.20
2011.01.07 03:50:27.500,6.86163,6.86432,1.50,1.20
2011.01.07 03:50:28.718,6.86163,6.86443,1.50,2.78
2011.01.07 03:50:29.219,6.86179,6.86443,1.50,2.78
2011.01.07 03:50:29.551,6.86179,6.86454,1.50,2.78
2011.01.07 03:50:30.452,6.86179,6.86454,1.50,2.78
2011.01.07 03:50:31.659,6.8621,6.86454,1.50,2.40
2011.01.07 03:50:32.868,6.8621,6.86462,1.50,1.08
2011.01.07 03:51:31.817,6.8621,6.86583,1.50,1.69
2011.01.07 03:51:33.653,6.8621,6.86608,1.50,1.86
2011.01.07 03:51:43.180,6.8621,6.86578,1.50,1.50
2011.01.07 03:51:43.675,6.8621,6.86593,1.50,2.48
2011.01.07 03:51:43.927,6.8621,6.86483,1.50,1.20
2011.01.07 03:51:46.871,6.8621,6.86582,1.50,2.48
2011.01.07 03:51:47.092,6.8621,6.86573,1.50,2.48
2011.01.07 03:52:21.169,6.8621,6.8647,1.50,2.78
2011.01.07 03:52:21.500,6.86213,6.8647,1.50,2.78
2011.01.07 03:52:23.860,6.86213,6.86448,1.50,1.24
2011.01.07 03:52:24.078,6.86192,6.86448,1.50,1.24
2011.01.07 03:52:34.483,6.86192,6.86442,1.50,1.08
2011.01.07 03:52:38.318,6.86192,6.86448,1.50,1.24
2011.01.07 03:52:40.352,6.86192,6.86467,1.50,1.24
2011.01.07 03:52:40.469,6.86192,6.86469,1.50,1.30
2011.01.07 03:52:40.690,6.86232,6.86469,1.50,1.30
2011.01.07 03:52:40.909,6.86213,6.86469,1.50,1.30
2011.01.07 03:52:54.070,6.86213,6.86482,1.50,2.74
2011.01.07 03:52:54.179,6.86213,6.86492,1.50,1.20
2011.01.07 03:52:54.665,6.86234,6.86492,1.50,1.20
2011.01.07 03:52:54.782,6.86234,6.86497,1.50,1.30
2011.01.07 03:52:59.812,6.86234,6.86493,1.50,1.08
2011.01.07 03:53:00.762,6.86234,6.86493,1.50,1.08
2011.01.07 03:53:02.021,6.86234,6.86473,1.50,1.20
2011.01.07 03:53:02.572,6.86213,6.86447,1.50,1.30
2011.01.07 03:53:08.625,6.86191,6.86438,1.50,1.24
2011.01.07 03:53:08.740,6.86191,6.86423,1.50,1.08
2011.01.07 03:53:10.781,6.86159,6.86396,1.50,2.74
2011.01.07 03:53:10.998,6.86138,6.86396,1.50,2.74
2011.01.07 03:53:13.150,6.86138,6.86373,1.50,1.08
2011.01.07 03:53:19.410,6.86138,6.86396,1.50,2.78
2011.01.07 03:53:26.237,6.86138,6.86396,1.50,2.78
2011.01.07 03:53:28.538,6.86138,6.86396,1.50,2.78
2011.01.07 03:53:32.163,6.86138,6.86362,1.50,1.02
2011.01.07 03:53:32.500,6.86108,6.86363,1.50,1.09
2011.01.07 03:53:34.345,6.86108,6.86378,1.50,1.24
2011.01.07 03:53:34.459,6.86108,6.86387,1.50,1.24
2011.01.07 03:53:35.269,6.86129,6.86396,1.50,2.74
2011.01.07 03:53:35.379,6.86129,6.86396,1.50,2.78
2011.01.07 03:53:35.490,6.86129,6.86396,1.50,2.40
2011.01.07 03:53:35.718,6.86129,6.86396,1.50,2.78
2011.01.07 03:53:35.939,6.86129,6.86396,1.50,2.78
2011.01.07 03:53:37.800,6.86129,6.86396,1.50,2.78
2011.01.07 03:53:37.908,6.86129,6.86387,1.50,1.24
2011.01.07 03:53:42.728,6.86129,6.86403,1.50,1.08
2011.01.07 03:53:42.948,6.8616,6.86403,1.50,1.08
2011.01.07 03:53:43.059,6.8616,6.8643,1.50,2.59
2011.01.07 03:54:01.089,6.8616,6.86408,1.50,1.32
2011.01.07 03:54:01.622,6.86138,6.86396,1.50,2.78
2011.01.07 03:54:01.729,6.86138,6.86363,1.50,1.20
2011.01.07 03:54:01.949,6.86138,6.86378,1.50,1.24
2011.01.07 03:54:02.142,6.86138,6.86362,1.50,1.20
2011.01.07 03:54:02.589,6.86138,6.86416,1.50,1.09
2011.01.07 03:54:02.981,6.86159,6.86416,1.50,1.09
2011.01.07 03:54:03.095,6.86182,6.86441,1.50,2.59
2011.01.07 03:54:07.070,6.86182,6.86447,1.50,1.30
2011.01.07 03:54:07.178,6.86182,6.86447,1.50,1.30
2011.01.07 03:54:14.373,6.86213,6.86442,1.50,1.08
2011.01.07 03:54:14.492,6.86192,6.86442,1.50,1.08
2011.01.07 03:54:21.380,6.86192,6.8647,1.50,2.78
2011.01.07 03:54:26.641,6.86192,6.86442,1.50,1.08
2011.01.07 03:54:30.754,6.86192,6.8647,1.50,2.78
2011.01.07 03:54:31.139,6.86192,6.86442,1.50,1.08
2011.01.07 03:54:31.359,6.86192,6.8647,1.50,2.78
2011.01.07 03:54:31.949,6.86192,6.86463,1.50,1.08
2011.01.07 03:54:32.350,6.86213,6.86463,1.50,1.08
2011.01.07 03:54:32.462,6.86213,6.86482,1.50,2.74
2011.01.07 03:54:33.020,6.86234,6.86482,1.50,2.22
2011.01.07 03:54:33.131,6.86234,6.86498,1.50,1.24
2011.01.07 03:54:35.572,6.86234,6.86472,1.50,1.09
2011.01.07 03:54:35.681,6.86234,6.86458,1.50,1.02
2011.01.07 03:54:53.707,6.86213,6.86452,1.50,1.08
2011.01.07 03:54:58.940,6.86213,6.86457,1.50,1.24
2011.01.07 03:55:01.673,6.86213,6.86468,1.50,2.59
2011.01.07 03:55:06.379,6.86213,6.86489,1.50,1.08
2011.01.07 03:55:06.489,6.86233,6.86489,1.50,1.08
2011.01.07 03:55:10.620,6.86233,6.86498,1.50,1.24
2011.01.07 03:55:10.840,6.86233,6.86503,1.50,1.20
2011.01.07 03:55:11.903,6.86265,6.86509,1.50,1.08
2011.01.07 03:55:12.128,6.86245,6.86509,1.50,1.08
2011.01.07 03:55:15.686,6.86245,6.86475,1.50,1.08
2011.01.07 03:55:16.539,6.86245,6.86473,1.50,1.20
2011.01.07 03:55:34.550,6.86245,6.86462,1.50,2.78
2011.01.07 03:55:34.660,6.86196,6.86462,1.50,2.78
2011.01.07 03:55:34.769,6.86196,6.86458,1.50,1.24
2011.01.07 03:55:34.989,6.86196,6.86437,1.50,1.08
2011.01.07 03:55:35.100,6.86196,6.86462,1.50,2.78
2011.01.07 03:55:35.612,6.86213,6.86442,1.50,1.08
2011.01.07 03:55:35.940,6.86213,6.86447,1.50,1.02
2011.01.07 03:55:36.048,6.86213,6.86447,1.50,1.02
2011.01.07 03:55:39.472,6.86213,6.86462,1.50,2.37
2011.01.07 03:55:39.690,6.86213,6.86482,1.50,1.08
2011.01.07 03:55:40.184,6.86213,6.86428,1.50,1.24
2011.01.07 03:55:40.305,6.86212,6.86469,1.50,2.59
2011.01.07 03:55:40.421,6.86233,6.86469,1.50,2.78
2011.01.07 03:55:40.530,6.86212,6.86469,1.50,2.78
2011.01.07 03:55:42.176,6.86212,6.86452,1.50,1.08
2011.01.07 03:55:43.827,6.86212,6.86463,1.50,1.08
2011.01.07 03:55:44.188,6.86212,6.86461,1.50,1.08
2011.01.07 03:55:44.409,6.86191,6.86462,1.50,1.08
2011.01.07 03:55:44.880,6.86212,6.86453,1.50,1.20
2011.01.07 03:55:45.809,6.86212,6.86453,1.50,1.20
2011.01.07 03:55:47.335,6.86233,6.86512,1.50,1.20
2011.01.07 03:55:47.453,6.86266,6.86544,1.50,2.78
2011.01.07 03:55:49.269,6.86266,6.86522,1.50,1.08
2011.01.07 03:55:49.378,6.86266,6.86537,1.50,1.24
2011.01.07 03:55:49.571,6.86266,6.86513,1.50,1.20
2011.01.07 03:55:49.968,6.86266,6.86514,1.50,1.08
2011.01.07 03:55:50.189,6.86266,6.86492,1.50,1.20
2011.01.07 03:55:52.599,6.86245,6.86507,1.50,1.30
2011.01.07 03:55:53.038,6.86263,6.86492,1.50,1.20
2011.01.07 03:55:53.150,6.86263,6.86512,1.50,1.08
2011.01.07 03:55:53.258,6.86263,6.86503,1.50,1.20
2011.01.07 03:55:53.370,6.86263,6.86536,1.50,2.40
2011.01.07 03:55:53.480,6.86263,6.86553,1.50,1.08
2011.01.07 03:55:53.592,6.86286,6.86552,1.50,1.20
2011.01.07 03:55:53.698,6.86286,6.86552,1.50,1.20
2011.01.07 03:55:53.809,6.86286,6.86581,1.50,2.67
2011.01.07 03:55:54.206,6.86286,6.86581,1.50,2.67
2011.01.07 03:55:54.660,6.86268,6.86535,1.50,2.78
2011.01.07 03:55:54.770,6.86268,6.86535,1.50,2.78
2011.01.07 03:55:54.879,6.86268,6.86513,1.50,1.08
2011.01.07 03:55:55.500,6.86268,6.86492,1.50,1.08
2011.01.07 03:55:55.609,6.86244,6.86492,1.50,1.08
2011.01.07 03:55:55.720,6.86244,6.86491,1.50,2.59
2011.01.07 03:55:55.829,6.86217,6.86491,1.50,2.59
2011.01.07 03:55:56.049,6.86217,6.86462,1.50,1.30
2011.01.07 03:55:57.239,6.86232,6.86468,1.50,1.24
2011.01.07 03:55:57.678,6.86232,6.86462,1.50,1.30
2011.01.07 03:55:59.214,6.86256,6.86462,1.50,1.30
2011.01.07 03:55:59.323,6.86263,6.86513,1.50,1.08
2011.01.07 03:55:59.936,6.86315,6.86541,1.50,2.22
2011.01.07 03:56:00.054,6.86315,6.86568,1.50,1.08
2011.01.07 03:56:00.280,6.86315,6.86594,1.50,2.78
2011.01.07 03:56:00.442,6.86315,6.86587,1.50,1.24
2011.01.07 03:56:01.907,6.86337,6.86587,1.50,1.24
2011.01.07 03:56:02.351,6.86337,6.86608,1.50,2.78
2011.01.07 03:56:04.086,6.86337,6.86608,1.50,2.78
2011.01.07 03:56:04.205,6.86319,6.86575,1.50,1.09
2011.01.07 03:56:08.548,6.86319,6.86552,1.50,1.08
2011.01.07 03:56:09.281,6.86297,6.86569,1.50,2.78
2011.01.07 03:56:10.379,6.86297,6.86551,1.50,2.59
2011.01.07 03:56:10.936,6.86268,6.86551,1.50,2.78
2011.01.07 03:56:11.161,6.86268,6.86522,1.50,1.08
2011.01.07 03:56:11.380,6.86268,6.86528,1.50,1.24
2011.01.07 03:56:12.073,6.86268,6.86551,1.50,2.78
2011.01.07 03:56:12.552,6.86288,6.86551,1.50,2.78
2011.01.07 03:56:12.665,6.86288,6.86548,1.50,1.30
2011.01.07 03:56:25.570,6.86288,6.86589,1.50,1.08
2011.01.07 03:56:25.682,6.86288,6.86562,1.50,2.78
2011.01.07 03:56:26.019,6.86316,6.86562,1.50,2.59
2011.01.07 03:56:26.503,6.86316,6.86562,1.50,2.78
2011.01.07 03:56:30.139,6.86296,6.86603,1.50,1.20
2011.01.07 03:56:30.359,6.86296,6.86613,1.65,1.20
2011.01.07 03:56:30.469,6.86334,6.86613,1.50,1.20
2011.01.07 03:56:30.878,6.86334,6.86618,1.50,1.30
2011.01.07 03:56:31.008,6.8635,6.8663,1.50,1.08
2011.01.07 03:56:31.339,6.86319,6.86609,1.50,2.78
2011.01.07 03:56:33.650,6.86339,6.86627,1.50,2.78
2011.01.07 03:56:35.211,6.86364,6.86629,1.50,2.78
2011.01.07 03:56:35.319,6.86371,6.86629,1.50,2.78
2011.01.07 03:56:35.910,6.86371,6.86607,1.50,1.30
2011.01.07 03:56:36.024,6.86372,6.86629,1.50,2.78
2011.01.07 03:56:36.141,6.86349,6.86612,1.50,1.08
2011.01.07 03:56:38.770,6.86349,6.86617,1.50,1.24
2011.01.07 03:56:38.881,6.86374,6.86622,1.50,1.20
2011.01.07 03:56:39.361,6.86374,6.86647,1.50,1.24
2011.01.07 03:56:39.475,6.8639,6.86639,1.50,1.30
2011.01.07 03:56:39.811,6.86392,6.86639,1.50,1.30
2011.01.07 03:56:40.297,6.86392,6.86639,1.50,1.30
2011.01.07 03:56:40.415,6.86372,6.86627,1.50,1.24
2011.01.07 03:56:40.748,6.86372,6.86619,1.50,1.30
2011.01.07 03:56:42.024,6.8635,6.86619,1.50,1.08
2011.01.07 03:56:42.140,6.8635,6.86619,1.50,1.08
2011.01.07 03:56:45.351,6.86371,6.86619,1.50,1.30
2011.01.07 03:56:46.801,6.86371,6.86653,1.50,2.78
2011.01.07 03:56:46.909,6.86393,6.86653,1.50,2.78
2011.01.07 03:56:47.504,6.86424,6.86662,1.50,1.09
2011.01.07 03:56:47.615,6.86421,6.86657,1.50,1.30
2011.01.07 03:56:47.841,6.86403,6.86653,1.50,1.20
2011.01.07 03:56:48.361,6.86371,6.86627,1.50,1.09
2011.01.07 03:56:48.841,6.86392,6.86632,1.50,1.09
2011.01.07 03:56:53.941,6.86392,6.86764,1.50,1.08
2011.01.07 03:56:54.049,6.86392,6.86725,1.50,2.78
2011.01.07 03:56:54.381,6.86426,6.86693,1.50,1.20
2011.01.07 03:56:54.984,6.86403,6.86662,1.50,1.20
2011.01.07 03:56:56.630,6.86403,6.86657,1.50,1.24
2011.01.07 03:56:58.128,6.86403,6.86638,1.50,1.30
2011.01.07 03:57:00.547,6.86403,6.86633,1.50,1.20
2011.01.07 03:57:01.100,6.8635,6.86588,1.50,1.24
2011.01.07 03:57:02.093,6.8635,6.866,1.50,2.59
2011.01.07 03:57:08.730,6.8635,6.86603,1.50,1.09
2011.01.07 03:57:10.070,6.86372,6.86623,1.50,1.08
2011.01.07 03:57:12.103,6.86372,6.86657,1.50,1.02
2011.01.07 03:57:12.593,6.86424,6.86683,1.50,1.09
2011.01.07 03:57:13.159,6.86424,6.86682,1.50,1.08
2011.01.07 03:57:18.778,6.86424,6.86706,1.50,2.78
2011.01.07 03:57:19.279,6.86424,6.86698,1.50,1.24
2011.01.07 03:57:19.827,6.86427,6.86678,1.50,1.08
2011.01.07 03:57:20.051,6.86402,6.86678,1.50,1.08
2011.01.07 03:57:20.271,6.86374,6.86654,1.50,2.78
2011.01.07 03:57:20.496,6.86374,6.86632,1.50,1.08
2011.01.07 03:57:21.139,6.86374,6.86654,1.50,2.78
2011.01.07 03:57:21.436,6.86374,6.86633,1.50,1.08
2011.01.07 03:57:29.616,6.86374,6.86637,1.50,1.24
2011.01.07 03:57:30.312,6.86395,6.86642,1.50,1.20
2011.01.07 03:57:34.921,6.86395,6.86672,1.50,1.08
2011.01.07 03:57:35.159,6.86395,6.86723,1.50,1.08
2011.01.07 03:57:43.289,6.86405,6.86644,1.50,1.09
2011.01.07 03:57:43.399,6.86405,6.86644,1.50,1.09
2011.01.07 03:57:45.081,6.86405,6.86692,1.50,1.09
2011.01.07 03:57:45.301,6.86477,6.86691,1.50,2.22
2011.01.07 03:57:46.511,6.86477,6.86731,1.50,2.78
2011.01.07 03:57:49.469,6.86477,6.86705,1.50,2.40
2011.01.07 03:57:49.579,6.86455,6.86705,1.50,2.40
2011.01.07 03:57:52.832,6.86423,6.86682,1.50,1.09
2011.01.07 03:57:53.343,6.86423,6.86645,1.50,2.74
2011.01.07 03:57:53.465,6.86403,6.86645,1.50,2.74
2011.01.07 03:57:56.250,6.86403,6.86648,1.50,1.30
2011.01.07 03:57:56.764,6.86403,6.86679,1.50,2.78
2011.01.07 03:57:57.599,6.86403,6.86648,1.50,1.30
2011.01.07 03:57:57.820,6.86413,6.86658,1.50,1.02
2011.01.07 03:57:58.468,6.86422,6.86679,1.50,2.59
2011.01.07 03:58:01.540,6.86422,6.86697,1.50,2.67
2011.01.07 03:58:02.671,6.86422,6.86702,1.50,1.08
2011.01.07 03:58:02.781,6.86446,6.86702,1.50,1.08
2011.01.07 03:58:04.813,6.86429,6.86693,1.50,1.20
2011.01.07 03:58:05.452,6.86429,6.86683,1.50,1.20
2011.01.07 03:58:05.890,6.86429,6.86692,1.50,1.09
2011.01.07 03:58:06.000,6.86402,6.8667,1.50,2.37
2011.01.07 03:58:06.111,6.86421,6.8667,1.50,2.37
2011.01.07 03:58:06.741,6.86447,6.86703,1.50,1.08
2011.01.07 03:58:07.690,6.86447,6.86735,1.50,1.54
2011.01.07 03:58:08.669,6.86479,6.86722,1.50,1.08
2011.01.07 03:58:08.891,6.86479,6.86719,1.50,2.78
2011.01.07 03:58:09.432,6.86428,6.86705,1.50,2.78
2011.01.07 03:58:10.269,6.86428,6.86719,1.50,2.78
2011.01.07 03:58:16.039,6.86427,6.86719,1.50,2.78
2011.01.07 03:58:22.640,6.86427,6.86717,1.50,2.59
2011.01.07 03:58:24.140,6.86427,6.86711,1.50,2.59
2011.01.07 03:58:27.828,6.86427,6.86711,1.50,2.78
2011.01.07 03:58:28.269,6.86427,6.86712,1.50,4.17
2011.01.07 03:58:28.379,6.86438,6.86712,1.50,4.17
2011.01.07 03:58:29.982,6.86407,6.86652,1.50,1.02
2011.01.07 03:58:30.093,6.86407,6.86673,1.50,1.08
2011.01.07 03:58:30.201,6.86407,6.86673,1.50,1.08
2011.01.07 03:58:30.848,6.86424,6.867,1.50,2.78
2011.01.07 03:58:32.140,6.86404,6.86683,1.50,2.40
2011.01.07 03:58:32.360,6.86404,6.86683,1.50,2.40
2011.01.07 03:58:37.798,6.86503,6.86836,1.50,1.08
2011.01.07 03:58:41.421,6.86523,6.86848,1.50,2.78
2011.01.07 03:58:41.641,6.8655,6.86863,1.50,1.20
2011.01.07 03:58:41.749,6.86579,6.86863,1.50,1.20
2011.01.07 03:58:42.791,6.86632,6.86897,1.50,1.28
2011.01.07 03:58:43.311,6.86632,6.86912,1.50,1.20
2011.01.07 03:58:45.883,6.86632,6.86933,1.50,1.08
2011.01.07 03:58:46.220,6.86632,6.8695,1.65,1.65
2011.01.07 03:58:46.331,6.86656,6.86933,1.50,1.08
2011.01.07 03:58:47.499,6.86669,6.86933,1.50,1.08
2011.01.07 03:58:47.721,6.86659,6.86923,1.50,1.20
2011.01.07 03:58:47.829,6.86636,6.86923,1.50,1.20
2011.01.07 03:58:47.940,6.86636,6.86929,1.50,1.30
2011.01.07 03:58:48.320,6.86636,6.86927,1.50,1.24
2011.01.07 03:58:49.122,6.86636,6.86942,1.50,2.78
2011.01.07 03:58:50.123,6.86635,6.86912,1.50,1.08
2011.01.07 03:58:50.239,6.86635,6.86942,1.50,2.67
2011.01.07 03:58:52.054,6.86635,6.86942,1.50,2.78
2011.01.07 03:59:00.157,6.86635,6.86942,1.50,2.78
2011.01.07 03:59:01.384,6.86635,6.86907,1.50,1.08
2011.01.07 03:59:01.889,6.86611,6.86907,1.50,1.08
2011.01.07 03:59:02.005,6.86592,6.86898,1.05,1.09
2011.01.07 03:59:02.121,6.86592,6.86898,1.05,1.09
2011.01.07 03:59:02.230,6.86592,6.86913,1.05,1.20
2011.01.07 03:59:02.813,6.86635,6.86922,1.50,1.08
2011.01.07 03:59:03.064,6.86635,6.86912,1.50,1.20
2011.01.07 03:59:04.969,6.86635,6.86919,1.50,1.08
2011.01.07 03:59:05.189,6.86614,6.86914,1.50,2.78
2011.01.07 03:59:05.996,6.86614,6.86888,1.50,1.24
2011.01.07 03:59:06.512,6.86614,6.8688,1.50,1.08
2011.01.07 03:59:06.619,6.86614,6.8688,1.50,1.08
2011.01.07 03:59:07.301,6.86584,6.8688,1.50,1.08
2011.01.07 03:59:07.420,6.86584,6.86875,1.50,2.74
2011.01.07 03:59:07.721,6.86605,6.86875,1.50,2.40
2011.01.07 03:59:11.208,6.86636,6.8692,1.50,2.59
2011.01.07 03:59:12.049,6.86615,6.86912,1.50,1.02
2011.01.07 03:59:12.381,6.86658,6.86938,1.50,1.02
2011.01.07 03:59:12.491,6.86658,6.86938,1.50,1.02
2011.01.07 03:59:13.321,6.86658,6.86962,1.50,2.37
2011.01.07 03:59:13.540,6.8667,6.86962,1.50,2.37
2011.01.07 03:59:14.146,6.86687,6.86928,1.50,1.30
2011.01.07 03:59:14.267,6.86667,6.86958,1.50,1.24
2011.01.07 03:59:15.097,6.86691,6.86978,1.50,1.30
2011.01.07 03:59:15.810,6.86708,6.86976,1.50,1.08
2011.01.07 03:59:16.523,6.86708,6.86976,1.50,1.08
2011.01.07 03:59:17.081,6.86688,6.86976,1.50,1.08
2011.01.07 03:59:18.709,6.86688,6.86972,1.50,1.20
2011.01.07 03:59:20.479,6.86688,6.86956,1.50,2.74
2011.01.07 03:59:21.024,6.86667,6.86956,1.50,2.74
2011.01.07 03:59:21.551,6.86667,6.86956,1.50,2.78
2011.01.07 03:59:22.570,6.86667,6.86956,1.50,2.78
2011.01.07 03:59:25.780,6.86688,6.86966,1.50,1.47
2011.01.07 03:59:26.342,6.86688,6.86974,1.50,2.78
2011.01.07 03:59:27.082,6.86668,6.86952,1.50,1.08
2011.01.07 03:59:27.190,6.86668,6.86958,1.50,1.02
2011.01.07 03:59:27.301,6.86668,6.86927,1.50,1.09
2011.01.07 03:59:27.788,6.86614,6.86903,1.50,1.08
2011.01.07 03:59:27.904,6.86614,6.86896,1.50,1.08
2011.01.07 03:59:28.240,6.86584,6.86868,1.50,2.78
2011.01.07 03:59:28.766,6.86584,6.86848,1.50,1.24
2011.01.07 03:59:30.214,6.86561,6.86833,1.50,1.20
2011.01.07 03:59:30.333,6.86561,6.86838,1.50,1.02
2011.01.07 03:59:30.674,6.86561,6.86855,1.50,1.84
2011.01.07 03:59:44.239,6.86657,6.87003,1.20,1.04
2011.01.07 03:59:44.354,6.86707,6.87007,1.50,1.02
2011.01.07 03:59:45.083,6.86738,6.87052,1.50,2.78
2011.01.07 03:59:47.704,6.86738,6.87007,1.50,1.24
2011.01.07 03:59:47.822,6.8672,6.87007,1.50,1.24
2011.01.07 03:59:47.931,6.8672,6.86998,1.50,1.08
2011.01.07 03:59:48.261,6.86688,6.86972,1.50,1.65
2011.01.07 03:59:48.884,6.86688,6.86972,1.50,1.28
2011.01.07 03:59:49.001,6.86688,6.86943,1.50,1.20
2011.01.07 03:59:49.111,6.86667,6.86938,1.50,1.30
2011.01.07 03:59:49.331,6.86667,6.86934,1.50,1.08
2011.01.07 03:59:49.933,6.86689,6.86948,1.50,1.24
2011.01.07 03:59:50.481,6.86689,6.86968,1.50,2.78
2011.01.07 03:59:52.954,6.8671,6.86982,1.50,1.08
2011.01.07 03:59:53.181,6.8671,6.86982,1.50,1.08
2011.01.07 03:59:53.399,6.86688,6.86972,1.50,1.20
2011.01.07 03:59:54.176,6.8671,6.86994,1.50,2.74
2011.01.07 03:59:55.843,6.8671,6.87008,1.50,2.59
2011.01.07 03:59:58.159,6.86733,6.87093,2.48,1.13
2011.01.07 03:59:58.272,6.86775,6.87105,2.48,1.02
2011.01.07 03:59:58.380,6.86775,6.87113,2.48,1.02
2011.01.07 03:59:58.925,6.86775,6.87105,2.48,1.02
2011.01.07 03:59:59.042,6.86762,6.8707,1.05,2.37
2011.01.07 03:59:59.623,6.86763,6.87087,1.05,1.02
2011.01.07 03:59:59.746,6.86768,6.87111,1.09,2.78
