2012.02.03 06:00:00.481,6.73003,6.73332,1.50,1.50
2012.02.03 06:00:00.929,6.72958,6.73332,1.50,1.50
2012.02.03 06:00:01.004,6.72972,6.73312,1.50,1.50
2012.02.03 06:00:01.339,6.72986,6.73312,1.50,1.50
2012.02.03 06:00:01.878,6.72986,6.73343,1.50,1.50
2012.02.03 06:00:01.949,6.73003,6.73343,1.50,1.50
2012.02.03 06:00:03.324,6.73014,6.73332,1.35,1.50
2012.02.03 06:00:03.660,6.73017,6.73332,1.50,1.50
2012.02.03 06:00:03.726,6.73017,6.73342,1.50,1.50
2012.02.03 06:00:03.926,6.73017,6.73353,1.50,1.50
2012.02.03 06:00:04.967,6.73017,6.73352,1.50,1.50
2012.02.03 06:00:06.288,6.73017,6.73343,1.50,1.50
2012.02.03 06:00:08.092,6.73017,6.73352,1.50,1.50
2012.02.03 06:00:08.326,6.73017,6.73343,1.50,1.50
2012.02.03 06:00:09.149,6.73017,6.73352,1.50,1.50
2012.02.03 06:00:09.348,6.73017,6.73342,1.50,1.50
2012.02.03 06:00:10.728,6.73017,6.73352,1.50,1.50
2012.02.03 06:00:14.427,6.73017,6.73371,1.50,1.35
2012.02.03 06:00:15.028,6.73017,6.73352,1.50,1.50
2012.02.03 06:00:15.308,6.73017,6.73363,1.50,1.50
2012.02.03 06:00:15.617,6.73017,6.73371,1.50,1.35
2012.02.03 06:00:15.749,6.7303,6.73371,1.50,1.35
2012.02.03 06:00:16.022,6.7303,6.73371,1.50,1.35
2012.02.03 06:00:16.196,6.7303,6.73371,1.50,1.35
2012.02.03 06:00:16.445,6.7303,6.73371,1.50,1.35
2012.02.03 06:00:17.586,6.7303,6.73371,1.50,1.35
2012.02.03 06:00:22.696,6.7303,6.73371,1.50,1.35
2012.02.03 06:00:23.381,6.7303,6.73371,1.50,1.35
2012.02.03 06:00:23.463,6.73048,6.73371,1.50,1.35
2012.02.03 06:00:23.531,6.73048,6.73371,1.50,1.35
2012.02.03 06:00:24.139,6.73036,6.73371,1.50,1.35
2012.02.03 06:00:24.358,6.73056,6.73371,1.50,1.35
2012.02.03 06:00:24.650,6.73056,6.73371,1.50,1.35
2012.02.03 06:00:25.051,6.73056,6.73371,1.50,1.35
2012.02.03 06:00:27.327,6.73042,6.73371,1.50,1.35
2012.02.03 06:00:29.837,6.73042,6.73371,1.50,1.35
2012.02.03 06:00:29.907,6.73063,6.73371,1.50,1.35
2012.02.03 06:00:35.848,6.73063,6.73371,1.50,1.35
2012.02.03 06:00:36.350,6.73063,6.73371,1.50,1.35
2012.02.03 06:00:36.418,6.73049,6.73371,1.50,1.35
2012.02.03 06:00:40.878,6.73049,6.73371,1.50,1.35
2012.02.03 06:00:40.948,6.73038,6.73371,1.50,1.35
2012.02.03 06:00:41.327,6.73038,6.73371,1.50,1.35
2012.02.03 06:00:41.457,6.73025,6.73371,1.50,1.35
2012.02.03 06:00:46.546,6.73025,6.73371,1.50,1.35
2012.02.03 06:00:46.950,6.73025,6.73371,1.50,1.35
2012.02.03 06:00:47.549,6.73039,6.73371,1.50,1.35
2012.02.03 06:00:48.649,6.73039,6.73371,1.50,1.35
2012.02.03 06:00:48.759,6.73039,6.73371,1.50,1.35
2012.02.03 06:00:48.888,6.73039,6.73371,1.50,1.35
2012.02.03 06:00:49.019,6.73039,6.73371,1.50,1.35
2012.02.03 06:00:49.087,6.73039,6.73371,1.50,1.35
2012.02.03 06:00:49.348,6.73051,6.73371,1.50,1.35
2012.02.03 06:00:49.635,6.73051,6.73371,1.50,1.35
2012.02.03 06:00:49.805,6.73051,6.73371,1.50,1.35
2012.02.03 06:00:51.370,6.73065,6.73371,1.50,1.35
2012.02.03 06:00:51.749,6.73065,6.73371,1.50,1.35
2012.02.03 06:00:51.816,6.73065,6.73371,1.50,1.35
2012.02.03 06:00:52.167,6.73051,6.73371,1.50,1.35
2012.02.03 06:00:52.666,6.73051,6.73371,1.50,1.35
2012.02.03 06:00:58.047,6.73067,6.73413,1.35,1.50
2012.02.03 06:00:58.205,6.73067,6.73413,1.35,1.50
2012.02.03 06:01:02.288,6.73067,6.73422,1.35,2.10
2012.02.03 06:01:02.520,6.73067,6.73413,1.35,1.50
2012.02.03 06:01:03.137,6.73067,6.73412,1.35,1.50
2012.02.03 06:01:03.665,6.73067,6.73403,1.35,1.50
2012.02.03 06:01:03.821,6.73067,6.73413,1.35,1.50
2012.02.03 06:01:04.247,6.73067,6.73402,1.35,1.50
2012.02.03 06:01:05.048,6.73067,6.73412,1.35,1.50
2012.02.03 06:01:07.418,6.73067,6.73412,1.35,1.50
2012.02.03 06:01:08.811,6.73067,6.73402,1.35,1.50
2012.02.03 06:01:09.470,6.73067,6.73402,1.35,1.50
2012.02.03 06:01:10.328,6.73067,6.73393,1.35,1.50
2012.02.03 06:01:11.428,6.73067,6.73403,1.35,1.50
2012.02.03 06:01:16.002,6.73067,6.73393,1.35,1.50
2012.02.03 06:01:16.328,6.73067,6.73393,1.35,1.50
2012.02.03 06:01:16.399,6.73067,6.73383,1.35,1.50
2012.02.03 06:01:17.022,6.73067,6.73372,1.35,1.50
2012.02.03 06:01:18.484,6.73067,6.73383,1.35,1.50
2012.02.03 06:01:19.036,6.73067,6.73393,1.35,1.50
2012.02.03 06:01:19.659,6.73067,6.73393,1.35,1.50
2012.02.03 06:01:19.727,6.73067,6.73403,1.35,1.50
2012.02.03 06:01:22.325,6.73067,6.73412,1.35,1.50
2012.02.03 06:01:27.022,6.73118,6.73412,1.35,1.50
2012.02.03 06:01:27.526,6.73118,6.73443,1.35,1.50
2012.02.03 06:01:27.787,6.73118,6.73443,1.35,1.50
2012.02.03 06:01:27.949,6.73118,6.73433,1.35,1.50
2012.02.03 06:01:28.931,6.73118,6.73443,1.35,1.50
2012.02.03 06:01:30.037,6.73118,6.73432,1.35,1.50
2012.02.03 06:01:31.252,6.73091,6.73452,1.50,1.35
2012.02.03 06:01:31.320,6.73119,6.73452,1.50,1.35
2012.02.03 06:01:31.389,6.73119,6.73472,1.50,1.50
2012.02.03 06:01:31.810,6.73119,6.73483,1.50,1.50
2012.02.03 06:01:32.060,6.73131,6.73483,1.50,1.50
2012.02.03 06:01:32.314,6.73131,6.73472,1.50,1.50
2012.02.03 06:01:32.458,6.73131,6.73462,1.50,1.50
2012.02.03 06:01:33.218,6.73114,6.73453,1.50,1.50
2012.02.03 06:01:33.409,6.73107,6.73433,1.35,1.50
2012.02.03 06:01:33.541,6.73088,6.73433,1.50,1.50
2012.02.03 06:01:34.686,6.73079,6.73433,1.35,1.50
2012.02.03 06:01:37.298,6.73079,6.73423,1.35,1.50
2012.02.03 06:01:39.144,6.73079,6.73423,1.35,1.50
2012.02.03 06:01:39.365,6.73079,6.73423,1.35,1.50
2012.02.03 06:01:40.454,6.73079,6.73413,1.35,1.50
2012.02.03 06:01:40.708,6.73079,6.73413,1.35,1.50
2012.02.03 06:01:44.430,6.73079,6.73402,1.35,1.50
2012.02.03 06:01:44.498,6.73079,6.73393,1.35,1.50
2012.02.03 06:01:44.818,6.73079,6.73393,1.35,1.50
2012.02.03 06:01:47.777,6.73079,6.73393,1.35,1.50
2012.02.03 06:01:49.648,6.73079,6.73413,1.35,1.50
2012.02.03 06:01:50.165,6.73079,6.73403,1.35,1.50
2012.02.03 06:01:50.295,6.73079,6.73412,1.35,1.50
2012.02.03 06:01:50.616,6.73079,6.73412,1.35,1.50
2012.02.03 06:01:51.026,6.73079,6.73402,1.35,1.50
2012.02.03 06:01:51.216,6.73079,6.73393,1.35,1.50
2012.02.03 06:01:51.714,6.73079,6.73393,1.35,1.50
2012.02.03 06:01:52.038,6.73079,6.73382,1.35,1.50
2012.02.03 06:01:52.358,6.73031,6.73362,1.50,1.50
2012.02.03 06:01:52.492,6.73031,6.73353,1.50,1.50
2012.02.03 06:01:52.679,6.7302,6.73353,1.35,1.50
2012.02.03 06:01:53.119,6.7302,6.73363,1.35,1.50
2012.02.03 06:01:54.619,6.73035,6.73372,1.50,1.50
2012.02.03 06:01:55.247,6.73035,6.73373,1.50,1.35
2012.02.03 06:01:55.633,6.73035,6.73373,1.50,2.10
2012.02.03 06:01:57.431,6.73035,6.73362,1.50,1.50
2012.02.03 06:01:57.677,6.73035,6.73353,1.50,1.50
2012.02.03 06:01:58.171,6.7302,6.73353,1.35,1.50
2012.02.03 06:01:59.828,6.7302,6.73362,1.35,1.50
2012.02.03 06:02:00.489,6.7302,6.73353,1.35,1.50
2012.02.03 06:02:10.356,6.7302,6.73362,1.35,1.50
2012.02.03 06:02:12.909,6.7302,6.73373,1.35,1.35
2012.02.03 06:02:13.386,6.73039,6.73373,1.50,1.35
2012.02.03 06:02:13.459,6.73065,6.73373,1.50,1.35
2012.02.03 06:02:14.253,6.73065,6.73373,1.50,1.35
2012.02.03 06:02:14.398,6.73065,6.73373,1.50,1.35
2012.02.03 06:02:14.717,6.73065,6.73373,1.50,1.35
2012.02.03 06:02:16.405,6.73065,6.73373,1.50,1.35
2012.02.03 06:02:18.326,6.73065,6.73373,1.50,1.35
2012.02.03 06:02:18.647,6.73065,6.73373,1.50,1.35
2012.02.03 06:02:20.526,6.73065,6.73373,1.50,1.35
2012.02.03 06:02:26.677,6.73065,6.73373,1.50,1.35
2012.02.03 06:02:33.978,6.72948,6.73306,1.50,1.35
2012.02.03 06:02:34.045,6.72948,6.73306,1.50,1.35
2012.02.03 06:02:34.355,6.72975,6.73306,1.50,1.35
2012.02.03 06:02:34.504,6.72975,6.73306,1.50,1.35
2012.02.03 06:02:34.580,6.72958,6.73306,1.50,1.35
2012.02.03 06:02:34.646,6.72958,6.73306,1.50,1.35
2012.02.03 06:02:34.954,6.72963,6.73352,1.50,1.35
2012.02.03 06:02:35.168,6.72957,6.73343,1.50,1.50
2012.02.03 06:02:37.008,6.72928,6.73302,1.50,1.50
2012.02.03 06:02:39.270,6.7297,6.73323,1.50,1.50
2012.02.03 06:02:39.958,6.7313,6.73323,1.50,1.50
2012.02.03 06:02:40.028,6.7313,6.73454,1.50,1.50
2012.02.03 06:02:40.100,6.7313,6.73472,2.25,2.25
2012.02.03 06:02:40.169,6.7313,6.73495,2.25,1.50
2012.02.03 06:02:40.236,6.7313,6.73652,2.25,1.50
2012.02.03 06:02:40.306,6.7313,6.73652,2.25,1.50
2012.02.03 06:02:41.456,6.7317,6.73612,2.25,1.50
2012.02.03 06:02:47.985,6.73098,6.73542,1.87,1.35
2012.02.03 06:02:48.116,6.73038,6.73542,1.99,1.35
2012.02.03 06:02:48.185,6.73038,6.73542,1.99,1.35
2012.02.03 06:02:48.316,6.72987,6.73542,1.35,1.35
2012.02.03 06:02:49.012,6.72967,6.73643,1.50,1.50
2012.02.03 06:02:49.269,6.72957,6.73633,1.50,1.50
2012.02.03 06:02:55.239,6.73026,6.73603,1.50,1.50
2012.02.03 06:02:55.438,6.73026,6.73603,1.50,1.50
2012.02.03 06:02:56.311,6.73026,6.73602,1.50,1.50
2012.02.03 06:03:01.342,6.73026,6.73563,1.50,1.50
2012.02.03 06:03:02.205,6.73026,6.73582,1.50,1.50
2012.02.03 06:03:12.439,6.73026,6.73613,1.50,1.50
2012.02.03 06:03:13.446,6.73086,6.73602,1.50,1.50
2012.02.03 06:03:13.981,6.73086,6.73613,1.50,1.50
2012.02.03 06:03:14.231,6.73086,6.73622,1.50,1.50
2012.02.03 06:03:14.298,6.73096,6.73622,1.50,1.50
2012.02.03 06:03:18.276,6.73114,6.73642,1.50,1.50
2012.02.03 06:03:20.690,6.73121,6.73652,1.50,1.50
2012.02.03 06:03:20.768,6.73121,6.73673,1.50,1.50
2012.02.03 06:03:20.838,6.73121,6.73683,1.50,1.50
2012.02.03 06:03:21.149,6.73153,6.73692,1.50,1.50
2012.02.03 06:03:21.708,6.73153,6.73683,1.50,1.50
2012.02.03 06:03:21.958,6.73137,6.73663,1.50,1.50
2012.02.03 06:03:22.268,6.73172,6.73693,1.35,1.50
2012.02.03 06:03:25.076,6.73265,6.73713,1.50,1.73
2012.02.03 06:03:25.328,6.73237,6.73683,1.50,1.50
2012.02.03 06:03:25.400,6.73237,6.73683,1.50,1.50
2012.02.03 06:03:25.951,6.73152,6.73662,1.35,1.50
2012.02.03 06:03:26.420,6.73152,6.73662,1.35,1.50
2012.02.03 06:03:26.495,6.73166,6.73662,1.50,1.50
2012.02.03 06:03:27.058,6.73186,6.73662,1.50,1.50
2012.02.03 06:03:27.275,6.73248,6.73672,1.50,1.50
2012.02.03 06:03:28.637,6.73248,6.73672,1.50,1.50
2012.02.03 06:03:31.078,6.73257,6.73673,1.50,1.50
2012.02.03 06:03:31.267,6.73277,6.73673,1.50,1.50
2012.02.03 06:03:33.045,6.73258,6.73662,1.50,1.50
2012.02.03 06:03:33.206,6.73278,6.73672,1.50,1.50
2012.02.03 06:03:34.095,6.73248,6.73662,1.50,1.50
2012.02.03 06:03:36.886,6.73253,6.73673,1.50,1.50
2012.02.03 06:03:37.225,6.73247,6.73673,1.50,1.50
2012.02.03 06:03:37.715,6.73237,6.73653,1.50,1.50
2012.02.03 06:03:41.255,6.73283,6.73692,1.50,1.50
2012.02.03 06:03:42.274,6.73283,6.73683,1.50,1.50
2012.02.03 06:03:47.455,6.73287,6.73683,1.50,1.50
2012.02.03 06:03:49.196,6.73287,6.73683,1.50,1.50
2012.02.03 06:03:49.416,6.73296,6.73682,1.50,1.50
2012.02.03 06:03:49.485,6.73296,6.73713,1.50,1.50
2012.02.03 06:03:51.297,6.73296,6.73702,1.50,1.50
2012.02.03 06:03:51.517,6.73296,6.73712,1.50,1.50
2012.02.03 06:03:56.157,6.73296,6.73683,1.50,1.50
2012.02.03 06:03:57.708,6.73296,6.73693,1.50,1.50
2012.02.03 06:03:58.477,6.73296,6.73713,1.50,1.50
2012.02.03 06:04:25.988,6.73296,6.73722,1.50,1.50
2012.02.03 06:04:26.307,6.73296,6.73762,1.50,1.95
2012.02.03 06:04:26.835,6.73338,6.73752,1.50,1.50
2012.02.03 06:04:26.967,6.73322,6.73752,1.50,1.50
2012.02.03 06:04:27.036,6.73322,6.73742,1.50,1.50
2012.02.03 06:04:27.227,6.73339,6.73742,1.50,1.50
2012.02.03 06:04:28.068,6.73339,6.73753,1.50,1.73
2012.02.03 06:04:30.545,6.73339,6.73743,1.50,1.50
2012.02.03 06:04:34.735,6.73339,6.73763,1.50,2.27
2012.02.03 06:04:34.997,6.73339,6.73753,1.50,1.73
2012.02.03 06:04:35.588,6.73339,6.73742,1.50,1.50
2012.02.03 06:04:36.425,6.73324,6.73742,1.50,1.50
2012.02.03 06:04:36.737,6.7334,6.73742,1.50,1.50
2012.02.03 06:04:36.948,6.73331,6.73742,1.50,1.50
2012.02.03 06:04:37.259,6.73331,6.73722,1.50,1.50
2012.02.03 06:04:37.409,6.73324,6.73722,1.50,1.50
2012.02.03 06:04:37.848,6.73324,6.73742,1.50,1.50
2012.02.03 06:04:37.918,6.73324,6.73722,1.50,1.50
2012.02.03 06:04:38.085,6.73318,6.73712,1.50,1.50
2012.02.03 06:04:38.237,6.73324,6.73723,1.50,1.50
2012.02.03 06:04:38.575,6.73306,6.73712,1.50,1.50
2012.02.03 06:04:38.713,6.73318,6.73712,1.50,1.50
2012.02.03 06:04:39.798,6.73295,6.73712,1.50,1.50
2012.02.03 06:04:40.107,6.73295,6.73703,1.50,1.50
2012.02.03 06:04:42.048,6.73288,6.73703,1.50,1.50
2012.02.03 06:04:42.175,6.73312,6.73713,1.50,1.50
2012.02.03 06:04:45.790,6.73312,6.73722,1.50,1.50
2012.02.03 06:04:50.215,6.73312,6.73733,1.50,1.50
2012.02.03 06:04:53.817,6.73312,6.73722,1.50,1.50
2012.02.03 06:04:56.699,6.73288,6.73702,1.50,1.50
2012.02.03 06:04:58.416,6.73268,6.73702,1.50,1.50
2012.02.03 06:05:01.265,6.73257,6.73693,1.50,1.50
2012.02.03 06:05:01.609,6.73257,6.73693,1.50,1.50
2012.02.03 06:05:13.749,6.73238,6.73672,1.50,1.50
2012.02.03 06:05:14.195,6.73248,6.73682,1.50,1.50
2012.02.03 06:05:15.507,6.73227,6.73673,1.50,1.50
2012.02.03 06:05:19.462,6.73218,6.73632,1.50,1.50
2012.02.03 06:05:20.812,6.73218,6.73632,1.50,1.50
2012.02.03 06:05:28.254,6.73227,6.73643,1.50,1.50
2012.02.03 06:05:28.980,6.73227,6.73643,1.50,1.50
2012.02.03 06:05:29.747,6.73217,6.73633,1.50,1.50
2012.02.03 06:05:33.697,6.73217,6.73633,1.50,1.50
2012.02.03 06:05:46.270,6.73208,6.73572,1.50,1.50
2012.02.03 06:05:50.317,6.73227,6.73593,1.50,1.50
2012.02.03 06:06:17.860,6.73247,6.73613,1.50,1.50
2012.02.03 06:06:33.028,6.73257,6.73623,1.50,1.50
2012.02.03 06:06:39.061,6.73227,6.73593,1.50,1.50
2012.02.03 06:06:41.908,6.73227,6.73593,1.50,1.50
2012.02.03 06:06:43.876,6.73208,6.73572,1.50,1.50
2012.02.03 06:06:46.988,6.73177,6.73543,1.50,1.50
2012.02.03 06:07:14.935,6.73168,6.73552,1.50,1.50
2012.02.03 06:07:24.196,6.73178,6.73552,1.50,1.50
2012.02.03 06:07:25.246,6.73178,6.73552,1.50,1.50
2012.02.03 06:07:27.743,6.73168,6.73542,1.50,1.50
2012.02.03 06:07:27.946,6.73158,6.73532,1.50,1.50
2012.02.03 06:07:28.498,6.73158,6.73532,1.50,1.50
2012.02.03 06:07:30.297,6.73118,6.73492,1.50,1.50
2012.02.03 06:07:48.608,6.73117,6.73493,1.50,1.50
2012.02.03 06:08:01.703,6.73047,6.73423,1.50,1.50
2012.02.03 06:08:01.910,6.73038,6.73412,1.50,1.50
2012.02.03 06:08:02.539,6.73038,6.73412,1.50,1.50
2012.02.03 06:08:03.714,6.73038,6.73412,1.50,1.50
2012.02.03 06:08:12.305,6.73008,6.73383,1.35,1.50
2012.02.03 06:08:12.581,6.73008,6.73372,1.35,1.50
2012.02.03 06:08:16.018,6.72958,6.73332,1.50,1.50
2012.02.03 06:08:16.976,6.72937,6.73313,1.50,1.50
2012.02.03 06:08:17.056,6.72937,6.73313,1.50,1.50
2012.02.03 06:08:19.813,6.72931,6.73303,1.35,1.50
2012.02.03 06:08:24.222,6.72947,6.73343,1.50,1.50
2012.02.03 06:08:24.559,6.72847,6.73232,1.35,1.50
2012.02.03 06:08:25.039,6.72847,6.73253,1.35,1.50
2012.02.03 06:08:27.601,6.72878,6.73252,1.50,1.50
2012.02.03 06:08:27.904,6.72878,6.73252,1.50,1.50
2012.02.03 06:08:28.764,6.72878,6.73252,1.50,1.50
2012.02.03 06:08:29.391,6.72868,6.73242,1.50,1.50
2012.02.03 06:08:30.266,6.72868,6.73242,1.50,1.50
2012.02.03 06:08:30.878,6.72868,6.73242,1.50,1.50
2012.02.03 06:08:30.954,6.72868,6.73242,1.50,1.50
2012.02.03 06:08:40.174,6.72847,6.73223,1.50,1.50
2012.02.03 06:08:40.670,6.72857,6.73233,1.50,1.50
2012.02.03 06:08:43.529,6.72808,6.73188,1.50,1.50
2012.02.03 06:08:43.659,6.72808,6.73182,1.50,1.50
2012.02.03 06:08:44.437,6.72785,6.73153,1.35,1.50
2012.02.03 06:08:47.538,6.72785,6.73127,1.35,1.50
2012.02.03 06:08:48.084,6.72729,6.73127,1.50,1.50
2012.02.03 06:08:48.219,6.72737,6.73127,1.50,1.50
2012.02.03 06:08:48.896,6.72737,6.73113,1.50,1.50
2012.02.03 06:08:50.700,6.72727,6.73103,1.50,1.50
2012.02.03 06:08:55.339,6.72757,6.73133,1.50,1.50
2012.02.03 06:08:55.828,6.72738,6.73132,1.50,1.50
2012.02.03 06:08:56.617,6.72777,6.73153,1.50,1.50
2012.02.03 06:08:58.296,6.72737,6.73123,1.50,1.50
2012.02.03 06:09:04.699,6.72728,6.73102,1.50,1.50
2012.02.03 06:09:05.521,6.72708,6.73083,1.35,1.50
2012.02.03 06:09:08.105,6.72697,6.72947,1.35,1.25
2012.02.03 06:09:08.237,6.72628,6.72922,1.50,2.25
2012.02.03 06:09:08.428,6.72616,6.72923,1.50,2.25
2012.02.03 06:09:08.495,6.72627,6.72923,1.50,2.25
2012.02.03 06:09:08.942,6.72627,6.72923,1.50,2.25
2012.02.03 06:09:09.383,6.72637,6.72883,1.35,2.25
2012.02.03 06:09:09.463,6.72637,6.72883,1.35,2.25
2012.02.03 06:09:10.331,6.72637,6.72883,1.35,2.25
2012.02.03 06:09:10.528,6.72637,6.72883,1.35,2.25
2012.02.03 06:09:10.927,6.72637,6.72883,1.35,2.25
2012.02.03 06:09:11.201,6.72637,6.72883,1.35,2.25
2012.02.03 06:09:11.516,6.72637,6.72883,1.35,2.25
2012.02.03 06:09:11.586,6.72637,6.72883,1.35,2.25
2012.02.03 06:09:12.504,6.72637,6.72883,1.35,2.25
2012.02.03 06:09:13.289,6.7264,6.72883,1.50,2.25
2012.02.03 06:09:14.127,6.7264,6.72907,1.50,1.25
2012.02.03 06:09:14.196,6.72698,6.72953,1.50,1.25
2012.02.03 06:09:14.267,6.72765,6.73075,1.35,1.88
2012.02.03 06:09:14.521,6.72822,6.73162,1.35,1.50
2012.02.03 06:09:15.216,6.72805,6.73113,1.35,1.50
2012.02.03 06:09:15.284,6.72791,6.73113,1.35,1.50
2012.02.03 06:09:15.799,6.72791,6.73112,1.35,1.50
2012.02.03 06:09:19.739,6.72791,6.73083,1.35,1.50
2012.02.03 06:09:22.795,6.72734,6.73117,1.35,1.35
2012.02.03 06:09:30.571,6.72717,6.73083,1.50,1.50
2012.02.03 06:09:33.215,6.72703,6.73072,1.50,1.50
2012.02.03 06:09:33.779,6.72703,6.73082,1.50,2.25
2012.02.03 06:09:35.608,6.72703,6.73082,1.50,3.00
2012.02.03 06:09:36.212,6.72703,6.73072,1.50,1.50
2012.02.03 06:09:37.256,6.72703,6.73082,1.50,2.25
2012.02.03 06:09:37.597,6.72703,6.73073,1.50,1.50
2012.02.03 06:09:38.135,6.72697,6.73063,1.50,1.50
2012.02.03 06:09:49.040,6.72632,6.73003,1.35,1.50
2012.02.03 06:09:50.136,6.72632,6.72983,1.35,1.50
2012.02.03 06:09:55.107,6.72632,6.72972,1.35,1.50
2012.02.03 06:10:01.507,6.72617,6.72993,1.50,1.50
2012.02.03 06:10:02.489,6.72607,6.72983,1.50,1.50
2012.02.03 06:10:06.678,6.72568,6.72942,1.50,1.50
2012.02.03 06:10:07.750,6.72558,6.72932,1.50,1.50
2012.02.03 06:10:08.062,6.72558,6.72932,1.50,1.50
2012.02.03 06:10:08.915,6.72567,6.72943,1.50,1.50
2012.02.03 06:10:09.231,6.72597,6.72973,1.50,1.50
2012.02.03 06:10:09.740,6.72608,6.72982,1.50,1.50
2012.02.03 06:10:10.127,6.72608,6.72982,1.50,1.50
2012.02.03 06:10:10.897,6.72628,6.73002,1.50,1.50
2012.02.03 06:10:13.739,6.72638,6.73012,1.50,1.50
2012.02.03 06:10:14.073,6.72672,6.73053,1.50,2.10
2012.02.03 06:10:14.211,6.72677,6.73053,1.50,1.50
2012.02.03 06:10:14.739,6.72686,6.73082,1.50,2.25
2012.02.03 06:10:14.989,6.72698,6.73082,1.50,3.00
2012.02.03 06:10:15.298,6.72702,6.73082,1.50,2.25
2012.02.03 06:10:15.618,6.72702,6.73082,1.50,2.25
2012.02.03 06:10:15.928,6.72702,6.73082,1.50,2.25
2012.02.03 06:10:16.060,6.72714,6.73082,1.50,2.25
2012.02.03 06:10:16.659,6.72714,6.73082,1.50,2.25
2012.02.03 06:10:16.839,6.72714,6.73082,1.50,2.25
2012.02.03 06:10:17.710,6.72714,6.73082,1.50,2.25
2012.02.03 06:10:23.724,6.72714,6.73002,1.50,2.25
2012.02.03 06:10:23.794,6.72664,6.73002,1.50,2.25
2012.02.03 06:10:24.355,6.72664,6.73003,1.50,2.25
2012.02.03 06:10:24.796,6.72664,6.72983,1.50,2.25
2012.02.03 06:10:25.056,6.72718,6.72983,1.50,2.25
2012.02.03 06:10:25.128,6.72588,6.72983,1.50,2.25
2012.02.03 06:10:25.197,6.72553,6.72952,1.50,1.35
2012.02.03 06:10:25.270,6.72553,6.72822,1.50,1.50
2012.02.03 06:10:25.339,6.72539,6.72822,1.50,1.50
2012.02.03 06:10:25.469,6.72559,6.72833,1.50,2.35
2012.02.03 06:10:25.537,6.72577,6.72848,1.35,1.25
2012.02.03 06:10:25.666,6.72618,6.73023,1.35,1.50
2012.02.03 06:10:26.755,6.72701,6.73092,1.35,1.50
2012.02.03 06:10:26.827,6.72701,6.73092,1.35,1.50
2012.02.03 06:10:30.035,6.72687,6.73053,1.50,1.50
2012.02.03 06:10:40.317,6.72697,6.73063,1.50,1.50
2012.02.03 06:10:42.276,6.72647,6.73033,1.50,1.50
2012.02.03 06:10:43.806,6.72637,6.72973,1.50,1.50
2012.02.03 06:10:46.445,6.72647,6.72943,1.50,1.50
2012.02.03 06:10:55.226,6.72686,6.73062,1.35,1.50
2012.02.03 06:10:56.256,6.72687,6.73063,1.50,1.50
2012.02.03 06:11:09.330,6.72678,6.73042,1.50,1.50
2012.02.03 06:11:46.377,6.72698,6.73062,1.50,1.50
2012.02.03 06:11:56.634,6.72657,6.7302,1.50,1.35
2012.02.03 06:11:56.949,6.72657,6.7302,1.50,1.35
2012.02.03 06:11:57.017,6.72669,6.7302,1.50,1.35
2012.02.03 06:11:57.228,6.72684,6.7302,1.50,1.35
2012.02.03 06:11:57.490,6.72684,6.73004,1.50,1.35
2012.02.03 06:11:58.026,6.72699,6.73004,1.50,1.35
2012.02.03 06:11:58.220,6.72688,6.73004,1.50,1.35
2012.02.03 06:11:58.288,6.7265,6.73004,1.50,1.35
2012.02.03 06:11:58.963,6.7265,6.72944,1.50,1.35
2012.02.03 06:12:00.290,6.7265,6.72944,1.50,1.35
2012.02.03 06:12:01.220,6.7265,6.72944,1.50,1.35
2012.02.03 06:12:01.875,6.7265,6.72944,1.50,1.35
2012.02.03 06:12:03.946,6.7265,6.72944,1.50,1.35
2012.02.03 06:12:04.020,6.72677,6.73014,1.50,1.35
2012.02.03 06:12:06.412,6.7272,6.73014,1.50,1.35
2012.02.03 06:12:06.912,6.72717,6.73014,1.50,1.35
2012.02.03 06:12:07.037,6.7272,6.73014,1.50,1.35
2012.02.03 06:12:07.367,6.72707,6.73014,1.50,1.35
2012.02.03 06:12:07.441,6.7272,6.73014,1.50,1.35
2012.02.03 06:12:07.648,6.72738,6.73014,1.50,1.35
2012.02.03 06:12:07.720,6.72742,6.73083,1.35,1.50
2012.02.03 06:12:07.910,6.72742,6.73098,1.35,1.88
2012.02.03 06:12:08.946,6.72759,6.73105,1.50,1.35
2012.02.03 06:12:09.449,6.72759,6.73105,1.50,1.35
2012.02.03 06:12:09.521,6.72759,6.73105,1.50,1.35
2012.02.03 06:12:10.006,6.72759,6.73092,1.50,1.50
2012.02.03 06:12:13.285,6.72759,6.73072,1.50,1.50
2012.02.03 06:12:16.125,6.72723,6.73072,1.50,1.50
2012.02.03 06:12:16.195,6.72723,6.73073,1.50,1.50
2012.02.03 06:12:19.216,6.72723,6.73032,1.50,1.50
2012.02.03 06:12:20.541,6.72723,6.73042,1.50,1.50
2012.02.03 06:12:20.850,6.72723,6.73063,1.50,1.50
2012.02.03 06:12:21.099,6.72746,6.73063,1.50,1.50
2012.02.03 06:12:21.783,6.72748,6.73063,1.50,1.50
2012.02.03 06:12:23.709,6.72748,6.73072,1.50,1.50
2012.02.03 06:12:27.479,6.72748,6.73082,1.50,1.50
2012.02.03 06:12:28.459,6.72748,6.73092,1.50,1.50
2012.02.03 06:12:28.720,6.7276,6.73092,1.50,1.50
2012.02.03 06:12:28.907,6.7276,6.73082,1.50,1.50
2012.02.03 06:12:29.962,6.7276,6.73072,1.50,1.50
2012.02.03 06:12:30.236,6.72757,6.73053,1.50,1.50
2012.02.03 06:12:30.474,6.72748,6.73053,1.50,1.50
2012.02.03 06:12:35.639,6.72735,6.73053,1.50,1.50
2012.02.03 06:12:36.144,6.72746,6.73053,1.50,1.50
2012.02.03 06:12:36.877,6.72746,6.73063,1.50,1.50
2012.02.03 06:12:37.028,6.72746,6.73052,1.50,1.50
2012.02.03 06:12:43.631,6.72746,6.73063,1.50,1.50
2012.02.03 06:12:44.070,6.72746,6.73053,1.50,1.50
2012.02.03 06:12:46.794,6.72746,6.73042,1.50,1.50
2012.02.03 06:12:46.881,6.72746,6.73053,1.50,1.50
2012.02.03 06:12:47.327,6.72746,6.73043,1.50,1.50
2012.02.03 06:12:48.266,6.72746,6.73052,1.50,1.50
2012.02.03 06:12:48.416,6.72746,6.73043,1.50,1.50
2012.02.03 06:12:49.185,6.72746,6.73052,1.50,1.50
2012.02.03 06:12:54.812,6.72746,6.73063,1.50,1.50
2012.02.03 06:12:55.435,6.72746,6.73052,1.50,1.50
2012.02.03 06:12:57.637,6.72746,6.73073,1.50,1.50
2012.02.03 06:12:57.889,6.72762,6.73073,1.50,1.50
2012.02.03 06:12:57.962,6.72762,6.73093,1.50,1.50
2012.02.03 06:12:58.150,6.72781,6.73093,1.50,1.50
2012.02.03 06:13:01.909,6.72781,6.73102,1.50,1.50
2012.02.03 06:13:03.455,6.72781,6.73092,1.50,1.50
2012.02.03 06:13:03.596,6.72781,6.73103,1.50,1.50
2012.02.03 06:13:07.957,6.728,6.73103,1.50,1.50
2012.02.03 06:13:08.039,6.728,6.7311,1.50,1.35
2012.02.03 06:13:13.039,6.72783,6.7311,1.50,1.35
2012.02.03 06:13:13.609,6.72783,6.7311,1.50,1.35
2012.02.03 06:13:14.042,6.72802,6.7311,1.50,1.35
2012.02.03 06:13:18.151,6.7282,6.7311,1.50,1.35
2012.02.03 06:13:18.456,6.7282,6.7311,1.50,1.35
2012.02.03 06:13:18.767,6.72807,6.7311,1.50,1.35
2012.02.03 06:13:19.617,6.72807,6.7311,1.50,1.35
2012.02.03 06:13:20.756,6.72794,6.7311,1.50,1.35
2012.02.03 06:13:23.296,6.72794,6.7311,1.50,1.35
2012.02.03 06:13:25.079,6.72783,6.7311,1.50,1.35
2012.02.03 06:13:27.467,6.72783,6.73093,1.50,1.50
2012.02.03 06:13:27.895,6.7277,6.73093,1.50,1.50
2012.02.03 06:13:30.206,6.7277,6.73072,1.50,1.50
2012.02.03 06:13:30.287,6.72759,6.73072,1.50,1.50
2012.02.03 06:13:30.357,6.72759,6.73062,1.50,1.50
2012.02.03 06:13:30.488,6.72758,6.73052,1.50,1.50
2012.02.03 06:13:30.558,6.72743,6.73052,1.50,1.50
2012.02.03 06:13:30.861,6.72743,6.73062,1.50,1.50
2012.02.03 06:13:30.932,6.72758,6.73062,1.50,1.50
2012.02.03 06:13:36.198,6.72746,6.73062,1.50,1.50
2012.02.03 06:13:41.841,6.72746,6.73073,1.50,1.50
2012.02.03 06:13:42.171,6.72746,6.73075,1.50,1.35
2012.02.03 06:13:42.378,6.72758,6.73075,1.50,1.35
2012.02.03 06:13:42.619,6.72758,6.73075,1.50,1.35
2012.02.03 06:13:45.330,6.72776,6.73075,1.50,1.35
2012.02.03 06:13:54.169,6.72776,6.73075,1.50,1.35
2012.02.03 06:13:55.927,6.72776,6.73075,1.50,1.35
2012.02.03 06:13:56.240,6.72776,6.73075,1.50,1.35
2012.02.03 06:13:56.308,6.72799,6.73075,1.50,1.35
2012.02.03 06:13:56.677,6.72799,6.73132,1.50,1.50
2012.02.03 06:13:57.140,6.72799,6.73135,1.50,1.35
2012.02.03 06:13:58.274,6.72799,6.73133,1.50,1.50
2012.02.03 06:14:02.768,6.72799,6.73123,1.50,1.50
2012.02.03 06:14:02.981,6.72807,6.73123,1.50,1.50
2012.02.03 06:14:03.550,6.72807,6.73135,1.50,1.35
2012.02.03 06:14:03.621,6.72825,6.73135,1.50,1.35
2012.02.03 06:14:03.757,6.72825,6.73135,1.50,1.35
2012.02.03 06:14:05.475,6.72825,6.73135,1.50,1.35
2012.02.03 06:14:05.742,6.72853,6.73168,1.50,1.35
2012.02.03 06:14:05.807,6.72853,6.73168,1.50,1.35
2012.02.03 06:14:05.882,6.72853,6.73168,1.50,1.35
2012.02.03 06:14:06.132,6.72853,6.73162,1.50,1.50
2012.02.03 06:14:06.724,6.72841,6.73162,1.50,1.50
2012.02.03 06:14:09.368,6.72841,6.73168,1.50,1.35
2012.02.03 06:14:09.437,6.72841,6.73168,1.50,1.35
2012.02.03 06:14:09.806,6.72841,6.73168,1.50,1.35
2012.02.03 06:14:11.991,6.72841,6.73168,1.50,1.35
2012.02.03 06:14:12.129,6.72859,6.73168,1.50,1.35
2012.02.03 06:14:13.068,6.72859,6.73168,1.50,1.35
2012.02.03 06:14:17.399,6.72859,6.73168,1.50,1.35
2012.02.03 06:14:17.465,6.72859,6.73168,1.50,1.35
2012.02.03 06:14:18.558,6.72843,6.73168,1.50,1.35
2012.02.03 06:14:19.321,6.72843,6.73168,1.50,1.35
2012.02.03 06:14:19.823,6.72843,6.73168,1.50,1.35
2012.02.03 06:14:23.268,6.72857,6.73168,1.50,1.35
2012.02.03 06:14:24.231,6.72857,6.73168,1.50,1.35
2012.02.03 06:14:25.537,6.72842,6.73168,1.50,1.35
2012.02.03 06:14:27.247,6.72842,6.73168,1.50,1.35
2012.02.03 06:14:28.315,6.72856,6.73168,1.50,1.35
2012.02.03 06:14:34.846,6.72856,6.73168,1.50,1.35
2012.02.03 06:14:35.264,6.7287,6.73168,1.50,1.35
2012.02.03 06:14:41.898,6.7287,6.73168,1.50,1.35
2012.02.03 06:14:42.118,6.7287,6.73168,1.50,1.35
2012.02.03 06:14:42.289,6.7287,6.73168,1.50,1.35
2012.02.03 06:14:44.888,6.72846,6.73168,1.50,1.35
2012.02.03 06:14:45.023,6.72846,6.73168,1.50,1.35
2012.02.03 06:14:45.101,6.72846,6.73168,1.50,1.35
2012.02.03 06:14:45.170,6.72833,6.73168,1.50,1.35
2012.02.03 06:14:45.549,6.72833,6.73168,1.50,1.35
2012.02.03 06:14:45.753,6.72833,6.73168,1.50,1.35
2012.02.03 06:14:51.252,6.72833,6.73162,1.50,1.50
2012.02.03 06:14:51.517,6.72833,6.73168,1.50,1.35
2012.02.03 06:14:51.586,6.72845,6.73168,1.50,1.35
2012.02.03 06:14:52.137,6.72825,6.73168,1.50,1.35
2012.02.03 06:14:52.388,6.72825,6.73162,1.50,1.50
2012.02.03 06:14:52.524,6.72825,6.73152,1.50,1.50
2012.02.03 06:14:52.748,6.72806,6.73152,1.50,1.50
2012.02.03 06:14:52.819,6.72806,6.73132,1.50,1.50
2012.02.03 06:14:55.710,6.72806,6.73123,1.50,1.50
2012.02.03 06:14:56.357,6.72806,6.73113,1.50,1.50
2012.02.03 06:14:56.546,6.72806,6.73123,1.50,1.50
2012.02.03 06:14:58.022,6.72806,6.73113,1.50,1.50
2012.02.03 06:14:58.553,6.72787,6.73123,1.50,1.50
2012.02.03 06:14:59.206,6.72787,6.73112,1.50,1.50
2012.02.03 06:15:00.097,6.72787,6.73123,1.50,1.50
2012.02.03 06:15:00.329,6.72787,6.73113,1.50,1.50
2012.02.03 06:15:00.597,6.72787,6.73122,1.50,1.50
2012.02.03 06:15:02.444,6.72787,6.73113,1.50,1.50
2012.02.03 06:15:06.548,6.728,6.73113,1.50,1.50
2012.02.03 06:15:06.676,6.728,6.73123,1.50,1.50
2012.02.03 06:15:06.916,6.728,6.73113,1.50,1.50
2012.02.03 06:15:07.758,6.72783,6.73113,1.50,1.50
2012.02.03 06:15:09.939,6.72796,6.73113,1.50,1.50
2012.02.03 06:15:10.005,6.72796,6.73122,1.50,1.50
2012.02.03 06:15:10.389,6.72796,6.73143,1.50,1.50
2012.02.03 06:15:10.757,6.72796,6.73122,1.50,1.50
2012.02.03 06:15:10.827,6.72796,6.73132,1.50,1.50
2012.02.03 06:15:13.668,6.72796,6.73122,1.50,1.50
2012.02.03 06:15:27.971,6.72781,6.73122,1.50,1.50
2012.02.03 06:15:28.107,6.72781,6.73112,1.50,1.50
2012.02.03 06:15:58.016,6.72781,6.73103,1.50,1.50
2012.02.03 06:16:03.774,6.72781,6.73142,1.50,1.50
2012.02.03 06:16:03.848,6.7282,6.73123,1.50,1.50
2012.02.03 06:16:03.917,6.72781,6.73089,1.50,1.35
2012.02.03 06:16:03.985,6.72781,6.73089,1.50,1.35
2012.02.03 06:16:04.241,6.72781,6.73089,1.50,1.35
2012.02.03 06:16:04.485,6.72807,6.73089,1.50,1.35
2012.02.03 06:16:04.675,6.72807,6.73089,1.50,1.35
2012.02.03 06:16:04.745,6.72824,6.73089,1.50,1.35
2012.02.03 06:16:04.814,6.72817,6.73089,1.50,1.35
2012.02.03 06:16:05.505,6.72792,6.73089,1.50,1.35
2012.02.03 06:16:07.126,6.72792,6.73089,1.50,1.35
2012.02.03 06:16:08.877,6.72805,6.73089,1.50,1.35
2012.02.03 06:16:09.540,6.72805,6.73089,1.50,1.35
2012.02.03 06:16:09.623,6.7279,6.73089,1.50,1.35
2012.02.03 06:16:09.986,6.7279,6.73089,1.50,1.35
2012.02.03 06:16:10.055,6.7279,6.73089,1.50,1.35
2012.02.03 06:16:15.345,6.72766,6.73089,1.50,1.35
2012.02.03 06:16:15.477,6.72766,6.73083,1.50,1.50
2012.02.03 06:16:15.615,6.72748,6.73063,1.50,2.10
2012.02.03 06:16:16.081,6.72733,6.73063,1.50,2.10
2012.02.03 06:16:16.239,6.72733,6.73032,1.50,1.50
2012.02.03 06:16:16.311,6.72722,6.73022,1.50,1.50
2012.02.03 06:16:17.524,6.72718,6.73012,1.50,1.50
2012.02.03 06:16:22.281,6.72722,6.73023,1.50,1.50
2012.02.03 06:16:27.270,6.72722,6.73033,1.50,1.50
2012.02.03 06:16:27.728,6.72732,6.73033,1.50,1.50
2012.02.03 06:16:27.805,6.72732,6.73042,1.50,1.50
2012.02.03 06:16:27.935,6.72732,6.73033,1.50,1.50
2012.02.03 06:16:28.088,6.72732,6.73042,1.50,1.50
2012.02.03 06:16:28.547,6.72732,6.73053,1.50,1.50
2012.02.03 06:16:32.776,6.72732,6.73062,1.50,1.50
2012.02.03 06:16:34.919,6.72732,6.73053,1.50,1.50
2012.02.03 06:16:35.840,6.72732,6.73063,1.50,2.10
2012.02.03 06:16:36.088,6.72746,6.73063,1.50,2.10
2012.02.03 06:16:36.336,6.72746,6.73063,1.50,1.35
2012.02.03 06:16:36.790,6.72763,6.73063,1.50,1.35
2012.02.03 06:16:36.858,6.72763,6.73063,1.50,1.35
2012.02.03 06:16:37.359,6.72763,6.73063,1.50,1.35
2012.02.03 06:16:37.433,6.72779,6.73063,1.50,1.35
2012.02.03 06:16:37.508,6.72779,6.73063,1.50,1.35
2012.02.03 06:16:37.690,6.72779,6.73063,1.50,1.35
2012.02.03 06:16:38.309,6.72779,6.73063,1.50,1.35
2012.02.03 06:16:38.780,6.72779,6.73063,1.50,1.35
2012.02.03 06:16:38.908,6.72758,6.73063,1.50,1.35
2012.02.03 06:16:43.196,6.72758,6.73063,1.50,1.35
2012.02.03 06:16:43.567,6.72758,6.73062,1.50,1.50
2012.02.03 06:16:44.409,6.72743,6.73062,1.50,1.50
2012.02.03 06:16:44.632,6.72743,6.73052,1.50,1.50
2012.02.03 06:16:44.889,6.72743,6.73042,1.50,1.50
2012.02.03 06:16:44.958,6.72726,6.73042,1.50,1.50
2012.02.03 06:16:46.257,6.72726,6.73053,1.50,1.50
2012.02.03 06:16:46.928,6.72747,6.73043,1.50,1.50
2012.02.03 06:16:49.090,6.72737,6.73033,1.50,1.50
2012.02.03 06:16:49.727,6.72737,6.73033,1.50,1.50
2012.02.03 06:17:04.286,6.72709,6.72993,1.50,1.35
2012.02.03 06:17:05.297,6.72709,6.72993,1.50,1.35
2012.02.03 06:17:06.288,6.72709,6.72993,1.50,1.35
2012.02.03 06:17:06.399,6.72667,6.72993,1.50,1.35
2012.02.03 06:17:06.530,6.72667,6.72993,1.50,1.35
2012.02.03 06:17:10.265,6.72668,6.72993,1.50,1.35
2012.02.03 06:17:14.265,6.72707,6.72993,1.50,1.35
2012.02.03 06:17:14.707,6.72707,6.72993,1.50,1.35
2012.02.03 06:17:34.913,6.72719,6.72993,1.50,1.35
2012.02.03 06:17:37.116,6.72719,6.7293,1.50,1.68
2012.02.03 06:17:43.126,6.72719,6.72919,1.50,1.81
2012.02.03 06:17:43.267,6.72719,6.72904,1.50,1.34
2012.02.03 06:17:44.905,6.72656,6.72904,1.50,2.09
2012.02.03 06:17:45.100,6.72656,6.72863,1.50,1.92
2012.02.03 06:17:45.170,6.72688,6.72863,1.50,1.17
2012.02.03 06:17:45.360,6.72688,6.72886,1.50,1.42
2012.02.03 06:17:45.429,6.72687,6.72886,1.50,1.42
2012.02.03 06:17:45.498,6.72687,6.72879,1.50,1.41
2012.02.03 06:17:46.443,6.72677,6.72872,1.50,1.41
2012.02.03 06:17:47.147,6.72657,6.72872,1.50,1.41
2012.02.03 06:17:47.280,6.72668,6.72856,1.50,1.05
2012.02.03 06:17:47.827,6.72648,6.72846,1.50,1.34
2012.02.03 06:17:47.909,6.72648,6.72839,1.50,1.32
2012.02.03 06:17:48.108,6.72648,6.72839,1.50,1.32
2012.02.03 06:17:51.401,6.72627,6.72839,1.50,1.17
2012.02.03 06:17:51.471,6.72618,6.72831,1.50,1.10
2012.02.03 06:17:51.948,6.72588,6.72807,1.50,1.14
2012.02.03 06:17:58.650,6.72625,6.72816,1.50,1.14
2012.02.03 06:17:58.724,6.72625,6.7282,1.50,1.05
2012.02.03 06:17:59.262,6.72618,6.7282,1.50,1.05
2012.02.03 06:18:00.029,6.72625,6.7282,1.50,1.05
2012.02.03 06:18:00.581,6.72627,6.72826,1.50,1.05
2012.02.03 06:18:00.648,6.72627,6.72839,1.50,1.08
2012.02.03 06:18:01.323,6.72618,6.72839,1.50,1.08
2012.02.03 06:18:01.400,6.7262,6.72839,1.50,1.08
2012.02.03 06:18:01.719,6.7262,6.7283,1.50,1.01
2012.02.03 06:18:02.255,6.72658,6.72861,1.50,1.08
2012.02.03 06:18:05.748,6.72665,6.72861,1.50,1.08
2012.02.03 06:18:06.187,6.72657,6.72861,1.50,1.08
2012.02.03 06:18:08.417,6.72665,6.72861,1.50,1.08
2012.02.03 06:18:08.718,6.72665,6.72861,1.50,1.08
2012.02.03 06:18:09.411,6.72665,6.72861,1.50,1.08
2012.02.03 06:18:09.505,6.72657,6.72861,1.50,1.08
2012.02.03 06:18:09.808,6.72665,6.72861,1.50,1.08
2012.02.03 06:18:11.523,6.72657,6.72861,1.50,1.08
2012.02.03 06:18:12.347,6.72665,6.72861,1.50,1.08
2012.02.03 06:18:12.569,6.72657,6.72861,1.50,1.08
2012.02.03 06:18:13.905,6.72665,6.72861,1.50,1.08
2012.02.03 06:18:16.039,6.72665,6.72871,1.50,1.15
2012.02.03 06:18:16.219,6.72657,6.72871,1.50,1.15
2012.02.03 06:18:17.315,6.72665,6.72871,1.50,1.15
2012.02.03 06:18:17.639,6.72658,6.72871,1.50,1.15
2012.02.03 06:18:25.912,6.72665,6.72871,1.50,1.15
2012.02.03 06:18:26.120,6.72658,6.72871,1.50,1.15
2012.02.03 06:18:31.681,6.72665,6.72863,1.50,1.08
2012.02.03 06:18:32.084,6.72665,6.72867,1.50,1.11
2012.02.03 06:18:32.149,6.72668,6.72869,1.50,1.11
2012.02.03 06:18:32.888,6.72657,6.72867,1.50,1.04
2012.02.03 06:18:33.113,6.72657,6.72854,1.50,1.01
2012.02.03 06:18:33.719,6.72658,6.72863,1.50,1.01
2012.02.03 06:18:33.787,6.72658,6.72864,1.50,1.01
2012.02.03 06:18:34.968,6.72637,6.72858,1.50,1.13
2012.02.03 06:18:35.409,6.72637,6.7285,1.50,1.21
2012.02.03 06:18:35.479,6.72637,6.72842,1.50,1.14
2012.02.03 06:18:39.829,6.72638,6.7285,1.50,1.21
2012.02.03 06:18:40.017,6.72638,6.72851,1.50,1.11
2012.02.03 06:18:40.312,6.72638,6.7286,1.50,1.04
2012.02.03 06:18:40.854,6.72658,6.7286,1.50,1.04
2012.02.03 06:18:42.313,6.72637,6.7286,1.50,1.04
2012.02.03 06:18:42.853,6.72618,6.72841,1.50,1.05
2012.02.03 06:18:42.934,6.72608,6.7284,1.50,1.05
2012.02.03 06:18:43.081,6.72608,6.72843,1.50,1.05
2012.02.03 06:18:43.454,6.72628,6.7285,1.50,1.12
2012.02.03 06:18:43.648,6.72637,6.72865,1.50,1.06
2012.02.03 06:18:43.724,6.72637,6.72865,1.50,1.06
2012.02.03 06:18:44.091,6.72607,6.72865,1.50,1.06
2012.02.03 06:18:44.439,6.72607,6.72828,1.50,1.06
2012.02.03 06:18:45.428,6.72597,6.72828,1.50,1.06
2012.02.03 06:18:47.209,6.72608,6.7283,1.50,1.05
2012.02.03 06:18:53.209,6.72587,6.7283,1.50,1.12
2012.02.03 06:18:53.342,6.72578,6.7283,1.50,1.12
2012.02.03 06:18:53.410,6.72578,6.72808,1.50,1.11
2012.02.03 06:18:53.770,6.72578,6.72798,1.50,1.11
2012.02.03 06:18:55.121,6.72604,6.72798,1.50,1.11
2012.02.03 06:18:55.195,6.72607,6.72823,1.50,1.05
2012.02.03 06:18:58.929,6.72618,6.72838,1.50,1.33
2012.02.03 06:18:59.120,6.72618,6.72845,1.50,1.14
2012.02.03 06:18:59.478,6.72617,6.72845,1.50,1.14
2012.02.03 06:18:59.547,6.72617,6.72834,1.50,1.08
2012.02.03 06:19:03.443,6.72628,6.72838,1.50,1.08
2012.02.03 06:19:03.533,6.72628,6.72838,1.50,1.01
2012.02.03 06:19:09.117,6.72617,6.72849,1.50,1.19
2012.02.03 06:19:09.254,6.72617,6.72857,1.50,1.13
2012.02.03 06:19:09.379,6.72617,6.72857,1.50,1.13
2012.02.03 06:19:09.457,6.72617,6.72843,1.50,1.19
2012.02.03 06:19:14.073,6.72645,6.72843,1.50,1.19
2012.02.03 06:19:14.606,6.72698,6.72889,1.50,1.38
2012.02.03 06:19:14.696,6.72698,6.72904,1.50,1.05
2012.02.03 06:19:14.833,6.72698,6.72904,1.50,1.05
2012.02.03 06:19:15.073,6.72707,6.72904,1.50,1.05
2012.02.03 06:19:15.346,6.72678,6.72914,1.50,1.17
2012.02.03 06:19:15.433,6.72663,6.72914,1.50,1.17
2012.02.03 06:19:15.503,6.72658,6.7286,1.50,1.10
2012.02.03 06:19:15.689,6.72647,6.7286,1.50,1.10
2012.02.03 06:19:15.820,6.72647,6.72838,1.50,1.02
2012.02.03 06:19:16.444,6.72658,6.72874,1.50,1.49
2012.02.03 06:19:16.512,6.72668,6.7287,1.50,1.17
2012.02.03 06:19:17.550,6.72657,6.72861,1.50,1.05
2012.02.03 06:19:17.679,6.72657,6.72847,1.50,1.05
2012.02.03 06:19:19.231,6.72606,6.72805,1.50,1.06
2012.02.03 06:19:19.862,6.72587,6.72807,1.50,1.15
2012.02.03 06:19:19.930,6.72587,6.72807,1.50,1.15
2012.02.03 06:19:22.040,6.72587,6.72819,1.50,1.05
2012.02.03 06:19:22.110,6.72598,6.72819,1.50,1.05
2012.02.03 06:19:22.177,6.72598,6.72829,1.50,1.09
2012.02.03 06:19:22.250,6.72598,6.72819,1.50,1.05
2012.02.03 06:19:22.738,6.72598,6.72807,1.50,1.55
2012.02.03 06:19:22.816,6.72587,6.72787,1.50,1.11
2012.02.03 06:19:23.093,6.72587,6.72796,1.50,1.05
2012.02.03 06:19:26.339,6.72596,6.72796,1.50,1.05
2012.02.03 06:19:26.722,6.72598,6.72813,1.50,1.07
2012.02.03 06:19:28.221,6.72598,6.72813,1.50,1.07
2012.02.03 06:19:28.369,6.72601,6.72813,1.50,1.07
2012.02.03 06:19:28.678,6.72587,6.72808,1.50,1.19
2012.02.03 06:19:28.811,6.72587,6.7279,1.50,1.02
2012.02.03 06:19:29.214,6.72558,6.72785,1.50,1.03
2012.02.03 06:19:31.550,6.72578,6.72778,1.50,1.03
2012.02.03 06:19:31.620,6.72584,6.72778,1.50,1.03
2012.02.03 06:19:31.929,6.72597,6.72788,1.50,1.14
2012.02.03 06:19:32.315,6.72598,6.728,1.50,1.23
2012.02.03 06:19:32.465,6.72598,6.72825,1.50,1.11
2012.02.03 06:19:32.662,6.72598,6.72814,1.50,1.14
2012.02.03 06:19:34.857,6.72597,6.72814,1.50,1.14
2012.02.03 06:19:34.933,6.72597,6.72788,1.50,1.12
2012.02.03 06:19:35.239,6.72587,6.72793,1.50,1.02
2012.02.03 06:19:35.380,6.72578,6.72793,1.50,1.09
2012.02.03 06:19:35.451,6.72573,6.72793,1.50,1.09
2012.02.03 06:19:35.521,6.72573,6.72772,1.50,1.11
2012.02.03 06:19:35.667,6.72573,6.72792,1.50,1.08
2012.02.03 06:19:35.741,6.72588,6.72802,1.50,1.22
2012.02.03 06:19:35.807,6.72588,6.72793,1.50,1.19
2012.02.03 06:19:36.008,6.72573,6.72775,1.50,1.02
2012.02.03 06:19:36.078,6.72578,6.72777,1.50,1.02
2012.02.03 06:19:38.828,6.72557,6.72775,1.50,1.02
2012.02.03 06:19:38.957,6.72557,6.72773,1.50,1.14
2012.02.03 06:19:39.614,6.72568,6.72776,1.50,1.01
2012.02.03 06:19:39.688,6.72557,6.72777,1.50,1.08
2012.02.03 06:19:39.899,6.72557,6.72764,1.50,1.04
2012.02.03 06:19:43.547,6.72548,6.72785,1.50,1.05
2012.02.03 06:19:43.617,6.72548,6.72769,1.50,1.13
2012.02.03 06:19:47.132,6.72557,6.72769,1.50,1.13
2012.02.03 06:19:47.273,6.72527,6.72752,1.50,1.01
2012.02.03 06:19:47.530,6.72518,6.7275,2.10,1.08
2012.02.03 06:19:47.658,6.72518,6.72746,2.10,1.10
2012.02.03 06:19:49.319,6.72471,6.72721,1.35,1.04
2012.02.03 06:19:49.392,6.72471,6.72702,1.35,1.07
2012.02.03 06:19:50.227,6.72471,6.72689,1.35,1.13
2012.02.03 06:19:50.370,6.72471,6.72686,1.35,1.13
2012.02.03 06:19:50.796,6.72438,6.72686,1.50,1.13
2012.02.03 06:19:51.414,6.72419,6.72637,1.35,1.05
2012.02.03 06:19:51.831,6.72378,6.72622,1.50,1.02
2012.02.03 06:19:52.092,6.72371,6.72622,1.35,1.02
2012.02.03 06:19:52.412,6.72371,6.72619,1.35,1.05
2012.02.03 06:19:52.999,6.72371,6.72619,1.35,1.05
2012.02.03 06:19:53.068,6.72371,6.72608,1.35,1.05
2012.02.03 06:19:53.410,6.72371,6.72613,1.35,1.02
2012.02.03 06:19:55.271,6.72337,6.72622,1.50,1.24
2012.02.03 06:19:55.816,6.72278,6.72557,1.50,1.08
2012.02.03 06:19:55.891,6.72278,6.72533,1.50,1.30
2012.02.03 06:19:56.080,6.72269,6.72521,1.35,1.08
2012.02.03 06:19:56.150,6.72269,6.72531,1.35,1.13
2012.02.03 06:19:56.559,6.72269,6.72531,1.35,1.13
2012.02.03 06:19:56.811,6.72269,6.72507,1.35,1.17
2012.02.03 06:19:57.068,6.72269,6.72501,1.35,1.04
2012.02.03 06:19:59.248,6.72297,6.72501,1.50,1.04
2012.02.03 06:20:00.249,6.72297,6.72501,1.50,1.04
2012.02.03 06:20:00.320,6.72297,6.72501,1.50,1.04
2012.02.03 06:20:00.788,6.72297,6.72501,1.50,1.04
2012.02.03 06:20:02.530,6.72297,6.72501,1.50,1.04
2012.02.03 06:20:02.728,6.72297,6.72501,1.50,1.04
2012.02.03 06:20:02.917,6.72297,6.72501,1.50,1.04
2012.02.03 06:20:03.231,6.72269,6.72493,1.35,1.13
2012.02.03 06:20:03.585,6.72261,6.72459,1.50,1.08
2012.02.03 06:20:04.312,6.72261,6.72459,1.50,1.08
2012.02.03 06:20:05.151,6.72295,6.72484,1.50,1.38
2012.02.03 06:20:05.219,6.72295,6.72491,1.50,1.05
2012.02.03 06:20:06.158,6.72295,6.72491,1.50,1.05
2012.02.03 06:20:06.231,6.72295,6.7249,1.50,1.07
2012.02.03 06:20:06.460,6.72304,6.72503,1.50,1.08
2012.02.03 06:20:06.735,6.72304,6.72503,1.50,1.08
2012.02.03 06:20:08.269,6.72304,6.72503,1.50,1.08
2012.02.03 06:20:09.292,6.72304,6.72503,1.50,1.08
2012.02.03 06:20:09.383,6.72317,6.72512,1.50,1.11
2012.02.03 06:20:09.469,6.72317,6.72506,1.50,1.03
2012.02.03 06:20:09.543,6.72317,6.72527,1.50,1.08
2012.02.03 06:20:09.621,6.72338,6.72529,1.50,1.01
2012.02.03 06:20:10.071,6.72328,6.72538,1.50,1.17
2012.02.03 06:20:10.348,6.72328,6.72538,1.50,1.17
2012.02.03 06:20:10.750,6.72287,6.72538,1.50,1.17
2012.02.03 06:20:10.882,6.72297,6.72529,1.50,1.06
2012.02.03 06:20:11.367,6.72237,6.72474,1.50,1.02
2012.02.03 06:20:11.452,6.72237,6.72488,1.50,1.27
2012.02.03 06:20:11.585,6.72247,6.72494,1.50,1.14
2012.02.03 06:20:12.234,6.72246,6.72494,1.50,1.14
2012.02.03 06:20:12.312,6.72246,6.72484,1.50,1.05
2012.02.03 06:20:12.718,6.72246,6.72441,1.50,1.19
2012.02.03 06:20:13.359,6.72247,6.72441,1.50,1.19
2012.02.03 06:20:13.869,6.72238,6.72441,1.50,1.19
2012.02.03 06:20:14.001,6.72238,6.72441,1.50,1.19
2012.02.03 06:20:14.371,6.72238,6.72441,1.50,1.19
2012.02.03 06:20:15.512,6.72238,6.72441,1.50,1.19
2012.02.03 06:20:15.706,6.72247,6.72444,1.50,1.19
2012.02.03 06:20:16.250,6.72253,6.72444,1.50,1.19
2012.02.03 06:20:16.459,6.72248,6.72444,1.50,1.19
2012.02.03 06:20:16.768,6.72227,6.72441,1.50,1.19
2012.02.03 06:20:16.840,6.72234,6.72441,1.50,1.19
2012.02.03 06:20:17.708,6.72234,6.72428,1.50,1.09
2012.02.03 06:20:19.636,6.72234,6.72428,1.50,1.09
2012.02.03 06:20:20.262,6.72224,6.72428,1.50,1.10
2012.02.03 06:20:20.714,6.72207,6.72417,1.50,1.03
2012.02.03 06:20:20.789,6.72207,6.72421,1.50,1.06
2012.02.03 06:20:20.858,6.72207,6.72421,1.50,1.06
2012.02.03 06:20:21.354,6.72204,6.72421,1.50,1.06
2012.02.03 06:20:22.096,6.72207,6.72421,1.50,1.06
2012.02.03 06:20:22.758,6.72207,6.72413,1.50,1.21
2012.02.03 06:20:23.992,6.72216,6.72413,1.50,1.21
2012.02.03 06:20:24.653,6.72207,6.72413,1.50,1.21
2012.02.03 06:20:25.064,6.72199,6.72401,1.50,1.13
2012.02.03 06:20:25.197,6.72188,6.72509,1.50,1.43
2012.02.03 06:20:26.375,6.72188,6.72489,1.50,1.35
2012.02.03 06:20:29.232,6.72188,6.72482,1.50,1.50
2012.02.03 06:20:29.619,6.72188,6.72503,1.50,1.50
2012.02.03 06:20:29.689,6.72207,6.72503,1.50,1.50
2012.02.03 06:20:30.139,6.72194,6.72492,1.50,1.50
2012.02.03 06:20:32.983,6.72187,6.72483,1.50,1.50
2012.02.03 06:20:36.010,6.72194,6.72493,1.50,1.50
2012.02.03 06:20:36.221,6.72188,6.72482,1.50,1.50
2012.02.03 06:20:37.254,6.72194,6.72492,1.50,1.50
2012.02.03 06:20:37.769,6.72188,6.72482,1.50,1.50
2012.02.03 06:20:37.927,6.72194,6.72492,1.50,1.50
2012.02.03 06:20:39.258,6.72187,6.72483,1.50,1.50
2012.02.03 06:20:41.420,6.72194,6.72502,1.50,1.50
2012.02.03 06:20:41.549,6.72194,6.72492,1.50,1.50
2012.02.03 06:20:41.620,6.72183,6.72492,1.50,1.50
2012.02.03 06:20:42.052,6.72183,6.72507,1.50,1.35
2012.02.03 06:20:42.236,6.72197,6.72493,1.50,1.50
2012.02.03 06:20:42.619,6.72204,6.72502,1.50,1.50
2012.02.03 06:20:43.018,6.72204,6.72507,1.50,1.35
2012.02.03 06:20:43.729,6.72213,6.72507,1.50,1.35
2012.02.03 06:20:43.992,6.72198,6.72485,1.50,1.35
2012.02.03 06:20:44.123,6.72188,6.72485,1.50,1.35
2012.02.03 06:20:44.192,6.7221,6.72485,1.50,1.35
2012.02.03 06:20:44.318,6.72208,6.72485,1.50,1.35
2012.02.03 06:20:44.559,6.72196,6.72485,1.50,1.35
2012.02.03 06:20:44.749,6.72196,6.72485,1.50,1.35
2012.02.03 06:20:45.206,6.72188,6.72482,1.50,1.50
2012.02.03 06:20:46.316,6.72184,6.72482,1.50,1.50
2012.02.03 06:20:47.084,6.72188,6.72482,1.50,1.50
2012.02.03 06:20:47.418,6.72188,6.72482,1.50,1.50
2012.02.03 06:20:48.337,6.72196,6.72485,1.50,1.35
2012.02.03 06:20:48.978,6.72164,6.72503,1.35,1.50
2012.02.03 06:20:49.048,6.72164,6.72503,1.35,1.50
2012.02.03 06:20:49.177,6.72164,6.72503,1.35,1.50
2012.02.03 06:20:49.492,6.72178,6.72522,1.50,1.50
2012.02.03 06:20:50.527,6.72188,6.72524,1.50,1.35
2012.02.03 06:20:50.848,6.72218,6.72524,1.50,1.35
2012.02.03 06:20:51.398,6.72257,6.72524,1.50,1.35
2012.02.03 06:20:51.907,6.72229,6.72579,1.50,1.35
2012.02.03 06:20:51.979,6.72228,6.72505,1.50,1.35
2012.02.03 06:20:52.647,6.72208,6.72505,1.50,1.35
2012.02.03 06:20:53.790,6.72227,6.72485,1.50,1.35
2012.02.03 06:20:54.181,6.72227,6.72485,1.50,1.35
2012.02.03 06:20:54.499,6.72267,6.72538,1.50,1.35
2012.02.03 06:20:59.717,6.72228,6.72522,1.50,1.50
2012.02.03 06:21:00.029,6.72398,6.72662,2.10,2.07
2012.02.03 06:21:00.220,6.72339,6.72633,1.17,1.35
2012.02.03 06:21:00.292,6.72339,6.72633,1.13,1.35
2012.02.03 06:21:00.357,6.72227,6.72633,1.35,1.35
2012.02.03 06:21:00.429,6.72251,6.727,1.35,1.58
2012.02.03 06:21:00.561,6.72295,6.727,1.35,1.58
2012.02.03 06:21:01.266,6.72467,6.72821,2.10,1.88
2012.02.03 06:21:01.518,6.72408,6.72811,1.35,1.35
2012.02.03 06:21:01.649,6.72405,6.72811,1.35,1.35
2012.02.03 06:21:01.719,6.72408,6.72811,1.35,1.35
2012.02.03 06:21:01.789,6.72323,6.72863,1.35,1.36
2012.02.03 06:21:01.979,6.72477,6.72923,1.35,1.45
2012.02.03 06:21:02.048,6.72485,6.72923,1.35,1.45
2012.02.03 06:21:02.549,6.72417,6.72893,1.50,1.35
2012.02.03 06:21:02.618,6.72408,6.72893,1.50,1.35
2012.02.03 06:21:03.603,6.72437,6.72893,1.50,1.35
2012.02.03 06:21:03.676,6.72437,6.72893,1.50,1.35
2012.02.03 06:21:05.607,6.72488,6.72842,1.50,1.50
2012.02.03 06:21:11.369,6.72468,6.72782,1.50,1.50
2012.02.03 06:21:15.682,6.72477,6.72793,1.50,1.50
2012.02.03 06:21:22.408,6.72477,6.72793,1.50,1.50
2012.02.03 06:21:24.071,6.72458,6.72772,1.50,1.50
2012.02.03 06:21:27.798,6.72468,6.72782,1.50,1.50
2012.02.03 06:21:28.540,6.72477,6.72793,1.50,1.50
2012.02.03 06:21:30.461,6.72477,6.72793,1.50,1.50
2012.02.03 06:21:32.019,6.72487,6.72803,1.50,1.50
2012.02.03 06:21:40.482,6.72508,6.72815,1.50,1.35
2012.02.03 06:21:40.997,6.72498,6.72812,1.50,1.50
2012.02.03 06:21:42.479,6.72468,6.72782,1.50,1.50
2012.02.03 06:22:30.450,6.72418,6.72732,1.50,1.50
2012.02.03 06:22:30.654,6.72397,6.72713,1.50,1.50
2012.02.03 06:22:36.779,6.72279,6.72672,1.88,1.50
2012.02.03 06:22:36.968,6.72277,6.72639,1.50,1.50
2012.02.03 06:22:37.037,6.7221,6.72622,1.50,1.50
2012.02.03 06:22:38.259,6.72201,6.72615,1.50,1.50
2012.02.03 06:22:39.109,6.72201,6.72651,1.50,1.50
2012.02.03 06:22:39.618,6.72181,6.72625,1.50,1.50
2012.02.03 06:22:39.746,6.72181,6.72625,1.50,1.50
2012.02.03 06:22:39.984,6.72181,6.72648,1.50,1.50
2012.02.03 06:22:40.304,6.72181,6.72648,1.50,1.50
2012.02.03 06:22:40.379,6.72181,6.72625,1.50,1.50
2012.02.03 06:22:41.151,6.72181,6.72625,1.50,1.50
2012.02.03 06:22:41.400,6.72181,6.72625,1.50,1.50
2012.02.03 06:22:41.740,6.72181,6.72648,1.50,1.50
2012.02.03 06:22:42.512,6.72181,6.72626,1.50,1.50
2012.02.03 06:22:43.229,6.72181,6.72626,1.50,1.50
2012.02.03 06:22:43.658,6.72181,6.72626,1.50,1.50
2012.02.03 06:22:43.728,6.72181,6.72626,1.50,1.50
2012.02.03 06:22:47.960,6.72177,6.72626,1.50,1.50
2012.02.03 06:22:54.227,6.72164,6.72632,1.50,1.50
2012.02.03 06:22:54.477,6.72058,6.72567,1.50,1.50
2012.02.03 06:22:54.669,6.72054,6.72583,2.25,1.50
2012.02.03 06:22:54.797,6.72054,6.72583,2.25,1.50
2012.02.03 06:22:56.478,6.72118,6.7245,1.50,2.10
2012.02.03 06:22:56.607,6.72098,6.72422,1.50,1.35
2012.02.03 06:22:56.677,6.72038,6.724,1.50,1.35
2012.02.03 06:22:56.867,6.72173,6.72616,1.35,1.35
2012.02.03 06:22:57.117,6.72173,6.72616,1.35,1.35
2012.02.03 06:22:57.776,6.72128,6.72616,1.35,1.35
2012.02.03 06:22:58.369,6.72066,6.72592,2.25,1.50
2012.02.03 06:23:06.641,6.72089,6.72603,1.50,1.50
2012.02.03 06:23:09.567,6.72157,6.72653,1.50,1.50
2012.02.03 06:23:09.637,6.72157,6.72653,1.50,1.50
2012.02.03 06:23:38.008,6.72208,6.72713,3.00,1.50
2012.02.03 06:23:38.612,6.72198,6.72755,3.00,1.50
2012.02.03 06:23:51.055,6.72247,6.72799,1.50,1.50
2012.02.03 06:23:51.251,6.72297,6.72799,1.50,1.50
2012.02.03 06:23:51.328,6.72302,6.72799,1.50,1.50
2012.02.03 06:23:51.709,6.72302,6.72814,1.50,2.25
2012.02.03 06:23:51.779,6.72328,6.72814,1.50,2.25
2012.02.03 06:23:55.649,6.72317,6.72852,1.50,1.50
2012.02.03 06:24:00.652,6.72348,6.72852,1.50,1.50
2012.02.03 06:24:01.179,6.72348,6.72852,1.50,1.50
2012.02.03 06:24:03.590,6.72389,6.72862,1.50,1.50
2012.02.03 06:24:03.661,6.72377,6.7288,1.50,1.50
2012.02.03 06:24:06.551,6.72357,6.72855,1.50,1.50
2012.02.03 06:24:09.009,6.72357,6.72855,1.50,2.25
2012.02.03 06:24:09.228,6.72357,6.72855,1.50,1.50
2012.02.03 06:25:05.344,6.72387,6.72901,1.50,2.25
2012.02.03 06:25:05.650,6.72388,6.72901,1.50,2.25
2012.02.03 06:25:05.718,6.72387,6.72901,1.50,2.25
2012.02.03 06:25:09.261,6.72363,6.72901,1.50,1.50
2012.02.03 06:25:11.368,6.72363,6.72901,1.50,1.50
2012.02.03 06:25:13.107,6.72363,6.72901,1.50,1.50
2012.02.03 06:25:13.287,6.72363,6.72901,1.50,1.50
2012.02.03 06:25:15.856,6.72363,6.72901,1.50,1.50
2012.02.03 06:25:17.756,6.72368,6.72901,1.50,1.50
2012.02.03 06:25:18.566,6.72374,6.72901,1.50,2.25
2012.02.03 06:25:19.358,6.72374,6.72901,1.50,2.25
2012.02.03 06:25:19.551,6.72388,6.72901,1.50,1.50
2012.02.03 06:25:27.092,6.72429,6.72901,1.50,1.50
2012.02.03 06:25:27.607,6.72457,6.72944,1.50,2.25
2012.02.03 06:25:30.406,6.7244,6.72944,1.50,2.25
2012.02.03 06:25:30.608,6.72457,6.72944,1.50,2.25
2012.02.03 06:25:36.000,6.72467,6.72985,1.50,2.25
2012.02.03 06:25:36.256,6.72478,6.72985,1.50,1.50
2012.02.03 06:25:38.884,6.72502,6.72985,1.50,1.50
2012.02.03 06:25:40.189,6.72502,6.72985,1.50,1.50
2012.02.03 06:25:42.847,6.72502,6.72985,1.50,1.50
2012.02.03 06:25:43.160,6.72502,6.72985,1.50,1.50
2012.02.03 06:25:43.721,6.72502,6.72985,1.50,1.50
2012.02.03 06:25:44.580,6.72502,6.72985,1.50,1.50
2012.02.03 06:25:46.470,6.72502,6.72985,1.50,1.50
2012.02.03 06:25:46.538,6.72502,6.72985,1.50,1.50
2012.02.03 06:25:46.905,6.72502,6.72985,1.50,1.50
2012.02.03 06:25:49.113,6.72497,6.72985,1.50,1.50
2012.02.03 06:25:51.007,6.72502,6.72985,1.50,1.50
2012.02.03 06:25:51.311,6.72502,6.72985,1.50,1.50
2012.02.03 06:25:51.629,6.72502,6.72985,1.50,1.50
2012.02.03 06:25:52.174,6.72502,6.72985,1.50,1.50
2012.02.03 06:25:52.879,6.72533,6.73009,1.50,1.50
2012.02.03 06:25:52.949,6.72533,6.73026,1.50,2.25
2012.02.03 06:25:53.180,6.72533,6.73026,1.50,2.25
2012.02.03 06:25:54.802,6.72533,6.73026,1.50,2.25
2012.02.03 06:25:54.923,6.72533,6.73026,1.50,2.25
2012.02.03 06:25:55.260,6.72533,6.73026,1.50,2.25
2012.02.03 06:25:55.960,6.72533,6.73026,1.50,2.25
2012.02.03 06:25:56.773,6.72533,6.73026,1.50,2.25
2012.02.03 06:25:57.150,6.72533,6.73026,1.50,2.25
2012.02.03 06:25:57.558,6.72533,6.73026,1.50,2.25
2012.02.03 06:25:57.632,6.72568,6.73026,1.50,1.50
2012.02.03 06:25:57.702,6.72568,6.7305,1.50,2.25
2012.02.03 06:25:57.842,6.72571,6.73069,1.50,2.25
2012.02.03 06:25:58.161,6.72571,6.73069,1.50,2.25
2012.02.03 06:25:58.859,6.72571,6.73069,1.50,2.25
2012.02.03 06:25:59.474,6.72568,6.73069,1.50,2.25
2012.02.03 06:25:59.540,6.72571,6.73069,1.50,2.25
2012.02.03 06:25:59.816,6.72552,6.73069,1.50,2.25
2012.02.03 06:25:59.895,6.72552,6.73069,1.50,2.25
2012.02.03 06:26:00.032,6.72568,6.73069,1.50,2.25
2012.02.03 06:26:00.162,6.72558,6.73028,1.50,1.50
2012.02.03 06:26:00.522,6.72575,6.73028,1.50,1.50
2012.02.03 06:26:00.683,6.72568,6.73028,1.50,1.50
2012.02.03 06:26:01.380,6.72575,6.73028,1.50,1.50
2012.02.03 06:26:05.731,6.72567,6.73028,1.50,1.50
2012.02.03 06:26:05.927,6.72508,6.73028,1.50,2.25
2012.02.03 06:26:11.082,6.72538,6.73093,1.50,1.50
2012.02.03 06:26:12.509,6.72538,6.73073,1.50,1.50
2012.02.03 06:26:12.944,6.72538,6.73063,1.50,1.50
2012.02.03 06:26:13.461,6.72538,6.73042,1.50,1.50
2012.02.03 06:26:14.508,6.72542,6.73032,1.50,1.50
2012.02.03 06:26:16.288,6.72549,6.73043,1.50,1.50
2012.02.03 06:26:16.659,6.72518,6.73032,1.50,1.50
2012.02.03 06:26:31.029,6.72517,6.72953,1.50,1.50
2012.02.03 06:26:45.967,6.72508,6.72922,1.50,1.50
2012.02.03 06:27:26.830,6.72547,6.72923,1.50,1.50
2012.02.03 06:27:27.081,6.72527,6.72903,1.50,1.50
2012.02.03 06:27:37.071,6.72497,6.72873,1.50,1.50
2012.02.03 06:28:25.287,6.72507,6.72883,1.50,1.50
2012.02.03 06:28:41.738,6.72529,6.72912,1.50,1.50
2012.02.03 06:28:45.852,6.72507,6.72883,1.50,1.50
2012.02.03 06:28:52.655,6.72529,6.72912,1.50,1.50
2012.02.03 06:28:52.923,6.72517,6.72893,1.50,1.50
2012.02.03 06:29:02.651,6.72478,6.72852,1.50,1.50
2012.02.03 06:29:02.908,6.72447,6.72823,1.50,1.50
2012.02.03 06:29:03.630,6.72447,6.72823,1.50,1.50
2012.02.03 06:29:03.952,6.72457,6.72842,1.50,1.50
2012.02.03 06:29:08.781,6.72468,6.72842,1.50,1.50
2012.02.03 06:29:34.261,6.72467,6.72843,1.50,1.50
2012.02.03 06:29:58.690,6.72417,6.72793,1.50,1.50
2012.02.03 06:29:59.016,6.72407,6.72783,1.50,1.50
2012.02.03 06:29:59.838,6.72388,6.72762,1.50,1.50
2012.02.03 06:30:00.431,6.72425,6.72697,1.50,1.50
2012.02.03 06:30:00.772,6.72449,6.72673,1.50,1.50
2012.02.03 06:30:01.101,6.72433,6.72657,1.50,1.50
2012.02.03 06:30:02.132,6.72415,6.72621,2.25,1.50
2012.02.03 06:30:02.727,6.72415,6.72615,1.50,1.50
2012.02.03 06:30:02.804,6.72385,6.72591,1.50,1.50
2012.02.03 06:30:04.403,6.72361,6.72615,1.50,1.50
2012.02.03 06:30:04.470,6.7235,6.72626,2.25,1.50
2012.02.03 06:30:07.760,6.72331,6.72607,2.25,1.50
2012.02.03 06:30:11.427,6.72331,6.72607,2.25,1.50
2012.02.03 06:30:12.858,6.72351,6.72627,1.50,1.50
2012.02.03 06:30:13.457,6.72336,6.7261,2.25,1.50
2012.02.03 06:30:17.963,6.72352,6.72628,2.25,1.50
2012.02.03 06:30:18.640,6.72322,6.72598,2.25,1.50
2012.02.03 06:30:19.614,6.72344,6.72618,1.50,1.50
2012.02.03 06:30:19.682,6.72314,6.7259,2.25,1.50
2012.02.03 06:30:19.956,6.72314,6.7259,2.25,1.50
2012.02.03 06:30:24.006,6.72299,6.72575,2.25,1.50
2012.02.03 06:30:24.788,6.72299,6.72575,2.25,1.50
2012.02.03 06:30:25.176,6.72315,6.72589,2.25,2.25
2012.02.03 06:30:25.310,6.72294,6.7257,2.25,1.50
2012.02.03 06:30:25.380,6.72294,6.7257,1.50,1.50
2012.02.03 06:30:26.109,6.72294,6.7257,2.25,1.50
2012.02.03 06:30:26.181,6.7231,6.72586,2.25,1.50
2012.02.03 06:30:26.722,6.72294,6.72568,2.25,1.50
2012.02.03 06:30:26.921,6.72263,6.72537,2.25,1.50
2012.02.03 06:30:31.664,6.72246,6.72522,2.25,1.50
2012.02.03 06:30:37.072,6.72223,6.72545,2.25,1.50
2012.02.03 06:30:37.138,6.72188,6.72562,1.50,1.50
2012.02.03 06:30:39.190,6.72167,6.72552,1.50,1.50
2012.02.03 06:30:39.330,6.72167,6.72543,1.50,1.50
2012.02.03 06:30:40.221,6.72188,6.72562,1.50,1.50
2012.02.03 06:30:41.190,6.72188,6.72562,1.50,1.50
2012.02.03 06:30:41.689,6.72162,6.72525,1.35,1.50
2012.02.03 06:30:42.039,6.72178,6.72552,1.50,1.50
2012.02.03 06:30:42.360,6.72188,6.72562,1.50,1.50
2012.02.03 06:30:43.068,6.72188,6.72562,1.50,1.50
2012.02.03 06:30:43.210,6.72188,6.72562,1.50,1.50
2012.02.03 06:30:43.438,6.72188,6.72562,1.50,1.50
2012.02.03 06:30:44.051,6.72188,6.72562,1.50,1.50
2012.02.03 06:30:44.272,6.72188,6.72562,1.50,1.50
2012.02.03 06:30:45.454,6.72188,6.72562,1.50,1.50
2012.02.03 06:30:45.691,6.72188,6.72562,1.50,1.50
2012.02.03 06:30:47.392,6.72188,6.72562,1.50,1.50
2012.02.03 06:30:47.640,6.72188,6.72562,1.50,1.50
2012.02.03 06:30:48.713,6.72188,6.72562,1.50,1.50
2012.02.03 06:30:48.940,6.72188,6.72562,1.50,1.50
2012.02.03 06:30:50.805,6.72198,6.72572,1.50,1.50
2012.02.03 06:30:51.080,6.72198,6.72572,1.50,1.50
2012.02.03 06:30:54.760,6.72198,6.72572,1.50,1.50
2012.02.03 06:30:55.110,6.72177,6.72553,1.50,1.50
2012.02.03 06:30:55.431,6.72167,6.72543,1.50,1.50
2012.02.03 06:31:00.794,6.72162,6.72523,1.35,1.50
2012.02.03 06:31:01.581,6.72128,6.72502,1.50,1.50
2012.02.03 06:31:02.623,6.72147,6.72523,1.50,1.50
2012.02.03 06:31:02.954,6.72127,6.72503,1.50,1.50
2012.02.03 06:31:04.212,6.72147,6.72523,1.50,1.50
2012.02.03 06:31:04.713,6.72188,6.72562,1.50,1.50
2012.02.03 06:31:05.431,6.72158,6.72532,1.50,1.50
2012.02.03 06:31:06.264,6.72167,6.72543,1.50,1.50
2012.02.03 06:31:08.731,6.72137,6.72513,3.00,1.50
2012.02.03 06:31:15.812,6.72118,6.72492,1.50,1.50
2012.02.03 06:31:18.721,6.72117,6.72462,1.35,1.50
2012.02.03 06:31:18.816,6.72045,6.72383,1.35,1.50
2012.02.03 06:31:18.913,6.72045,6.7238,1.35,1.50
2012.02.03 06:31:19.262,6.72045,6.72373,1.35,1.50
2012.02.03 06:31:20.230,6.72045,6.72373,1.35,1.50
2012.02.03 06:31:20.663,6.72045,6.7236,1.35,1.50
2012.02.03 06:31:20.979,6.72045,6.72353,1.35,1.50
2012.02.03 06:31:21.468,6.72045,6.72382,1.35,1.50
2012.02.03 06:31:23.293,6.72045,6.72393,1.35,1.50
2012.02.03 06:31:26.681,6.72077,6.72393,3.00,1.50
2012.02.03 06:31:30.332,6.72077,6.72413,3.00,1.50
2012.02.03 06:31:40.561,6.72097,6.72432,3.00,1.50
2012.02.03 06:31:40.704,6.72108,6.72443,3.00,1.50
2012.02.03 06:31:42.255,6.72117,6.72429,3.00,1.50
2012.02.03 06:31:42.321,6.72117,6.72443,3.00,1.50
2012.02.03 06:31:42.451,6.72128,6.72429,3.00,1.50
2012.02.03 06:31:42.761,6.72137,6.72422,3.00,1.50
2012.02.03 06:31:42.992,6.72137,6.72422,3.00,1.50
2012.02.03 06:31:45.242,6.72158,6.72442,3.00,1.50
2012.02.03 06:31:47.998,6.72158,6.72473,2.25,1.50
2012.02.03 06:31:48.067,6.72118,6.72473,3.00,1.50
2012.02.03 06:31:48.198,6.72118,6.72473,3.00,1.50
2012.02.03 06:31:48.739,6.72177,6.72452,3.00,1.50
2012.02.03 06:31:50.730,6.72127,6.72493,3.00,1.50
2012.02.03 06:31:58.112,6.72157,6.72533,1.50,1.50
2012.02.03 06:32:01.150,6.72177,6.72552,1.50,1.50
2012.02.03 06:32:02.515,6.72177,6.72563,1.50,1.50
2012.02.03 06:32:02.581,6.72177,6.72553,1.50,1.50
2012.02.03 06:32:11.807,6.72177,6.72552,1.50,1.50
2012.02.03 06:32:14.346,6.72168,6.72542,1.50,1.50
2012.02.03 06:32:22.552,6.72144,6.72522,2.25,1.50
2012.02.03 06:32:22.689,6.72144,6.72513,1.50,1.50
2012.02.03 06:32:23.360,6.72143,6.72513,2.25,1.50
2012.02.03 06:32:23.435,6.72157,6.72522,2.25,1.50
2012.02.03 06:32:24.551,6.72174,6.72532,1.50,1.50
2012.02.03 06:32:25.008,6.72158,6.72532,1.50,1.50
2012.02.03 06:32:27.030,6.72136,6.72522,1.50,1.50
2012.02.03 06:32:27.637,6.7216,6.72532,2.25,1.50
2012.02.03 06:32:29.610,6.72179,6.72532,1.50,1.50
2012.02.03 06:32:36.948,6.72179,6.72532,2.25,1.50
2012.02.03 06:32:38.395,6.72182,6.72563,1.50,1.50
2012.02.03 06:32:38.462,6.72179,6.72553,2.25,1.50
2012.02.03 06:32:49.094,6.72198,6.72553,2.25,1.50
2012.02.03 06:32:49.424,6.72215,6.72603,2.25,1.50
2012.02.03 06:32:49.739,6.72255,6.72613,1.50,1.50
2012.02.03 06:32:50.160,6.72238,6.72622,2.25,1.50
2012.02.03 06:32:50.641,6.72238,6.72612,3.00,1.50
2012.02.03 06:32:50.721,6.72241,6.72623,1.50,1.50
2012.02.03 06:32:58.358,6.72255,6.72623,1.50,1.50
2012.02.03 06:33:00.719,6.72255,6.72632,2.25,1.50
2012.02.03 06:33:01.240,6.72256,6.72632,1.50,1.50
2012.02.03 06:33:01.830,6.72256,6.72643,1.50,1.50
2012.02.03 06:33:02.266,6.72277,6.72632,1.50,1.50
2012.02.03 06:33:04.491,6.72277,6.72632,2.25,1.50
2012.02.03 06:33:05.051,6.72263,6.72632,1.50,1.50
2012.02.03 06:33:05.190,6.72256,6.72632,1.50,1.50
2012.02.03 06:33:05.266,6.72248,6.72622,1.50,1.50
2012.02.03 06:33:11.974,6.72246,6.72622,1.50,1.50
2012.02.03 06:33:12.099,6.72244,6.72612,2.25,1.50
2012.02.03 06:33:12.172,6.72246,6.72633,1.50,1.50
2012.02.03 06:33:12.638,6.7226,6.72633,1.50,1.50
2012.02.03 06:33:13.293,6.72246,6.72633,1.50,1.50
2012.02.03 06:33:13.539,6.72245,6.72612,2.25,1.50
2012.02.03 06:33:13.920,6.72246,6.72633,1.50,1.50
2012.02.03 06:33:17.389,6.72246,6.72642,1.50,1.50
2012.02.03 06:33:17.589,6.72268,6.72642,1.50,1.50
2012.02.03 06:33:18.123,6.72297,6.72673,2.25,1.50
2012.02.03 06:33:18.201,6.72297,6.72673,2.25,1.50
2012.02.03 06:33:18.272,6.72297,6.72689,2.25,1.35
2012.02.03 06:33:18.341,6.72297,6.72683,2.25,1.50
2012.02.03 06:33:18.734,6.72297,6.72689,2.25,1.35
2012.02.03 06:33:19.181,6.72297,6.72682,2.25,1.50
2012.02.03 06:33:20.472,6.72297,6.72689,2.25,1.35
2012.02.03 06:33:20.868,6.72297,6.72689,2.25,1.35
2012.02.03 06:33:22.143,6.72314,6.72689,1.50,1.35
2012.02.03 06:33:22.268,6.72314,6.72689,1.50,1.35
2012.02.03 06:33:22.470,6.72314,6.72689,1.50,1.35
2012.02.03 06:33:23.580,6.72314,6.72689,1.50,1.35
2012.02.03 06:33:24.147,6.72314,6.72689,1.50,1.35
2012.02.03 06:33:24.221,6.72314,6.72689,1.50,1.35
2012.02.03 06:33:33.803,6.72314,6.72689,1.50,1.35
2012.02.03 06:33:35.523,6.72314,6.72689,1.50,1.35
2012.02.03 06:33:36.003,6.72314,6.72689,1.50,1.35
2012.02.03 06:33:36.228,6.72308,6.72682,1.50,1.50
2012.02.03 06:33:38.429,6.72314,6.72689,1.50,1.35
2012.02.03 06:33:39.020,6.72314,6.72689,1.50,1.35
2012.02.03 06:33:39.452,6.72328,6.72703,1.50,1.50
2012.02.03 06:33:39.781,6.72314,6.72723,1.50,1.50
2012.02.03 06:33:39.910,6.72314,6.72703,1.50,1.50
2012.02.03 06:33:40.412,6.72328,6.72703,1.50,1.50
2012.02.03 06:33:41.200,6.72328,6.72703,1.50,1.50
2012.02.03 06:33:41.290,6.72328,6.72712,2.25,1.50
2012.02.03 06:33:43.597,6.72318,6.72692,1.50,1.50
2012.02.03 06:33:43.789,6.72307,6.72692,1.50,1.50
2012.02.03 06:33:46.717,6.72307,6.72683,1.50,1.50
2012.02.03 06:33:46.787,6.72307,6.72693,1.50,1.50
2012.02.03 06:33:48.600,6.72307,6.72683,1.50,1.50
2012.02.03 06:33:49.262,6.72307,6.72692,1.50,1.50
2012.02.03 06:33:56.176,6.72307,6.72712,1.50,1.50
2012.02.03 06:33:57.366,6.72316,6.72723,2.25,1.50
2012.02.03 06:33:57.503,6.72337,6.7274,1.50,2.25
2012.02.03 06:33:57.630,6.72337,6.7274,1.50,2.25
2012.02.03 06:33:57.698,6.72345,6.7274,1.50,2.25
2012.02.03 06:33:57.902,6.72352,6.72762,2.25,1.50
2012.02.03 06:34:00.601,6.72345,6.7276,1.50,2.25
2012.02.03 06:34:00.969,6.72366,6.7277,1.50,1.35
2012.02.03 06:34:01.045,6.72366,6.7277,1.50,1.35
2012.02.03 06:34:01.727,6.72366,6.7277,1.50,1.35
2012.02.03 06:34:03.621,6.72371,6.7277,2.25,1.35
2012.02.03 06:34:03.690,6.72371,6.7277,2.25,1.35
2012.02.03 06:34:04.169,6.72371,6.7277,2.25,1.35
2012.02.03 06:34:05.051,6.72386,6.7277,1.50,1.35
2012.02.03 06:34:05.709,6.72386,6.7277,1.50,1.35
2012.02.03 06:34:13.912,6.72386,6.7277,1.50,1.35
2012.02.03 06:34:14.239,6.72386,6.7277,1.50,1.35
2012.02.03 06:34:16.967,6.72386,6.7277,1.50,1.35
2012.02.03 06:34:22.553,6.72386,6.7277,1.50,1.35
2012.02.03 06:34:26.406,6.72387,6.7277,2.25,1.35
2012.02.03 06:34:27.257,6.72407,6.7283,3.00,2.25
2012.02.03 06:34:27.331,6.72436,6.7283,1.50,2.25
2012.02.03 06:34:27.509,6.72436,6.72823,1.50,1.50
2012.02.03 06:34:27.644,6.72415,6.72811,1.50,2.25
2012.02.03 06:34:29.759,6.72415,6.72802,1.50,1.50
2012.02.03 06:34:33.682,6.72415,6.72828,1.50,2.25
2012.02.03 06:34:33.931,6.72415,6.72813,1.50,1.50
2012.02.03 06:34:34.119,6.72415,6.72821,1.50,2.25
2012.02.03 06:34:36.789,6.72415,6.72821,1.50,2.25
2012.02.03 06:34:38.610,6.72415,6.72821,1.50,2.25
2012.02.03 06:34:38.821,6.72433,6.72821,1.50,2.25
2012.02.03 06:34:38.890,6.72433,6.72821,1.50,2.25
2012.02.03 06:34:40.597,6.72433,6.72821,1.50,2.25
2012.02.03 06:34:48.263,6.72428,6.72802,1.50,3.00
2012.02.03 06:34:48.391,6.72404,6.72802,1.50,3.00
2012.02.03 06:34:48.645,6.72404,6.72782,1.50,1.50
2012.02.03 06:34:48.772,6.72397,6.72773,1.50,1.50
2012.02.03 06:34:53.358,6.72404,6.72782,1.50,1.50
2012.02.03 06:34:54.172,6.72404,6.72783,1.50,2.25
2012.02.03 06:35:05.122,6.72404,6.72783,1.50,3.00
2012.02.03 06:35:16.951,6.72404,6.72783,1.50,2.25
2012.02.03 06:35:19.008,6.72404,6.72783,1.50,2.25
2012.02.03 06:35:19.198,6.72404,6.72783,1.50,3.00
2012.02.03 06:35:23.719,6.72388,6.72762,1.50,1.50
2012.02.03 06:35:23.789,6.72386,6.72762,1.50,1.50
2012.02.03 06:35:24.194,6.72377,6.72753,1.50,1.50
2012.02.03 06:35:24.310,6.72372,6.72753,1.50,1.50
2012.02.03 06:35:24.634,6.72372,6.72762,1.50,1.50
2012.02.03 06:35:26.402,6.72372,6.72766,1.50,2.25
2012.02.03 06:35:26.831,6.72372,6.72763,1.50,1.50
2012.02.03 06:35:27.653,6.72372,6.72782,1.50,2.25
2012.02.03 06:35:27.899,6.72391,6.72783,1.50,1.50
2012.02.03 06:35:27.970,6.72391,6.72793,1.50,2.10
2012.02.03 06:35:28.291,6.72391,6.72793,3.00,1.35
2012.02.03 06:35:28.542,6.72423,6.72793,1.50,1.35
2012.02.03 06:35:29.240,6.72423,6.72793,1.50,1.35
2012.02.03 06:35:30.368,6.72423,6.72793,1.50,1.35
2012.02.03 06:35:32.249,6.72423,6.72793,1.50,1.35
2012.02.03 06:35:33.241,6.72423,6.72793,1.50,1.35
2012.02.03 06:35:48.089,6.72423,6.72793,1.50,1.35
2012.02.03 06:35:59.586,6.72423,6.72793,1.50,1.35
2012.02.03 06:36:04.601,6.72423,6.72793,1.50,1.35
2012.02.03 06:36:04.857,6.72423,6.72793,1.50,1.35
2012.02.03 06:36:09.420,6.72423,6.72793,1.50,1.35
2012.02.03 06:36:09.727,6.72423,6.72793,1.50,1.35
2012.02.03 06:36:10.427,6.72423,6.72793,1.50,1.35
2012.02.03 06:36:11.487,6.72423,6.72793,1.50,1.35
2012.02.03 06:36:11.741,6.72423,6.72793,1.50,1.35
2012.02.03 06:36:11.930,6.72423,6.72793,1.50,1.35
2012.02.03 06:36:20.024,6.72423,6.72799,1.50,2.25
2012.02.03 06:36:20.229,6.72423,6.72799,1.50,2.25
2012.02.03 06:36:27.869,6.72423,6.72799,1.50,2.25
2012.02.03 06:36:27.938,6.72423,6.72799,1.50,2.25
2012.02.03 06:36:28.528,6.72377,6.72799,3.00,1.50
2012.02.03 06:36:29.239,6.72403,6.72799,1.50,2.25
2012.02.03 06:36:29.698,6.72403,6.72799,1.50,2.25
2012.02.03 06:36:31.939,6.72403,6.72799,1.50,2.25
2012.02.03 06:36:33.147,6.72403,6.72802,1.50,1.50
2012.02.03 06:36:34.212,6.72403,6.72783,1.50,1.50
2012.02.03 06:36:34.476,6.72403,6.72792,1.50,2.25
2012.02.03 06:36:34.548,6.72403,6.72783,1.50,1.50
2012.02.03 06:36:35.095,6.72398,6.72772,1.50,1.50
2012.02.03 06:36:35.164,6.72403,6.72782,1.50,1.50
2012.02.03 06:36:35.323,6.72397,6.72773,1.50,1.50
2012.02.03 06:36:35.723,6.72384,6.72772,1.50,1.50
2012.02.03 06:36:36.071,6.72384,6.72763,1.50,1.50
2012.02.03 06:36:36.670,6.72377,6.72753,1.50,1.50
2012.02.03 06:36:36.799,6.72368,6.72742,1.50,1.50
2012.02.03 06:36:41.653,6.7235,6.72732,1.50,1.50
2012.02.03 06:36:41.978,6.7235,6.72743,1.50,1.50
2012.02.03 06:36:42.170,6.7235,6.72733,1.50,1.50
2012.02.03 06:36:44.930,6.7235,6.72742,1.50,1.50
2012.02.03 06:36:45.425,6.7235,6.72752,1.50,1.50
2012.02.03 06:36:45.615,6.7235,6.72743,1.50,1.50
2012.02.03 06:36:46.244,6.7235,6.72732,1.50,1.50
2012.02.03 06:36:46.941,6.7235,6.72742,1.50,1.50
2012.02.03 06:36:47.188,6.7235,6.72732,1.50,1.50
2012.02.03 06:36:48.878,6.72337,6.72713,1.50,1.50
2012.02.03 06:36:49.774,6.7235,6.72733,1.50,1.50
2012.02.03 06:36:49.981,6.72347,6.72723,1.50,1.50
2012.02.03 06:36:50.108,6.7235,6.72743,1.50,1.50
2012.02.03 06:36:50.358,6.72348,6.72722,1.50,1.50
2012.02.03 06:36:50.428,6.7235,6.72742,1.50,1.50
2012.02.03 06:36:50.557,6.72348,6.72722,1.50,1.50
2012.02.03 06:36:50.688,6.7235,6.72743,1.50,1.50
2012.02.03 06:36:50.879,6.72348,6.72722,1.50,1.50
2012.02.03 06:36:51.011,6.7235,6.72743,1.50,1.50
2012.02.03 06:36:51.339,6.72347,6.72723,1.50,1.50
2012.02.03 06:36:51.894,6.7235,6.72733,1.50,1.50
2012.02.03 06:36:52.098,6.72348,6.72722,1.50,1.50
2012.02.03 06:36:54.833,6.7235,6.72732,1.50,1.50
2012.02.03 06:36:54.960,6.72348,6.72722,1.50,1.50
2012.02.03 06:36:55.029,6.7235,6.72743,1.50,1.50
2012.02.03 06:36:55.563,6.7235,6.72742,1.50,1.50
2012.02.03 06:36:55.630,6.72348,6.72722,1.50,1.50
2012.02.03 06:36:55.701,6.7235,6.72742,1.50,1.50
2012.02.03 06:36:56.258,6.7235,6.72732,1.50,1.50
2012.02.03 06:36:56.557,6.72348,6.72722,1.50,1.50
2012.02.03 06:36:56.860,6.7235,6.72732,1.50,1.50
2012.02.03 06:36:57.071,6.72348,6.72722,1.50,1.50
2012.02.03 06:36:59.851,6.7235,6.72742,1.50,1.50
2012.02.03 06:36:59.923,6.72347,6.72723,1.50,1.50
2012.02.03 06:37:00.068,6.7235,6.72743,1.50,1.50
2012.02.03 06:37:00.241,6.72347,6.72723,1.50,1.50
2012.02.03 06:37:00.367,6.7235,6.72743,1.50,1.50
2012.02.03 06:37:00.627,6.7235,6.72732,1.50,1.50
2012.02.03 06:37:00.697,6.7235,6.72752,1.50,1.50
2012.02.03 06:37:01.208,6.7235,6.72753,1.50,1.50
2012.02.03 06:37:01.278,6.72347,6.72723,1.50,1.50
2012.02.03 06:37:01.889,6.7235,6.72733,1.50,1.50
2012.02.03 06:37:02.139,6.72347,6.72723,1.50,1.50
2012.02.03 06:37:04.749,6.7235,6.72733,1.50,1.50
2012.02.03 06:37:05.000,6.72348,6.72722,1.50,1.50
2012.02.03 06:37:05.129,6.7235,6.72743,1.50,1.50
2012.02.03 06:37:05.437,6.7235,6.72753,1.50,1.50
2012.02.03 06:37:05.571,6.7235,6.72733,1.50,1.50
2012.02.03 06:37:05.639,6.7235,6.72753,1.50,1.50
2012.02.03 06:37:06.557,6.72371,6.72753,1.50,1.50
2012.02.03 06:37:09.607,6.72368,6.72742,1.50,1.50
2012.02.03 06:37:09.738,6.72371,6.72752,1.50,1.50
2012.02.03 06:37:10.077,6.72368,6.72742,1.50,1.50
2012.02.03 06:37:14.431,6.72358,6.72742,1.50,1.50
2012.02.03 06:37:14.559,6.72348,6.72722,1.50,1.50
2012.02.03 06:37:14.690,6.72358,6.72742,1.50,1.50
2012.02.03 06:37:14.877,6.72358,6.72732,1.50,1.50
2012.02.03 06:37:15.011,6.72358,6.72742,1.50,1.50
2012.02.03 06:37:15.462,6.72357,6.72733,1.50,1.50
2012.02.03 06:37:18.836,6.72358,6.72747,1.50,2.25
2012.02.03 06:37:19.450,6.72358,6.72732,1.50,1.50
2012.02.03 06:37:19.518,6.72358,6.72753,1.50,1.50
2012.02.03 06:37:19.770,6.72371,6.72753,1.50,1.50
2012.02.03 06:37:20.041,6.72371,6.72763,1.50,1.50
2012.02.03 06:37:21.811,6.72371,6.72752,1.50,1.50
2012.02.03 06:37:22.299,6.72368,6.72742,1.50,1.50
2012.02.03 06:37:27.069,6.72371,6.72752,1.50,1.50
2012.02.03 06:37:28.223,6.72371,6.72762,1.50,1.50
2012.02.03 06:37:29.430,6.72371,6.72753,1.50,1.50
2012.02.03 06:37:30.505,6.72394,6.72783,1.50,1.50
2012.02.03 06:37:31.533,6.72394,6.72773,1.50,1.50
2012.02.03 06:37:31.658,6.72394,6.72783,1.50,1.50
2012.02.03 06:37:31.960,6.72394,6.72772,1.50,1.50
2012.02.03 06:37:33.389,6.72377,6.72753,1.50,1.50
2012.02.03 06:37:47.472,6.72394,6.72772,1.50,1.50
2012.02.03 06:37:48.019,6.72394,6.72783,1.50,1.50
2012.02.03 06:37:50.104,6.72394,6.72772,1.50,1.50
2012.02.03 06:37:50.332,6.72419,6.72802,1.50,1.50
2012.02.03 06:37:50.653,6.72419,6.72812,1.50,1.50
2012.02.03 06:37:51.033,6.72419,6.72822,1.50,1.73
2012.02.03 06:37:51.914,6.72445,6.72832,1.50,2.36
2012.02.03 06:37:51.989,6.72445,6.72823,1.50,1.73
2012.02.03 06:37:52.065,6.72445,6.72832,1.50,1.25
2012.02.03 06:37:52.333,6.72467,6.72832,1.50,1.25
2012.02.03 06:37:52.522,6.72467,6.72832,1.50,1.25
2012.02.03 06:37:52.752,6.72467,6.72832,1.50,1.25
2012.02.03 06:37:52.880,6.72467,6.72832,1.50,1.25
2012.02.03 06:37:54.258,6.72467,6.72832,1.50,1.25
2012.02.03 06:37:55.472,6.72467,6.72832,1.50,1.25
2012.02.03 06:37:55.701,6.72467,6.72832,1.50,1.25
2012.02.03 06:37:56.283,6.72467,6.72832,1.50,1.25
2012.02.03 06:37:56.898,6.72467,6.72832,1.50,1.25
2012.02.03 06:37:57.598,6.72467,6.72832,1.50,1.25
2012.02.03 06:38:00.323,6.72467,6.72832,1.50,1.25
2012.02.03 06:38:00.984,6.72467,6.72832,1.50,1.25
2012.02.03 06:38:01.171,6.72483,6.72832,1.50,1.36
2012.02.03 06:38:01.513,6.72483,6.72832,1.50,1.36
2012.02.03 06:38:01.738,6.72483,6.72832,1.50,1.36
2012.02.03 06:38:02.907,6.72483,6.72832,1.50,1.36
2012.02.03 06:38:03.227,6.72494,6.72832,1.50,1.61
2012.02.03 06:38:04.335,6.72494,6.72832,1.50,1.61
2012.02.03 06:38:04.650,6.72494,6.72832,1.50,1.61
2012.02.03 06:38:05.113,6.72494,6.72832,1.50,1.61
2012.02.03 06:38:10.977,6.72507,6.7288,1.50,1.35
2012.02.03 06:38:11.155,6.72496,6.7288,1.50,1.35
2012.02.03 06:38:13.411,6.72491,6.7288,1.50,1.35
2012.02.03 06:38:18.278,6.72491,6.7288,1.50,1.35
2012.02.03 06:38:18.645,6.72491,6.7288,1.50,1.35
2012.02.03 06:38:25.659,6.72491,6.7288,1.50,1.35
2012.02.03 06:38:25.730,6.72491,6.7288,1.50,1.35
2012.02.03 06:38:27.015,6.72491,6.7288,1.50,1.35
2012.02.03 06:38:27.227,6.72491,6.7288,1.50,1.35
2012.02.03 06:38:29.374,6.72494,6.7288,2.25,1.35
2012.02.03 06:38:29.440,6.72494,6.7288,2.25,1.35
2012.02.03 06:38:37.440,6.72494,6.7288,2.25,1.35
2012.02.03 06:38:47.022,6.72494,6.7288,2.25,1.35
2012.02.03 06:38:53.457,6.72494,6.72918,2.25,2.25
2012.02.03 06:38:53.658,6.72509,6.72918,1.50,2.25
2012.02.03 06:38:55.017,6.72509,6.72918,1.50,2.25
2012.02.03 06:38:55.377,6.72509,6.72918,1.50,2.25
2012.02.03 06:38:58.157,6.72509,6.72918,1.50,2.25
2012.02.03 06:39:00.593,6.72509,6.72918,1.50,2.25
2012.02.03 06:39:08.119,6.72509,6.72904,1.50,2.25
2012.02.03 06:39:13.399,6.72509,6.72913,1.50,1.50
2012.02.03 06:39:14.966,6.72509,6.72902,1.50,1.50
2012.02.03 06:39:15.033,6.72509,6.72892,1.50,1.50
2012.02.03 06:39:15.599,6.72509,6.72902,1.50,1.50
2012.02.03 06:39:17.523,6.72509,6.72904,1.50,2.25
2012.02.03 06:39:17.894,6.72509,6.72902,1.50,1.50
2012.02.03 06:39:18.349,6.72509,6.72904,1.50,2.25
2012.02.03 06:39:18.417,6.72509,6.72903,1.50,1.50
2012.02.03 06:39:19.011,6.72509,6.72904,1.50,2.25
2012.02.03 06:39:19.077,6.72509,6.72902,1.50,1.50
2012.02.03 06:39:19.229,6.72509,6.72904,1.50,2.25
2012.02.03 06:39:20.670,6.72509,6.72904,1.50,2.25
2012.02.03 06:39:21.249,6.72523,6.72912,2.25,1.50
2012.02.03 06:39:21.831,6.72523,6.72923,2.25,1.50
2012.02.03 06:39:23.190,6.72523,6.72912,2.25,1.50
2012.02.03 06:39:23.258,6.7253,6.72912,1.50,1.50
2012.02.03 06:39:23.364,6.7253,6.72923,1.50,1.50
2012.02.03 06:39:24.570,6.7253,6.72922,1.50,1.50
2012.02.03 06:39:26.270,6.7253,6.72913,1.50,1.50
2012.02.03 06:39:28.977,6.7253,6.72923,1.50,1.50
2012.02.03 06:39:33.591,6.72527,6.72903,1.50,1.50
2012.02.03 06:39:33.718,6.7253,6.72912,1.50,1.50
2012.02.03 06:39:36.757,6.72527,6.72903,1.50,1.50
2012.02.03 06:39:37.648,6.7253,6.72912,1.50,1.50
2012.02.03 06:39:47.309,6.7253,6.72913,1.50,1.50
2012.02.03 06:39:57.214,6.72528,6.72902,1.50,1.50
2012.02.03 06:39:57.350,6.7253,6.72912,1.50,1.50
2012.02.03 06:39:59.521,6.72527,6.72903,1.50,1.50
2012.02.03 06:39:59.750,6.7253,6.72912,1.50,1.50
2012.02.03 06:40:00.413,6.72527,6.72903,1.50,1.50
2012.02.03 06:40:01.795,6.72523,6.72893,1.50,1.50
2012.02.03 06:40:02.170,6.72523,6.72913,2.25,1.50
2012.02.03 06:40:02.239,6.72527,6.72903,1.50,1.50
2012.02.03 06:40:03.269,6.72535,6.72902,1.50,1.50
2012.02.03 06:40:04.491,6.72523,6.72902,2.25,1.50
2012.02.03 06:40:04.559,6.72537,6.72902,1.50,1.50
2012.02.03 06:40:08.514,6.72537,6.72912,1.50,1.50
2012.02.03 06:40:08.670,6.72537,6.72903,1.50,1.50
2012.02.03 06:40:08.773,6.72537,6.72912,1.50,1.50
2012.02.03 06:40:10.333,6.72523,6.72903,2.25,1.50
2012.02.03 06:40:11.349,6.72504,6.72903,2.25,1.50
2012.02.03 06:40:11.543,6.72542,6.72912,1.50,1.50
2012.02.03 06:40:13.182,6.72537,6.72903,1.50,1.50
2012.02.03 06:40:13.308,6.72542,6.72912,1.50,1.50
2012.02.03 06:40:17.114,6.72528,6.72892,1.50,1.50
2012.02.03 06:40:17.184,6.72512,6.72892,1.50,1.50
2012.02.03 06:40:18.197,6.72512,6.72893,1.50,1.50
2012.02.03 06:40:18.724,6.72512,6.72902,1.50,1.50
2012.02.03 06:40:18.836,6.72512,6.72892,1.50,1.50
2012.02.03 06:40:23.022,6.72512,6.72882,1.50,1.50
2012.02.03 06:40:23.118,6.72512,6.72893,1.50,1.50
2012.02.03 06:40:23.231,6.72512,6.72883,1.50,1.50
2012.02.03 06:40:23.717,6.72512,6.72892,1.50,1.50
2012.02.03 06:40:23.787,6.72512,6.72883,1.50,1.50
2012.02.03 06:40:24.660,6.72512,6.72892,1.50,1.50
2012.02.03 06:40:29.640,6.72512,6.72882,1.50,1.50
2012.02.03 06:40:29.834,6.72508,6.72872,1.50,1.50
2012.02.03 06:40:30.020,6.72477,6.72843,1.50,1.50
2012.02.03 06:40:30.281,6.72477,6.72843,1.50,1.50
2012.02.03 06:40:32.432,6.72447,6.72813,1.50,1.50
2012.02.03 06:40:45.550,6.72447,6.72813,1.50,1.73
2012.02.03 06:40:46.940,6.72447,6.72813,1.50,1.73
2012.02.03 06:40:53.956,6.72464,6.72823,1.50,1.34
2012.02.03 06:40:54.155,6.72467,6.72823,1.50,1.34
2012.02.03 06:40:54.227,6.72475,6.72823,1.50,1.34
2012.02.03 06:40:54.690,6.72467,6.72823,1.50,1.34
2012.02.03 06:40:56.186,6.72475,6.72823,1.50,1.34
2012.02.03 06:40:56.265,6.725,6.72858,1.50,2.25
2012.02.03 06:40:56.331,6.72477,6.72833,1.50,1.50
2012.02.03 06:40:56.773,6.72467,6.72823,1.50,1.50
2012.02.03 06:41:00.591,6.72468,6.72832,1.50,1.73
2012.02.03 06:41:00.963,6.72468,6.72832,1.50,1.50
2012.02.03 06:41:04.650,6.72468,6.72852,1.50,1.50
2012.02.03 06:41:05.312,6.72476,6.72843,1.50,1.50
2012.02.03 06:41:05.788,6.72477,6.72843,1.50,1.50
2012.02.03 06:41:27.302,6.72477,6.72843,1.50,1.50
2012.02.03 06:41:37.162,6.72458,6.72812,1.50,1.50
2012.02.03 06:41:39.468,6.72468,6.72822,1.50,1.50
2012.02.03 06:41:40.692,6.72438,6.72792,1.50,1.50
2012.02.03 06:42:09.061,6.72468,6.72822,1.50,1.50
2012.02.03 06:42:09.332,6.72498,6.72852,1.50,1.50
2012.02.03 06:42:16.566,6.72537,6.72848,1.50,2.25
2012.02.03 06:42:16.636,6.72537,6.72882,1.50,2.25
2012.02.03 06:42:17.249,6.72548,6.72902,1.50,1.50
2012.02.03 06:42:34.650,6.72538,6.72892,1.50,1.50
2012.02.03 06:42:36.083,6.72498,6.72852,1.50,1.50
2012.02.03 06:42:50.010,6.72547,6.72882,2.85,1.73
2012.02.03 06:42:50.081,6.72573,6.72882,1.35,1.73
2012.02.03 06:42:50.692,6.72573,6.72892,1.35,1.50
2012.02.03 06:42:54.409,6.72617,6.72913,1.50,1.50
2012.02.03 06:42:54.599,6.72705,6.73069,1.35,1.50
2012.02.03 06:42:54.730,6.72667,6.73029,3.00,1.35
2012.02.03 06:42:55.150,6.72668,6.72989,1.50,1.35
2012.02.03 06:42:55.371,6.72671,6.72989,1.50,1.35
2012.02.03 06:42:55.441,6.72657,6.72989,1.50,1.35
2012.02.03 06:42:55.509,6.72657,6.72989,1.50,1.35
2012.02.03 06:42:55.950,6.72618,6.7292,4.50,1.35
2012.02.03 06:42:56.021,6.72618,6.72904,2.25,1.35
2012.02.03 06:42:56.694,6.72599,6.72904,2.25,1.35
2012.02.03 06:43:01.239,6.72599,6.72973,2.25,1.50
2012.02.03 06:43:01.691,6.72634,6.72991,2.25,1.35
2012.02.03 06:43:02.569,6.72597,6.72959,1.50,2.25
2012.02.03 06:43:24.096,6.72637,6.72993,1.50,1.50
2012.02.03 06:43:36.775,6.72648,6.73002,1.50,1.50
2012.02.03 06:43:45.053,6.72628,6.72982,1.50,1.50
2012.02.03 06:43:59.241,6.72608,6.72962,1.50,1.50
2012.02.03 06:44:02.110,6.72618,6.72982,1.50,1.50
2012.02.03 06:44:07.111,6.72627,6.72983,3.75,1.50
2012.02.03 06:44:07.420,6.72647,6.72972,3.00,1.50
2012.02.03 06:44:08.482,6.72668,6.72982,1.50,1.50
2012.02.03 06:44:10.581,6.72717,6.73013,1.50,1.50
2012.02.03 06:44:11.242,6.72717,6.73013,1.50,1.50
2012.02.03 06:44:15.857,6.72727,6.73023,1.50,1.50
2012.02.03 06:44:16.169,6.72747,6.73043,1.50,1.50
2012.02.03 06:44:16.374,6.72747,6.73043,1.50,1.50
2012.02.03 06:44:16.637,6.72777,6.73069,1.50,2.25
2012.02.03 06:44:18.302,6.72807,6.73103,1.50,1.50
2012.02.03 06:44:19.722,6.72828,6.73122,1.50,1.50
2012.02.03 06:44:21.529,6.728,6.73123,1.35,1.50
2012.02.03 06:44:27.319,6.72828,6.73122,1.50,1.50
2012.02.03 06:44:29.951,6.72858,6.73168,1.50,1.35
2012.02.03 06:44:30.330,6.72858,6.73168,1.50,1.35
2012.02.03 06:44:30.611,6.72858,6.73168,1.50,1.35
2012.02.03 06:44:31.359,6.7274,6.73138,2.25,1.35
2012.02.03 06:44:31.502,6.7274,6.73138,2.25,1.35
2012.02.03 06:44:32.261,6.72777,6.73138,1.50,1.35
2012.02.03 06:44:34.621,6.72818,6.73122,1.50,1.50
2012.02.03 06:44:40.891,6.72798,6.73112,1.50,1.50
2012.02.03 06:44:41.702,6.72828,6.73142,1.50,1.50
2012.02.03 06:44:41.905,6.72838,6.73152,1.50,1.50
2012.02.03 06:44:45.044,6.72828,6.73142,1.50,1.50
2012.02.03 06:44:46.054,6.72817,6.73133,1.50,1.50
2012.02.03 06:44:47.791,6.72817,6.73133,1.50,1.50
2012.02.03 06:44:47.994,6.72808,6.73122,1.50,1.50
2012.02.03 06:44:48.297,6.72808,6.73122,1.50,1.50
2012.02.03 06:44:48.653,6.72807,6.73123,1.50,1.50
2012.02.03 06:44:48.724,6.72797,6.73113,1.50,1.50
2012.02.03 06:44:53.254,6.72777,6.73093,1.50,1.50
2012.02.03 06:44:55.995,6.72777,6.73093,1.50,1.50
2012.02.03 06:44:56.254,6.72838,6.73152,1.50,1.50
2012.02.03 06:44:56.574,6.72838,6.73152,1.50,1.50
2012.02.03 06:45:01.883,6.72837,6.73153,1.50,1.50
2012.02.03 06:45:04.153,6.72857,6.73173,1.50,1.50
2012.02.03 06:45:04.373,6.72857,6.73173,1.50,1.50
2012.02.03 06:45:08.652,6.72847,6.73163,1.50,1.50
2012.02.03 06:45:10.687,6.72867,6.73173,1.50,1.50
2012.02.03 06:45:10.953,6.72877,6.73173,1.50,1.50
2012.02.03 06:45:14.851,6.72868,6.73162,1.50,1.50
2012.02.03 06:45:16.812,6.72838,6.73132,1.50,1.50
2012.02.03 06:45:20.553,6.72858,6.73152,1.50,1.50
2012.02.03 06:45:21.073,6.72858,6.73152,1.50,1.50
2012.02.03 06:45:21.847,6.72868,6.73162,1.50,1.50
2012.02.03 06:45:22.150,6.72877,6.73173,1.50,1.50
2012.02.03 06:45:23.444,6.72887,6.73183,1.50,1.50
2012.02.03 06:45:23.875,6.72887,6.73183,1.50,1.50
2012.02.03 06:45:24.553,6.72887,6.73183,1.50,1.50
2012.02.03 06:45:25.570,6.72867,6.73163,1.50,1.50
2012.02.03 06:45:26.048,6.72867,6.73163,1.50,1.50
2012.02.03 06:45:30.310,6.72867,6.73163,1.50,1.50
2012.02.03 06:45:34.499,6.72897,6.73193,1.50,1.50
2012.02.03 06:45:34.812,6.72897,6.73193,1.50,1.50
2012.02.03 06:45:35.072,6.72908,6.73202,1.50,1.50
2012.02.03 06:45:35.290,6.72907,6.73203,1.50,1.50
2012.02.03 06:45:35.553,6.72867,6.73163,1.50,1.50
2012.02.03 06:45:41.912,6.72867,6.73163,1.50,1.50
2012.02.03 06:45:46.375,6.72897,6.73193,1.50,1.50
2012.02.03 06:45:46.671,6.72897,6.73193,1.50,1.50
2012.02.03 06:45:46.935,6.72888,6.73182,1.50,1.50
2012.02.03 06:45:47.646,6.72868,6.73162,1.50,1.50
2012.02.03 06:45:48.208,6.72857,6.73153,1.50,1.50
2012.02.03 06:45:49.022,6.72847,6.73143,1.50,1.50
2012.02.03 06:45:50.391,6.72867,6.73163,1.50,1.50
2012.02.03 06:46:51.089,6.72798,6.73272,3.00,3.00
2012.02.03 06:46:52.307,6.72798,6.73252,3.00,3.00
2012.02.03 06:46:53.235,6.72798,6.73252,3.00,3.00
2012.02.03 06:46:55.697,6.72798,6.73252,3.00,3.00
2012.02.03 06:47:00.283,6.72798,6.73252,3.00,3.00
2012.02.03 06:47:00.736,6.72798,6.73252,3.00,3.00
2012.02.03 06:47:01.102,6.72868,6.73182,1.50,1.50
2012.02.03 06:47:02.316,6.72858,6.73152,1.50,1.50
2012.02.03 06:47:08.503,6.728,6.73087,2.25,1.50
2012.02.03 06:47:08.715,6.72788,6.73102,1.50,1.50
2012.02.03 06:47:08.784,6.72778,6.73093,3.00,1.50
2012.02.03 06:47:09.243,6.72777,6.73093,1.50,1.50
2012.02.03 06:47:09.552,6.72798,6.73112,1.50,1.50
2012.02.03 06:47:18.940,6.72808,6.73122,1.50,1.50
2012.02.03 06:47:25.869,6.72868,6.73162,1.50,1.50
2012.02.03 06:47:26.223,6.72878,6.73172,1.50,1.50
2012.02.03 06:47:27.174,6.72887,6.73183,1.50,1.50
2012.02.03 06:47:29.754,6.72897,6.73193,1.50,1.50
2012.02.03 06:47:30.781,6.72888,6.73182,1.50,1.50
2012.02.03 06:47:32.280,6.72868,6.73162,1.50,1.50
2012.02.03 06:47:35.054,6.72898,6.73192,1.50,1.50
2012.02.03 06:47:35.256,6.72918,6.73212,1.50,1.50
2012.02.03 06:47:35.537,6.72977,6.73273,1.50,1.50
2012.02.03 06:47:36.654,6.72968,6.73262,1.50,1.50
2012.02.03 06:47:36.783,6.72968,6.73262,1.50,1.50
2012.02.03 06:47:37.778,6.72968,6.73262,1.50,1.50
2012.02.03 06:47:39.133,6.72927,6.73223,1.50,1.50
2012.02.03 06:47:39.873,6.72908,6.73202,1.50,1.50
2012.02.03 06:47:41.304,6.72968,6.73262,1.50,1.50
2012.02.03 06:47:41.611,6.72987,6.73277,1.50,2.25
2012.02.03 06:47:42.276,6.72987,6.73283,1.50,1.50
2012.02.03 06:47:55.254,6.72927,6.73223,1.50,1.50
2012.02.03 06:47:55.759,6.72918,6.73212,1.50,1.50
2012.02.03 06:47:59.371,6.72917,6.73213,1.50,1.50
2012.02.03 06:48:00.271,6.72928,6.73222,1.50,1.50
2012.02.03 06:48:19.814,6.72938,6.73232,1.50,1.50
2012.02.03 06:48:20.100,6.72938,6.73232,1.50,1.50
2012.02.03 06:48:20.367,6.72927,6.73211,1.50,2.25
2012.02.03 06:48:20.961,6.72927,6.73219,1.50,2.25
2012.02.03 06:48:21.293,6.72938,6.73232,1.50,1.50
2012.02.03 06:48:24.055,6.72937,6.73224,1.50,2.25
2012.02.03 06:48:24.622,6.72937,6.73233,1.50,1.50
2012.02.03 06:48:24.691,6.72927,6.73223,1.50,1.50
2012.02.03 06:48:25.011,6.72938,6.73232,1.50,1.50
2012.02.03 06:48:25.277,6.72928,6.73222,1.50,1.50
2012.02.03 06:48:28.910,6.72908,6.73202,1.50,1.50
2012.02.03 06:48:32.785,6.72897,6.73193,1.50,1.50
2012.02.03 06:48:33.734,6.72907,6.73203,1.50,1.50
2012.02.03 06:48:35.597,6.72908,6.73202,1.50,1.50
2012.02.03 06:48:36.039,6.72937,6.73231,1.50,2.25
2012.02.03 06:48:37.525,6.72987,6.73244,1.50,1.35
2012.02.03 06:48:38.068,6.72981,6.73244,1.50,1.35
2012.02.03 06:48:38.139,6.72937,6.73233,1.50,1.50
2012.02.03 06:48:40.743,6.72978,6.73244,1.50,1.35
2012.02.03 06:48:43.455,6.73009,6.73301,1.50,1.35
2012.02.03 06:48:43.525,6.73008,6.73301,1.50,1.35
2012.02.03 06:48:43.595,6.73008,6.73301,1.50,1.35
2012.02.03 06:48:45.420,6.72997,6.73291,1.50,2.25
2012.02.03 06:48:45.983,6.72988,6.73282,1.50,1.50
2012.02.03 06:48:48.253,6.72988,6.73282,1.50,1.50
2012.02.03 06:48:48.655,6.72977,6.73273,1.50,1.50
2012.02.03 06:48:49.031,6.72968,6.73262,1.50,1.50
2012.02.03 06:48:49.872,6.72957,6.73253,1.50,1.50
2012.02.03 06:48:54.629,6.72947,6.73238,1.50,2.25
2012.02.03 06:48:55.914,6.72918,6.73212,1.50,1.50
2012.02.03 06:48:56.165,6.72907,6.73203,1.50,1.50
2012.02.03 06:49:00.867,6.72887,6.73183,1.50,1.50
2012.02.03 06:49:04.476,6.72888,6.73182,1.50,1.50
2012.02.03 06:49:05.171,6.72878,6.73172,1.50,1.50
2012.02.03 06:49:19.892,6.72858,6.73152,1.50,1.50
2012.02.03 06:49:24.860,6.72827,6.73123,1.50,1.50
2012.02.03 06:49:27.680,6.72837,6.73133,1.50,1.50
2012.02.03 06:49:29.229,6.72807,6.73103,1.50,1.50
2012.02.03 06:49:31.963,6.72827,6.73123,1.50,1.50
2012.02.03 06:49:33.355,6.72847,6.73143,1.50,1.50
2012.02.03 06:49:35.262,6.72837,6.73133,1.50,1.50
2012.02.03 06:49:43.211,6.72871,6.73145,1.50,1.35
2012.02.03 06:49:43.411,6.72888,6.73145,1.50,1.35
2012.02.03 06:49:45.221,6.7289,6.73145,1.50,1.35
2012.02.03 06:49:47.210,6.72887,6.73145,1.50,1.35
2012.02.03 06:49:52.580,6.72847,6.73143,1.50,1.50
2012.02.03 06:50:00.563,6.72857,6.73145,1.50,1.35
2012.02.03 06:50:01.172,6.72858,6.73145,1.50,1.35
2012.02.03 06:50:04.550,6.72828,6.73122,1.50,1.50
2012.02.03 06:50:18.011,6.72827,6.73123,1.50,1.50
2012.02.03 06:50:27.587,6.72827,6.73123,1.50,1.50
2012.02.03 06:50:27.833,6.72838,6.73132,1.50,1.50
2012.02.03 06:50:28.485,6.72877,6.73173,1.50,1.50
2012.02.03 06:50:28.566,6.72918,6.73212,1.50,1.50
2012.02.03 06:50:28.777,6.72927,6.73223,1.50,1.50
2012.02.03 06:50:32.896,6.72907,6.73203,1.50,1.50
2012.02.03 06:50:33.140,6.72887,6.73183,1.50,1.50
2012.02.03 06:50:33.502,6.72867,6.73163,1.50,1.50
2012.02.03 06:50:34.042,6.72867,6.73163,1.50,1.50
2012.02.03 06:50:34.546,6.72867,6.73163,1.50,1.50
2012.02.03 06:50:39.865,6.72888,6.73182,1.50,1.50
2012.02.03 06:50:40.248,6.72888,6.73182,1.50,1.50
2012.02.03 06:50:52.985,6.72848,6.73142,4.35,1.50
2012.02.03 06:50:53.826,6.72848,6.73142,1.50,1.50
2012.02.03 06:50:53.994,6.72848,6.73142,1.50,1.50
2012.02.03 06:51:01.505,6.72867,6.73163,1.50,1.50
2012.02.03 06:51:03.443,6.72868,6.73162,1.50,1.50
2012.02.03 06:51:04.653,6.72847,6.73143,1.50,1.50
2012.02.03 06:51:05.091,6.72837,6.73133,1.50,1.50
2012.02.03 06:51:10.262,6.72813,6.73103,1.35,1.50
2012.02.03 06:51:10.343,6.72813,6.7309,1.35,1.50
2012.02.03 06:51:10.417,6.72813,6.73083,1.35,1.50
2012.02.03 06:51:10.555,6.72813,6.73083,1.35,1.50
2012.02.03 06:51:11.063,6.72813,6.73083,1.35,1.50
2012.02.03 06:51:11.400,6.72813,6.73083,1.35,1.50
2012.02.03 06:51:11.521,6.72813,6.73083,1.35,1.50
2012.02.03 06:51:14.661,6.72813,6.73087,1.35,1.50
2012.02.03 06:51:15.950,6.72813,6.73092,1.35,1.50
2012.02.03 06:51:16.080,6.72738,6.73092,1.50,1.50
2012.02.03 06:51:19.820,6.72807,6.73103,1.50,1.50
2012.02.03 06:51:19.899,6.72848,6.73142,1.50,1.50
2012.02.03 06:51:20.621,6.72838,6.73132,1.50,1.50
2012.02.03 06:51:20.895,6.72817,6.73113,1.50,1.50
2012.02.03 06:51:21.403,6.72778,6.7308,1.50,1.50
2012.02.03 06:51:21.474,6.72778,6.73072,1.50,1.50
2012.02.03 06:51:21.904,6.72798,6.73092,1.50,1.50
2012.02.03 06:51:22.911,6.72798,6.73092,1.50,1.50
2012.02.03 06:51:23.615,6.72798,6.73092,1.50,1.50
2012.02.03 06:51:25.392,6.72817,6.73113,1.50,1.50
2012.02.03 06:51:25.655,6.72827,6.73123,1.50,1.50
2012.02.03 06:51:26.085,6.72827,6.73123,1.50,1.50
2012.02.03 06:51:31.181,6.72817,6.73113,1.50,1.50
2012.02.03 06:51:35.646,6.72797,6.73093,1.50,1.50
2012.02.03 06:51:36.521,6.72807,6.73123,1.50,1.50
2012.02.03 06:51:38.191,6.72847,6.73151,1.50,1.35
2012.02.03 06:51:47.193,6.72837,6.73133,1.50,1.50
2012.02.03 06:51:57.421,6.72847,6.73143,1.50,1.50
2012.02.03 06:52:05.239,6.72838,6.73132,1.50,1.50
2012.02.03 06:52:05.563,6.72838,6.73132,1.50,1.50
2012.02.03 06:52:09.425,6.72838,6.73132,1.50,1.50
2012.02.03 06:52:22.876,6.72858,6.73152,1.50,1.50
2012.02.03 06:52:27.159,6.72858,6.73152,1.50,1.50
2012.02.03 06:52:27.656,6.72858,6.73152,1.50,1.50
2012.02.03 06:52:28.902,6.72858,6.73152,1.50,1.50
2012.02.03 06:52:40.471,6.72868,6.73162,1.50,1.50
2012.02.03 06:52:55.043,6.72898,6.73188,1.50,1.35
2012.02.03 06:52:55.354,6.72867,6.73164,1.50,1.50
2012.02.03 06:52:55.545,6.72918,6.73188,1.50,1.35
2012.02.03 06:52:56.444,6.72898,6.73188,1.50,1.35
2012.02.03 06:52:56.900,6.72877,6.73173,1.50,1.50
2012.02.03 06:52:57.091,6.72877,6.73173,1.50,1.50
2012.02.03 06:52:57.433,6.72867,6.73163,1.50,1.50
2012.02.03 06:52:59.875,6.72877,6.73173,1.50,1.50
2012.02.03 06:53:00.222,6.72867,6.73163,1.50,1.50
2012.02.03 06:53:01.101,6.72877,6.73173,1.50,1.50
2012.02.03 06:53:01.373,6.72887,6.73183,1.50,1.50
2012.02.03 06:53:04.782,6.72935,6.73188,1.50,1.35
2012.02.03 06:53:04.854,6.72937,6.73188,1.50,1.35
2012.02.03 06:53:04.983,6.72937,6.73188,1.50,1.35
2012.02.03 06:53:05.236,6.72948,6.73188,1.50,1.35
2012.02.03 06:53:05.560,6.72938,6.73188,1.50,1.35
2012.02.03 06:53:06.983,6.72947,6.73243,1.50,1.50
2012.02.03 06:53:07.112,6.72947,6.73243,1.50,1.50
2012.02.03 06:53:07.239,6.72947,6.73243,1.50,1.50
2012.02.03 06:53:11.185,6.72958,6.73251,1.50,1.35
2012.02.03 06:53:11.501,6.72968,6.73251,1.50,1.35
2012.02.03 06:53:11.822,6.72977,6.73251,1.50,1.35
2012.02.03 06:53:13.681,6.72977,6.73251,1.50,1.35
2012.02.03 06:53:14.310,6.72967,6.73251,1.50,1.35
2012.02.03 06:53:16.752,6.72967,6.73251,1.50,1.35
2012.02.03 06:53:17.991,6.73061,6.73302,1.35,1.50
2012.02.03 06:53:18.060,6.73061,6.73354,1.35,1.13
2012.02.03 06:53:18.131,6.73061,6.73362,1.35,1.50
2012.02.03 06:53:18.202,6.73061,6.73378,1.35,1.73
2012.02.03 06:53:18.412,6.73061,6.73366,1.35,1.50
2012.02.03 06:53:18.480,6.73061,6.73366,1.35,1.50
2012.02.03 06:53:18.746,6.73061,6.73352,1.35,1.50
2012.02.03 06:53:18.932,6.73061,6.73346,1.35,1.50
2012.02.03 06:53:19.495,6.73081,6.73346,1.35,1.50
2012.02.03 06:53:19.955,6.73081,6.73358,1.35,1.50
2012.02.03 06:53:20.026,6.73081,6.73358,1.35,1.50
2012.02.03 06:53:20.248,6.73081,6.73358,1.35,1.50
2012.02.03 06:53:20.500,6.73081,6.73374,1.35,1.50
2012.02.03 06:53:21.284,6.73081,6.73374,1.35,1.50
2012.02.03 06:53:21.831,6.73081,6.73374,1.35,1.50
2012.02.03 06:53:22.185,6.73081,6.73396,1.35,1.50
2012.02.03 06:53:22.253,6.73088,6.73396,1.50,1.50
2012.02.03 06:53:22.388,6.73111,6.73422,1.35,1.50
2012.02.03 06:53:22.465,6.73132,6.73422,1.35,1.50
2012.02.03 06:53:22.538,6.73132,6.73422,1.35,1.50
2012.02.03 06:53:22.776,6.73132,6.73423,1.35,1.50
2012.02.03 06:53:25.114,6.73148,6.73442,1.50,1.50
2012.02.03 06:53:25.579,6.73132,6.73434,1.35,1.50
2012.02.03 06:53:26.406,6.73132,6.73424,1.35,1.50
2012.02.03 06:53:27.091,6.73132,6.73424,1.35,1.50
2012.02.03 06:53:27.941,6.73132,6.73484,1.35,1.35
2012.02.03 06:53:28.012,6.73079,6.73409,2.25,2.10
2012.02.03 06:53:28.381,6.73018,6.73359,1.50,1.35
2012.02.03 06:53:28.453,6.73068,6.73359,1.50,1.35
2012.02.03 06:53:36.007,6.73087,6.73359,1.50,1.35
2012.02.03 06:53:36.519,6.73087,6.73383,1.50,1.50
2012.02.03 06:53:36.894,6.73107,6.73403,1.50,1.50
2012.02.03 06:53:38.747,6.73138,6.73428,1.50,1.35
2012.02.03 06:53:39.124,6.73147,6.73428,1.50,1.35
2012.02.03 06:53:39.431,6.73147,6.73428,1.50,1.35
2012.02.03 06:53:39.702,6.73146,6.73402,1.50,1.13
2012.02.03 06:53:39.914,6.73147,6.73428,1.50,1.35
2012.02.03 06:53:40.274,6.73107,6.73402,1.50,2.25
2012.02.03 06:53:40.914,6.73128,6.73428,1.50,1.35
2012.02.03 06:53:41.224,6.73077,6.73413,1.50,1.50
2012.02.03 06:53:41.292,6.73077,6.73413,1.50,1.50
2012.02.03 06:53:42.169,6.73108,6.73422,1.50,1.50
2012.02.03 06:53:44.612,6.73077,6.73383,1.50,1.50
2012.02.03 06:53:44.888,6.73077,6.73383,1.50,1.50
2012.02.03 06:53:48.863,6.73038,6.73342,1.50,1.50
2012.02.03 06:53:49.701,6.73048,6.73352,1.50,1.50
2012.02.03 06:53:52.803,6.73037,6.73343,1.50,1.50
2012.02.03 06:54:02.206,6.73087,6.73393,1.50,1.50
2012.02.03 06:54:02.572,6.73097,6.73403,1.50,1.50
2012.02.03 06:54:02.951,6.73097,6.73403,1.50,1.50
2012.02.03 06:54:04.857,6.73088,6.73392,1.50,1.50
2012.02.03 06:54:04.996,6.73098,6.73402,1.50,1.50
2012.02.03 06:54:07.619,6.73138,6.73442,1.50,1.50
2012.02.03 06:54:10.676,6.73168,6.73472,1.50,1.50
2012.02.03 06:54:10.949,6.73216,6.73487,1.50,2.25
2012.02.03 06:54:11.749,6.73218,6.7351,1.50,2.25
2012.02.03 06:54:12.107,6.73107,6.73433,1.50,1.50
2012.02.03 06:54:12.424,6.73097,6.73423,1.50,1.50
2012.02.03 06:54:15.844,6.73108,6.73412,1.50,1.50
2012.02.03 06:54:16.654,6.73147,6.73453,1.50,1.50
2012.02.03 06:54:21.548,6.73147,6.73453,1.50,1.50
2012.02.03 06:54:21.988,6.73147,6.73453,1.50,1.50
2012.02.03 06:54:23.923,6.73148,6.73452,1.50,1.50
2012.02.03 06:54:24.333,6.73158,6.73462,1.50,2.10
2012.02.03 06:54:24.916,6.73158,6.73462,1.50,2.10
2012.02.03 06:54:29.777,6.73118,6.73422,1.50,1.50
2012.02.03 06:54:31.826,6.73118,6.73422,1.50,1.50
2012.02.03 06:54:32.716,6.73137,6.73443,1.50,1.50
2012.02.03 06:54:33.040,6.73128,6.73432,1.50,1.50
2012.02.03 06:54:35.274,6.73127,6.73433,1.50,1.50
2012.02.03 06:54:50.375,6.73107,6.73413,1.50,1.50
2012.02.03 06:54:51.144,6.73038,6.73342,1.50,1.50
2012.02.03 06:54:51.404,6.73027,6.73333,1.50,1.50
2012.02.03 06:54:52.018,6.73048,6.73352,1.50,1.50
2012.02.03 06:54:52.835,6.73048,6.73352,1.50,1.50
2012.02.03 06:54:53.603,6.73087,6.73393,1.50,1.50
2012.02.03 06:54:58.294,6.73108,6.73399,1.50,2.25
2012.02.03 06:54:59.523,6.73088,6.73386,1.50,2.25
2012.02.03 06:55:00.010,6.73087,6.73386,1.50,2.25
2012.02.03 06:55:00.883,6.73117,6.73404,1.50,1.35
2012.02.03 06:55:01.133,6.73127,6.73404,1.50,1.35
2012.02.03 06:55:01.894,6.73127,6.73433,1.50,3.00
2012.02.03 06:55:03.973,6.73098,6.73402,1.50,1.50
2012.02.03 06:55:05.012,6.73108,6.73412,1.50,1.50
2012.02.03 06:55:09.966,6.73108,6.73412,1.50,1.50
2012.02.03 06:55:12.676,6.73107,6.73413,1.50,1.50
2012.02.03 06:55:22.001,6.73097,6.73403,1.50,1.50
2012.02.03 06:55:23.938,6.73097,6.73403,1.50,1.50
2012.02.03 06:55:28.739,6.73107,6.73413,1.50,3.00
2012.02.03 06:55:32.684,6.73108,6.73412,1.50,1.50
2012.02.03 06:55:35.953,6.73087,6.73393,1.50,1.50
2012.02.03 06:55:50.054,6.73088,6.73392,1.50,1.50
2012.02.03 06:56:03.274,6.73048,6.73352,1.50,1.50
2012.02.03 06:56:04.772,6.73068,6.73372,1.50,1.50
2012.02.03 06:56:11.417,6.73077,6.73383,1.50,1.50
2012.02.03 06:56:24.005,6.73067,6.73373,1.50,1.50
2012.02.03 06:56:46.743,6.73067,6.73373,1.50,1.50
2012.02.03 06:56:55.084,6.73058,6.73362,1.50,1.50
2012.02.03 06:57:16.480,6.73028,6.73335,1.50,1.50
2012.02.03 06:57:16.795,6.73018,6.73322,1.50,1.50
2012.02.03 06:57:17.394,6.72987,6.73293,1.50,1.50
2012.02.03 06:57:19.664,6.72978,6.73284,1.50,1.50
2012.02.03 06:57:19.773,6.72988,6.73292,1.50,1.50
2012.02.03 06:57:20.561,6.72997,6.73303,1.50,1.50
2012.02.03 06:57:22.303,6.72988,6.73296,1.50,1.50
2012.02.03 06:57:22.633,6.72997,6.73303,1.50,1.50
2012.02.03 06:57:23.483,6.73027,6.73333,1.50,1.50
2012.02.03 06:57:28.046,6.73077,6.73373,1.50,1.50
2012.02.03 06:57:31.674,6.73077,6.73373,1.50,1.50
2012.02.03 06:57:32.407,6.73068,6.73362,1.50,1.50
2012.02.03 06:57:32.771,6.73057,6.73353,1.50,1.50
2012.02.03 06:57:33.052,6.73057,6.73353,1.50,1.50
2012.02.03 06:57:35.861,6.73038,6.73332,1.50,1.50
2012.02.03 06:57:36.611,6.73027,6.73319,1.50,1.35
2012.02.03 06:57:36.765,6.73044,6.73319,1.50,1.35
2012.02.03 06:57:37.075,6.73038,6.73319,1.50,1.35
2012.02.03 06:57:37.384,6.73038,6.73319,1.50,1.35
2012.02.03 06:57:37.514,6.73048,6.73319,1.50,1.35
2012.02.03 06:57:37.852,6.73038,6.73319,1.50,1.35
2012.02.03 06:57:43.158,6.73058,6.73319,1.50,1.35
2012.02.03 06:57:43.486,6.73018,6.73312,1.50,1.50
2012.02.03 06:57:44.153,6.73018,6.73312,1.50,1.50
2012.02.03 06:57:45.929,6.72997,6.73293,1.50,1.50
2012.02.03 06:57:52.544,6.73028,6.73319,1.50,1.35
2012.02.03 06:57:54.217,6.73018,6.73312,1.50,1.50
2012.02.03 06:57:55.042,6.73067,6.73363,1.50,1.50
2012.02.03 06:57:55.113,6.73067,6.73363,1.50,1.50
2012.02.03 06:57:55.694,6.73078,6.73372,1.50,1.50
2012.02.03 06:57:59.028,6.73103,6.73382,1.50,1.35
2012.02.03 06:57:59.365,6.73097,6.73382,1.50,1.35
2012.02.03 06:58:03.571,6.73077,6.73382,1.50,1.35
2012.02.03 06:58:03.972,6.73078,6.73408,1.50,2.25
2012.02.03 06:58:07.954,6.73127,6.73423,1.50,1.50
2012.02.03 06:58:10.668,6.73027,6.73363,1.50,1.50
2012.02.03 06:58:10.799,6.73027,6.73363,1.50,1.50
2012.02.03 06:58:18.724,6.73047,6.73343,1.50,1.50
2012.02.03 06:58:19.011,6.73017,6.73307,1.50,1.35
2012.02.03 06:58:19.382,6.72988,6.73307,1.50,1.35
2012.02.03 06:58:21.423,6.72998,6.73307,1.50,1.35
2012.02.03 06:58:21.790,6.72988,6.73307,1.50,1.35
2012.02.03 06:58:24.293,6.73017,6.73307,1.50,1.35
2012.02.03 06:58:24.360,6.73017,6.73307,1.50,1.35
2012.02.03 06:58:26.014,6.7302,6.73307,1.50,1.35
2012.02.03 06:58:26.544,6.73038,6.73307,1.50,1.35
2012.02.03 06:58:27.211,6.73042,6.73307,1.50,1.35
2012.02.03 06:58:27.399,6.73038,6.73307,1.50,1.35
2012.02.03 06:58:27.600,6.73023,6.73307,1.50,1.35
2012.02.03 06:58:27.670,6.73038,6.73307,1.50,1.35
2012.02.03 06:58:28.844,6.73038,6.73307,1.50,1.35
2012.02.03 06:58:30.323,6.73027,6.73307,1.50,1.35
2012.02.03 06:58:31.539,6.72987,6.73307,1.50,1.35
2012.02.03 06:58:31.611,6.72987,6.73307,1.50,1.35
2012.02.03 06:58:35.673,6.73017,6.73307,1.50,1.35
2012.02.03 06:58:35.802,6.73017,6.73307,1.50,1.35
2012.02.03 06:58:36.761,6.73013,6.73307,1.50,1.35
2012.02.03 06:58:36.961,6.73008,6.73307,1.50,1.35
2012.02.03 06:58:39.251,6.73034,6.73307,1.50,1.35
2012.02.03 06:58:40.235,6.73034,6.73307,1.50,1.35
2012.02.03 06:58:40.676,6.73034,6.73307,1.50,1.35
2012.02.03 06:58:43.829,6.73034,6.73307,1.50,1.35
2012.02.03 06:58:44.366,6.73037,6.73307,1.50,1.35
2012.02.03 06:58:44.562,6.7304,6.73307,1.50,1.35
2012.02.03 06:58:44.871,6.73025,6.73307,1.50,1.35
2012.02.03 06:58:47.662,6.73025,6.73307,1.50,1.35
2012.02.03 06:58:47.729,6.73025,6.73307,1.50,1.35
2012.02.03 06:58:48.130,6.73035,6.73307,1.50,1.35
2012.02.03 06:58:54.707,6.73047,6.73307,1.50,1.35
2012.02.03 06:58:55.714,6.73055,6.73307,1.50,1.35
2012.02.03 06:58:56.973,6.73055,6.73307,1.50,1.35
2012.02.03 06:58:57.782,6.73055,6.73307,1.50,1.35
2012.02.03 06:59:01.525,6.73055,6.73307,1.50,1.35
2012.02.03 06:59:02.203,6.73088,6.73374,1.50,1.35
2012.02.03 06:59:02.277,6.73109,6.73374,1.50,1.35
2012.02.03 06:59:02.346,6.73108,6.73374,1.50,1.35
2012.02.03 06:59:02.733,6.73093,6.73374,1.50,1.35
2012.02.03 06:59:04.162,6.73093,6.73374,1.50,1.35
2012.02.03 06:59:04.293,6.73102,6.73374,1.50,1.35
2012.02.03 06:59:04.647,6.73092,6.73374,1.50,1.35
2012.02.03 06:59:04.774,6.73092,6.73373,1.50,3.00
2012.02.03 06:59:04.843,6.73087,6.73374,1.50,1.35
2012.02.03 06:59:05.094,6.73077,6.73374,1.50,1.35
2012.02.03 06:59:05.479,6.73077,6.73374,1.50,1.35
2012.02.03 06:59:06.134,6.73077,6.73374,1.50,1.35
2012.02.03 06:59:06.265,6.73087,6.73374,1.50,1.35
2012.02.03 06:59:06.396,6.73087,6.73374,1.50,1.35
2012.02.03 06:59:06.716,6.73105,6.73374,1.50,1.35
2012.02.03 06:59:06.973,6.73133,6.73374,1.50,1.35
2012.02.03 06:59:07.103,6.73133,6.73374,1.50,1.35
2012.02.03 06:59:07.260,6.73133,6.73374,1.50,1.35
2012.02.03 06:59:07.961,6.73133,6.73374,1.50,1.35
2012.02.03 06:59:09.348,6.73133,6.73374,1.50,1.35
2012.02.03 06:59:10.434,6.73133,6.73374,1.50,1.35
2012.02.03 06:59:10.603,6.73133,6.73374,1.50,1.35
2012.02.03 06:59:11.101,6.73111,6.73374,1.50,1.35
2012.02.03 06:59:11.174,6.7312,6.73374,1.50,1.35
2012.02.03 06:59:11.483,6.7312,6.73374,1.50,1.35
2012.02.03 06:59:11.761,6.7312,6.73374,1.50,1.35
2012.02.03 06:59:12.146,6.7312,6.73374,1.50,1.35
2012.02.03 06:59:12.354,6.7312,6.73374,1.50,1.35
2012.02.03 06:59:13.853,6.7312,6.73374,1.50,1.35
2012.02.03 06:59:14.404,6.7312,6.73374,1.50,1.35
2012.02.03 06:59:16.901,6.73108,6.73374,1.50,1.35
2012.02.03 06:59:19.773,6.73095,6.73374,1.50,1.35
2012.02.03 06:59:22.173,6.73108,6.73374,1.50,1.35
2012.02.03 06:59:22.932,6.73092,6.73374,1.50,1.35
2012.02.03 06:59:23.980,6.73071,6.7337,1.50,2.25
2012.02.03 06:59:26.626,6.73041,6.73352,1.50,2.25
2012.02.03 06:59:27.373,6.73041,6.73322,1.50,1.35
2012.02.03 06:59:29.196,6.73041,6.73321,1.50,2.25
2012.02.03 06:59:29.658,6.7303,6.73321,1.50,2.25
2012.02.03 06:59:30.131,6.7303,6.73321,1.50,2.25
2012.02.03 06:59:32.589,6.73045,6.73241,1.13,1.50
2012.02.03 06:59:32.662,6.73038,6.73241,1.50,1.50
2012.02.03 06:59:33.623,6.73018,6.73196,1.50,1.13
2012.02.03 06:59:34.801,6.73008,6.73192,1.50,1.50
2012.02.03 06:59:37.315,6.73008,6.73192,1.50,1.50
2012.02.03 06:59:46.153,6.73008,6.73192,1.50,1.50
2012.02.03 06:59:46.842,6.73015,6.73192,1.13,1.50
2012.02.03 06:59:47.300,6.73014,6.73203,1.50,1.50
2012.02.03 06:59:47.665,6.73007,6.73193,1.13,1.50
2012.02.03 06:59:50.175,6.73032,6.73221,1.50,1.50
2012.02.03 06:59:50.303,6.73018,6.73221,1.50,1.50
2012.02.03 06:59:50.644,6.73011,6.73197,1.13,1.50
2012.02.03 06:59:50.963,6.73008,6.73197,1.13,1.50
2012.02.03 06:59:51.636,6.73008,6.73197,1.50,1.50
2012.02.03 06:59:54.630,6.73008,6.73185,1.13,1.50
2012.02.03 06:59:58.850,6.72997,6.73185,1.50,1.50
2012.02.03 06:59:59.177,6.72993,6.73171,1.13,1.50
2012.02.03 06:59:59.243,6.72982,6.73171,1.50,1.50
