2016.01.25 11:00:00.686,8.57665,8.57865,1.50,1.00
2016.01.25 11:00:00.787,8.57655,8.5785,1.75,1.00
2016.01.25 11:00:01.178,8.57665,8.57865,1.50,1.00
2016.01.25 11:00:01.229,8.5767,8.57865,1.75,1.00
2016.01.25 11:00:01.526,8.5767,8.5789,1.75,1.00
2016.01.25 11:00:04.575,8.57694,8.5789,1.00,1.00
2016.01.25 11:00:05.191,8.57694,8.5789,1.75,1.00
2016.01.25 11:00:06.289,8.57694,8.5789,1.37,1.00
2016.01.25 11:00:09.709,8.57694,8.5789,1.00,1.00
2016.01.25 11:00:09.786,8.5767,8.5789,1.37,1.00
2016.01.25 11:00:10.241,8.57639,8.57858,2.25,1.00
2016.01.25 11:00:10.292,8.57639,8.57858,2.08,1.00
2016.01.25 11:00:11.501,8.57639,8.57858,2.08,1.00
2016.01.25 11:00:12.761,8.57623,8.5783,1.58,1.00
2016.01.25 11:00:13.005,8.57629,8.57858,1.58,1.00
2016.01.25 11:00:13.923,8.57623,8.57825,1.58,1.00
2016.01.25 11:00:14.343,8.57639,8.57858,1.58,1.00
2016.01.25 11:00:14.495,8.57654,8.57858,1.00,1.00
2016.01.25 11:00:14.979,8.57654,8.57858,1.58,1.00
2016.01.25 11:00:15.746,8.57647,8.57853,1.58,1.00
2016.01.25 11:00:18.499,8.57647,8.57853,1.58,1.00
2016.01.25 11:00:19.418,8.5767,8.57858,1.00,1.00
2016.01.25 11:00:19.670,8.57624,8.57841,1.58,1.00
2016.01.25 11:00:19.771,8.57624,8.57815,1.58,1.00
2016.01.25 11:00:19.822,8.57624,8.5784,1.58,1.00
2016.01.25 11:00:20.720,8.57624,8.5784,1.00,1.00
2016.01.25 11:00:20.771,8.57624,8.5782,1.00,1.00
2016.01.25 11:00:20.821,8.57623,8.57841,1.00,1.00
2016.01.25 11:00:20.872,8.57611,8.57834,1.58,1.00
2016.01.25 11:00:21.203,8.57584,8.5781,1.58,1.00
2016.01.25 11:00:21.254,8.57611,8.57834,1.58,1.07
2016.01.25 11:00:21.429,8.57611,8.57834,1.58,1.00
2016.01.25 11:00:21.743,8.57584,8.5781,1.65,1.00
2016.01.25 11:00:22.402,8.57611,8.57834,1.58,1.00
2016.01.25 11:00:23.037,8.57611,8.57834,1.58,1.00
2016.01.25 11:00:24.545,8.57584,8.5781,1.65,1.00
2016.01.25 11:00:24.603,8.57611,8.57834,1.58,1.00
2016.01.25 11:00:25.141,8.57611,8.57841,1.58,1.00
2016.01.25 11:00:25.192,8.57592,8.5782,1.58,1.00
2016.01.25 11:00:25.243,8.57611,8.57841,1.58,1.00
2016.01.25 11:00:25.600,8.57625,8.57841,1.00,1.00
2016.01.25 11:00:25.650,8.57611,8.57841,1.58,1.00
2016.01.25 11:00:26.330,8.57608,8.5782,1.58,1.00
2016.01.25 11:00:26.381,8.57612,8.5784,1.58,1.00
2016.01.25 11:00:26.432,8.57612,8.5784,1.58,1.00
2016.01.25 11:00:27.987,8.57612,8.57826,1.00,1.00
2016.01.25 11:00:28.139,8.57612,8.57826,1.00,1.07
2016.01.25 11:00:28.298,8.57612,8.5784,1.00,1.07
2016.01.25 11:00:28.349,8.57585,8.57815,1.58,1.00
2016.01.25 11:00:28.749,8.57611,8.57841,1.00,1.07
2016.01.25 11:00:29.169,8.57611,8.57841,1.58,1.07
2016.01.25 11:00:30.186,8.57647,8.57822,1.00,1.00
2016.01.25 11:00:31.043,8.57647,8.57803,1.00,1.00
2016.01.25 11:00:31.132,8.57647,8.57822,1.00,1.00
2016.01.25 11:00:31.444,8.57647,8.57814,1.00,1.00
2016.01.25 11:00:32.190,8.57627,8.5779,1.00,1.00
2016.01.25 11:00:32.241,8.57615,8.5779,1.00,1.00
2016.01.25 11:00:32.688,8.57615,8.57785,1.00,1.00
2016.01.25 11:00:32.789,8.57615,8.5779,1.00,1.00
2016.01.25 11:00:33.527,8.57621,8.5779,1.00,1.00
2016.01.25 11:00:33.679,8.57641,8.57815,1.00,1.00
2016.01.25 11:00:37.307,8.57641,8.57806,1.00,1.00
2016.01.25 11:00:38.414,8.57619,8.57794,1.00,1.00
2016.01.25 11:00:48.136,8.57632,8.57794,1.00,1.00
2016.01.25 11:00:48.288,8.57652,8.57824,1.00,1.00
2016.01.25 11:00:51.681,8.57652,8.57824,1.07,1.00
2016.01.25 11:00:51.987,8.57678,8.57846,1.00,1.00
2016.01.25 11:00:52.178,8.57655,8.5783,1.00,1.00
2016.01.25 11:00:52.919,8.57655,8.5783,1.07,1.00
2016.01.25 11:00:53.239,8.57655,8.5783,1.37,1.00
2016.01.25 11:00:54.015,8.57655,8.5783,1.00,1.00
2016.01.25 11:00:54.066,8.57666,8.5783,1.00,1.00
2016.01.25 11:00:56.019,8.57677,8.57852,1.00,1.00
2016.01.25 11:00:56.306,8.57677,8.5785,1.00,1.00
2016.01.25 11:00:56.640,8.57666,8.5783,1.00,1.00
2016.01.25 11:00:56.843,8.57711,8.57886,1.00,1.00
2016.01.25 11:00:58.043,8.57706,8.57864,1.00,1.00
2016.01.25 11:00:58.419,8.57728,8.57884,1.00,1.00
2016.01.25 11:00:58.470,8.57728,8.57895,1.00,1.00
2016.01.25 11:00:58.521,8.57706,8.57878,1.00,1.00
2016.01.25 11:01:03.493,8.57706,8.57878,1.07,1.00
2016.01.25 11:01:04.442,8.57706,8.57878,1.00,1.00
2016.01.25 11:01:04.805,8.57706,8.57878,1.07,1.00
2016.01.25 11:01:05.648,8.57706,8.57878,1.00,1.00
2016.01.25 11:01:07.413,8.57706,8.57878,1.07,1.00
2016.01.25 11:01:10.488,8.57706,8.57878,1.00,1.00
2016.01.25 11:01:12.626,8.57706,8.57878,1.07,1.00
2016.01.25 11:01:12.687,8.57706,8.57878,1.00,1.00
2016.01.25 11:01:12.789,8.57706,8.57856,1.00,1.00
2016.01.25 11:01:13.352,8.57706,8.57876,1.50,1.00
2016.01.25 11:01:13.403,8.57706,8.57879,1.50,1.50
2016.01.25 11:01:14.006,8.57698,8.57857,1.50,1.00
2016.01.25 11:01:14.364,8.57698,8.57835,1.00,1.00
2016.01.25 11:01:14.666,8.57698,8.57857,1.00,1.00
2016.01.25 11:01:14.829,8.57693,8.57857,1.00,1.00
2016.01.25 11:01:15.493,8.57693,8.5783,1.00,1.00
2016.01.25 11:01:15.860,8.57693,8.57803,1.00,1.00
2016.01.25 11:01:16.206,8.57693,8.57828,1.00,1.00
2016.01.25 11:01:16.702,8.57693,8.57803,1.00,1.00
2016.01.25 11:01:16.803,8.57693,8.57833,1.00,1.00
2016.01.25 11:01:17.408,8.57694,8.57833,1.00,1.00
2016.01.25 11:01:17.511,8.57694,8.57803,1.00,1.00
2016.01.25 11:01:17.891,8.57693,8.57831,1.00,1.00
2016.01.25 11:01:19.485,8.57693,8.57798,1.00,1.00
2016.01.25 11:01:19.586,8.57693,8.5783,1.00,1.00
2016.01.25 11:01:20.691,8.57693,8.57827,1.00,1.00
2016.01.25 11:01:20.893,8.57693,8.57832,1.00,1.00
2016.01.25 11:01:21.414,8.57687,8.57832,1.00,1.00
2016.01.25 11:01:21.465,8.57687,8.57818,1.00,1.00
2016.01.25 11:01:21.769,8.57668,8.57798,1.00,1.00
2016.01.25 11:01:21.921,8.57668,8.57819,1.00,1.00
2016.01.25 11:01:22.073,8.57668,8.57821,1.00,1.00
2016.01.25 11:01:22.124,8.57668,8.57806,1.00,1.00
2016.01.25 11:01:22.277,8.57668,8.57821,1.00,1.00
2016.01.25 11:01:22.328,8.57668,8.57816,1.00,1.00
2016.01.25 11:01:22.480,8.57668,8.57821,1.00,1.00
2016.01.25 11:01:22.734,8.57668,8.57812,1.00,1.00
2016.01.25 11:01:22.991,8.57668,8.57814,1.00,1.00
2016.01.25 11:01:23.742,8.57668,8.57802,1.00,1.00
2016.01.25 11:01:23.894,8.57668,8.57812,1.00,1.00
2016.01.25 11:01:24.917,8.57668,8.57836,1.07,1.00
2016.01.25 11:01:25.018,8.57668,8.57836,1.75,1.00
2016.01.25 11:01:25.183,8.57692,8.57867,1.00,1.00
2016.01.25 11:01:25.247,8.57697,8.57867,1.00,1.00
2016.01.25 11:01:26.035,8.57692,8.57867,1.00,1.00
2016.01.25 11:01:26.630,8.57692,8.57857,1.00,1.00
2016.01.25 11:01:26.681,8.57669,8.57837,1.10,1.00
2016.01.25 11:01:27.229,8.57662,8.57837,1.00,1.00
2016.01.25 11:01:27.280,8.57662,8.57832,1.00,1.00
2016.01.25 11:01:27.381,8.57662,8.57837,1.00,1.00
2016.01.25 11:01:27.432,8.57662,8.57823,1.00,1.00
2016.01.25 11:01:27.792,8.57643,8.57804,1.00,1.00
2016.01.25 11:01:28.207,8.5763,8.57804,1.00,1.00
2016.01.25 11:01:28.258,8.5763,8.57776,1.00,1.00
2016.01.25 11:01:28.751,8.57614,8.57756,1.00,1.00
2016.01.25 11:01:29.277,8.57614,8.57752,1.00,1.00
2016.01.25 11:01:29.379,8.5758,8.57733,1.00,1.00
2016.01.25 11:01:30.609,8.57534,8.57708,1.95,1.00
2016.01.25 11:01:30.661,8.57534,8.57708,1.95,1.00
2016.01.25 11:01:30.921,8.57579,8.57733,1.00,1.00
2016.01.25 11:01:31.022,8.57579,8.57754,1.00,1.00
2016.01.25 11:01:31.075,8.57579,8.57751,1.00,1.00
2016.01.25 11:01:31.418,8.57558,8.5773,1.58,1.00
2016.01.25 11:01:31.807,8.57558,8.5773,1.00,1.00
2016.01.25 11:01:31.871,8.57558,8.57723,1.00,1.00
2016.01.25 11:01:32.359,8.57558,8.5772,1.00,1.00
2016.01.25 11:01:32.678,8.57525,8.577,1.58,1.00
2016.01.25 11:01:32.777,8.57525,8.577,1.00,1.00
2016.01.25 11:01:32.979,8.57532,8.577,1.00,1.00
2016.01.25 11:01:33.030,8.57552,8.57727,1.00,1.00
2016.01.25 11:01:34.749,8.57557,8.57727,1.00,1.00
2016.01.25 11:01:34.851,8.57577,8.57752,1.00,1.00
2016.01.25 11:01:35.188,8.57562,8.57726,1.00,1.00
2016.01.25 11:01:35.239,8.57577,8.57752,1.00,1.00
2016.01.25 11:01:35.290,8.57577,8.57749,1.00,1.00
2016.01.25 11:01:35.646,8.57562,8.57729,1.00,1.00
2016.01.25 11:01:35.921,8.57584,8.57758,1.00,1.00
2016.01.25 11:01:36.022,8.57562,8.57737,1.00,1.00
2016.01.25 11:01:37.466,8.57563,8.57737,1.00,1.00
2016.01.25 11:01:37.945,8.57584,8.57759,1.00,1.00
2016.01.25 11:01:40.648,8.5761,8.57779,1.00,1.00
2016.01.25 11:01:40.699,8.5761,8.57783,1.00,1.00
2016.01.25 11:01:41.174,8.5761,8.57776,1.00,1.00
2016.01.25 11:01:41.457,8.5761,8.57783,1.00,1.00
2016.01.25 11:01:41.543,8.57589,8.5776,1.00,1.00
2016.01.25 11:01:41.594,8.57585,8.5776,1.00,1.00
2016.01.25 11:01:45.763,8.57587,8.5776,1.00,1.00
2016.01.25 11:01:46.231,8.57607,8.5778,1.00,1.00
2016.01.25 11:01:46.383,8.57607,8.57782,1.00,1.00
2016.01.25 11:01:56.148,8.57607,8.57767,1.00,1.00
2016.01.25 11:01:56.249,8.57607,8.57773,1.00,1.00
2016.01.25 11:01:56.300,8.57572,8.57747,1.00,1.00
2016.01.25 11:01:56.502,8.5755,8.57723,1.00,1.00
2016.01.25 11:01:56.705,8.57581,8.57755,1.00,1.00
2016.01.25 11:01:57.120,8.57581,8.57747,1.00,1.00
2016.01.25 11:01:57.468,8.57552,8.57727,1.58,1.00
2016.01.25 11:01:57.526,8.57552,8.57727,1.00,1.00
2016.01.25 11:01:57.857,8.57552,8.57727,1.58,1.00
2016.01.25 11:01:59.067,8.57552,8.57727,1.58,1.00
2016.01.25 11:02:00.167,8.57552,8.57727,1.58,1.00
2016.01.25 11:02:00.218,8.57583,8.57757,1.00,1.00
2016.01.25 11:02:00.508,8.57583,8.5774,1.00,1.00
2016.01.25 11:02:00.831,8.57583,8.57757,1.00,1.00
2016.01.25 11:02:01.320,8.57583,8.57745,1.00,1.00
2016.01.25 11:02:01.732,8.57583,8.57757,1.00,1.00
2016.01.25 11:02:02.906,8.57583,8.57739,1.00,1.00
2016.01.25 11:02:03.091,8.57583,8.57757,1.00,1.00
2016.01.25 11:02:08.472,8.57588,8.57757,1.00,1.00
2016.01.25 11:02:09.362,8.57583,8.57757,1.00,1.00
2016.01.25 11:02:10.225,8.57588,8.57757,1.00,1.00
2016.01.25 11:02:10.981,8.57583,8.57757,1.00,1.00
2016.01.25 11:02:11.828,8.57587,8.57757,1.00,1.00
2016.01.25 11:02:12.029,8.57583,8.57757,1.00,1.00
2016.01.25 11:02:15.660,8.57582,8.57757,1.00,1.00
2016.01.25 11:02:16.784,8.57606,8.57777,1.00,1.69
2016.01.25 11:02:16.939,8.57606,8.5778,1.00,1.00
2016.01.25 11:02:20.772,8.57629,8.5778,1.00,1.00
2016.01.25 11:02:21.999,8.57629,8.57827,1.00,2.44
2016.01.25 11:02:22.149,8.57629,8.57827,1.00,2.52
2016.01.25 11:02:22.491,8.57591,8.57821,1.00,1.00
2016.01.25 11:02:22.542,8.57612,8.57827,1.00,2.52
2016.01.25 11:02:23.020,8.57586,8.57816,1.50,1.00
2016.01.25 11:02:23.129,8.57613,8.57827,1.00,2.52
2016.01.25 11:02:23.640,8.57637,8.57827,1.00,1.77
2016.01.25 11:02:23.691,8.57637,8.57827,1.00,1.69
2016.01.25 11:02:23.742,8.57655,8.57827,1.00,1.69
2016.01.25 11:02:23.793,8.57655,8.57862,1.00,1.00
2016.01.25 11:02:23.895,8.57655,8.57867,1.00,1.69
2016.01.25 11:02:23.946,8.57655,8.57867,1.00,2.07
2016.01.25 11:02:24.097,8.5763,8.5786,1.00,1.07
2016.01.25 11:02:24.387,8.5763,8.57843,1.00,1.12
2016.01.25 11:02:24.802,8.57609,8.57839,1.00,1.07
2016.01.25 11:02:24.955,8.57629,8.57843,1.00,1.12
2016.01.25 11:02:25.161,8.57606,8.5783,1.00,1.00
2016.01.25 11:02:25.390,8.57606,8.5781,1.00,1.00
2016.01.25 11:02:25.556,8.57606,8.57829,1.00,1.00
2016.01.25 11:02:25.708,8.57606,8.57807,1.00,1.00
2016.01.25 11:02:27.800,8.57606,8.57804,1.00,1.00
2016.01.25 11:02:29.152,8.57606,8.57833,1.00,1.00
2016.01.25 11:02:30.488,8.57606,8.57812,1.00,1.00
2016.01.25 11:02:30.539,8.57606,8.57832,1.00,1.00
2016.01.25 11:02:30.856,8.57616,8.57832,1.00,1.00
2016.01.25 11:02:31.675,8.57616,8.57811,1.00,1.00
2016.01.25 11:02:31.960,8.57616,8.57838,1.00,1.07
2016.01.25 11:02:32.428,8.57616,8.57817,1.00,1.00
2016.01.25 11:02:32.761,8.57616,8.57798,1.00,1.00
2016.01.25 11:02:32.863,8.57616,8.57813,1.00,1.00
2016.01.25 11:02:32.913,8.57616,8.57757,1.00,1.00
2016.01.25 11:02:33.065,8.57612,8.57757,1.00,1.00
2016.01.25 11:02:33.792,8.57612,8.57781,1.00,1.00
2016.01.25 11:02:34.268,8.57632,8.57781,1.00,1.00
2016.01.25 11:02:35.586,8.57607,8.57781,1.00,1.00
2016.01.25 11:02:36.387,8.57626,8.57781,1.00,1.00
2016.01.25 11:02:40.536,8.57626,8.57759,1.00,1.00
2016.01.25 11:02:40.637,8.57626,8.57781,1.00,1.00
2016.01.25 11:02:41.196,8.57636,8.57781,1.00,1.00
2016.01.25 11:02:42.747,8.57671,8.57806,1.00,1.00
2016.01.25 11:02:42.848,8.57671,8.5783,1.00,1.00
2016.01.25 11:02:43.152,8.57655,8.5783,1.00,1.00
2016.01.25 11:02:45.376,8.5766,8.5783,1.00,1.00
2016.01.25 11:02:46.696,8.57656,8.5783,1.00,1.00
2016.01.25 11:02:47.905,8.57671,8.5783,1.00,1.00
2016.01.25 11:02:48.353,8.57671,8.57796,1.00,1.00
2016.01.25 11:02:49.336,8.57646,8.57796,1.00,1.00
2016.01.25 11:02:50.183,8.57646,8.57819,1.00,1.00
2016.01.25 11:02:50.326,8.57644,8.57819,1.00,1.00
2016.01.25 11:02:50.561,8.57646,8.57819,1.00,1.00
2016.01.25 11:02:52.844,8.57665,8.57819,1.00,1.00
2016.01.25 11:02:52.895,8.57685,8.57851,1.00,1.00
2016.01.25 11:02:55.330,8.57685,8.5786,1.00,1.00
2016.01.25 11:02:56.581,8.57685,8.57848,1.00,1.00
2016.01.25 11:02:56.896,8.57685,8.5786,1.00,1.00
2016.01.25 11:02:57.009,8.57712,8.57871,1.00,1.00
2016.01.25 11:02:57.059,8.57712,8.57887,1.00,1.00
2016.01.25 11:03:01.466,8.57712,8.57879,1.00,1.00
2016.01.25 11:03:01.927,8.57687,8.57862,1.00,1.00
2016.01.25 11:03:04.262,8.57687,8.5784,1.00,1.00
2016.01.25 11:03:04.565,8.57673,8.57818,1.00,1.00
2016.01.25 11:03:04.717,8.57673,8.57829,1.00,1.00
2016.01.25 11:03:04.898,8.57673,8.5782,1.00,1.00
2016.01.25 11:03:05.226,8.57659,8.578,1.00,1.00
2016.01.25 11:03:06.714,8.57659,8.57831,1.00,1.00
2016.01.25 11:03:06.841,8.57657,8.57831,1.00,1.00
2016.01.25 11:03:07.147,8.57688,8.57848,1.00,1.00
2016.01.25 11:03:07.198,8.57688,8.57863,1.00,1.00
2016.01.25 11:03:08.239,8.57714,8.57886,1.00,1.69
2016.01.25 11:03:08.290,8.57714,8.57889,1.00,1.00
2016.01.25 11:03:08.650,8.57714,8.57886,1.00,1.00
2016.01.25 11:03:10.789,8.57692,8.57867,1.00,1.00
2016.01.25 11:03:11.002,8.57692,8.57859,1.00,1.00
2016.01.25 11:03:11.326,8.57675,8.57841,1.00,1.00
2016.01.25 11:03:11.653,8.57679,8.57841,1.00,1.00
2016.01.25 11:03:11.768,8.57695,8.57861,1.00,1.00
2016.01.25 11:03:11.930,8.57695,8.57866,1.00,1.00
2016.01.25 11:03:11.981,8.57679,8.57842,1.00,1.00
2016.01.25 11:03:12.655,8.57667,8.57842,1.00,1.00
2016.01.25 11:03:13.977,8.57672,8.57842,1.00,1.00
2016.01.25 11:03:14.286,8.57702,8.57863,1.00,1.00
2016.01.25 11:03:14.390,8.57702,8.57876,1.00,1.00
2016.01.25 11:03:14.658,8.5773,8.57887,1.00,1.00
2016.01.25 11:03:15.076,8.5773,8.57905,1.00,1.00
2016.01.25 11:03:15.177,8.5773,8.57905,1.00,1.37
2016.01.25 11:03:15.576,8.5773,8.57886,1.00,1.00
2016.01.25 11:03:18.187,8.57706,8.57881,1.00,1.00
2016.01.25 11:03:18.922,8.57706,8.57881,1.00,1.07
2016.01.25 11:03:19.357,8.57706,8.57867,1.00,1.00
2016.01.25 11:03:24.345,8.57706,8.57853,1.00,1.00
2016.01.25 11:03:24.396,8.5766,8.57832,1.00,1.00
2016.01.25 11:03:25.745,8.57667,8.57832,1.00,1.00
2016.01.25 11:03:25.947,8.57689,8.57862,1.00,1.00
2016.01.25 11:03:29.375,8.57689,8.57862,1.00,1.12
2016.01.25 11:03:29.699,8.57712,8.57862,1.00,1.75
2016.01.25 11:03:30.265,8.57689,8.57862,1.00,1.75
2016.01.25 11:03:30.367,8.57689,8.57862,1.00,1.00
2016.01.25 11:03:31.435,8.57698,8.57862,1.00,1.00
2016.01.25 11:03:31.761,8.57718,8.57862,1.00,1.00
2016.01.25 11:03:32.615,8.57696,8.57862,1.00,1.00
2016.01.25 11:03:37.159,8.57696,8.57871,1.00,1.00
2016.01.25 11:03:37.260,8.57707,8.57871,1.00,1.00
2016.01.25 11:03:37.619,8.57728,8.57885,1.00,1.00
2016.01.25 11:03:38.338,8.57698,8.57872,1.00,1.00
2016.01.25 11:03:39.130,8.57698,8.57867,1.00,1.00
2016.01.25 11:03:39.625,8.57675,8.57848,1.00,1.00
2016.01.25 11:03:54.129,8.57675,8.57848,1.00,1.50
2016.01.25 11:03:54.462,8.57675,8.57848,1.00,1.75
2016.01.25 11:03:54.675,8.57675,8.57848,1.00,1.75
2016.01.25 11:03:55.135,8.57675,8.57848,1.00,1.00
2016.01.25 11:03:55.305,8.57685,8.57859,1.00,1.00
2016.01.25 11:04:05.894,8.57685,8.57859,1.00,1.75
2016.01.25 11:04:08.006,8.5766,8.57834,1.50,1.00
2016.01.25 11:04:08.228,8.5766,8.57834,1.50,1.37
2016.01.25 11:04:08.847,8.5766,8.57834,1.00,1.75
2016.01.25 11:04:08.998,8.57637,8.57803,1.00,1.00
2016.01.25 11:04:09.491,8.57628,8.57803,1.00,1.00
2016.01.25 11:04:09.643,8.57628,8.57803,1.00,1.07
2016.01.25 11:04:13.880,8.57628,8.57791,1.00,1.00
2016.01.25 11:04:13.930,8.57601,8.57771,1.00,1.00
2016.01.25 11:04:14.936,8.57596,8.57771,1.00,1.10
2016.01.25 11:04:15.138,8.57601,8.57771,1.00,1.10
2016.01.25 11:04:16.124,8.57596,8.57771,1.00,1.10
2016.01.25 11:04:16.698,8.57596,8.57767,1.00,1.00
2016.01.25 11:04:16.749,8.57572,8.57747,1.00,1.00
2016.01.25 11:04:16.900,8.57572,8.57747,1.00,1.07
2016.01.25 11:04:17.235,8.57572,8.57734,1.00,1.00
2016.01.25 11:04:17.743,8.57572,8.57731,1.00,1.00
2016.01.25 11:04:17.853,8.57536,8.57711,1.00,1.00
2016.01.25 11:04:18.053,8.57558,8.57732,1.00,1.00
2016.01.25 11:04:19.604,8.57558,8.57716,1.00,1.00
2016.01.25 11:04:19.755,8.57532,8.57705,1.00,1.00
2016.01.25 11:04:20.261,8.57532,8.57689,1.00,1.00
2016.01.25 11:04:22.573,8.57532,8.5767,1.00,1.00
2016.01.25 11:04:22.777,8.57477,8.57642,1.00,1.00
2016.01.25 11:04:22.878,8.57453,8.57628,1.00,1.00
2016.01.25 11:04:23.682,8.57479,8.57642,1.00,1.00
2016.01.25 11:04:23.783,8.57479,8.57653,1.00,1.00
2016.01.25 11:04:23.834,8.57587,8.57653,1.00,1.00
2016.01.25 11:04:23.885,8.57614,8.577,1.00,1.00
2016.01.25 11:04:23.936,8.57593,8.57696,1.00,1.00
2016.01.25 11:04:23.987,8.57587,8.57734,1.00,1.00
2016.01.25 11:04:24.139,8.5762,8.57734,1.00,1.00
2016.01.25 11:04:24.240,8.5762,8.5776,1.00,1.00
2016.01.25 11:04:24.567,8.5762,8.5778,1.00,1.00
2016.01.25 11:04:25.210,8.5762,8.57794,1.00,1.00
2016.01.25 11:04:27.482,8.57665,8.57794,1.00,1.00
2016.01.25 11:04:27.584,8.57695,8.57837,1.00,1.00
2016.01.25 11:04:27.635,8.57695,8.57868,1.00,1.00
2016.01.25 11:04:27.786,8.57721,8.57868,1.00,1.00
2016.01.25 11:04:27.837,8.57721,8.57886,1.00,1.00
2016.01.25 11:04:28.010,8.57721,8.57882,1.00,1.00
2016.01.25 11:04:28.112,8.57721,8.57886,1.00,1.00
2016.01.25 11:04:32.933,8.57691,8.57866,1.00,1.00
2016.01.25 11:04:36.638,8.57713,8.57886,1.00,1.07
2016.01.25 11:04:38.529,8.57713,8.57887,1.00,1.50
2016.01.25 11:04:39.738,8.57687,8.57862,1.00,1.00
2016.01.25 11:04:40.138,8.57711,8.57886,1.00,1.00
2016.01.25 11:04:42.817,8.57711,8.57878,1.00,1.00
2016.01.25 11:04:43.131,8.57683,8.57867,1.00,1.00
2016.01.25 11:04:44.047,8.57683,8.57864,1.00,1.00
2016.01.25 11:04:44.375,8.57665,8.5784,1.00,1.00
2016.01.25 11:04:44.947,8.57675,8.57866,1.00,1.00
2016.01.25 11:04:46.632,8.57675,8.57846,1.00,1.00
2016.01.25 11:04:48.547,8.57675,8.57866,1.00,1.00
2016.01.25 11:04:49.049,8.57675,8.5785,1.00,1.00
2016.01.25 11:04:52.809,8.57675,8.57866,1.00,1.00
2016.01.25 11:04:53.679,8.57675,8.5784,1.00,1.00
2016.01.25 11:04:54.368,8.57675,8.5786,1.00,1.00
2016.01.25 11:04:58.758,8.57675,8.57854,1.00,1.00
2016.01.25 11:04:59.088,8.57665,8.57833,1.00,1.00
2016.01.25 11:04:59.860,8.57666,8.57833,1.00,1.00
2016.01.25 11:05:00.260,8.57686,8.57836,1.00,1.00
2016.01.25 11:05:00.777,8.57665,8.57828,1.00,1.00
2016.01.25 11:05:01.483,8.57677,8.57836,1.00,1.00
2016.01.25 11:05:02.009,8.57665,8.5782,1.00,1.00
2016.01.25 11:05:02.523,8.57671,8.57836,1.00,1.00
2016.01.25 11:05:03.232,8.57671,8.57846,1.00,1.00
2016.01.25 11:05:03.587,8.57671,8.57831,1.00,1.00
2016.01.25 11:05:04.527,8.57665,8.57815,1.00,1.00
2016.01.25 11:05:04.628,8.57674,8.57831,1.00,1.00
2016.01.25 11:05:11.308,8.57674,8.57848,1.00,1.50
2016.01.25 11:05:14.808,8.57674,8.57842,1.00,1.00
2016.01.25 11:05:15.457,8.57665,8.57823,1.00,1.00
2016.01.25 11:05:16.855,8.57678,8.57848,1.00,1.00
2016.01.25 11:05:17.355,8.57665,8.5783,1.00,1.00
2016.01.25 11:05:23.180,8.57681,8.57848,1.00,1.00
2016.01.25 11:05:25.983,8.57665,8.57834,1.00,1.00
2016.01.25 11:05:26.186,8.57681,8.57848,1.00,1.00
2016.01.25 11:05:30.394,8.57665,8.57832,1.00,1.00
2016.01.25 11:05:32.937,8.57679,8.57848,1.00,1.00
2016.01.25 11:05:33.705,8.57665,8.5783,1.00,1.00
2016.01.25 11:05:34.591,8.57655,8.5783,1.00,1.00
2016.01.25 11:05:36.774,8.57661,8.5783,1.00,1.00
2016.01.25 11:05:37.011,8.57658,8.57832,1.00,1.00
2016.01.25 11:05:41.835,8.57658,8.5783,1.00,1.00
2016.01.25 11:05:52.012,8.57663,8.5783,1.00,1.00
2016.01.25 11:05:52.564,8.57683,8.5783,1.00,1.00
2016.01.25 11:06:09.824,8.57679,8.5783,1.00,1.00
2016.01.25 11:06:13.772,8.57655,8.5783,1.00,1.50
2016.01.25 11:06:15.505,8.57669,8.5783,1.00,1.50
2016.01.25 11:06:15.823,8.57689,8.5783,1.00,1.00
2016.01.25 11:06:24.996,8.57667,8.5783,1.00,1.00
2016.01.25 11:06:29.301,8.57665,8.57819,1.00,1.00
2016.01.25 11:06:31.804,8.57669,8.5783,1.00,1.00
2016.01.25 11:06:33.007,8.57665,8.57818,1.00,1.00
2016.01.25 11:06:35.323,8.57645,8.57818,1.00,1.00
2016.01.25 11:06:36.096,8.57645,8.57794,1.00,1.00
2016.01.25 11:06:37.665,8.57641,8.57794,1.00,1.00
2016.01.25 11:06:39.943,8.57645,8.57794,1.00,1.00
2016.01.25 11:06:43.377,8.57642,8.57794,1.00,1.00
2016.01.25 11:06:45.307,8.57645,8.57794,1.00,1.00
2016.01.25 11:06:46.940,8.57619,8.5778,1.00,1.00
2016.01.25 11:06:47.042,8.57595,8.5777,1.00,1.00
2016.01.25 11:06:47.092,8.57595,8.5776,1.00,1.00
2016.01.25 11:06:47.393,8.57586,8.57745,1.00,1.00
2016.01.25 11:06:48.017,8.57602,8.57745,1.00,1.00
2016.01.25 11:06:48.104,8.57602,8.5776,1.00,1.00
2016.01.25 11:06:48.405,8.57602,8.57743,1.00,1.00
2016.01.25 11:06:49.349,8.57606,8.57743,1.00,1.00
2016.01.25 11:06:49.807,8.57606,8.5776,1.00,1.00
2016.01.25 11:06:49.959,8.57645,8.57767,1.00,1.00
2016.01.25 11:06:50.010,8.57645,8.57787,1.00,1.00
2016.01.25 11:06:50.062,8.57645,8.57793,1.00,1.00
2016.01.25 11:06:50.404,8.5765,8.57801,1.00,1.00
2016.01.25 11:06:52.262,8.57665,8.57801,1.00,1.00
2016.01.25 11:06:53.373,8.5765,8.57801,1.00,1.00
2016.01.25 11:06:54.212,8.57685,8.57824,1.00,1.50
2016.01.25 11:06:54.499,8.5765,8.57824,1.00,1.50
2016.01.25 11:06:55.954,8.57679,8.57824,1.00,1.00
2016.01.25 11:06:56.258,8.57685,8.57824,1.00,1.00
2016.01.25 11:06:56.866,8.57685,8.57823,1.00,1.00
2016.01.25 11:06:59.334,8.57685,8.57843,1.00,1.00
2016.01.25 11:06:59.543,8.57726,8.57844,1.00,1.00
2016.01.25 11:06:59.594,8.57726,8.57858,1.00,1.00
2016.01.25 11:07:00.742,8.57705,8.57858,1.00,1.00
2016.01.25 11:07:09.775,8.57666,8.57826,1.00,1.00
2016.01.25 11:07:10.972,8.57686,8.57826,1.00,1.00
2016.01.25 11:07:11.483,8.57686,8.57846,1.00,1.00
2016.01.25 11:07:11.534,8.57686,8.57851,1.00,1.00
2016.01.25 11:07:13.282,8.57705,8.57851,1.00,1.00
2016.01.25 11:07:18.256,8.57685,8.57851,1.00,1.00
2016.01.25 11:07:19.197,8.57685,8.57832,1.00,1.00
2016.01.25 11:07:20.727,8.57685,8.57851,1.00,1.00
2016.01.25 11:07:27.730,8.57685,8.57826,1.00,1.00
2016.01.25 11:07:29.233,8.57685,8.57846,1.00,1.00
2016.01.25 11:07:29.334,8.57685,8.57851,1.00,1.50
2016.01.25 11:07:29.862,8.57685,8.57845,1.00,1.00
2016.01.25 11:07:29.913,8.57685,8.57851,1.00,1.00
2016.01.25 11:07:35.743,8.57685,8.57829,1.00,1.00
2016.01.25 11:07:36.204,8.57665,8.57829,1.00,1.00
2016.01.25 11:07:37.948,8.57665,8.57808,1.00,1.00
2016.01.25 11:07:40.988,8.57665,8.57832,1.00,1.00
2016.01.25 11:07:41.039,8.57665,8.57812,1.00,1.00
2016.01.25 11:07:41.601,8.57665,8.57792,1.00,1.00
2016.01.25 11:07:42.101,8.57646,8.57792,1.00,1.00
2016.01.25 11:07:42.997,8.57646,8.57818,1.00,1.00
2016.01.25 11:07:43.206,8.57665,8.57818,1.00,1.00
2016.01.25 11:07:45.714,8.57685,8.57818,1.00,1.00
2016.01.25 11:07:49.086,8.57685,8.57847,1.00,1.00
2016.01.25 11:07:49.187,8.57685,8.57822,1.00,1.00
2016.01.25 11:07:49.302,8.57685,8.57847,1.00,1.00
2016.01.25 11:07:49.415,8.57685,8.57826,1.00,1.00
2016.01.25 11:07:51.713,8.57685,8.57857,1.00,1.00
2016.01.25 11:07:52.709,8.57705,8.57857,1.00,1.00
2016.01.25 11:07:57.503,8.57705,8.57824,1.00,1.00
2016.01.25 11:07:58.196,8.5765,8.57824,1.00,1.00
2016.01.25 11:07:58.527,8.57643,8.57798,1.00,1.00
2016.01.25 11:08:03.330,8.57639,8.57798,1.00,1.00
2016.01.25 11:08:03.431,8.57649,8.57821,1.00,1.00
2016.01.25 11:08:05.502,8.57649,8.57819,1.00,1.00
2016.01.25 11:08:05.884,8.57639,8.57799,1.00,1.00
2016.01.25 11:08:06.743,8.57656,8.57821,1.00,1.00
2016.01.25 11:08:07.768,8.57658,8.57821,1.00,1.00
2016.01.25 11:08:09.743,8.57658,8.57815,1.00,1.00
2016.01.25 11:08:09.794,8.57621,8.57795,1.00,1.00
2016.01.25 11:08:13.868,8.57619,8.57771,1.00,1.00
2016.01.25 11:08:14.222,8.57599,8.57771,1.00,1.00
2016.01.25 11:08:14.952,8.57626,8.578,1.00,1.50
2016.01.25 11:08:27.697,8.57619,8.57773,1.00,1.00
2016.01.25 11:08:29.365,8.5762,8.57773,1.00,1.00
2016.01.25 11:08:29.605,8.57646,8.5782,1.00,1.00
2016.01.25 11:08:29.707,8.57689,8.5784,1.00,1.00
2016.01.25 11:08:29.758,8.57689,8.57847,1.00,1.69
2016.01.25 11:08:29.883,8.57711,8.57847,1.00,1.69
2016.01.25 11:08:30.186,8.57715,8.57847,1.00,1.69
2016.01.25 11:08:30.605,8.57731,8.57847,1.00,1.69
2016.01.25 11:08:30.656,8.57731,8.57867,1.00,1.00
2016.01.25 11:08:30.757,8.57731,8.57899,1.00,1.00
2016.01.25 11:08:31.224,8.5776,8.57906,1.00,1.69
2016.01.25 11:08:31.275,8.5776,8.57935,1.00,1.00
2016.01.25 11:08:31.326,8.57763,8.57935,1.00,1.00
2016.01.25 11:08:31.731,8.57782,8.57947,1.50,1.69
2016.01.25 11:08:32.055,8.57782,8.57932,1.00,1.00
2016.01.25 11:08:32.106,8.57783,8.57947,1.00,1.69
2016.01.25 11:08:32.207,8.57782,8.57929,1.00,1.00
2016.01.25 11:08:32.604,8.57792,8.57949,1.00,1.37
2016.01.25 11:08:33.425,8.57782,8.5794,1.00,1.07
2016.01.25 11:08:33.684,8.57782,8.5794,1.00,1.37
2016.01.25 11:08:33.871,8.57782,8.5794,1.00,1.07
2016.01.25 11:08:34.509,8.57782,8.57918,1.00,1.00
2016.01.25 11:08:34.693,8.57763,8.57918,1.00,1.00
2016.01.25 11:08:34.950,8.57772,8.57938,1.00,1.00
2016.01.25 11:08:35.193,8.57772,8.57947,1.00,1.37
2016.01.25 11:08:35.636,8.57763,8.57909,1.00,1.00
2016.01.25 11:08:40.884,8.57741,8.57909,1.00,1.00
2016.01.25 11:08:41.126,8.57741,8.57879,1.00,1.00
2016.01.25 11:08:43.209,8.57766,8.57879,1.00,1.00
2016.01.25 11:08:43.422,8.57766,8.57906,1.00,1.00
2016.01.25 11:08:45.263,8.57794,8.57906,1.00,1.00
2016.01.25 11:08:45.572,8.57794,8.57926,1.00,1.00
2016.01.25 11:08:45.623,8.57794,8.57938,1.00,1.00
2016.01.25 11:08:47.841,8.5777,8.57938,1.00,1.00
2016.01.25 11:08:47.892,8.5777,8.57913,1.00,1.00
2016.01.25 11:08:48.271,8.5777,8.57889,1.00,1.00
2016.01.25 11:08:49.708,8.5777,8.57921,1.00,1.00
2016.01.25 11:08:52.474,8.5777,8.57885,1.00,1.00
2016.01.25 11:08:52.625,8.5775,8.57885,1.00,1.00
2016.01.25 11:08:52.676,8.5775,8.57861,1.00,1.00
2016.01.25 11:08:53.077,8.57726,8.57861,1.00,1.00
2016.01.25 11:08:53.560,8.57726,8.5788,1.00,1.00
2016.01.25 11:08:53.661,8.57726,8.57885,1.00,1.00
2016.01.25 11:08:54.161,8.57726,8.57863,1.00,1.00
2016.01.25 11:08:54.864,8.57726,8.57883,1.00,1.00
2016.01.25 11:08:54.965,8.57726,8.57889,1.00,1.00
2016.01.25 11:08:55.367,8.57726,8.57859,1.00,1.00
2016.01.25 11:08:56.916,8.57771,8.5788,1.00,1.00
2016.01.25 11:08:57.260,8.57835,8.57989,1.00,1.75
2016.01.25 11:08:57.420,8.57835,8.57989,1.00,1.75
2016.01.25 11:08:57.633,8.57835,8.5801,1.00,1.37
2016.01.25 11:09:02.447,8.57835,8.5801,1.00,1.75
2016.01.25 11:09:03.364,8.57835,8.5801,1.00,1.00
2016.01.25 11:09:04.870,8.5786,8.5801,1.00,1.00
2016.01.25 11:09:04.921,8.57867,8.5803,1.00,1.00
2016.01.25 11:09:04.972,8.57867,8.5804,1.00,1.00
2016.01.25 11:09:05.123,8.57902,8.5804,1.00,1.00
2016.01.25 11:09:05.252,8.57923,8.5807,1.00,1.00
2016.01.25 11:09:05.966,8.57923,8.58042,1.00,1.00
2016.01.25 11:09:06.412,8.57923,8.58062,1.00,1.00
2016.01.25 11:09:06.470,8.57923,8.58074,1.00,1.00
2016.01.25 11:09:06.587,8.57947,8.58074,1.00,1.00
2016.01.25 11:09:06.955,8.57947,8.58035,1.00,1.00
2016.01.25 11:09:07.178,8.57903,8.58035,1.00,1.00
2016.01.25 11:09:09.211,8.57885,8.58035,1.00,1.00
2016.01.25 11:09:09.312,8.57863,8.58035,1.00,1.00
2016.01.25 11:09:09.869,8.57897,8.58035,1.00,1.00
2016.01.25 11:09:10.021,8.57925,8.5808,1.00,1.00
2016.01.25 11:09:10.283,8.57938,8.5808,1.00,1.00
2016.01.25 11:09:10.334,8.57948,8.58112,1.00,1.00
2016.01.25 11:09:10.540,8.57948,8.58123,1.00,1.00
2016.01.25 11:09:10.782,8.57957,8.58123,1.00,1.00
2016.01.25 11:09:11.961,8.57948,8.58123,1.00,1.00
2016.01.25 11:09:12.143,8.57936,8.58096,1.00,1.00
2016.01.25 11:09:13.230,8.57936,8.58075,1.00,1.00
2016.01.25 11:09:13.383,8.57916,8.58075,1.00,1.00
2016.01.25 11:09:13.601,8.579,8.58075,1.00,1.00
2016.01.25 11:09:13.677,8.57912,8.58075,1.00,1.00
2016.01.25 11:09:13.797,8.579,8.58075,1.00,1.00
2016.01.25 11:09:13.848,8.579,8.58065,1.00,1.00
2016.01.25 11:09:14.330,8.579,8.58075,1.00,1.00
2016.01.25 11:09:16.286,8.579,8.58048,1.00,1.00
2016.01.25 11:09:20.450,8.57814,8.57989,1.00,1.00
2016.01.25 11:09:21.031,8.57814,8.57989,1.00,1.07
2016.01.25 11:09:21.955,8.57784,8.57954,1.00,1.00
2016.01.25 11:09:22.285,8.57779,8.57954,1.00,1.00
2016.01.25 11:09:29.070,8.57821,8.57954,1.00,1.00
2016.01.25 11:09:29.171,8.57841,8.58008,1.00,1.75
2016.01.25 11:09:29.424,8.57841,8.58008,1.00,1.75
2016.01.25 11:09:29.525,8.57795,8.57968,1.00,1.75
2016.01.25 11:09:29.626,8.57795,8.57968,1.00,1.75
2016.01.25 11:09:29.728,8.57776,8.57947,1.00,1.75
2016.01.25 11:09:31.427,8.57776,8.57947,1.00,1.00
2016.01.25 11:09:33.858,8.57773,8.57947,1.00,1.00
2016.01.25 11:09:36.217,8.57751,8.57923,1.00,1.00
2016.01.25 11:09:36.268,8.57748,8.57923,1.00,1.00
2016.01.25 11:09:39.809,8.57748,8.57918,1.00,1.00
2016.01.25 11:09:40.169,8.57731,8.57898,1.00,1.00
2016.01.25 11:09:42.576,8.57764,8.57898,1.00,1.00
2016.01.25 11:09:42.678,8.57766,8.57941,1.00,1.00
2016.01.25 11:09:42.937,8.57766,8.57941,1.00,1.37
2016.01.25 11:09:43.314,8.57766,8.57934,1.00,1.75
2016.01.25 11:09:43.566,8.57704,8.5786,1.00,1.00
2016.01.25 11:09:43.667,8.57715,8.57889,1.00,1.00
2016.01.25 11:09:44.178,8.57715,8.57889,1.00,1.07
2016.01.25 11:09:44.728,8.57715,8.57889,1.00,1.00
2016.01.25 11:09:45.349,8.57704,8.57862,1.00,1.00
2016.01.25 11:09:46.331,8.57688,8.57862,1.00,1.00
2016.01.25 11:09:46.723,8.57705,8.57862,1.00,1.00
2016.01.25 11:09:46.824,8.57688,8.57862,1.00,1.00
2016.01.25 11:09:47.377,8.57666,8.5784,1.00,1.00
2016.01.25 11:09:48.370,8.5766,8.57812,1.00,1.00
2016.01.25 11:09:48.549,8.5764,8.57812,1.00,1.00
2016.01.25 11:09:48.766,8.57667,8.57812,1.00,1.00
2016.01.25 11:09:49.247,8.57645,8.57812,1.00,1.00
2016.01.25 11:09:49.367,8.57663,8.57812,1.00,1.00
2016.01.25 11:09:54.291,8.57673,8.57832,1.00,1.00
2016.01.25 11:09:54.392,8.57673,8.57847,1.00,1.00
2016.01.25 11:09:54.493,8.5769,8.57847,1.00,1.00
2016.01.25 11:09:54.796,8.5767,8.57799,1.00,1.00
2016.01.25 11:09:54.847,8.57637,8.57799,1.00,1.00
2016.01.25 11:09:55.545,8.57637,8.57777,1.00,1.00
2016.01.25 11:09:55.949,8.5764,8.57777,1.00,1.00
2016.01.25 11:09:56.576,8.57621,8.57777,1.00,1.00
2016.01.25 11:09:56.996,8.57603,8.57777,1.00,1.00
2016.01.25 11:09:58.304,8.57617,8.57777,1.00,1.00
2016.01.25 11:09:58.464,8.57633,8.57796,1.00,1.00
2016.01.25 11:09:58.515,8.57641,8.57796,1.00,1.00
2016.01.25 11:09:58.869,8.57617,8.57756,1.00,1.00
2016.01.25 11:09:58.920,8.57598,8.57756,1.00,1.00
2016.01.25 11:09:59.021,8.57598,8.57734,1.00,1.00
2016.01.25 11:09:59.217,8.57579,8.57734,1.00,1.00
2016.01.25 11:09:59.973,8.57583,8.57734,1.00,1.00
2016.01.25 11:10:01.166,8.5758,8.57734,1.00,1.00
2016.01.25 11:10:01.536,8.57559,8.57734,1.00,1.00
2016.01.25 11:10:01.639,8.5758,8.57734,1.00,1.00
2016.01.25 11:10:02.013,8.5758,8.57707,1.00,1.00
2016.01.25 11:10:02.216,8.57626,8.57771,1.00,1.00
2016.01.25 11:10:02.267,8.57647,8.57771,1.00,1.00
2016.01.25 11:10:02.472,8.57621,8.57796,1.00,1.00
2016.01.25 11:10:02.525,8.57611,8.57754,1.00,1.00
2016.01.25 11:10:03.163,8.57592,8.57754,1.00,1.00
2016.01.25 11:10:03.818,8.57612,8.57754,1.00,1.00
2016.01.25 11:10:05.288,8.57586,8.57754,1.00,1.00
2016.01.25 11:10:05.648,8.57606,8.57754,1.00,1.00
2016.01.25 11:10:06.174,8.57586,8.57754,1.00,1.00
2016.01.25 11:10:06.376,8.57586,8.5773,1.00,1.00
2016.01.25 11:10:06.580,8.57547,8.57706,1.00,1.00
2016.01.25 11:10:10.341,8.57576,8.57706,1.00,1.00
2016.01.25 11:10:11.484,8.57576,8.57726,1.00,1.00
2016.01.25 11:10:11.535,8.57576,8.57733,1.00,1.00
2016.01.25 11:10:12.887,8.57576,8.57705,1.00,1.00
2016.01.25 11:10:16.798,8.57576,8.57725,1.00,1.00
2016.01.25 11:10:16.849,8.57576,8.57736,1.00,1.00
2016.01.25 11:10:17.574,8.57615,8.57756,1.00,1.00
2016.01.25 11:10:17.624,8.57616,8.57787,1.00,1.77
2016.01.25 11:10:17.726,8.57635,8.57787,1.00,1.69
2016.01.25 11:10:17.877,8.57655,8.5781,1.00,1.00
2016.01.25 11:10:17.928,8.57655,8.5783,1.00,1.07
2016.01.25 11:10:18.450,8.57655,8.5783,1.00,1.07
2016.01.25 11:10:19.114,8.57655,8.5783,1.00,1.00
2016.01.25 11:10:19.279,8.57635,8.57808,1.50,1.00
2016.01.25 11:10:22.508,8.57635,8.57779,1.00,1.00
2016.01.25 11:10:26.338,8.57639,8.57814,1.00,1.00
2016.01.25 11:10:38.827,8.57655,8.57814,1.00,1.00
2016.01.25 11:10:44.692,8.57666,8.57839,1.00,1.00
2016.01.25 11:10:45.612,8.57694,8.5786,1.00,1.10
2016.01.25 11:10:45.663,8.57694,8.57869,1.00,1.00
2016.01.25 11:10:45.765,8.57708,8.57869,1.00,1.00
2016.01.25 11:10:47.907,8.57708,8.57856,1.00,1.00
2016.01.25 11:10:49.202,8.57694,8.57856,1.00,1.00
2016.01.25 11:10:49.303,8.57689,8.57847,1.00,1.00
2016.01.25 11:10:54.202,8.57727,8.57847,1.00,1.00
2016.01.25 11:10:54.505,8.57797,8.57881,1.00,1.00
2016.01.25 11:10:54.607,8.57797,8.57909,1.00,1.00
2016.01.25 11:10:54.859,8.57761,8.57909,1.00,1.00
2016.01.25 11:10:54.910,8.57768,8.57943,1.00,1.00
2016.01.25 11:10:55.224,8.57768,8.57943,1.37,1.00
2016.01.25 11:10:56.080,8.57788,8.57943,1.00,1.00
2016.01.25 11:10:56.399,8.57782,8.57943,1.37,1.00
2016.01.25 11:10:57.122,8.57808,8.57971,1.00,1.00
2016.01.25 11:10:57.426,8.57808,8.57971,2.25,1.00
2016.01.25 11:10:57.528,8.5784,8.57995,1.07,1.00
2016.01.25 11:10:57.579,8.57866,8.57995,1.00,1.00
2016.01.25 11:10:57.731,8.57866,8.58017,1.00,1.00
2016.01.25 11:10:57.781,8.57894,8.58017,1.00,1.00
2016.01.25 11:10:57.832,8.57894,8.5804,1.00,1.00
2016.01.25 11:10:59.128,8.57896,8.58066,1.00,1.00
2016.01.25 11:10:59.343,8.57912,8.58066,1.07,1.00
2016.01.25 11:10:59.769,8.57922,8.58066,1.75,1.00
2016.01.25 11:10:59.820,8.57922,8.58086,1.75,1.00
2016.01.25 11:10:59.871,8.57922,8.58094,1.75,1.00
2016.01.25 11:10:59.922,8.57922,8.5807,1.07,1.00
2016.01.25 11:11:00.372,8.57922,8.5807,1.00,1.00
2016.01.25 11:11:01.203,8.57922,8.5809,1.00,1.00
2016.01.25 11:11:01.254,8.57922,8.58093,1.00,1.00
2016.01.25 11:11:02.350,8.57922,8.58069,1.00,1.00
2016.01.25 11:11:04.803,8.57922,8.58042,1.00,1.00
2016.01.25 11:11:05.297,8.579,8.58042,1.00,1.00
2016.01.25 11:11:05.814,8.579,8.58062,1.00,1.00
2016.01.25 11:11:05.999,8.579,8.58069,1.00,1.00
2016.01.25 11:11:08.603,8.57924,8.58098,1.00,1.00
2016.01.25 11:11:15.467,8.5792,8.58069,1.00,1.00
2016.01.25 11:11:16.103,8.57897,8.58069,1.00,1.00
2016.01.25 11:11:16.153,8.57891,8.5804,1.00,1.00
2016.01.25 11:11:16.438,8.57873,8.5804,1.00,1.00
2016.01.25 11:11:19.981,8.57871,8.5804,1.00,1.00
2016.01.25 11:11:26.384,8.57896,8.58052,1.00,1.00
2016.01.25 11:11:29.879,8.57892,8.58048,1.00,1.00
2016.01.25 11:11:35.619,8.57892,8.58044,1.00,1.00
2016.01.25 11:11:37.502,8.57898,8.58044,1.00,1.00
2016.01.25 11:11:37.653,8.57898,8.58073,1.00,1.00
2016.01.25 11:11:44.375,8.57898,8.58071,1.00,1.00
2016.01.25 11:11:45.548,8.57898,8.58073,1.00,1.00
2016.01.25 11:11:46.307,8.57892,8.58044,1.00,1.00
2016.01.25 11:11:49.119,8.57892,8.58008,1.00,1.00
2016.01.25 11:11:49.220,8.5787,8.58008,1.00,1.00
2016.01.25 11:11:49.322,8.57845,8.58008,1.00,1.00
2016.01.25 11:11:50.278,8.57845,8.58007,1.00,1.00
2016.01.25 11:11:50.480,8.57833,8.58007,1.00,1.00
2016.01.25 11:11:50.531,8.57824,8.57984,1.00,1.00
2016.01.25 11:11:59.671,8.57824,8.57979,1.00,1.00
2016.01.25 11:12:00.049,8.57824,8.57957,1.00,1.00
2016.01.25 11:12:07.360,8.57824,8.57979,1.00,1.00
2016.01.25 11:12:09.417,8.57805,8.57979,1.00,1.50
2016.01.25 11:12:10.297,8.57802,8.57958,1.00,1.00
2016.01.25 11:12:13.384,8.57806,8.57978,1.00,1.00
2016.01.25 11:12:13.435,8.57806,8.5798,1.00,1.00
2016.01.25 11:12:16.148,8.57806,8.5798,1.07,1.00
2016.01.25 11:12:16.258,8.57806,8.5798,1.00,1.00
2016.01.25 11:12:17.210,8.57802,8.57959,1.00,1.00
2016.01.25 11:12:30.762,8.5782,8.57959,1.00,1.00
2016.01.25 11:12:30.965,8.5782,8.57983,1.00,1.00
2016.01.25 11:12:31.016,8.5782,8.57983,1.75,1.00
2016.01.25 11:12:31.168,8.57846,8.58019,1.37,1.00
2016.01.25 11:12:32.428,8.57846,8.58019,1.00,1.00
2016.01.25 11:12:42.261,8.57846,8.58019,1.75,1.00
2016.01.25 11:12:42.413,8.57886,8.58052,1.00,1.00
2016.01.25 11:12:42.565,8.57886,8.58059,1.00,1.00
2016.01.25 11:12:42.666,8.57886,8.58059,1.07,1.00
2016.01.25 11:12:43.085,8.57886,8.58059,1.75,1.00
2016.01.25 11:12:43.136,8.57923,8.58098,1.00,1.00
2016.01.25 11:12:43.238,8.57923,8.58098,1.75,1.00
2016.01.25 11:12:43.537,8.57923,8.58098,1.07,1.00
2016.01.25 11:12:44.417,8.57923,8.58098,1.07,1.00
2016.01.25 11:12:45.853,8.57923,8.58098,1.75,1.00
2016.01.25 11:12:46.055,8.57954,8.58127,1.75,1.00
2016.01.25 11:12:46.106,8.57954,8.58127,1.75,1.00
2016.01.25 11:12:46.431,8.57954,8.58127,1.07,1.00
2016.01.25 11:12:48.678,8.57954,8.58077,1.07,1.00
2016.01.25 11:12:49.195,8.57953,8.58077,1.75,1.00
2016.01.25 11:12:49.296,8.57953,8.58077,1.37,1.00
2016.01.25 11:12:49.347,8.57953,8.58089,1.37,1.00
2016.01.25 11:12:49.499,8.57944,8.58089,1.07,1.00
2016.01.25 11:12:49.600,8.57918,8.58089,1.00,1.00
2016.01.25 11:12:49.651,8.57918,8.58092,1.00,1.00
2016.01.25 11:12:49.803,8.57889,8.58063,1.50,1.00
2016.01.25 11:12:50.504,8.57889,8.58063,1.10,1.00
2016.01.25 11:12:52.334,8.57889,8.58063,1.37,1.00
2016.01.25 11:12:52.537,8.57927,8.58101,1.37,1.00
2016.01.25 11:12:52.899,8.57927,8.58101,1.07,1.00
2016.01.25 11:12:53.110,8.57949,8.58121,1.00,1.00
2016.01.25 11:12:53.283,8.57949,8.58121,1.75,1.00
2016.01.25 11:12:53.617,8.57975,8.58121,1.00,1.00
2016.01.25 11:12:53.834,8.5795,8.58121,1.75,1.00
2016.01.25 11:12:58.229,8.57934,8.581,1.75,1.00
2016.01.25 11:12:58.868,8.57934,8.58067,1.75,1.00
2016.01.25 11:12:59.227,8.57953,8.58067,1.75,1.00
2016.01.25 11:12:59.425,8.57953,8.58067,1.00,1.00
2016.01.25 11:12:59.526,8.5793,8.58067,1.07,1.00
2016.01.25 11:13:02.880,8.5793,8.58077,1.57,1.27
2016.01.25 11:13:04.036,8.57955,8.58077,1.00,1.27
2016.01.25 11:13:04.876,8.57955,8.58064,1.00,1.00
2016.01.25 11:13:05.240,8.57915,8.58038,1.00,1.00
2016.01.25 11:13:05.342,8.57883,8.58038,1.00,1.00
2016.01.25 11:13:05.443,8.57849,8.5802,1.00,1.00
2016.01.25 11:13:05.568,8.57849,8.58013,1.00,1.00
2016.01.25 11:13:06.291,8.57845,8.58013,1.00,1.00
2016.01.25 11:13:06.342,8.5787,8.58013,1.00,1.00
2016.01.25 11:13:07.339,8.57855,8.58013,1.00,1.00
2016.01.25 11:13:09.046,8.57854,8.58013,1.00,1.00
2016.01.25 11:13:09.719,8.57854,8.58013,1.07,1.00
2016.01.25 11:13:11.469,8.57866,8.58013,1.00,1.00
2016.01.25 11:13:12.621,8.5787,8.58013,1.00,1.00
2016.01.25 11:13:13.123,8.57842,8.58013,1.37,1.00
2016.01.25 11:13:14.337,8.57842,8.58013,1.00,1.00
2016.01.25 11:13:18.457,8.57811,8.57986,1.75,1.00
2016.01.25 11:13:21.490,8.57836,8.5801,1.07,1.00
2016.01.25 11:13:21.980,8.57807,8.57961,1.75,1.00
2016.01.25 11:13:22.081,8.57807,8.57961,1.07,1.00
2016.01.25 11:13:22.183,8.57787,8.57961,1.75,1.00
2016.01.25 11:13:22.334,8.57787,8.57961,1.37,1.00
2016.01.25 11:13:22.385,8.57787,8.57961,1.00,1.00
2016.01.25 11:13:22.960,8.57787,8.57961,1.07,1.00
2016.01.25 11:13:29.969,8.57787,8.57961,1.12,1.00
2016.01.25 11:13:30.272,8.57787,8.57961,1.37,1.00
2016.01.25 11:13:30.436,8.57787,8.57961,1.37,1.00
2016.01.25 11:13:30.866,8.57787,8.57949,1.37,1.00
2016.01.25 11:13:30.917,8.57754,8.57929,1.37,1.00
2016.01.25 11:13:30.968,8.57754,8.57929,1.00,1.00
2016.01.25 11:13:31.070,8.57743,8.57905,1.37,1.00
2016.01.25 11:13:31.323,8.57731,8.57905,1.00,1.00
2016.01.25 11:13:31.374,8.57733,8.57905,1.69,1.00
2016.01.25 11:13:32.233,8.57731,8.57905,1.00,1.00
2016.01.25 11:13:32.613,8.57731,8.57905,1.37,1.00
2016.01.25 11:13:33.043,8.57762,8.57925,1.00,1.00
2016.01.25 11:13:33.095,8.57762,8.57937,1.37,1.00
2016.01.25 11:13:35.793,8.57762,8.57937,1.00,1.00
2016.01.25 11:13:37.019,8.57762,8.57937,1.07,1.00
2016.01.25 11:13:41.268,8.57762,8.57937,1.75,1.00
2016.01.25 11:13:41.321,8.57784,8.57959,1.07,1.00
2016.01.25 11:13:42.027,8.57787,8.57959,1.00,1.00
2016.01.25 11:13:42.359,8.57803,8.57959,1.00,1.00
2016.01.25 11:13:42.668,8.57787,8.57959,1.75,1.00
2016.01.25 11:13:43.271,8.57784,8.57959,1.37,1.00
2016.01.25 11:13:44.992,8.57811,8.57959,1.00,1.00
2016.01.25 11:13:45.144,8.57832,8.58004,1.37,1.00
2016.01.25 11:13:45.296,8.57842,8.58004,1.75,1.00
2016.01.25 11:13:45.570,8.57872,8.58026,1.00,1.00
2016.01.25 11:13:45.620,8.57903,8.58026,1.00,1.00
2016.01.25 11:13:45.920,8.57903,8.58045,1.07,1.00
2016.01.25 11:13:46.022,8.57903,8.58045,1.00,1.00
2016.01.25 11:13:46.124,8.57903,8.58024,1.00,1.00
2016.01.25 11:13:46.928,8.57874,8.58024,1.00,1.00
2016.01.25 11:13:53.116,8.57874,8.58048,1.00,1.00
2016.01.25 11:13:56.921,8.57874,8.58048,1.37,1.00
2016.01.25 11:13:57.072,8.57897,8.58071,1.00,1.00
2016.01.25 11:14:03.556,8.57875,8.58046,1.37,1.00
2016.01.25 11:14:03.847,8.57871,8.58046,1.07,1.00
2016.01.25 11:14:05.265,8.57871,8.58046,1.00,1.00
2016.01.25 11:14:05.316,8.57871,8.58013,1.00,1.00
2016.01.25 11:14:05.664,8.57823,8.5794,1.69,1.00
2016.01.25 11:14:05.917,8.5774,8.57909,1.00,1.00
2016.01.25 11:14:05.968,8.5774,8.57887,1.00,1.00
2016.01.25 11:14:06.177,8.57705,8.57861,1.07,1.00
2016.01.25 11:14:06.228,8.57705,8.57861,1.37,1.00
2016.01.25 11:14:06.684,8.57708,8.57883,1.37,1.00
2016.01.25 11:14:06.745,8.57708,8.57881,1.37,1.00
2016.01.25 11:14:07.076,8.57705,8.57837,1.37,1.00
2016.01.25 11:14:07.178,8.57674,8.57837,1.75,1.00
2016.01.25 11:14:07.490,8.57672,8.57837,1.00,1.00
2016.01.25 11:14:07.541,8.57669,8.57837,1.00,1.00
2016.01.25 11:14:07.720,8.57662,8.57837,1.00,1.00
2016.01.25 11:14:07.775,8.5769,8.57837,1.00,1.00
2016.01.25 11:14:07.977,8.57726,8.57901,1.00,1.37
2016.01.25 11:14:08.281,8.57683,8.57857,1.00,1.00
2016.01.25 11:14:08.483,8.57658,8.57816,1.00,1.00
2016.01.25 11:14:08.681,8.5766,8.57835,1.00,1.00
2016.01.25 11:14:09.071,8.5763,8.57805,1.50,1.00
2016.01.25 11:14:09.375,8.57726,8.57901,1.00,1.75
2016.01.25 11:14:09.478,8.57671,8.57843,1.00,1.00
2016.01.25 11:14:09.580,8.57662,8.57818,1.00,1.00
2016.01.25 11:14:09.631,8.57643,8.57818,1.00,1.00
2016.01.25 11:14:09.886,8.57648,8.57818,1.00,1.00
2016.01.25 11:14:10.086,8.57643,8.57818,1.00,1.00
2016.01.25 11:14:10.187,8.57667,8.57842,1.00,1.00
2016.01.25 11:14:10.518,8.57723,8.57898,1.00,1.00
2016.01.25 11:14:10.826,8.57748,8.5792,1.00,1.37
2016.01.25 11:14:10.877,8.57714,8.57889,1.00,1.00
2016.01.25 11:14:11.183,8.57682,8.57857,1.00,1.00
2016.01.25 11:14:11.564,8.57688,8.57857,1.00,1.00
2016.01.25 11:14:11.615,8.57709,8.57882,1.00,1.00
2016.01.25 11:14:12.059,8.57709,8.5788,1.00,1.00
2016.01.25 11:14:12.109,8.57687,8.57861,1.00,1.00
2016.01.25 11:14:12.265,8.57697,8.57861,1.00,1.00
2016.01.25 11:14:12.616,8.57732,8.57895,1.00,1.00
2016.01.25 11:14:13.055,8.57754,8.57895,1.00,1.00
2016.01.25 11:14:13.616,8.57754,8.57917,1.00,1.00
2016.01.25 11:14:14.567,8.57755,8.57917,1.00,1.00
2016.01.25 11:14:14.618,8.57775,8.57917,1.00,1.00
2016.01.25 11:14:14.669,8.57775,8.57944,1.00,1.00
2016.01.25 11:14:17.366,8.57775,8.57944,1.07,1.00
2016.01.25 11:14:17.842,8.57775,8.57944,1.00,1.00
2016.01.25 11:14:20.338,8.57775,8.5795,1.75,1.00
2016.01.25 11:14:20.490,8.57775,8.5795,1.07,1.00
2016.01.25 11:14:20.541,8.57775,8.57942,1.07,1.00
2016.01.25 11:14:20.875,8.57811,8.57942,1.00,1.00
2016.01.25 11:14:21.132,8.57788,8.57942,1.00,1.00
2016.01.25 11:14:21.885,8.57811,8.57942,1.00,1.00
2016.01.25 11:14:22.087,8.57893,8.58028,1.00,1.00
2016.01.25 11:14:22.466,8.57918,8.5806,1.00,1.07
2016.01.25 11:14:22.518,8.57918,8.5806,1.00,1.00
2016.01.25 11:14:22.619,8.5794,8.5806,1.00,1.00
2016.01.25 11:14:22.822,8.5794,8.5808,1.00,1.00
2016.01.25 11:14:22.923,8.5794,8.58088,1.00,1.00
2016.01.25 11:14:22.974,8.57913,8.58088,1.00,1.00
2016.01.25 11:14:23.227,8.57893,8.58059,1.00,1.00
2016.01.25 11:14:23.278,8.57887,8.58059,1.00,1.00
2016.01.25 11:14:23.414,8.57898,8.58059,1.00,1.00
2016.01.25 11:14:23.515,8.57916,8.5808,1.00,1.00
2016.01.25 11:14:23.567,8.57916,8.58091,1.00,1.00
2016.01.25 11:14:23.828,8.57898,8.58065,1.00,1.00
2016.01.25 11:14:23.929,8.57915,8.58085,1.00,1.00
2016.01.25 11:14:23.980,8.57915,8.5809,1.00,1.00
2016.01.25 11:14:24.031,8.57898,8.58067,1.00,1.00
2016.01.25 11:14:24.283,8.57919,8.58094,1.00,1.00
2016.01.25 11:14:27.307,8.57946,8.58114,1.00,1.00
2016.01.25 11:14:27.409,8.57946,8.5812,1.00,1.00
2016.01.25 11:14:31.126,8.57926,8.58088,1.00,1.00
2016.01.25 11:14:31.190,8.57915,8.58088,1.00,1.00
2016.01.25 11:14:32.195,8.57913,8.58088,1.00,1.00
2016.01.25 11:14:42.822,8.57913,8.58082,1.00,1.00
2016.01.25 11:14:42.873,8.57887,8.58062,1.00,1.00
2016.01.25 11:14:48.038,8.57894,8.58062,1.00,1.00
2016.01.25 11:14:48.089,8.57914,8.58089,1.00,1.00
2016.01.25 11:14:49.064,8.57891,8.58055,1.00,1.00
2016.01.25 11:14:52.776,8.57891,8.58031,1.00,1.00
2016.01.25 11:14:52.878,8.57872,8.58031,1.00,1.00
2016.01.25 11:14:53.690,8.57856,8.58031,1.00,1.00
2016.01.25 11:15:10.213,8.57849,8.58024,1.00,1.00
2016.01.25 11:15:12.765,8.57829,8.57987,1.00,1.00
2016.01.25 11:15:12.816,8.57826,8.57987,1.00,1.00
2016.01.25 11:15:12.867,8.57813,8.57987,1.00,1.00
2016.01.25 11:15:14.764,8.57793,8.57962,1.00,1.00
2016.01.25 11:15:14.815,8.57787,8.57962,1.00,1.00
2016.01.25 11:15:16.740,8.57775,8.5794,1.00,1.00
2016.01.25 11:15:16.791,8.57767,8.5794,1.00,1.00
2016.01.25 11:15:16.842,8.57765,8.5794,1.00,1.00
2016.01.25 11:15:17.417,8.57766,8.5794,1.00,1.00
2016.01.25 11:15:17.965,8.57765,8.5794,1.00,1.00
2016.01.25 11:15:18.570,8.57766,8.5794,1.00,1.00
2016.01.25 11:15:19.131,8.57787,8.5796,1.00,1.00
2016.01.25 11:15:19.212,8.57787,8.57962,1.00,1.00
2016.01.25 11:15:19.558,8.57768,8.57902,1.00,1.00
2016.01.25 11:15:19.660,8.57728,8.57902,1.00,1.00
2016.01.25 11:15:25.299,8.57715,8.57871,1.00,1.00
2016.01.25 11:15:25.451,8.57697,8.57871,1.00,1.00
2016.01.25 11:15:25.653,8.57691,8.57848,1.00,1.00
2016.01.25 11:15:25.838,8.57673,8.57848,1.00,1.00
2016.01.25 11:15:25.890,8.57684,8.57848,1.00,1.00
2016.01.25 11:15:26.366,8.57695,8.57868,1.00,1.00
2016.01.25 11:15:26.468,8.57695,8.5787,1.00,1.00
2016.01.25 11:15:27.292,8.57729,8.57889,1.00,1.00
2016.01.25 11:15:27.343,8.57729,8.57904,1.00,1.00
2016.01.25 11:15:27.997,8.57752,8.57924,1.00,1.00
2016.01.25 11:15:28.048,8.57752,8.57926,1.00,1.00
2016.01.25 11:15:28.320,8.57753,8.57915,1.00,1.00
2016.01.25 11:15:28.371,8.57753,8.57928,1.00,1.00
2016.01.25 11:15:30.991,8.57733,8.579,1.00,1.00
2016.01.25 11:15:31.045,8.57725,8.579,1.00,1.00
2016.01.25 11:15:31.815,8.57726,8.579,1.00,1.00
2016.01.25 11:15:33.164,8.57725,8.579,1.00,1.00
2016.01.25 11:15:37.206,8.57723,8.57877,1.00,1.00
2016.01.25 11:15:37.256,8.57705,8.57877,1.00,1.00
2016.01.25 11:15:37.307,8.57703,8.57877,1.00,1.00
2016.01.25 11:15:38.518,8.57726,8.57897,1.00,1.00
2016.01.25 11:15:38.569,8.57726,8.579,1.00,1.00
2016.01.25 11:15:40.581,8.57751,8.57914,1.00,1.00
2016.01.25 11:15:41.893,8.57723,8.57893,1.00,1.00
2016.01.25 11:15:41.944,8.57719,8.57893,1.00,1.00
2016.01.25 11:15:42.091,8.57701,8.57866,1.00,1.00
2016.01.25 11:15:44.735,8.57691,8.57866,1.00,1.00
2016.01.25 11:15:44.786,8.57691,8.57859,1.00,1.00
2016.01.25 11:15:44.836,8.57664,8.57839,1.00,1.00
2016.01.25 11:15:44.938,8.57677,8.57839,1.00,1.00
2016.01.25 11:15:45.997,8.57664,8.57839,1.00,1.00
2016.01.25 11:15:59.408,8.5767,8.57839,1.00,1.00
2016.01.25 11:15:59.459,8.57691,8.57863,1.00,1.00
2016.01.25 11:16:00.210,8.57695,8.57863,1.00,1.00
2016.01.25 11:16:00.569,8.57715,8.57882,1.00,1.00
2016.01.25 11:16:00.706,8.57715,8.57889,1.00,1.00
2016.01.25 11:16:02.911,8.57715,8.57874,1.00,1.00
2016.01.25 11:16:03.063,8.57685,8.57859,1.00,1.00
2016.01.25 11:16:04.614,8.57688,8.57859,1.00,1.00
2016.01.25 11:16:04.917,8.57709,8.57874,1.00,1.00
2016.01.25 11:16:05.417,8.57709,8.5788,1.00,1.00
2016.01.25 11:16:05.519,8.5778,8.5788,1.00,1.00
2016.01.25 11:16:06.565,8.57734,8.57882,1.00,1.00
2016.01.25 11:16:06.676,8.57713,8.57882,1.69,1.00
2016.01.25 11:16:06.817,8.5771,8.57882,1.00,1.00
2016.01.25 11:16:07.615,8.5771,8.5788,1.00,1.00
2016.01.25 11:16:07.812,8.5768,8.57854,1.00,1.00
2016.01.25 11:16:08.123,8.57684,8.57854,1.00,1.00
2016.01.25 11:16:08.528,8.57686,8.57854,1.00,1.00
2016.01.25 11:16:08.579,8.57706,8.5788,1.00,1.50
2016.01.25 11:16:24.157,8.57706,8.57879,1.00,1.00
2016.01.25 11:16:24.208,8.57684,8.57859,1.00,1.00
2016.01.25 11:16:30.517,8.57699,8.57859,1.00,1.00
2016.01.25 11:16:32.823,8.57684,8.57859,1.00,1.00
2016.01.25 11:16:33.079,8.57684,8.57852,1.00,1.00
2016.01.25 11:16:33.396,8.57671,8.57832,1.00,1.00
2016.01.25 11:16:33.553,8.57657,8.57832,1.00,1.00
2016.01.25 11:16:33.779,8.57657,8.57828,1.00,1.00
2016.01.25 11:16:34.265,8.57642,8.57807,1.00,1.00
2016.01.25 11:16:35.025,8.57642,8.57786,1.00,1.00
2016.01.25 11:16:35.226,8.57611,8.57786,1.07,1.00
2016.01.25 11:16:35.426,8.57623,8.57786,1.00,1.00
2016.01.25 11:16:35.527,8.57633,8.57808,1.00,1.00
2016.01.25 11:16:35.684,8.57633,8.57794,1.00,1.00
2016.01.25 11:16:35.735,8.576,8.57774,1.00,1.00
2016.01.25 11:16:35.805,8.57617,8.57774,1.00,1.00
2016.01.25 11:16:36.074,8.576,8.57774,1.00,1.00
2016.01.25 11:16:36.125,8.57617,8.57774,1.00,1.00
2016.01.25 11:16:36.648,8.57633,8.57807,1.00,1.00
2016.01.25 11:16:37.126,8.57617,8.57784,1.00,1.00
2016.01.25 11:16:37.277,8.57609,8.57784,1.00,1.00
2016.01.25 11:16:37.364,8.57617,8.57784,1.00,1.00
2016.01.25 11:16:37.484,8.57609,8.57784,1.00,1.00
2016.01.25 11:16:37.786,8.57611,8.57784,1.00,1.00
2016.01.25 11:16:38.005,8.57609,8.57784,1.00,1.00
2016.01.25 11:16:38.107,8.5762,8.57784,1.00,1.00
2016.01.25 11:16:38.208,8.57609,8.57784,1.00,1.00
2016.01.25 11:16:38.309,8.5762,8.57784,1.00,1.00
2016.01.25 11:16:38.971,8.57613,8.57784,1.00,1.00
2016.01.25 11:16:39.103,8.57609,8.57784,1.00,1.00
2016.01.25 11:16:47.474,8.57613,8.57784,1.00,1.00
2016.01.25 11:16:47.758,8.57609,8.57784,1.00,1.00
2016.01.25 11:16:51.984,8.57614,8.57784,1.00,1.00
2016.01.25 11:16:52.186,8.57624,8.57796,1.00,1.00
2016.01.25 11:16:52.475,8.5765,8.57825,1.00,1.00
2016.01.25 11:16:52.817,8.5765,8.57823,1.00,1.00
2016.01.25 11:16:53.098,8.5765,8.57825,1.00,1.00
2016.01.25 11:16:53.149,8.57634,8.578,1.00,1.00
2016.01.25 11:16:53.200,8.57625,8.578,1.00,1.00
2016.01.25 11:16:55.717,8.57637,8.578,1.00,1.00
2016.01.25 11:16:55.973,8.57625,8.578,1.00,1.00
2016.01.25 11:16:57.335,8.57645,8.578,1.00,1.00
2016.01.25 11:16:57.437,8.5763,8.578,1.00,1.00
2016.01.25 11:16:57.488,8.5765,8.57825,1.00,1.00
2016.01.25 11:17:01.481,8.57637,8.578,1.00,1.00
2016.01.25 11:17:01.821,8.57655,8.5783,1.00,1.00
2016.01.25 11:17:06.390,8.57624,8.57799,1.07,1.00
2016.01.25 11:17:06.691,8.5763,8.57799,1.00,1.00
2016.01.25 11:17:06.893,8.57624,8.57799,1.07,1.00
2016.01.25 11:17:07.085,8.57624,8.57799,1.00,1.00
2016.01.25 11:17:12.336,8.57624,8.57787,1.00,1.00
2016.01.25 11:17:12.387,8.57625,8.57798,1.00,1.00
2016.01.25 11:17:14.658,8.57632,8.57798,1.00,1.00
2016.01.25 11:17:14.708,8.57648,8.57823,1.00,1.00
2016.01.25 11:17:19.482,8.57648,8.57812,1.00,1.00
2016.01.25 11:17:19.533,8.57617,8.57792,1.00,1.00
2016.01.25 11:17:23.054,8.5763,8.57792,1.00,1.00
2016.01.25 11:17:23.878,8.5763,8.57766,1.00,1.00
2016.01.25 11:17:24.013,8.57615,8.57766,1.00,1.00
2016.01.25 11:17:24.243,8.57615,8.57789,1.00,1.00
2016.01.25 11:17:26.083,8.57614,8.57789,1.00,1.00
2016.01.25 11:17:28.701,8.57614,8.57776,1.00,1.00
2016.01.25 11:17:29.102,8.57604,8.57756,1.07,1.00
2016.01.25 11:17:29.153,8.57604,8.57778,1.57,1.00
2016.01.25 11:17:29.361,8.57604,8.57756,1.07,1.00
2016.01.25 11:17:29.704,8.57604,8.57756,1.00,1.00
2016.01.25 11:17:29.915,8.57584,8.57756,1.00,1.00
2016.01.25 11:17:30.253,8.57584,8.57756,1.75,1.00
2016.01.25 11:17:31.237,8.57583,8.57756,1.00,1.00
2016.01.25 11:17:31.548,8.57583,8.57756,1.75,1.00
2016.01.25 11:17:33.321,8.57608,8.57756,1.00,1.00
2016.01.25 11:17:33.371,8.57628,8.57802,1.00,1.00
2016.01.25 11:17:34.917,8.57628,8.57799,1.00,1.00
2016.01.25 11:17:35.245,8.57612,8.57779,1.00,1.00
2016.01.25 11:17:36.198,8.57612,8.57779,1.37,1.00
2016.01.25 11:17:36.531,8.57628,8.57802,1.00,1.00
2016.01.25 11:17:42.973,8.57598,8.57773,1.75,1.00
2016.01.25 11:17:43.132,8.57598,8.57773,1.12,1.00
2016.01.25 11:17:44.735,8.57608,8.57773,1.00,1.00
2016.01.25 11:17:44.952,8.57622,8.57796,1.00,1.00
2016.01.25 11:17:46.555,8.57628,8.57796,1.00,1.00
2016.01.25 11:17:46.891,8.57624,8.57796,1.37,1.00
2016.01.25 11:17:55.353,8.57622,8.57792,1.87,1.00
2016.01.25 11:17:55.708,8.57614,8.57772,1.75,1.00
2016.01.25 11:17:55.842,8.57614,8.57772,1.07,1.00
2016.01.25 11:17:56.184,8.57622,8.57797,1.00,1.00
2016.01.25 11:17:56.403,8.57622,8.57794,1.00,1.00
2016.01.25 11:17:56.734,8.57604,8.57774,1.00,1.00
2016.01.25 11:17:57.085,8.57621,8.57796,1.00,1.00
2016.01.25 11:17:57.187,8.57605,8.57769,1.75,1.00
2016.01.25 11:17:57.307,8.57617,8.57792,1.37,1.00
2016.01.25 11:18:02.243,8.57617,8.57792,1.00,1.00
2016.01.25 11:18:02.497,8.57611,8.57769,1.00,1.00
2016.01.25 11:18:02.798,8.57629,8.57804,1.00,1.00
2016.01.25 11:18:02.968,8.57629,8.57801,1.00,1.00
2016.01.25 11:18:03.298,8.57611,8.57781,1.00,1.00
2016.01.25 11:18:07.555,8.57606,8.57781,1.00,1.00
2016.01.25 11:18:08.356,8.57613,8.57781,1.00,1.00
2016.01.25 11:18:08.705,8.57621,8.57781,1.00,1.00
2016.01.25 11:18:08.861,8.57613,8.57781,1.00,1.00
2016.01.25 11:18:08.982,8.57606,8.57781,1.00,1.00
2016.01.25 11:18:09.033,8.5761,8.57781,1.00,1.00
2016.01.25 11:18:09.513,8.57606,8.57781,1.00,1.00
2016.01.25 11:18:10.593,8.57609,8.57781,1.00,1.00
2016.01.25 11:18:11.030,8.57609,8.57759,1.00,1.00
2016.01.25 11:18:11.154,8.57605,8.57759,1.00,1.00
2016.01.25 11:18:11.457,8.57611,8.57759,1.00,1.00
2016.01.25 11:18:11.508,8.57614,8.57788,1.00,1.00
2016.01.25 11:18:11.815,8.57605,8.57706,1.00,1.00
2016.01.25 11:18:11.867,8.57578,8.57706,1.00,1.00
2016.01.25 11:18:11.968,8.57567,8.57706,1.00,1.00
2016.01.25 11:18:12.069,8.57544,8.57706,1.07,1.00
2016.01.25 11:18:13.882,8.57544,8.57706,1.00,1.00
2016.01.25 11:18:13.933,8.57533,8.57706,1.00,1.00
2016.01.25 11:18:13.984,8.57544,8.57706,1.00,1.00
2016.01.25 11:18:14.342,8.57531,8.57706,1.10,1.00
2016.01.25 11:18:17.527,8.5751,8.57649,1.00,1.00
2016.01.25 11:18:17.679,8.57475,8.57649,1.00,1.00
2016.01.25 11:18:17.885,8.57475,8.57649,1.37,1.00
2016.01.25 11:18:18.202,8.57505,8.5768,1.75,1.00
2016.01.25 11:18:18.422,8.57533,8.57708,1.00,1.00
2016.01.25 11:18:18.739,8.57533,8.57708,1.50,1.00
2016.01.25 11:18:19.290,8.57533,8.57708,1.75,1.00
2016.01.25 11:18:20.886,8.57528,8.57685,1.75,1.00
2016.01.25 11:18:20.937,8.57528,8.57685,1.00,1.00
2016.01.25 11:18:21.038,8.57548,8.57722,1.00,1.00
2016.01.25 11:18:21.632,8.57548,8.57722,1.37,1.00
2016.01.25 11:18:22.045,8.57537,8.57695,1.75,1.00
2016.01.25 11:18:22.227,8.57552,8.57727,1.75,1.00
2016.01.25 11:18:22.492,8.57571,8.57727,1.75,1.00
2016.01.25 11:18:22.647,8.5758,8.57755,1.37,1.00
2016.01.25 11:18:22.698,8.5758,8.57755,1.00,1.00
2016.01.25 11:18:22.912,8.5758,8.57753,1.00,1.00
2016.01.25 11:18:23.282,8.57571,8.57733,1.00,1.00
2016.01.25 11:18:23.333,8.57587,8.57762,1.00,1.00
2016.01.25 11:18:23.549,8.57571,8.57739,1.00,1.00
2016.01.25 11:18:23.852,8.57621,8.57796,1.00,1.00
2016.01.25 11:18:24.043,8.57591,8.57759,1.00,1.00
2016.01.25 11:18:24.163,8.57614,8.57789,1.00,1.00
2016.01.25 11:18:24.214,8.57614,8.57778,1.00,1.00
2016.01.25 11:18:24.265,8.57591,8.57758,1.00,1.00
2016.01.25 11:18:24.474,8.57614,8.57758,1.00,1.00
2016.01.25 11:18:24.576,8.57632,8.57807,1.00,1.00
2016.01.25 11:18:24.627,8.57632,8.57795,1.00,1.00
2016.01.25 11:18:24.729,8.576,8.57775,1.00,1.00
2016.01.25 11:18:24.830,8.576,8.5777,1.00,1.00
2016.01.25 11:18:24.983,8.57575,8.5775,1.00,1.00
2016.01.25 11:18:25.084,8.57587,8.5775,1.00,1.00
2016.01.25 11:18:25.135,8.57601,8.57776,1.00,1.00
2016.01.25 11:18:25.603,8.57585,8.57752,1.00,1.00
2016.01.25 11:18:25.957,8.57604,8.57778,1.00,1.00
2016.01.25 11:18:26.169,8.57582,8.57757,1.00,1.00
2016.01.25 11:18:26.220,8.57584,8.57757,1.00,1.00
2016.01.25 11:18:26.271,8.57604,8.57778,1.00,1.00
2016.01.25 11:18:26.667,8.57626,8.578,1.00,1.00
2016.01.25 11:18:27.023,8.57626,8.57794,1.00,1.00
2016.01.25 11:18:27.276,8.57622,8.57797,1.00,1.00
2016.01.25 11:18:27.327,8.57622,8.57797,1.07,1.00
2016.01.25 11:18:28.402,8.57622,8.57797,1.75,1.00
2016.01.25 11:18:28.562,8.5766,8.57834,1.37,1.00
2016.01.25 11:18:28.760,8.57636,8.57809,1.75,1.00
2016.01.25 11:18:29.075,8.57657,8.57831,1.37,1.00
2016.01.25 11:18:29.433,8.57657,8.57831,1.00,1.00
2016.01.25 11:18:29.534,8.57665,8.57831,1.00,1.00
2016.01.25 11:18:29.585,8.57685,8.5786,1.00,1.00
2016.01.25 11:18:30.762,8.57659,8.57834,1.12,1.00
2016.01.25 11:18:30.863,8.57694,8.57868,1.00,1.00
2016.01.25 11:18:30.914,8.57694,8.57864,1.00,1.00
2016.01.25 11:18:31.002,8.57694,8.57868,1.00,1.00
2016.01.25 11:18:31.053,8.57668,8.57842,1.00,1.00
2016.01.25 11:18:31.384,8.57666,8.5784,1.00,1.00
2016.01.25 11:18:31.685,8.57696,8.57871,1.00,1.00
2016.01.25 11:18:33.882,8.57719,8.57894,1.00,1.00
2016.01.25 11:18:35.443,8.57719,8.57889,1.00,1.00
2016.01.25 11:18:35.498,8.57695,8.57869,1.00,1.00
2016.01.25 11:18:35.683,8.57717,8.57892,1.00,1.00
2016.01.25 11:18:40.654,8.57717,8.57876,1.00,1.00
2016.01.25 11:18:40.704,8.57683,8.57857,1.00,1.00
2016.01.25 11:18:40.872,8.57694,8.57857,1.00,1.00
2016.01.25 11:18:40.923,8.57714,8.57889,1.00,1.00
2016.01.25 11:18:41.560,8.5771,8.57884,1.00,1.00
2016.01.25 11:18:46.382,8.5771,8.57879,1.00,1.00
2016.01.25 11:18:46.432,8.57688,8.57858,1.00,1.00
2016.01.25 11:18:47.180,8.57691,8.57858,1.00,1.00
2016.01.25 11:18:47.231,8.57711,8.57886,1.00,1.00
2016.01.25 11:18:57.117,8.57736,8.5791,1.00,1.00
2016.01.25 11:19:01.859,8.57748,8.5791,1.00,1.00
2016.01.25 11:19:01.910,8.57768,8.57942,1.00,1.00
2016.01.25 11:19:03.100,8.57768,8.57929,1.00,1.00
2016.01.25 11:19:03.151,8.57735,8.57909,1.00,1.00
2016.01.25 11:19:18.996,8.57722,8.57896,1.00,1.00
2016.01.25 11:19:23.147,8.57734,8.57896,1.00,1.00
2016.01.25 11:19:23.198,8.57754,8.57928,1.00,1.00
2016.01.25 11:19:23.947,8.57754,8.57927,1.00,1.00
2016.01.25 11:19:23.998,8.57732,8.57907,1.00,1.00
2016.01.25 11:19:29.712,8.57761,8.57927,1.00,1.00
2016.01.25 11:19:29.763,8.57761,8.57936,1.00,1.00
2016.01.25 11:19:29.814,8.57785,8.57955,1.00,1.00
2016.01.25 11:19:29.865,8.57785,8.57959,1.00,1.00
2016.01.25 11:19:30.420,8.57785,8.5796,1.00,1.00
2016.01.25 11:19:30.624,8.5781,8.5798,1.00,1.00
2016.01.25 11:19:30.675,8.5781,8.57984,1.00,1.00
2016.01.25 11:19:34.441,8.5781,8.57973,1.00,1.00
2016.01.25 11:19:34.652,8.5781,8.57984,1.00,1.00
2016.01.25 11:19:34.703,8.5781,8.57978,1.00,1.00
2016.01.25 11:19:34.754,8.5781,8.57984,1.00,1.00
2016.01.25 11:19:35.041,8.5781,8.57978,1.00,1.00
2016.01.25 11:19:35.143,8.5781,8.57984,1.00,1.00
2016.01.25 11:19:35.771,8.5781,8.57982,1.00,1.00
2016.01.25 11:19:35.946,8.5781,8.57984,1.00,1.00
2016.01.25 11:19:36.431,8.5781,8.5798,1.00,1.00
2016.01.25 11:19:36.583,8.57776,8.5795,1.00,1.00
2016.01.25 11:19:36.971,8.57776,8.57947,1.00,1.00
2016.01.25 11:19:37.215,8.57776,8.5795,1.00,1.00
2016.01.25 11:19:38.912,8.57809,8.5797,1.00,1.00
2016.01.25 11:19:39.014,8.57809,8.57984,1.00,1.00
2016.01.25 11:19:40.041,8.57809,8.57983,1.00,1.00
2016.01.25 11:19:40.610,8.57809,8.57984,1.00,1.00
2016.01.25 11:19:41.161,8.57809,8.57983,1.00,1.00
2016.01.25 11:19:42.664,8.57809,8.57984,1.00,1.00
2016.01.25 11:19:43.470,8.57809,8.57982,1.00,1.00
2016.01.25 11:19:43.522,8.57809,8.57984,1.00,1.00
2016.01.25 11:19:43.867,8.57809,8.57982,1.00,1.00
2016.01.25 11:19:44.016,8.57809,8.57984,1.00,1.00
2016.01.25 11:19:44.118,8.57775,8.5795,1.00,1.00
2016.01.25 11:19:45.162,8.57781,8.5795,1.00,1.00
2016.01.25 11:19:45.771,8.57775,8.5795,1.00,1.00
2016.01.25 11:19:46.427,8.57799,8.57973,1.00,1.00
2016.01.25 11:19:46.731,8.57768,8.57941,1.00,1.00
2016.01.25 11:19:48.737,8.57798,8.57972,1.00,1.00
2016.01.25 11:19:51.755,8.57774,8.57949,1.00,1.00
2016.01.25 11:19:52.915,8.57774,8.57943,1.00,1.00
2016.01.25 11:19:52.991,8.57774,8.57949,1.00,1.00
2016.01.25 11:19:55.666,8.57742,8.57917,1.00,1.00
2016.01.25 11:19:55.969,8.57742,8.57915,1.00,1.00
2016.01.25 11:19:57.050,8.57742,8.57917,1.00,1.00
2016.01.25 11:19:57.551,8.57721,8.57895,1.00,1.00
2016.01.25 11:20:03.439,8.57721,8.57886,1.00,1.00
2016.01.25 11:20:03.489,8.57692,8.57866,1.00,1.00
2016.01.25 11:20:04.260,8.57694,8.57866,1.00,1.00
2016.01.25 11:20:04.592,8.57694,8.57844,1.00,1.00
2016.01.25 11:20:04.795,8.57694,8.57868,1.00,1.00
2016.01.25 11:20:05.442,8.57694,8.57867,1.00,1.00
2016.01.25 11:20:05.493,8.57673,8.57846,1.37,1.00
2016.01.25 11:20:05.914,8.57673,8.57846,1.00,1.00
2016.01.25 11:20:06.136,8.57673,8.57846,1.37,1.00
2016.01.25 11:20:07.429,8.57673,8.57846,1.00,1.00
2016.01.25 11:20:07.672,8.57673,8.57846,1.37,1.00
2016.01.25 11:20:08.672,8.57652,8.57808,1.00,1.00
2016.01.25 11:20:08.723,8.57634,8.57808,1.00,1.00
2016.01.25 11:20:08.882,8.57634,8.57808,1.37,1.00
2016.01.25 11:20:09.742,8.5766,8.57835,1.37,1.00
2016.01.25 11:20:10.628,8.5766,8.57835,1.50,1.00
2016.01.25 11:20:11.075,8.57668,8.57835,1.00,1.00
2016.01.25 11:20:11.192,8.5766,8.57835,1.50,1.00
2016.01.25 11:20:11.301,8.57668,8.57835,1.00,1.00
2016.01.25 11:20:11.581,8.5766,8.57835,1.50,1.00
2016.01.25 11:20:11.682,8.57633,8.57808,1.00,1.00
2016.01.25 11:20:12.794,8.57636,8.57808,1.00,1.00
2016.01.25 11:20:13.106,8.5766,8.57835,1.00,1.00
2016.01.25 11:20:13.780,8.5764,8.57813,1.00,1.00
2016.01.25 11:20:14.602,8.57662,8.57836,1.00,1.00
2016.01.25 11:20:14.660,8.57662,8.57833,1.00,1.00
2016.01.25 11:20:14.710,8.5764,8.57813,1.00,1.00
2016.01.25 11:20:15.181,8.57638,8.57813,1.00,1.00
2016.01.25 11:20:15.973,8.57638,8.57807,1.00,1.00
2016.01.25 11:20:16.307,8.57625,8.57787,1.00,1.00
2016.01.25 11:20:16.357,8.57615,8.57787,1.00,1.00
2016.01.25 11:20:16.541,8.57612,8.57787,1.07,1.00
2016.01.25 11:20:17.075,8.57612,8.57787,1.00,1.00
2016.01.25 11:20:17.631,8.57613,8.57787,1.00,1.00
2016.01.25 11:20:18.092,8.57597,8.5776,1.00,1.00
2016.01.25 11:20:18.655,8.57621,8.5776,1.00,1.00
2016.01.25 11:20:18.845,8.57613,8.5776,1.00,1.00
2016.01.25 11:20:19.567,8.57601,8.5776,1.00,1.00
2016.01.25 11:20:19.949,8.57601,8.5773,1.00,1.00
2016.01.25 11:20:19.999,8.57566,8.5773,1.50,1.00
2016.01.25 11:20:20.101,8.5758,8.57755,1.07,1.00
2016.01.25 11:20:20.575,8.5758,8.57751,1.07,1.00
2016.01.25 11:20:20.825,8.5758,8.57755,1.07,1.00
2016.01.25 11:20:21.276,8.5758,8.57752,1.07,1.00
2016.01.25 11:20:21.600,8.57566,8.57731,1.50,1.00
2016.01.25 11:20:23.613,8.57574,8.57731,1.00,1.00
2016.01.25 11:20:24.205,8.57575,8.57731,1.00,1.00
2016.01.25 11:20:24.662,8.57566,8.57731,1.07,1.00
2016.01.25 11:20:25.164,8.57566,8.57731,1.00,1.00
2016.01.25 11:20:26.210,8.57559,8.57731,1.50,1.00
2016.01.25 11:20:28.935,8.57546,8.5771,1.07,1.00
2016.01.25 11:20:29.140,8.57561,8.57734,1.00,1.00
2016.01.25 11:20:29.715,8.57546,8.57704,1.07,1.00
2016.01.25 11:20:29.841,8.57553,8.57727,1.00,1.00
2016.01.25 11:20:31.093,8.57553,8.57713,1.00,1.00
2016.01.25 11:20:31.444,8.57546,8.57717,1.07,1.00
2016.01.25 11:20:32.095,8.57546,8.57713,1.07,1.00
2016.01.25 11:20:32.491,8.57546,8.57692,1.07,1.00
2016.01.25 11:20:35.174,8.57539,8.57692,1.00,1.00
2016.01.25 11:20:35.552,8.57542,8.57716,1.00,1.00
2016.01.25 11:20:38.641,8.57546,8.57716,1.00,1.00
2016.01.25 11:20:39.727,8.57568,8.57742,1.00,1.00
2016.01.25 11:20:40.013,8.57568,8.57738,1.00,1.00
2016.01.25 11:20:40.341,8.57566,8.57741,1.00,1.00
2016.01.25 11:20:40.636,8.57557,8.57718,1.00,1.00
2016.01.25 11:20:40.863,8.57568,8.57743,1.00,1.00
2016.01.25 11:20:41.958,8.57567,8.57721,1.00,1.00
2016.01.25 11:20:42.367,8.57569,8.57744,1.00,1.00
2016.01.25 11:20:48.670,8.57569,8.57744,1.00,1.07
2016.01.25 11:20:49.015,8.57569,8.57744,1.00,1.07
2016.01.25 11:20:49.116,8.57569,8.57744,1.00,1.07
2016.01.25 11:20:49.281,8.57546,8.57721,1.00,1.00
2016.01.25 11:21:04.810,8.57542,8.57717,1.00,1.00
2016.01.25 11:21:07.163,8.57547,8.57717,1.00,1.00
2016.01.25 11:21:07.214,8.57567,8.5774,1.00,1.00
2016.01.25 11:21:07.394,8.57544,8.57717,1.00,1.00
2016.01.25 11:21:08.680,8.57545,8.57717,1.00,1.00
2016.01.25 11:21:08.731,8.57565,8.5774,1.00,1.00
2016.01.25 11:21:08.910,8.57565,8.5774,1.00,1.07
2016.01.25 11:21:09.931,8.57542,8.57717,1.00,1.00
2016.01.25 11:21:10.582,8.57549,8.57717,1.00,1.00
2016.01.25 11:21:10.632,8.57569,8.57743,1.00,1.00
2016.01.25 11:21:10.870,8.57569,8.57738,1.00,1.00
2016.01.25 11:21:11.270,8.57543,8.57718,1.37,1.00
2016.01.25 11:21:25.741,8.57543,8.57718,1.00,1.00
2016.01.25 11:21:27.251,8.57536,8.57711,1.00,1.00
2016.01.25 11:21:28.861,8.57536,8.57711,1.37,1.00
2016.01.25 11:21:28.963,8.57568,8.57742,1.00,1.00
2016.01.25 11:21:29.165,8.57568,8.57742,1.07,1.00
2016.01.25 11:21:39.323,8.57591,8.57766,1.00,1.00
2016.01.25 11:21:42.170,8.57562,8.57734,1.37,1.00
2016.01.25 11:21:43.029,8.57562,8.57734,1.00,1.00
2016.01.25 11:21:43.120,8.57562,8.57734,1.12,1.00
2016.01.25 11:21:58.809,8.57576,8.57751,1.00,1.00
2016.01.25 11:22:05.876,8.57579,8.57751,1.00,1.00
2016.01.25 11:22:06.067,8.57599,8.57774,1.00,1.00
2016.01.25 11:22:07.319,8.57599,8.57774,1.00,1.07
2016.01.25 11:22:07.528,8.57573,8.57748,1.00,1.00
2016.01.25 11:22:32.571,8.57557,8.57732,1.10,1.00
2016.01.25 11:22:48.400,8.57564,8.57737,1.00,1.00
2016.01.25 11:22:52.102,8.57592,8.57766,1.00,1.50
2016.01.25 11:22:55.418,8.57592,8.57766,1.07,1.00
2016.01.25 11:22:55.768,8.57592,8.57766,1.07,1.00
2016.01.25 11:22:55.970,8.57592,8.57766,1.00,1.00
2016.01.25 11:22:57.398,8.5758,8.57744,1.07,1.00
2016.01.25 11:22:57.720,8.57569,8.57744,1.07,1.00
2016.01.25 11:23:05.109,8.57569,8.57744,1.37,1.00
2016.01.25 11:23:06.350,8.57593,8.57768,1.00,1.00
2016.01.25 11:23:09.124,8.57562,8.57736,1.50,1.00
2016.01.25 11:23:09.175,8.57562,8.57736,1.07,1.00
2016.01.25 11:23:09.276,8.57562,8.57736,1.10,1.00
2016.01.25 11:23:10.948,8.57541,8.57715,1.07,1.00
2016.01.25 11:23:11.170,8.57541,8.57715,1.00,1.00
2016.01.25 11:23:11.488,8.57541,8.57715,1.07,1.00
2016.01.25 11:23:11.539,8.5757,8.57742,1.00,1.00
2016.01.25 11:23:12.239,8.576,8.57771,1.00,1.37
2016.01.25 11:23:13.157,8.57577,8.57752,1.00,1.00
2016.01.25 11:23:13.307,8.57582,8.57752,1.00,1.00
2016.01.25 11:23:13.838,8.57602,8.57771,1.00,1.37
2016.01.25 11:23:14.232,8.57602,8.57747,1.00,1.00
2016.01.25 11:23:14.435,8.57576,8.57747,1.00,1.00
2016.01.25 11:23:22.997,8.57576,8.57747,1.00,1.37
2016.01.25 11:23:23.349,8.57576,8.57736,1.00,1.00
2016.01.25 11:23:24.277,8.57576,8.57747,1.00,1.37
2016.01.25 11:23:29.662,8.57568,8.57742,1.00,1.07
2016.01.25 11:23:32.768,8.57599,8.5777,1.00,1.75
2016.01.25 11:23:32.991,8.57599,8.5777,1.00,1.37
2016.01.25 11:23:33.043,8.57599,8.5777,1.00,1.00
2016.01.25 11:23:33.144,8.57611,8.5777,1.00,1.00
2016.01.25 11:23:33.471,8.57632,8.57799,1.00,1.75
2016.01.25 11:23:35.858,8.5761,8.57784,1.00,1.37
2016.01.25 11:23:37.439,8.5761,8.57784,1.00,1.00
2016.01.25 11:23:37.541,8.5761,8.57784,1.00,1.37
2016.01.25 11:23:42.376,8.5761,8.57783,1.00,1.75
2016.01.25 11:23:42.696,8.5761,8.57783,1.00,1.75
2016.01.25 11:23:42.957,8.5759,8.57761,1.00,1.07
2016.01.25 11:23:43.008,8.57586,8.57761,1.00,1.07
2016.01.25 11:23:43.060,8.57586,8.57761,1.00,1.00
2016.01.25 11:23:54.398,8.57586,8.57761,1.00,1.07
2016.01.25 11:23:54.916,8.57586,8.57761,1.00,1.07
2016.01.25 11:23:56.600,8.57586,8.57755,1.00,1.00
2016.01.25 11:23:56.651,8.5756,8.57735,1.00,1.00
2016.01.25 11:23:56.702,8.57564,8.57735,1.00,1.00
2016.01.25 11:23:56.753,8.57584,8.57758,1.00,1.10
2016.01.25 11:24:25.485,8.5763,8.57782,1.00,1.10
2016.01.25 11:24:25.586,8.5763,8.57791,1.00,1.00
2016.01.25 11:24:26.064,8.5763,8.57805,1.00,1.00
2016.01.25 11:24:29.212,8.57654,8.57829,1.00,1.07
2016.01.25 11:24:29.263,8.57654,8.57829,1.00,1.00
2016.01.25 11:24:29.482,8.5769,8.57865,1.00,2.25
2016.01.25 11:24:29.717,8.57654,8.57829,1.00,1.00
2016.01.25 11:24:36.099,8.5763,8.57805,1.00,1.00
2016.01.25 11:24:37.486,8.5763,8.57805,1.00,1.07
2016.01.25 11:24:45.296,8.5763,8.57805,1.00,1.00
2016.01.25 11:24:53.096,8.57622,8.57797,1.00,1.00
2016.01.25 11:25:02.914,8.57623,8.57797,1.00,1.00
2016.01.25 11:25:03.239,8.57678,8.57852,1.00,1.37
2016.01.25 11:25:03.341,8.57678,8.57852,1.00,1.00
2016.01.25 11:25:03.392,8.57699,8.57874,1.00,1.75
2016.01.25 11:25:03.448,8.57699,8.57874,1.00,1.37
2016.01.25 11:25:03.689,8.57699,8.57874,1.00,1.00
2016.01.25 11:25:03.997,8.57699,8.57874,1.00,1.07
2016.01.25 11:25:04.354,8.57699,8.57874,1.00,1.50
2016.01.25 11:25:08.398,8.57699,8.57874,1.00,1.07
2016.01.25 11:25:08.643,8.57699,8.57874,1.00,1.00
2016.01.25 11:25:08.795,8.57724,8.57897,1.00,1.37
2016.01.25 11:25:08.846,8.57724,8.57897,1.00,1.00
2016.01.25 11:25:09.466,8.57699,8.57874,1.00,1.00
2016.01.25 11:25:09.678,8.57723,8.57897,1.00,1.00
2016.01.25 11:25:12.876,8.57757,8.5793,1.00,1.75
2016.01.25 11:25:13.107,8.57757,8.57931,1.00,1.12
2016.01.25 11:25:17.227,8.57757,8.57931,1.00,1.00
2016.01.25 11:25:19.423,8.57779,8.5795,1.00,1.37
2016.01.25 11:25:19.753,8.57779,8.5795,1.00,1.75
2016.01.25 11:25:22.884,8.57756,8.57931,1.00,1.07
2016.01.25 11:25:23.681,8.57779,8.5795,1.00,1.75
2016.01.25 11:25:24.456,8.57779,8.57951,1.00,1.50
2016.01.25 11:25:24.760,8.57779,8.57954,1.00,1.00
2016.01.25 11:25:24.811,8.57803,8.57978,1.00,1.00
2016.01.25 11:25:25.145,8.57781,8.57956,1.00,1.00
2016.01.25 11:25:31.530,8.57759,8.57933,1.00,1.00
2016.01.25 11:25:32.450,8.57724,8.57898,1.37,1.00
2016.01.25 11:25:32.507,8.57746,8.57918,1.00,1.00
2016.01.25 11:25:32.558,8.57746,8.5792,1.00,1.00
2016.01.25 11:25:32.609,8.57726,8.57899,1.37,1.00
2016.01.25 11:25:32.710,8.57746,8.5792,1.00,1.00
2016.01.25 11:25:32.837,8.57724,8.57899,1.37,1.00
2016.01.25 11:25:32.957,8.57747,8.57919,1.00,1.00
2016.01.25 11:25:33.180,8.57724,8.57899,1.37,1.00
2016.01.25 11:25:33.358,8.57746,8.5792,1.00,1.00
2016.01.25 11:25:36.917,8.57771,8.57939,1.00,1.00
2016.01.25 11:25:39.857,8.57743,8.57918,1.00,1.00
2016.01.25 11:25:40.554,8.57765,8.5794,1.00,1.00
2016.01.25 11:25:41.271,8.57743,8.57918,1.00,1.00
2016.01.25 11:25:41.626,8.5777,8.57938,1.00,1.00
2016.01.25 11:25:41.677,8.5777,8.57944,1.00,1.00
2016.01.25 11:25:42.929,8.5775,8.57918,1.00,1.00
2016.01.25 11:25:42.979,8.57743,8.57918,1.00,1.00
2016.01.25 11:25:43.736,8.5777,8.57938,1.00,1.00
2016.01.25 11:25:43.787,8.5777,8.57944,1.00,1.00
2016.01.25 11:25:43.838,8.5775,8.5792,1.00,1.00
2016.01.25 11:25:43.888,8.57748,8.5792,1.00,1.00
2016.01.25 11:25:43.939,8.5777,8.57944,1.00,1.00
2016.01.25 11:25:44.972,8.57743,8.57918,1.00,1.00
2016.01.25 11:25:45.434,8.57765,8.57938,1.00,1.00
2016.01.25 11:25:45.485,8.57765,8.5794,1.00,1.00
2016.01.25 11:25:47.679,8.57765,8.57937,1.00,1.00
2016.01.25 11:25:47.730,8.57742,8.57917,1.00,1.00
2016.01.25 11:25:47.938,8.57765,8.57937,1.00,1.00
2016.01.25 11:25:47.989,8.57765,8.5794,1.00,1.00
2016.01.25 11:25:48.458,8.57742,8.57917,1.00,1.00
2016.01.25 11:25:49.377,8.57766,8.57939,1.00,1.00
2016.01.25 11:25:49.428,8.57745,8.57919,1.00,1.00
2016.01.25 11:25:51.438,8.57745,8.57919,1.37,1.00
2016.01.25 11:25:51.489,8.57773,8.57947,1.00,1.00
2016.01.25 11:25:51.590,8.578,8.57975,1.00,1.00
2016.01.25 11:26:07.576,8.5778,8.57954,1.50,1.00
2016.01.25 11:26:07.878,8.57806,8.57979,1.00,1.00
2016.01.25 11:26:10.529,8.5778,8.57954,1.00,1.00
2016.01.25 11:26:10.781,8.57806,8.57974,1.00,1.00
2016.01.25 11:26:10.832,8.57806,8.57979,1.00,1.00
2016.01.25 11:26:10.883,8.57786,8.57954,1.00,1.00
2016.01.25 11:26:10.934,8.5778,8.57954,1.00,1.00
2016.01.25 11:26:11.082,8.57801,8.57974,1.00,1.00
2016.01.25 11:26:11.133,8.57801,8.57976,1.00,1.00
2016.01.25 11:26:11.383,8.57781,8.57954,1.00,1.00
2016.01.25 11:26:11.699,8.57806,8.57979,1.00,1.00
2016.01.25 11:26:15.740,8.57781,8.57955,1.00,1.00
2016.01.25 11:26:15.791,8.57803,8.57975,1.00,1.00
2016.01.25 11:26:16.512,8.57803,8.57976,1.00,1.00
2016.01.25 11:26:16.846,8.57782,8.57954,1.00,1.00
2016.01.25 11:26:17.193,8.57802,8.57975,1.00,1.00
2016.01.25 11:26:17.244,8.57802,8.57977,1.00,1.00
2016.01.25 11:26:17.393,8.57782,8.57955,1.00,1.00
2016.01.25 11:26:18.044,8.57781,8.57955,1.00,1.00
2016.01.25 11:26:22.302,8.57808,8.57975,1.00,1.00
2016.01.25 11:26:22.352,8.57808,8.57979,1.00,1.00
2016.01.25 11:26:22.620,8.57808,8.57975,1.00,1.00
2016.01.25 11:26:22.671,8.57781,8.57955,1.00,1.00
2016.01.25 11:26:23.203,8.57803,8.57975,1.00,1.00
2016.01.25 11:26:23.775,8.57803,8.57976,1.00,1.00
2016.01.25 11:26:24.814,8.57782,8.57954,1.00,1.00
2016.01.25 11:26:25.207,8.57807,8.57979,1.00,1.00
2016.01.25 11:26:27.950,8.57807,8.57981,1.00,1.00
2016.01.25 11:26:32.670,8.57842,8.58017,1.00,1.00
2016.01.25 11:26:32.771,8.57817,8.57992,1.00,1.00
2016.01.25 11:26:34.991,8.5784,8.58012,1.00,1.00
2016.01.25 11:26:35.042,8.5784,8.58015,1.00,1.00
2016.01.25 11:26:38.051,8.57815,8.5799,1.00,1.00
2016.01.25 11:26:53.365,8.57796,8.57963,1.00,1.00
2016.01.25 11:26:53.415,8.57789,8.57963,1.00,1.00
2016.01.25 11:27:08.392,8.57813,8.57976,1.00,1.00
2016.01.25 11:27:08.544,8.57813,8.57988,1.00,1.00
2016.01.25 11:27:08.595,8.57838,8.57997,1.00,1.00
2016.01.25 11:27:09.336,8.57813,8.57988,1.00,1.00
2016.01.25 11:27:12.524,8.57813,8.57979,1.00,1.00
2016.01.25 11:27:14.154,8.57813,8.57988,1.00,1.00
2016.01.25 11:27:14.206,8.57813,8.57986,1.00,1.00
2016.01.25 11:27:19.787,8.57813,8.5797,1.00,1.00
2016.01.25 11:27:19.838,8.57768,8.57942,1.00,1.00
2016.01.25 11:27:20.403,8.57767,8.57942,1.00,1.00
2016.01.25 11:27:31.874,8.57797,8.57956,1.00,1.50
2016.01.25 11:27:32.822,8.57773,8.57947,1.00,1.00
2016.01.25 11:27:32.924,8.57773,8.57941,1.00,1.00
2016.01.25 11:27:35.079,8.57773,8.57947,1.00,1.00
2016.01.25 11:27:35.671,8.57802,8.57974,1.00,1.00
2016.01.25 11:27:36.533,8.57802,8.57973,1.00,1.75
2016.01.25 11:27:40.039,8.57802,8.57973,1.00,1.12
2016.01.25 11:27:40.191,8.57776,8.5795,1.00,1.00
2016.01.25 11:27:41.953,8.57776,8.5795,1.00,1.37
2016.01.25 11:27:44.775,8.57776,8.57938,1.00,1.37
2016.01.25 11:27:45.964,8.57776,8.57938,1.00,1.37
2016.01.25 11:27:46.294,8.57776,8.57938,1.00,1.37
2016.01.25 11:27:47.793,8.57776,8.57938,1.00,1.37
2016.01.25 11:27:48.610,8.57746,8.57919,1.00,1.00
2016.01.25 11:27:48.766,8.57746,8.57906,1.00,1.00
2016.01.25 11:27:48.818,8.57721,8.57896,1.00,1.00
2016.01.25 11:27:50.923,8.57721,8.57895,1.00,1.00
2016.01.25 11:27:51.511,8.57721,8.57893,1.00,1.00
2016.01.25 11:27:51.836,8.57721,8.57882,1.00,1.07
2016.01.25 11:27:52.792,8.57721,8.57893,1.00,1.00
2016.01.25 11:27:52.843,8.57721,8.57896,1.00,1.07
2016.01.25 11:27:57.038,8.57721,8.57892,1.00,1.00
2016.01.25 11:27:57.368,8.57721,8.57882,1.00,1.07
2016.01.25 11:28:04.121,8.5771,8.57882,1.00,1.07
2016.01.25 11:28:15.453,8.5771,8.57877,1.00,1.00
2016.01.25 11:28:15.754,8.5768,8.57854,1.00,1.00
2016.01.25 11:28:15.960,8.5768,8.57845,1.00,1.00
2016.01.25 11:28:16.114,8.5768,8.57854,1.00,1.07
2016.01.25 11:28:20.735,8.5768,8.57845,1.00,1.00
2016.01.25 11:28:20.888,8.5768,8.57854,1.00,1.07
2016.01.25 11:28:20.939,8.5768,8.57854,1.00,1.75
2016.01.25 11:28:23.951,8.5768,8.57854,1.00,1.07
2016.01.25 11:28:33.374,8.57681,8.57855,1.00,1.07
2016.01.25 11:28:35.536,8.57681,8.57855,1.00,1.00
2016.01.25 11:28:36.878,8.57713,8.57877,1.00,1.37
2016.01.25 11:28:42.400,8.57713,8.57877,1.00,1.12
2016.01.25 11:28:44.332,8.57713,8.57877,1.00,1.07
2016.01.25 11:28:45.326,8.57713,8.57886,1.00,1.10
2016.01.25 11:28:45.959,8.57713,8.57882,1.00,1.00
2016.01.25 11:28:46.010,8.57687,8.57862,1.00,1.00
2016.01.25 11:28:49.685,8.57687,8.57858,1.00,1.00
2016.01.25 11:28:50.081,8.57663,8.57838,1.00,1.00
2016.01.25 11:28:50.353,8.57666,8.57838,1.00,1.00
2016.01.25 11:28:50.666,8.57686,8.5786,1.00,1.00
2016.01.25 11:28:50.717,8.57705,8.5786,1.00,1.00
2016.01.25 11:28:50.772,8.57724,8.57897,1.00,1.00
2016.01.25 11:28:50.822,8.57724,8.57897,1.00,1.07
2016.01.25 11:28:51.304,8.57724,8.5788,1.00,1.00
2016.01.25 11:28:51.405,8.57685,8.5786,1.00,1.00
2016.01.25 11:28:54.607,8.57685,8.57855,1.00,1.00
2016.01.25 11:28:54.920,8.57718,8.57874,1.00,1.00
2016.01.25 11:28:55.223,8.57757,8.57874,1.00,1.00
2016.01.25 11:28:55.475,8.57757,8.57893,1.00,1.00
2016.01.25 11:28:55.526,8.57757,8.57932,1.00,1.00
2016.01.25 11:29:00.091,8.57756,8.5793,1.00,1.00
2016.01.25 11:29:01.535,8.57733,8.57907,1.00,1.00
2016.01.25 11:29:02.194,8.5776,8.57927,1.00,1.00
2016.01.25 11:29:02.245,8.5776,8.57935,1.00,1.00
2016.01.25 11:29:03.832,8.57735,8.5791,1.00,1.00
2016.01.25 11:29:04.800,8.57759,8.5793,1.00,1.00
2016.01.25 11:29:04.851,8.57759,8.57932,1.00,1.00
2016.01.25 11:29:05.601,8.57738,8.57909,1.00,1.00
2016.01.25 11:29:05.652,8.57734,8.57909,1.00,1.00
2016.01.25 11:29:06.444,8.57757,8.57931,1.00,1.00
2016.01.25 11:29:07.404,8.57798,8.57942,1.00,1.00
2016.01.25 11:29:07.457,8.57822,8.57971,1.00,1.00
2016.01.25 11:29:07.508,8.57822,8.57986,1.00,1.69
2016.01.25 11:29:07.660,8.57822,8.57997,1.00,1.00
2016.01.25 11:29:08.941,8.57845,8.5802,1.00,1.00
2016.01.25 11:29:09.450,8.57818,8.57992,1.07,1.00
2016.01.25 11:29:09.651,8.57841,8.58015,1.00,1.00
2016.01.25 11:29:09.846,8.57818,8.57993,1.07,1.00
2016.01.25 11:29:10.252,8.57844,8.58019,1.00,1.00
2016.01.25 11:29:11.656,8.57844,8.58005,1.00,1.00
2016.01.25 11:29:11.757,8.57821,8.57995,1.00,1.00
2016.01.25 11:29:12.174,8.57801,8.57972,1.00,1.00
2016.01.25 11:29:12.707,8.578,8.57972,1.00,1.00
2016.01.25 11:29:13.538,8.57827,8.58002,1.00,1.00
2016.01.25 11:29:13.744,8.57827,8.57992,1.00,1.00
2016.01.25 11:29:13.946,8.57783,8.57957,1.00,1.00
2016.01.25 11:29:18.374,8.57812,8.57987,1.00,1.00
2016.01.25 11:29:18.886,8.57812,8.57983,1.00,1.00
2016.01.25 11:29:19.175,8.57812,8.57987,1.00,1.00
2016.01.25 11:29:20.032,8.57812,8.57984,1.00,1.00
2016.01.25 11:29:20.347,8.57812,8.57987,1.00,1.00
2016.01.25 11:29:21.893,8.57812,8.57984,1.00,1.00
2016.01.25 11:29:22.221,8.57812,8.57981,1.00,1.00
2016.01.25 11:29:22.322,8.57812,8.57987,1.00,1.00
2016.01.25 11:29:23.296,8.57812,8.5798,1.00,1.00
2016.01.25 11:29:26.390,8.57812,8.57987,1.00,1.00
2016.01.25 11:29:27.152,8.57792,8.57963,1.00,1.00
2016.01.25 11:29:27.202,8.57788,8.57963,1.00,1.00
2016.01.25 11:29:33.606,8.5782,8.57985,1.00,1.00
2016.01.25 11:29:33.672,8.57799,8.57971,1.00,1.00
2016.01.25 11:29:33.723,8.57797,8.57971,1.00,1.00
2016.01.25 11:29:33.774,8.57819,8.57991,1.00,1.00
2016.01.25 11:29:33.825,8.57819,8.57994,1.00,1.00
2016.01.25 11:29:34.381,8.57819,8.57994,1.00,1.07
2016.01.25 11:29:35.609,8.57783,8.57956,1.00,1.00
2016.01.25 11:29:35.958,8.57775,8.57948,1.00,1.00
2016.01.25 11:29:36.309,8.57779,8.57951,1.00,1.00
2016.01.25 11:29:36.721,8.578,8.57968,1.00,1.00
2016.01.25 11:29:37.869,8.578,8.57973,1.00,1.00
2016.01.25 11:29:38.121,8.578,8.57973,1.00,1.37
2016.01.25 11:29:38.609,8.578,8.57973,1.00,1.00
2016.01.25 11:29:39.139,8.578,8.57973,1.00,1.37
2016.01.25 11:29:39.284,8.57779,8.57952,1.00,1.00
2016.01.25 11:29:39.879,8.57778,8.57952,1.00,1.00
2016.01.25 11:29:40.033,8.5781,8.57975,1.00,1.37
2016.01.25 11:29:40.502,8.5781,8.57975,1.00,1.10
2016.01.25 11:29:41.395,8.5779,8.57954,1.00,1.00
2016.01.25 11:29:41.446,8.57779,8.57954,1.00,1.00
2016.01.25 11:29:41.788,8.57803,8.57974,1.00,1.00
2016.01.25 11:29:42.289,8.57783,8.57949,1.00,1.00
2016.01.25 11:29:42.339,8.57775,8.57949,1.00,1.00
2016.01.25 11:29:42.390,8.57798,8.57969,1.00,1.00
2016.01.25 11:29:42.441,8.57798,8.57973,1.00,1.00
2016.01.25 11:29:43.714,8.5782,8.57975,1.00,1.10
2016.01.25 11:29:44.641,8.57782,8.57957,1.00,1.00
2016.01.25 11:29:50.310,8.57808,8.57977,1.00,1.57
2016.01.25 11:29:51.708,8.57788,8.57957,1.00,1.00
2016.01.25 11:29:51.759,8.57783,8.57957,1.00,1.00
2016.01.25 11:30:07.665,8.57762,8.57937,1.00,1.00
2016.01.25 11:30:13.996,8.57768,8.57937,1.00,1.00
2016.01.25 11:30:14.310,8.57798,8.5797,1.00,1.07
2016.01.25 11:30:14.907,8.57798,8.5797,1.00,1.00
2016.01.25 11:30:15.084,8.57818,8.57993,1.00,1.00
2016.01.25 11:30:15.283,8.5779,8.57965,1.00,1.00
2016.01.25 11:30:16.183,8.57794,8.57965,1.00,1.00
2016.01.25 11:30:16.285,8.57815,8.5799,1.50,1.00
2016.01.25 11:30:21.214,8.57822,8.5799,1.00,1.00
2016.01.25 11:30:23.537,8.57839,8.58014,1.00,1.00
2016.01.25 11:30:34.517,8.57822,8.57988,1.00,1.00
2016.01.25 11:30:38.356,8.57822,8.57956,1.00,1.00
2016.01.25 11:30:38.407,8.57796,8.57956,1.00,1.00
2016.01.25 11:30:38.458,8.57782,8.57956,1.00,1.00
2016.01.25 11:30:47.087,8.57754,8.57925,1.37,1.00
2016.01.25 11:30:47.139,8.5775,8.57925,1.00,1.00
2016.01.25 11:30:47.601,8.57756,8.57925,1.00,1.00
2016.01.25 11:30:47.841,8.57774,8.57948,1.00,1.00
2016.01.25 11:30:48.001,8.57776,8.57948,1.00,1.00
2016.01.25 11:30:50.354,8.57774,8.57948,1.00,1.00
2016.01.25 11:30:51.267,8.57778,8.57948,1.00,1.00
2016.01.25 11:30:53.544,8.57774,8.57948,1.00,1.00
2016.01.25 11:30:53.696,8.57734,8.57908,1.00,1.00
2016.01.25 11:30:56.923,8.57734,8.57908,1.07,1.00
2016.01.25 11:30:56.992,8.57734,8.57908,1.00,1.00
2016.01.25 11:31:00.983,8.57734,8.57908,1.37,1.00
2016.01.25 11:31:02.128,8.57758,8.57931,1.00,1.00
2016.01.25 11:31:02.178,8.57758,8.57931,1.07,1.00
2016.01.25 11:31:02.414,8.57758,8.57931,1.00,1.00
2016.01.25 11:31:06.835,8.57758,8.57931,1.07,1.00
2016.01.25 11:31:07.136,8.5777,8.57931,1.00,1.00
2016.01.25 11:31:07.287,8.57758,8.57931,1.00,1.00
2016.01.25 11:31:09.941,8.57767,8.57931,1.00,1.00
2016.01.25 11:31:10.503,8.57769,8.57931,1.00,1.00
2016.01.25 11:31:10.554,8.57789,8.57964,1.00,1.00
2016.01.25 11:31:11.093,8.5779,8.57964,1.00,1.00
2016.01.25 11:31:13.818,8.57789,8.57964,1.00,1.00
2016.01.25 11:31:21.443,8.57789,8.57964,1.00,1.07
2016.01.25 11:31:21.645,8.57766,8.5794,1.00,1.00
2016.01.25 11:31:22.129,8.57735,8.5791,1.00,1.00
2016.01.25 11:31:23.526,8.57715,8.57868,1.00,1.00
2016.01.25 11:31:23.577,8.5771,8.57868,1.00,1.00
2016.01.25 11:31:23.825,8.57694,8.57868,1.07,1.00
2016.01.25 11:31:24.719,8.57694,8.57868,1.00,1.00
2016.01.25 11:31:25.733,8.57675,8.57838,1.07,1.00
2016.01.25 11:31:26.413,8.5768,8.57838,1.00,1.00
2016.01.25 11:31:28.511,8.57666,8.57838,1.37,1.00
2016.01.25 11:31:36.054,8.5768,8.57838,1.00,1.00
2016.01.25 11:31:38.340,8.57679,8.57838,1.10,1.00
2016.01.25 11:31:42.010,8.57666,8.57837,1.37,1.00
2016.01.25 11:31:44.658,8.57673,8.57837,1.00,1.00
2016.01.25 11:31:45.341,8.57662,8.57837,1.07,1.00
2016.01.25 11:31:45.775,8.57642,8.57806,1.10,1.00
2016.01.25 11:31:46.230,8.57631,8.57806,1.00,1.00
2016.01.25 11:31:46.828,8.57631,8.57795,1.00,1.00
2016.01.25 11:31:46.879,8.57611,8.57782,1.00,1.00
2016.01.25 11:31:46.930,8.57608,8.57782,1.00,1.00
2016.01.25 11:31:46.981,8.57597,8.57756,1.00,1.00
2016.01.25 11:31:47.541,8.57596,8.57756,1.00,1.00
2016.01.25 11:31:48.115,8.57582,8.57756,1.00,1.00
2016.01.25 11:31:49.058,8.57586,8.57756,1.00,1.00
2016.01.25 11:31:49.109,8.5762,8.57795,1.00,1.00
2016.01.25 11:31:52.196,8.57652,8.57815,1.00,1.00
2016.01.25 11:31:52.247,8.57652,8.57827,1.00,1.00
2016.01.25 11:31:53.241,8.57652,8.57827,1.00,1.07
2016.01.25 11:31:53.292,8.57633,8.57803,1.00,1.00
2016.01.25 11:31:53.343,8.57628,8.57803,1.00,1.00
2016.01.25 11:31:53.495,8.57608,8.5778,1.00,1.00
2016.01.25 11:31:53.545,8.57605,8.5778,1.00,1.00
2016.01.25 11:31:54.233,8.57629,8.57804,1.00,1.00
2016.01.25 11:32:00.441,8.57597,8.57772,1.00,1.00
2016.01.25 11:32:18.027,8.57607,8.57772,1.00,1.00
2016.01.25 11:32:18.078,8.57607,8.57782,1.57,1.00
2016.01.25 11:32:18.179,8.57619,8.57782,1.00,1.00
2016.01.25 11:32:18.281,8.57631,8.57806,1.00,1.00
2016.01.25 11:32:24.221,8.57635,8.57806,1.00,1.00
2016.01.25 11:32:24.423,8.57663,8.57837,1.00,1.00
2016.01.25 11:32:25.952,8.5767,8.57837,1.00,1.00
2016.01.25 11:32:26.007,8.57663,8.57837,1.00,1.00
2016.01.25 11:32:26.253,8.57665,8.57837,1.00,1.00
2016.01.25 11:32:26.801,8.57687,8.57861,1.00,1.00
2016.01.25 11:32:27.206,8.57687,8.57861,1.07,1.00
2016.01.25 11:32:28.019,8.57695,8.57861,1.00,1.00
2016.01.25 11:32:28.562,8.57705,8.57861,1.00,1.00
2016.01.25 11:32:28.906,8.5771,8.57881,1.00,1.00
2016.01.25 11:32:28.957,8.5771,8.57885,1.00,1.00
2016.01.25 11:32:46.926,8.57707,8.57882,1.00,1.00
2016.01.25 11:32:47.396,8.57709,8.57882,1.00,1.00
2016.01.25 11:32:49.137,8.57707,8.57882,1.00,1.00
2016.01.25 11:32:58.681,8.57732,8.57907,1.00,1.00
2016.01.25 11:32:59.239,8.57732,8.57907,1.12,1.00
2016.01.25 11:33:00.790,8.57732,8.57907,1.00,1.00
2016.01.25 11:33:01.952,8.57719,8.57875,1.00,1.00
2016.01.25 11:33:02.053,8.57701,8.57875,1.37,1.00
2016.01.25 11:33:02.242,8.57734,8.57875,1.00,1.00
2016.01.25 11:33:02.393,8.5774,8.57915,1.00,1.00
2016.01.25 11:33:02.625,8.5774,8.57915,1.07,1.00
2016.01.25 11:33:02.676,8.5774,8.57915,1.00,1.00
2016.01.25 11:33:07.010,8.57754,8.57915,1.00,1.00
2016.01.25 11:33:07.164,8.57772,8.57935,1.00,1.00
2016.01.25 11:33:07.215,8.57772,8.57947,1.00,1.50
2016.01.25 11:33:10.691,8.57772,8.57944,1.00,1.00
2016.01.25 11:33:10.843,8.57772,8.57947,1.00,2.25
2016.01.25 11:33:10.894,8.57772,8.57938,1.00,1.00
2016.01.25 11:33:11.100,8.57749,8.57922,1.00,1.00
2016.01.25 11:33:13.573,8.57731,8.57899,1.00,1.00
2016.01.25 11:33:14.573,8.57724,8.57899,1.00,1.00
2016.01.25 11:33:15.942,8.57727,8.57899,1.00,1.00
2016.01.25 11:33:15.993,8.57756,8.5793,1.00,1.00
2016.01.25 11:33:16.195,8.5778,8.57954,1.00,1.00
2016.01.25 11:33:16.559,8.57782,8.57954,1.00,1.00
2016.01.25 11:33:17.766,8.5778,8.57954,1.00,1.00
2016.01.25 11:33:29.640,8.5778,8.57954,1.07,1.00
2016.01.25 11:33:33.420,8.57795,8.5797,1.00,1.00
2016.01.25 11:33:34.060,8.57774,8.57946,1.07,1.00
2016.01.25 11:33:50.872,8.57787,8.57962,1.00,1.00
2016.01.25 11:34:03.844,8.57787,8.5796,1.00,1.00
2016.01.25 11:34:04.804,8.57787,8.57962,1.00,1.00
2016.01.25 11:34:05.659,8.57787,8.57957,1.00,1.00
2016.01.25 11:34:06.072,8.57787,8.57951,1.00,1.00
2016.01.25 11:34:06.323,8.57787,8.57957,1.00,1.00
2016.01.25 11:34:06.689,8.57787,8.57951,1.00,1.00
2016.01.25 11:34:06.740,8.57756,8.57931,1.12,1.00
2016.01.25 11:34:07.679,8.57756,8.57931,1.00,1.00
2016.01.25 11:34:10.232,8.57756,8.57931,1.00,1.37
2016.01.25 11:34:10.564,8.57756,8.57907,1.00,1.75
2016.01.25 11:34:10.990,8.57756,8.57907,1.00,1.37
2016.01.25 11:34:11.041,8.57711,8.57886,1.00,1.00
2016.01.25 11:34:13.715,8.57711,8.57884,1.00,1.00
2016.01.25 11:34:13.995,8.57687,8.57861,1.00,1.00
2016.01.25 11:34:23.031,8.57675,8.57823,1.00,1.00
2016.01.25 11:34:23.082,8.57653,8.57823,1.69,1.00
2016.01.25 11:34:23.133,8.57648,8.5781,1.00,1.00
2016.01.25 11:34:23.234,8.57625,8.57799,1.00,1.00
2016.01.25 11:34:26.341,8.57648,8.57823,1.00,1.00
2016.01.25 11:34:26.523,8.57652,8.57823,1.00,1.00
2016.01.25 11:34:26.726,8.57648,8.57823,1.00,1.00
2016.01.25 11:34:26.932,8.57673,8.57843,1.00,1.00
2016.01.25 11:34:26.983,8.57673,8.57846,1.00,1.00
2016.01.25 11:34:27.034,8.57696,8.5785,1.00,1.00
2016.01.25 11:34:27.086,8.57696,8.57871,1.00,1.37
2016.01.25 11:34:27.137,8.57696,8.57871,1.00,1.00
2016.01.25 11:34:28.253,8.57736,8.5791,1.00,1.37
2016.01.25 11:34:28.354,8.57736,8.5791,1.00,1.00
2016.01.25 11:34:33.044,8.57739,8.5791,1.00,1.00
2016.01.25 11:34:33.380,8.57759,8.5793,1.00,1.37
2016.01.25 11:34:36.391,8.57759,8.57933,1.00,1.07
2016.01.25 11:34:37.717,8.57759,8.57916,1.00,1.00
2016.01.25 11:34:38.045,8.57759,8.57916,1.00,1.07
2016.01.25 11:34:40.846,8.57759,8.579,1.00,1.00
2016.01.25 11:34:40.897,8.57735,8.579,1.00,1.00
2016.01.25 11:34:41.008,8.57735,8.579,1.00,1.07
2016.01.25 11:34:42.967,8.57735,8.579,1.00,1.00
2016.01.25 11:34:43.069,8.57735,8.57906,1.00,1.00
2016.01.25 11:34:52.267,8.57735,8.5791,1.00,1.10
2016.01.25 11:34:52.603,8.57735,8.57905,1.00,1.00
2016.01.25 11:34:53.371,8.57735,8.57899,1.00,1.00
2016.01.25 11:34:53.422,8.57701,8.57874,1.00,1.00
2016.01.25 11:34:53.937,8.57725,8.57899,1.00,1.00
2016.01.25 11:34:56.817,8.57725,8.579,1.00,1.00
2016.01.25 11:34:57.092,8.57748,8.57922,1.00,1.00
2016.01.25 11:34:57.578,8.57748,8.57906,1.00,1.00
2016.01.25 11:34:59.781,8.57748,8.57907,1.00,1.00
2016.01.25 11:35:03.220,8.57728,8.5789,1.00,1.00
2016.01.25 11:35:03.271,8.57716,8.5789,1.00,1.00
2016.01.25 11:35:21.358,8.57729,8.57904,1.00,1.37
2016.01.25 11:35:27.457,8.57729,8.57904,1.00,1.00
2016.01.25 11:35:34.909,8.57729,8.57904,1.00,1.37
2016.01.25 11:35:36.409,8.57715,8.57877,1.00,1.00
2016.01.25 11:35:36.511,8.57724,8.57889,1.00,1.00
2016.01.25 11:35:36.713,8.57724,8.57899,1.00,1.00
2016.01.25 11:35:38.472,8.57734,8.57899,1.00,1.00
2016.01.25 11:35:53.418,8.57737,8.57912,1.00,1.00
2016.01.25 11:35:55.434,8.57745,8.57912,1.00,1.00
2016.01.25 11:35:55.535,8.57765,8.57939,1.50,1.00
2016.01.25 11:35:55.586,8.578,8.57939,1.00,1.00
2016.01.25 11:35:55.840,8.57872,8.58045,1.00,1.12
2016.01.25 11:35:56.079,8.57872,8.58047,1.00,1.00
2016.01.25 11:35:58.987,8.57872,8.58038,1.00,1.00
2016.01.25 11:35:59.038,8.57846,8.58019,1.00,1.00
2016.01.25 11:36:13.968,8.57844,8.58019,1.00,1.00
2016.01.25 11:36:17.278,8.57859,8.58034,1.00,1.00
2016.01.25 11:36:18.126,8.57839,8.57997,1.00,1.00
2016.01.25 11:36:18.177,8.57822,8.57997,1.50,1.00
2016.01.25 11:36:25.377,8.57822,8.57991,1.00,1.00
2016.01.25 11:36:25.431,8.57797,8.57971,1.00,1.00
2016.01.25 11:36:26.583,8.57801,8.57971,1.00,1.00
2016.01.25 11:36:26.871,8.57797,8.57971,1.00,1.00
2016.01.25 11:36:27.469,8.57799,8.57971,1.00,1.00
2016.01.25 11:36:28.862,8.57806,8.57971,1.00,1.00
2016.01.25 11:36:29.964,8.578,8.57971,1.50,1.00
2016.01.25 11:36:33.406,8.57799,8.57971,1.00,1.00
2016.01.25 11:36:33.483,8.57817,8.57971,1.00,1.00
2016.01.25 11:36:33.603,8.57799,8.57971,1.00,1.00
2016.01.25 11:36:33.784,8.57811,8.57971,1.00,1.00
2016.01.25 11:36:34.070,8.57826,8.57991,1.00,1.00
2016.01.25 11:36:34.171,8.57826,8.58001,1.00,1.00
2016.01.25 11:36:36.004,8.57834,8.58001,1.00,1.00
2016.01.25 11:36:36.374,8.57826,8.58001,1.00,1.00
2016.01.25 11:36:37.693,8.57827,8.58001,1.00,1.00
2016.01.25 11:36:38.629,8.57826,8.58001,1.00,1.00
2016.01.25 11:36:46.633,8.57826,8.57997,1.00,1.00
2016.01.25 11:36:46.684,8.57802,8.57977,1.00,1.00
2016.01.25 11:36:47.295,8.57782,8.57953,1.00,1.00
2016.01.25 11:36:47.346,8.57778,8.57953,1.00,1.00
2016.01.25 11:36:47.498,8.57771,8.57929,1.00,1.00
2016.01.25 11:36:47.549,8.57766,8.57929,1.00,1.00
2016.01.25 11:36:47.852,8.57755,8.57929,1.00,1.00
2016.01.25 11:36:48.296,8.5776,8.57929,1.00,1.00
2016.01.25 11:36:48.863,8.57755,8.57929,1.00,1.00
2016.01.25 11:36:50.086,8.57762,8.57929,1.00,1.00
2016.01.25 11:36:52.616,8.57755,8.57929,1.00,1.00
2016.01.25 11:36:54.324,8.5776,8.57929,1.00,1.00
2016.01.25 11:36:54.904,8.57755,8.57929,1.00,1.00
2016.01.25 11:36:56.811,8.57757,8.57929,1.00,1.00
2016.01.25 11:36:56.945,8.57755,8.57929,1.00,1.00
2016.01.25 11:36:57.513,8.57762,8.57929,1.00,1.00
2016.01.25 11:36:58.835,8.57755,8.57929,1.00,1.00
2016.01.25 11:37:00.466,8.57781,8.57929,1.00,1.00
2016.01.25 11:37:01.373,8.57755,8.57929,1.00,1.00
2016.01.25 11:37:01.918,8.57778,8.57949,1.00,1.00
2016.01.25 11:37:01.968,8.57778,8.57952,1.00,1.00
2016.01.25 11:37:02.508,8.57778,8.57953,1.00,1.00
2016.01.25 11:37:02.624,8.57758,8.57929,1.00,1.00
2016.01.25 11:37:02.675,8.57755,8.57929,1.00,1.00
2016.01.25 11:37:03.103,8.57771,8.57929,1.00,1.00
2016.01.25 11:37:04.143,8.57755,8.57929,1.00,1.00
2016.01.25 11:37:05.263,8.57767,8.57929,1.00,1.00
2016.01.25 11:37:05.780,8.57755,8.57929,1.00,1.00
2016.01.25 11:37:15.696,8.57806,8.57929,1.00,1.00
2016.01.25 11:37:15.916,8.57815,8.5799,1.00,1.00
2016.01.25 11:37:26.588,8.57813,8.57961,1.00,1.00
2016.01.25 11:37:27.514,8.57786,8.57961,1.00,1.00
2016.01.25 11:37:28.073,8.57791,8.57961,1.00,1.00
2016.01.25 11:37:28.143,8.57786,8.57961,1.00,1.00
2016.01.25 11:37:28.571,8.57808,8.57961,1.00,1.00
2016.01.25 11:37:29.891,8.57793,8.57961,1.00,1.00
2016.01.25 11:37:33.715,8.57786,8.57961,1.00,1.00
2016.01.25 11:37:34.815,8.57794,8.57961,1.00,1.00
2016.01.25 11:37:36.282,8.57807,8.57961,1.00,1.00
2016.01.25 11:37:40.130,8.57786,8.57961,1.00,1.00
2016.01.25 11:37:42.112,8.57772,8.57932,1.00,1.00
2016.01.25 11:37:42.332,8.57768,8.57932,1.00,1.00
2016.01.25 11:37:43.394,8.57772,8.57932,1.00,1.00
2016.01.25 11:37:45.753,8.57779,8.57932,1.00,1.00
2016.01.25 11:37:47.218,8.57772,8.57932,1.00,1.00
2016.01.25 11:37:48.344,8.57779,8.57932,1.00,1.00
2016.01.25 11:37:49.464,8.57772,8.57932,1.00,1.00
2016.01.25 11:37:50.567,8.57758,8.57932,1.00,1.00
2016.01.25 11:37:51.127,8.57758,8.57904,1.00,1.00
2016.01.25 11:37:54.284,8.57772,8.57904,1.00,1.00
2016.01.25 11:37:55.525,8.57752,8.57904,1.00,1.00
2016.01.25 11:37:56.827,8.57758,8.57904,1.00,1.00
2016.01.25 11:37:57.378,8.57704,8.57879,1.00,1.00
2016.01.25 11:37:57.715,8.57732,8.57879,1.00,1.00
2016.01.25 11:37:58.141,8.57732,8.57852,1.00,1.00
2016.01.25 11:37:58.732,8.57738,8.57852,1.00,1.00
2016.01.25 11:37:59.385,8.57688,8.57852,1.00,1.00
2016.01.25 11:37:59.587,8.57732,8.57852,1.00,1.00
2016.01.25 11:38:02.091,8.57715,8.57852,1.00,1.00
2016.01.25 11:38:05.564,8.57715,8.57829,1.00,1.00
2016.01.25 11:38:05.665,8.57702,8.57829,1.00,1.00
2016.01.25 11:38:06.846,8.57686,8.57829,1.00,1.00
2016.01.25 11:38:07.949,8.57698,8.57829,1.00,1.00
2016.01.25 11:38:08.801,8.57698,8.57856,1.00,1.00
2016.01.25 11:38:09.051,8.57718,8.57856,1.00,1.00
2016.01.25 11:38:10.349,8.57706,8.57856,1.00,1.00
2016.01.25 11:38:11.787,8.57738,8.57856,1.00,1.00
2016.01.25 11:38:12.874,8.57733,8.57856,1.00,1.00
2016.01.25 11:38:13.981,8.57738,8.57856,1.00,1.00
2016.01.25 11:38:16.834,8.57727,8.57856,1.00,1.00
2016.01.25 11:38:18.066,8.57738,8.57856,1.00,1.00
2016.01.25 11:38:19.034,8.57706,8.57856,1.00,1.00
2016.01.25 11:38:20.270,8.57718,8.57856,1.00,1.00
2016.01.25 11:38:22.595,8.57758,8.57856,1.00,1.00
2016.01.25 11:38:25.124,8.57746,8.57856,1.00,1.00
2016.01.25 11:38:26.384,8.57758,8.57856,1.00,1.00
2016.01.25 11:38:27.833,8.57753,8.57856,1.00,1.00
2016.01.25 11:38:29.093,8.57758,8.57856,1.00,1.00
2016.01.25 11:38:33.323,8.57758,8.57875,1.00,1.00
2016.01.25 11:38:35.797,8.57746,8.57875,1.00,1.00
2016.01.25 11:38:36.871,8.57758,8.57875,1.00,1.00
2016.01.25 11:38:40.439,8.57753,8.57875,1.00,1.00
2016.01.25 11:38:41.260,8.57753,8.57907,1.00,1.00
2016.01.25 11:38:41.636,8.57766,8.57907,1.00,1.00
2016.01.25 11:38:42.642,8.57774,8.57907,1.00,1.00
2016.01.25 11:38:43.757,8.57777,8.57907,1.00,1.00
2016.01.25 11:38:46.643,8.57773,8.57907,1.00,1.00
2016.01.25 11:38:47.974,8.57773,8.57884,1.00,1.00
2016.01.25 11:38:49.063,8.57758,8.57884,1.00,1.00
2016.01.25 11:38:55.257,8.57718,8.57884,1.00,1.00
2016.01.25 11:38:55.334,8.5775,8.57884,1.00,1.00
2016.01.25 11:38:55.888,8.5775,8.57883,1.00,1.00
2016.01.25 11:38:56.544,8.57758,8.57883,1.00,1.00
2016.01.25 11:39:00.037,8.57746,8.57883,1.00,1.00
2016.01.25 11:39:00.088,8.57746,8.57859,1.00,1.00
2016.01.25 11:39:07.212,8.57758,8.57859,1.00,1.00
2016.01.25 11:39:08.424,8.57753,8.57859,1.00,1.00
2016.01.25 11:39:09.523,8.57758,8.57859,1.00,1.00
2016.01.25 11:39:10.722,8.57758,8.57888,1.00,1.00
2016.01.25 11:39:11.832,8.57746,8.57888,1.00,1.00
2016.01.25 11:39:12.973,8.57754,8.57888,1.00,1.00
2016.01.25 11:39:14.186,8.57758,8.57888,1.00,1.00
2016.01.25 11:39:26.694,8.57758,8.57903,1.00,1.00
2016.01.25 11:39:27.407,8.57758,8.57899,1.00,1.00
2016.01.25 11:39:27.482,8.57758,8.57903,1.00,1.00
2016.01.25 11:39:32.955,8.57758,8.57899,1.00,1.00
2016.01.25 11:39:33.322,8.57758,8.57879,1.00,1.00
2016.01.25 11:39:34.515,8.57754,8.57879,1.00,1.00
2016.01.25 11:39:37.921,8.57759,8.57879,1.00,1.00
2016.01.25 11:39:40.578,8.57759,8.57851,1.00,1.00
2016.01.25 11:39:41.863,8.57746,8.57851,1.00,1.00
2016.01.25 11:39:42.981,8.57758,8.57851,1.00,1.00
2016.01.25 11:39:44.264,8.57687,8.57851,1.00,1.00
2016.01.25 11:39:44.416,8.57687,8.5782,1.00,1.00
2016.01.25 11:39:44.786,8.57718,8.5782,1.00,1.00
2016.01.25 11:39:45.322,8.57686,8.5782,1.00,1.00
2016.01.25 11:39:46.549,8.57694,8.5782,1.00,1.00
2016.01.25 11:39:47.622,8.57698,8.5782,1.00,1.00
2016.01.25 11:39:48.683,8.57694,8.5782,1.00,1.00
2016.01.25 11:39:50.923,8.57674,8.5782,1.00,1.00
2016.01.25 11:39:52.104,8.57698,8.5782,1.00,1.00
2016.01.25 11:39:57.353,8.57698,8.57855,1.00,1.00
2016.01.25 11:40:10.805,8.57694,8.57855,1.00,1.00
2016.01.25 11:40:11.509,8.57694,8.57853,1.00,1.00
2016.01.25 11:40:12.484,8.57694,8.57855,1.00,1.00
2016.01.25 11:40:13.362,8.57674,8.57839,1.00,1.00
2016.01.25 11:40:14.577,8.57694,8.57839,1.00,1.00
2016.01.25 11:40:15.636,8.57698,8.57839,1.00,1.00
2016.01.25 11:40:18.495,8.57678,8.57839,1.00,1.00
2016.01.25 11:40:20.847,8.57698,8.57839,1.00,1.00
2016.01.25 11:40:23.131,8.57694,8.57839,1.00,1.00
2016.01.25 11:40:24.232,8.57699,8.57839,1.00,1.00
2016.01.25 11:40:26.086,8.57665,8.57839,1.00,1.00
2016.01.25 11:40:26.217,8.57641,8.57816,1.00,1.00
2016.01.25 11:40:26.319,8.57666,8.57816,1.00,1.00
2016.01.25 11:40:27.437,8.57687,8.57816,1.00,1.00
2016.01.25 11:40:29.843,8.57707,8.57816,1.00,1.00
2016.01.25 11:40:29.995,8.57707,8.57843,1.00,1.00
2016.01.25 11:40:33.359,8.577,8.57843,1.00,1.00
2016.01.25 11:40:34.455,8.57687,8.57843,1.00,1.00
2016.01.25 11:40:35.347,8.57648,8.57818,1.00,1.00
2016.01.25 11:40:35.699,8.57687,8.57818,1.00,1.00
2016.01.25 11:40:40.416,8.57687,8.57858,1.00,1.00
2016.01.25 11:40:41.405,8.57683,8.57858,1.00,1.00
2016.01.25 11:40:41.601,8.57683,8.57854,1.00,1.00
2016.01.25 11:40:41.927,8.57667,8.57834,1.00,1.00
2016.01.25 11:40:48.612,8.57667,8.57826,1.00,1.00
2016.01.25 11:40:48.938,8.57667,8.57811,1.00,1.00
2016.01.25 11:40:52.197,8.57648,8.57811,1.00,1.00
2016.01.25 11:40:56.476,8.57648,8.57778,1.00,1.00
2016.01.25 11:40:56.957,8.57628,8.57778,1.00,1.00
2016.01.25 11:40:57.785,8.57647,8.57778,1.00,1.00
2016.01.25 11:40:58.993,8.57628,8.57778,1.00,1.00
2016.01.25 11:41:05.761,8.5762,8.57778,1.00,1.00
2016.01.25 11:41:06.466,8.5762,8.57748,1.00,1.00
2016.01.25 11:41:13.394,8.5762,8.5777,1.00,1.00
2016.01.25 11:41:14.501,8.57614,8.5777,1.00,1.00
2016.01.25 11:41:16.395,8.57614,8.57766,1.00,1.00
2016.01.25 11:41:16.496,8.57595,8.57749,1.00,1.00
2016.01.25 11:41:16.598,8.57548,8.57722,1.50,1.00
2016.01.25 11:41:17.868,8.57575,8.57722,1.00,1.00
2016.01.25 11:41:18.773,8.57548,8.57722,1.00,1.00
2016.01.25 11:41:19.355,8.57568,8.57722,1.00,1.00
2016.01.25 11:41:20.510,8.57561,8.57722,1.00,1.00
2016.01.25 11:41:20.774,8.57548,8.57722,1.00,1.00
2016.01.25 11:41:21.589,8.57575,8.57722,1.00,1.00
2016.01.25 11:41:22.763,8.57568,8.57722,1.00,1.00
2016.01.25 11:41:23.864,8.57548,8.57722,1.00,1.00
2016.01.25 11:41:24.094,8.57561,8.57722,1.00,1.00
2016.01.25 11:41:24.619,8.57561,8.57713,1.00,1.00
2016.01.25 11:41:24.670,8.57548,8.57717,1.00,1.69
2016.01.25 11:41:24.721,8.57515,8.5769,1.00,1.00
2016.01.25 11:41:24.823,8.57509,8.57666,1.00,1.00
2016.01.25 11:41:25.624,8.57491,8.57666,1.00,1.00
2016.01.25 11:41:25.725,8.57507,8.57666,1.00,1.00
2016.01.25 11:41:25.848,8.57528,8.57702,1.00,1.00
2016.01.25 11:41:26.071,8.57536,8.57702,1.00,1.00
2016.01.25 11:41:27.272,8.57528,8.57702,1.00,1.00
2016.01.25 11:41:27.813,8.57529,8.57702,1.00,1.00
2016.01.25 11:41:29.082,8.57528,8.57702,1.00,1.00
2016.01.25 11:41:29.829,8.57528,8.57701,1.00,1.00
2016.01.25 11:41:30.430,8.57528,8.57702,1.00,1.00
2016.01.25 11:41:31.481,8.57529,8.57702,1.00,1.00
2016.01.25 11:41:32.031,8.57528,8.57702,1.00,1.00
2016.01.25 11:41:32.632,8.57529,8.57702,1.00,1.00
2016.01.25 11:41:34.244,8.57529,8.57695,1.00,1.00
2016.01.25 11:41:34.295,8.57529,8.57702,1.00,1.00
2016.01.25 11:41:34.837,8.57528,8.57702,1.00,1.00
2016.01.25 11:41:35.624,8.57536,8.57702,1.00,1.00
2016.01.25 11:41:37.053,8.57528,8.57702,1.00,1.00
2016.01.25 11:41:37.362,8.57536,8.57702,1.00,1.00
2016.01.25 11:41:38.639,8.57528,8.57702,1.00,1.00
2016.01.25 11:41:39.849,8.57541,8.57702,1.00,1.00
2016.01.25 11:41:41.123,8.57539,8.57702,1.00,1.00
2016.01.25 11:41:42.377,8.57541,8.57702,1.00,1.00
2016.01.25 11:41:42.955,8.57541,8.57689,1.00,1.00
2016.01.25 11:41:43.543,8.5754,8.57689,1.00,1.00
2016.01.25 11:41:43.916,8.57515,8.57689,1.00,1.00
2016.01.25 11:41:44.325,8.57556,8.57689,1.00,1.00
2016.01.25 11:41:45.523,8.57539,8.57689,1.00,1.00
2016.01.25 11:41:46.865,8.57555,8.57689,1.00,1.00
2016.01.25 11:41:48.053,8.57515,8.57689,1.00,1.00
2016.01.25 11:41:50.033,8.57541,8.57689,1.00,1.00
2016.01.25 11:41:51.453,8.57555,8.57689,1.00,1.00
2016.01.25 11:41:51.605,8.57515,8.57689,1.00,1.00
2016.01.25 11:41:52.160,8.57548,8.57689,1.00,1.00
2016.01.25 11:41:52.777,8.57548,8.57709,1.00,1.00
2016.01.25 11:41:52.888,8.57548,8.57714,1.00,1.00
2016.01.25 11:41:53.224,8.57561,8.57714,1.00,1.00
2016.01.25 11:41:55.556,8.57568,8.57714,1.00,1.00
2016.01.25 11:41:56.329,8.5754,8.57714,1.00,1.00
2016.01.25 11:41:56.592,8.57561,8.57714,1.00,1.00
2016.01.25 11:41:58.172,8.57568,8.57714,1.00,1.00
2016.01.25 11:41:58.999,8.57568,8.57693,1.00,1.00
2016.01.25 11:41:59.447,8.57539,8.57693,1.00,1.00
2016.01.25 11:42:01.365,8.57518,8.57693,1.00,1.00
2016.01.25 11:42:02.591,8.57541,8.57693,1.00,1.00
2016.01.25 11:42:03.783,8.57539,8.57693,1.00,1.00
2016.01.25 11:42:05.126,8.57555,8.57693,1.00,1.00
2016.01.25 11:42:06.312,8.57539,8.57693,1.00,1.00
2016.01.25 11:42:07.549,8.57528,8.57693,1.00,1.00
2016.01.25 11:42:08.752,8.57539,8.57693,1.00,1.00
2016.01.25 11:42:11.070,8.57541,8.57693,1.00,1.00
2016.01.25 11:42:12.582,8.57535,8.57693,1.00,1.00
2016.01.25 11:42:13.792,8.57541,8.57693,1.00,1.00
2016.01.25 11:42:14.547,8.57541,8.57699,1.00,1.00
2016.01.25 11:42:15.113,8.57535,8.57699,1.00,1.00
2016.01.25 11:42:16.225,8.57541,8.57699,1.00,1.00
2016.01.25 11:42:17.532,8.57548,8.57699,1.00,1.00
2016.01.25 11:42:18.770,8.57539,8.57699,1.00,1.00
2016.01.25 11:42:20.072,8.57555,8.57699,1.00,1.00
2016.01.25 11:42:21.308,8.57539,8.57699,1.00,1.00
2016.01.25 11:42:22.482,8.57541,8.57699,1.00,1.00
2016.01.25 11:42:23.629,8.57539,8.57699,1.00,1.00
2016.01.25 11:42:24.682,8.57549,8.57699,1.00,1.00
2016.01.25 11:42:25.893,8.57524,8.57699,1.00,1.00
2016.01.25 11:42:26.113,8.57541,8.57699,1.00,1.00
2016.01.25 11:42:27.262,8.57555,8.57699,1.00,1.00
2016.01.25 11:42:28.353,8.57524,8.57699,1.00,1.00
2016.01.25 11:42:28.663,8.57555,8.57699,1.00,1.00
2016.01.25 11:42:30.018,8.57539,8.57699,1.00,1.00
2016.01.25 11:42:31.069,8.57548,8.57699,1.00,1.00
2016.01.25 11:42:32.310,8.57535,8.57699,1.00,1.00
2016.01.25 11:42:32.639,8.57535,8.57692,1.00,1.00
2016.01.25 11:42:32.946,8.57535,8.57672,1.00,1.00
2016.01.25 11:42:33.145,8.57535,8.577,1.00,1.00
2016.01.25 11:42:33.196,8.57535,8.5768,1.00,1.00
2016.01.25 11:42:33.528,8.57548,8.5768,1.00,1.00
2016.01.25 11:42:33.899,8.57548,8.57706,1.00,1.00
2016.01.25 11:42:34.032,8.57532,8.57706,1.00,1.00
2016.01.25 11:42:34.133,8.57532,8.57702,1.00,1.00
2016.01.25 11:42:34.527,8.57535,8.5771,1.00,1.50
2016.01.25 11:42:34.714,8.57535,8.57694,1.00,1.00
2016.01.25 11:42:34.764,8.57515,8.57679,1.00,1.00
2016.01.25 11:42:34.981,8.57532,8.57694,1.00,1.00
2016.01.25 11:42:35.394,8.57504,8.57679,1.00,1.00
2016.01.25 11:42:36.452,8.57514,8.57679,1.00,1.00
2016.01.25 11:42:36.913,8.57548,8.57679,1.00,1.00
2016.01.25 11:42:38.006,8.57535,8.57679,1.00,1.00
2016.01.25 11:42:38.544,8.57504,8.57679,1.00,1.00
2016.01.25 11:42:40.514,8.57513,8.57679,1.00,1.00
2016.01.25 11:42:40.864,8.57555,8.57679,1.00,1.00
2016.01.25 11:42:41.843,8.57548,8.57679,1.00,1.00
2016.01.25 11:42:42.194,8.57548,8.57702,1.00,1.00
2016.01.25 11:42:42.942,8.57535,8.57702,1.00,1.00
2016.01.25 11:42:44.042,8.57528,8.57702,1.00,1.00
2016.01.25 11:42:45.362,8.57539,8.57702,1.00,1.00
2016.01.25 11:42:46.792,8.57535,8.57702,1.00,1.00
2016.01.25 11:42:49.651,8.57539,8.57702,1.00,1.00
2016.01.25 11:42:50.880,8.57541,8.57702,1.00,1.00
2016.01.25 11:42:51.961,8.57535,8.57702,1.00,1.00
2016.01.25 11:42:53.062,8.57539,8.57702,1.00,1.00
2016.01.25 11:42:55.529,8.57535,8.57702,1.00,1.00
2016.01.25 11:42:55.580,8.57535,8.57681,1.00,1.00
2016.01.25 11:42:55.808,8.57489,8.57661,1.00,1.00
2016.01.25 11:42:58.152,8.57496,8.57661,1.00,1.00
2016.01.25 11:42:59.249,8.5749,8.57661,1.00,1.00
2016.01.25 11:42:59.901,8.57487,8.57661,1.00,1.00
2016.01.25 11:43:03.291,8.57489,8.57661,1.00,1.00
2016.01.25 11:43:04.283,8.57487,8.57661,1.00,1.00
2016.01.25 11:43:06.232,8.57512,8.57686,1.00,1.00
2016.01.25 11:43:06.573,8.57488,8.57662,1.00,1.00
2016.01.25 11:43:06.913,8.5751,8.57684,1.00,1.00
2016.01.25 11:43:07.753,8.5751,8.57682,1.00,1.00
2016.01.25 11:43:08.581,8.5751,8.57684,1.00,1.00
2016.01.25 11:43:09.951,8.5751,8.57683,1.00,1.00
2016.01.25 11:43:10.242,8.57482,8.57657,1.00,1.00
2016.01.25 11:43:11.121,8.57482,8.5765,1.00,1.00
2016.01.25 11:43:11.172,8.57456,8.5763,1.00,1.00
2016.01.25 11:43:11.223,8.57474,8.5763,1.00,1.00
2016.01.25 11:43:11.470,8.57456,8.5763,1.50,1.00
2016.01.25 11:43:11.521,8.57466,8.5763,1.00,1.00
2016.01.25 11:43:11.572,8.57486,8.5766,1.00,1.00
2016.01.25 11:43:12.347,8.57478,8.57628,1.00,1.00
2016.01.25 11:43:12.398,8.57455,8.57628,1.00,1.00
2016.01.25 11:43:12.532,8.57469,8.57628,1.00,1.00
2016.01.25 11:43:12.862,8.57478,8.57653,1.00,1.00
2016.01.25 11:43:13.988,8.57478,8.5765,1.00,1.00
2016.01.25 11:43:14.473,8.57469,8.57626,1.00,1.00
2016.01.25 11:43:14.877,8.5746,8.57626,1.00,1.00
2016.01.25 11:43:16.062,8.57452,8.57626,1.00,1.00
2016.01.25 11:43:17.371,8.57462,8.57626,1.00,1.00
2016.01.25 11:43:18.834,8.57455,8.57626,1.00,1.00
2016.01.25 11:43:20.135,8.57452,8.57626,1.00,1.00
2016.01.25 11:43:20.388,8.57469,8.57626,1.00,1.00
2016.01.25 11:43:21.002,8.57452,8.57626,1.00,1.00
2016.01.25 11:43:21.053,8.57452,8.57608,1.00,1.00
2016.01.25 11:43:21.104,8.57426,8.57588,1.00,1.00
2016.01.25 11:43:21.155,8.57417,8.57588,1.00,1.00
2016.01.25 11:43:21.756,8.5743,8.57588,1.00,1.00
2016.01.25 11:43:21.807,8.5745,8.57624,1.00,1.00
2016.01.25 11:43:22.865,8.5745,8.57619,1.00,1.00
2016.01.25 11:43:23.093,8.57424,8.57599,1.00,1.00
2016.01.25 11:43:25.298,8.57431,8.57599,1.00,1.00
2016.01.25 11:43:27.627,8.57435,8.57599,1.00,1.00
2016.01.25 11:43:28.985,8.57435,8.57582,1.00,1.00
2016.01.25 11:43:29.187,8.57396,8.57561,1.00,1.00
2016.01.25 11:43:30.242,8.57409,8.57561,1.00,1.00
2016.01.25 11:43:30.571,8.57389,8.57561,1.00,1.00
2016.01.25 11:43:31.363,8.57418,8.57561,1.00,1.00
2016.01.25 11:43:32.815,8.57389,8.57561,1.00,1.00
2016.01.25 11:43:33.152,8.57417,8.57561,1.00,1.00
2016.01.25 11:43:34.470,8.57389,8.57549,1.00,1.00
2016.01.25 11:43:34.521,8.57384,8.57529,1.00,1.00
2016.01.25 11:43:34.572,8.57365,8.57529,1.00,1.00
2016.01.25 11:43:34.741,8.57361,8.57529,1.00,1.00
2016.01.25 11:43:34.986,8.57366,8.57529,1.00,1.00
2016.01.25 11:43:35.037,8.57383,8.57557,1.00,1.00
2016.01.25 11:43:35.207,8.57366,8.57534,1.00,1.00
2016.01.25 11:43:35.311,8.57387,8.57561,1.00,1.00
2016.01.25 11:43:36.664,8.5739,8.57561,1.00,1.00
2016.01.25 11:43:37.721,8.57397,8.57561,1.00,1.00
2016.01.25 11:43:38.081,8.57387,8.57561,1.00,1.00
2016.01.25 11:43:38.871,8.57391,8.57561,1.00,1.00
2016.01.25 11:43:39.921,8.57397,8.57561,1.00,1.00
2016.01.25 11:43:40.585,8.57387,8.57561,1.00,1.00
2016.01.25 11:43:40.839,8.5739,8.57561,1.00,1.00
2016.01.25 11:43:41.901,8.57397,8.57561,1.00,1.00
2016.01.25 11:43:43.193,8.57387,8.57561,1.00,1.00
2016.01.25 11:43:46.582,8.5739,8.57561,1.00,1.00
2016.01.25 11:43:47.055,8.57393,8.57556,1.00,1.00
2016.01.25 11:43:47.108,8.57393,8.57568,1.00,1.00
2016.01.25 11:43:47.242,8.57415,8.57587,1.00,1.00
2016.01.25 11:43:47.293,8.57415,8.5759,1.00,1.00
2016.01.25 11:43:48.111,8.57439,8.57611,1.00,1.00
2016.01.25 11:43:48.304,8.57439,8.57613,1.00,1.00
2016.01.25 11:43:48.437,8.57419,8.57582,1.00,1.00
2016.01.25 11:43:48.488,8.57407,8.57582,1.00,1.00
2016.01.25 11:43:48.881,8.57416,8.57582,1.00,1.00
2016.01.25 11:43:49.272,8.57433,8.57602,1.00,1.00
2016.01.25 11:43:49.323,8.57433,8.57608,1.00,1.00
2016.01.25 11:43:49.628,8.57416,8.57575,1.00,1.00
2016.01.25 11:43:51.060,8.57403,8.57575,1.00,1.00
2016.01.25 11:43:51.743,8.57432,8.57595,1.00,1.00
2016.01.25 11:43:51.794,8.57432,8.57606,1.00,1.00
2016.01.25 11:43:51.844,8.57432,8.57594,1.00,1.00
2016.01.25 11:43:51.961,8.57412,8.57584,1.00,1.00
2016.01.25 11:43:52.012,8.57409,8.57584,1.00,1.00
2016.01.25 11:43:52.854,8.57396,8.57553,1.00,1.00
2016.01.25 11:43:53.389,8.57389,8.57553,1.00,1.00
2016.01.25 11:43:53.565,8.57402,8.57573,1.00,1.00
2016.01.25 11:43:53.616,8.57402,8.57577,1.00,1.00
2016.01.25 11:43:57.582,8.57397,8.57553,1.00,1.00
2016.01.25 11:43:58.157,8.57401,8.57573,1.00,1.00
2016.01.25 11:43:58.281,8.57401,8.57575,1.00,1.00
2016.01.25 11:44:02.810,8.57403,8.57575,1.00,1.00
2016.01.25 11:44:04.006,8.57417,8.57575,1.00,1.00
2016.01.25 11:44:04.358,8.57424,8.57595,1.00,1.00
2016.01.25 11:44:04.417,8.57424,8.57599,1.00,1.00
2016.01.25 11:44:04.798,8.57417,8.57572,1.00,1.00
2016.01.25 11:44:05.010,8.57397,8.57572,1.00,1.00
2016.01.25 11:44:05.061,8.57421,8.57592,1.00,1.00
2016.01.25 11:44:05.163,8.57421,8.57595,1.00,1.50
2016.01.25 11:44:07.892,8.57401,8.57567,1.00,1.00
2016.01.25 11:44:07.943,8.57396,8.57567,1.00,1.00
2016.01.25 11:44:08.321,8.57398,8.57567,1.00,1.00
2016.01.25 11:44:08.422,8.57396,8.57567,1.00,1.00
2016.01.25 11:44:08.530,8.57403,8.57567,1.00,1.00
2016.01.25 11:44:09.197,8.57414,8.57587,1.00,1.00
2016.01.25 11:44:09.298,8.57414,8.57589,1.00,1.00
2016.01.25 11:44:09.900,8.57397,8.57564,1.00,1.00
2016.01.25 11:44:10.671,8.57415,8.57582,1.00,1.00
2016.01.25 11:44:10.998,8.57415,8.5759,1.00,1.00
2016.01.25 11:44:11.274,8.57396,8.5756,1.00,1.00
2016.01.25 11:44:11.799,8.57408,8.5758,1.00,1.00
2016.01.25 11:44:11.850,8.57408,8.57583,1.00,1.00
2016.01.25 11:44:15.808,8.57431,8.57583,1.00,1.00
2016.01.25 11:44:15.910,8.57444,8.57602,1.00,1.00
2016.01.25 11:44:15.961,8.57444,8.57619,1.00,1.50
2016.01.25 11:44:16.011,8.57431,8.57594,1.00,1.00
2016.01.25 11:44:16.362,8.57447,8.5762,1.00,1.00
2016.01.25 11:44:22.875,8.57447,8.57618,1.00,1.00
2016.01.25 11:44:23.096,8.57419,8.57593,1.00,1.00
2016.01.25 11:44:23.321,8.57444,8.57613,1.00,1.50
2016.01.25 11:44:23.805,8.57424,8.57588,1.00,1.00
2016.01.25 11:44:23.855,8.57415,8.57588,1.00,1.00
2016.01.25 11:44:23.907,8.57437,8.57609,1.00,1.00
2016.01.25 11:44:24.008,8.57437,8.57612,1.00,1.00
2016.01.25 11:44:24.908,8.57424,8.57577,1.00,1.00
2016.01.25 11:44:25.031,8.57418,8.57577,1.00,1.00
2016.01.25 11:44:25.100,8.57425,8.57598,1.00,1.00
2016.01.25 11:44:25.201,8.57425,8.576,1.00,1.00
2016.01.25 11:44:26.027,8.57447,8.5762,1.00,1.00
2016.01.25 11:44:26.077,8.57447,8.57622,1.00,1.00
2016.01.25 11:44:28.833,8.57427,8.57595,1.00,1.00
2016.01.25 11:44:28.884,8.5742,8.57595,1.00,1.00
2016.01.25 11:44:28.935,8.57449,8.57615,1.00,1.00
2016.01.25 11:44:28.986,8.57449,8.57624,1.00,1.00
2016.01.25 11:44:29.605,8.57425,8.576,1.00,1.00
2016.01.25 11:44:30.235,8.57448,8.57619,1.00,1.00
2016.01.25 11:44:30.286,8.57448,8.57621,1.00,1.00
2016.01.25 11:44:30.337,8.57427,8.57597,1.00,1.00
2016.01.25 11:44:30.388,8.57422,8.57597,1.50,1.00
2016.01.25 11:44:32.640,8.57425,8.57597,1.00,1.00
2016.01.25 11:44:32.985,8.57425,8.57568,1.00,1.00
2016.01.25 11:44:33.114,8.57425,8.57588,1.00,1.00
2016.01.25 11:44:33.181,8.57425,8.57592,1.00,1.00
2016.01.25 11:44:33.610,8.57418,8.57592,1.00,1.00
2016.01.25 11:44:34.600,8.57425,8.57592,1.00,1.00
2016.01.25 11:44:35.067,8.57444,8.57616,1.00,1.00
2016.01.25 11:44:35.118,8.57444,8.57613,1.00,1.00
2016.01.25 11:44:35.219,8.57443,8.57617,1.00,1.00
2016.01.25 11:44:35.497,8.5745,8.57625,1.00,1.00
2016.01.25 11:44:35.886,8.5745,8.57618,1.00,1.00
2016.01.25 11:44:35.937,8.57423,8.57598,1.00,1.00
2016.01.25 11:44:37.382,8.57425,8.57598,1.00,1.00
2016.01.25 11:44:51.061,8.57425,8.57585,1.00,1.00
2016.01.25 11:45:03.085,8.57437,8.57611,1.00,1.00
2016.01.25 11:45:04.062,8.57437,8.57605,1.00,1.00
2016.01.25 11:45:04.113,8.57411,8.57585,1.00,1.00
2016.01.25 11:45:04.164,8.57413,8.57585,1.00,1.00
2016.01.25 11:45:04.219,8.57433,8.57608,1.00,1.00
2016.01.25 11:45:05.464,8.57441,8.57608,1.00,1.00
2016.01.25 11:45:05.515,8.57461,8.57635,1.00,1.00
2016.01.25 11:45:05.829,8.57439,8.57613,1.00,1.00
2016.01.25 11:45:10.138,8.57439,8.57607,1.00,1.00
2016.01.25 11:45:10.450,8.57429,8.57587,1.00,1.00
2016.01.25 11:45:10.501,8.57426,8.57587,1.00,1.00
2016.01.25 11:45:11.396,8.57412,8.57587,1.00,1.00
2016.01.25 11:45:13.429,8.57417,8.57587,1.00,1.00
2016.01.25 11:45:20.152,8.57412,8.57587,1.00,1.00
2016.01.25 11:45:22.805,8.57412,8.57577,1.00,1.00
2016.01.25 11:45:22.855,8.57383,8.57557,1.00,1.00
2016.01.25 11:45:26.179,8.57383,8.57551,1.00,1.00
2016.01.25 11:45:26.281,8.57357,8.57532,1.00,1.00
2016.01.25 11:45:26.380,8.57359,8.57532,1.00,1.00
2016.01.25 11:45:26.803,8.5738,8.57553,1.00,1.00
2016.01.25 11:45:27.593,8.5738,8.57545,1.00,1.00
2016.01.25 11:45:27.906,8.57365,8.57525,1.00,1.00
2016.01.25 11:45:28.307,8.57355,8.57525,1.00,1.00
2016.01.25 11:45:28.484,8.57357,8.57525,1.00,1.00
2016.01.25 11:45:28.585,8.57377,8.57551,1.00,1.00
2016.01.25 11:45:28.976,8.57355,8.57525,1.00,1.00
2016.01.25 11:45:29.486,8.57357,8.57525,1.00,1.00
2016.01.25 11:45:29.546,8.57377,8.57552,1.00,1.00
2016.01.25 11:45:45.116,8.57361,8.57535,1.00,1.00
2016.01.25 11:45:52.331,8.57364,8.57535,1.00,1.00
2016.01.25 11:45:52.391,8.57384,8.57558,1.00,1.00
2016.01.25 11:45:59.561,8.57384,8.57558,1.37,1.00
2016.01.25 11:45:59.699,8.57384,8.57558,1.00,1.00
2016.01.25 11:46:05.911,8.57384,8.57553,1.00,1.00
2016.01.25 11:46:06.272,8.57377,8.57533,1.00,1.00
2016.01.25 11:46:06.428,8.57358,8.57533,1.00,1.00
2016.01.25 11:46:06.608,8.57362,8.57533,1.00,1.00
2016.01.25 11:46:06.659,8.57382,8.57557,1.00,1.50
2016.01.25 11:46:06.977,8.57382,8.57543,1.00,1.00
2016.01.25 11:46:07.028,8.57349,8.57523,1.00,1.00
2016.01.25 11:46:07.649,8.57353,8.57523,1.00,1.00
2016.01.25 11:46:07.864,8.57349,8.57523,1.00,1.00
2016.01.25 11:46:08.058,8.57357,8.57523,1.00,1.00
2016.01.25 11:46:08.823,8.57359,8.57523,1.00,1.00
2016.01.25 11:46:08.874,8.57379,8.57554,1.00,1.00
2016.01.25 11:46:09.188,8.57379,8.57552,1.00,1.00
2016.01.25 11:46:09.239,8.57357,8.57532,1.50,1.00
2016.01.25 11:46:12.035,8.57366,8.57532,1.00,1.00
2016.01.25 11:46:12.086,8.57357,8.57532,1.00,1.00
2016.01.25 11:46:12.209,8.57357,8.57526,1.00,1.00
2016.01.25 11:46:12.518,8.57342,8.57506,1.00,1.00
2016.01.25 11:46:12.824,8.57359,8.57533,1.00,1.00
2016.01.25 11:46:13.382,8.57359,8.57524,1.00,1.00
2016.01.25 11:46:13.483,8.5733,8.57505,1.00,1.00
2016.01.25 11:46:14.266,8.57335,8.57505,1.00,1.00
2016.01.25 11:46:14.644,8.57354,8.57528,1.00,1.00
2016.01.25 11:46:15.621,8.57354,8.57523,1.00,1.00
2016.01.25 11:46:15.672,8.5733,8.57504,1.00,1.00
2016.01.25 11:46:18.863,8.57354,8.57528,1.00,1.00
2016.01.25 11:46:21.838,8.57354,8.57524,1.00,1.00
2016.01.25 11:46:21.889,8.57331,8.57503,1.00,1.00
2016.01.25 11:46:23.345,8.57331,8.57494,1.00,1.00
2016.01.25 11:46:23.396,8.573,8.57474,1.00,1.00
2016.01.25 11:46:23.642,8.57278,8.57443,1.00,1.00
2016.01.25 11:46:26.006,8.57316,8.57489,1.00,1.00
2016.01.25 11:46:26.354,8.57325,8.57489,1.00,1.00
2016.01.25 11:46:26.819,8.57316,8.57489,1.00,1.00
2016.01.25 11:46:35.737,8.57327,8.57489,1.00,1.00
2016.01.25 11:46:35.838,8.57347,8.57521,1.00,1.00
2016.01.25 11:46:40.645,8.57347,8.57513,1.00,1.00
2016.01.25 11:46:40.806,8.57342,8.57517,1.00,1.00
2016.01.25 11:46:40.972,8.57342,8.57513,1.00,1.00
2016.01.25 11:46:41.417,8.57342,8.57517,1.00,1.00
2016.01.25 11:46:41.838,8.57342,8.57508,1.00,1.00
2016.01.25 11:46:42.239,8.57318,8.57487,1.07,1.00
2016.01.25 11:46:42.340,8.57338,8.57512,1.00,1.00
2016.01.25 11:46:43.751,8.57338,8.57504,1.50,1.00
2016.01.25 11:46:44.117,8.57338,8.57483,1.00,1.00
2016.01.25 11:46:44.574,8.57319,8.57483,1.00,1.00
2016.01.25 11:46:44.625,8.57339,8.57513,1.00,1.00
2016.01.25 11:46:44.943,8.57339,8.57496,1.00,1.00
2016.01.25 11:46:45.113,8.57326,8.57501,1.00,1.00
2016.01.25 11:46:46.045,8.57329,8.57501,1.00,1.00
2016.01.25 11:46:46.120,8.57349,8.57524,1.00,1.00
2016.01.25 11:46:47.695,8.57349,8.57516,1.00,1.00
2016.01.25 11:46:47.745,8.57323,8.57496,1.50,1.00
2016.01.25 11:46:50.258,8.57325,8.57496,1.00,1.00
2016.01.25 11:46:51.387,8.57339,8.57496,1.00,1.00
2016.01.25 11:46:52.357,8.57323,8.57496,1.00,1.00
2016.01.25 11:46:53.567,8.57338,8.57496,1.00,1.00
2016.01.25 11:46:54.567,8.57323,8.57496,1.00,1.00
2016.01.25 11:46:55.773,8.57323,8.57486,1.00,1.00
2016.01.25 11:46:56.273,8.57299,8.57466,1.75,1.00
2016.01.25 11:46:57.727,8.57299,8.57466,1.00,1.00
2016.01.25 11:46:57.967,8.57291,8.57466,1.00,1.00
2016.01.25 11:47:03.675,8.57291,8.57463,1.00,1.00
2016.01.25 11:47:04.028,8.57276,8.57444,1.00,1.00
2016.01.25 11:47:06.607,8.57282,8.57444,1.00,1.00
2016.01.25 11:47:06.850,8.57302,8.57477,1.00,1.00
2016.01.25 11:47:07.536,8.57303,8.57477,1.00,1.00
2016.01.25 11:47:07.985,8.57303,8.57472,1.00,1.00
2016.01.25 11:47:08.273,8.57306,8.5748,1.00,1.00
2016.01.25 11:47:08.691,8.57336,8.5748,1.00,1.00
2016.01.25 11:47:08.767,8.57355,8.57513,1.00,1.00
2016.01.25 11:47:08.983,8.57333,8.57507,1.00,1.00
2016.01.25 11:47:10.500,8.57333,8.57497,1.00,1.00
2016.01.25 11:47:10.749,8.57302,8.57477,1.00,1.00
2016.01.25 11:47:11.917,8.5731,8.57477,1.00,1.00
2016.01.25 11:47:11.976,8.5733,8.57505,1.00,1.00
2016.01.25 11:47:13.699,8.57341,8.57505,1.00,1.00
2016.01.25 11:47:13.779,8.57361,8.57535,1.00,1.00
2016.01.25 11:47:14.801,8.57361,8.57533,1.00,1.00
2016.01.25 11:47:14.882,8.57338,8.57513,1.00,1.00
2016.01.25 11:47:15.452,8.57345,8.57513,1.00,1.00
2016.01.25 11:47:15.505,8.57365,8.5754,1.00,1.00
2016.01.25 11:47:17.407,8.57365,8.57538,1.00,1.00
2016.01.25 11:47:17.509,8.57343,8.57518,1.00,1.00
2016.01.25 11:47:18.091,8.57367,8.57538,1.00,1.50
2016.01.25 11:47:18.192,8.57344,8.57518,1.00,1.00
2016.01.25 11:47:18.511,8.57351,8.57518,1.00,1.00
2016.01.25 11:47:18.822,8.57371,8.57538,1.00,1.00
2016.01.25 11:47:18.924,8.57338,8.57513,1.00,1.00
2016.01.25 11:47:19.437,8.57364,8.57538,1.00,1.00
2016.01.25 11:47:19.987,8.57364,8.57539,1.00,1.00
2016.01.25 11:47:20.928,8.57364,8.5753,1.00,1.00
2016.01.25 11:47:21.231,8.57324,8.57498,1.00,1.00
2016.01.25 11:47:21.282,8.57324,8.57487,1.00,1.00
2016.01.25 11:47:21.383,8.57324,8.57498,1.00,1.00
2016.01.25 11:47:22.101,8.57324,8.57491,1.00,1.00
2016.01.25 11:47:22.198,8.57304,8.57475,1.00,1.00
2016.01.25 11:47:22.249,8.573,8.57475,1.00,1.00
2016.01.25 11:47:22.925,8.57324,8.57497,1.00,1.00
2016.01.25 11:47:23.256,8.57298,8.57473,1.00,1.00
2016.01.25 11:47:23.533,8.57326,8.575,1.00,1.00
2016.01.25 11:47:24.709,8.57306,8.57473,1.00,1.00
2016.01.25 11:47:24.760,8.57298,8.57473,1.00,1.00
2016.01.25 11:47:24.811,8.5732,8.57492,1.00,1.00
2016.01.25 11:47:25.155,8.57278,8.57453,1.00,1.00
2016.01.25 11:47:25.256,8.57281,8.57453,1.00,1.00
2016.01.25 11:47:25.307,8.57278,8.57453,1.00,1.00
2016.01.25 11:47:25.548,8.57305,8.57479,1.00,1.00
2016.01.25 11:47:26.112,8.57319,8.57479,1.00,1.00
2016.01.25 11:47:26.213,8.57305,8.57479,1.00,1.00
2016.01.25 11:47:26.315,8.57314,8.57479,1.00,1.00
2016.01.25 11:47:26.366,8.57344,8.57519,1.00,1.00
2016.01.25 11:47:26.539,8.57323,8.57497,1.00,1.00
2016.01.25 11:47:26.841,8.57348,8.5752,1.00,1.50
2016.01.25 11:47:27.195,8.57348,8.57514,1.00,1.00
2016.01.25 11:47:27.457,8.57348,8.5752,1.00,1.00
2016.01.25 11:47:30.098,8.5735,8.5752,1.00,1.00
2016.01.25 11:47:30.189,8.57348,8.5752,1.00,1.00
2016.01.25 11:47:30.349,8.57373,8.57546,1.00,1.00
2016.01.25 11:47:30.949,8.5735,8.57524,1.00,1.00
2016.01.25 11:47:31.240,8.57373,8.57529,1.00,1.00
2016.01.25 11:47:31.442,8.57351,8.57525,1.00,1.00
2016.01.25 11:47:31.835,8.57375,8.57529,1.00,1.00
2016.01.25 11:47:31.886,8.57375,8.57549,1.00,1.00
2016.01.25 11:47:32.038,8.57375,8.57545,1.00,1.00
2016.01.25 11:47:32.354,8.57346,8.5752,1.00,1.50
2016.01.25 11:47:34.749,8.57352,8.5752,1.00,1.00
2016.01.25 11:47:34.800,8.57372,8.57541,1.00,1.00
2016.01.25 11:47:35.722,8.57349,8.57524,1.00,1.00
2016.01.25 11:47:37.180,8.57372,8.57546,1.00,1.00
2016.01.25 11:47:43.072,8.57372,8.57527,1.00,1.00
2016.01.25 11:47:43.123,8.57341,8.57516,1.00,1.00
2016.01.25 11:47:44.109,8.57341,8.57505,1.00,1.00
2016.01.25 11:47:44.467,8.57341,8.5751,1.00,1.00
2016.01.25 11:47:44.972,8.57341,8.57507,1.00,1.00
2016.01.25 11:47:45.531,8.57341,8.57516,1.00,1.00
2016.01.25 11:47:45.582,8.57341,8.57498,1.00,1.00
2016.01.25 11:47:45.792,8.57315,8.5749,1.00,1.00
2016.01.25 11:47:46.404,8.57344,8.57498,1.00,1.00
2016.01.25 11:47:46.455,8.57344,8.57505,1.00,1.00
2016.01.25 11:47:48.138,8.57316,8.57491,1.00,1.00
2016.01.25 11:47:48.290,8.57339,8.57505,1.00,1.50
2016.01.25 11:47:49.957,8.57339,8.57502,1.00,1.00
2016.01.25 11:47:51.715,8.57339,8.57505,1.00,1.00
2016.01.25 11:47:53.145,8.57339,8.57496,1.00,1.00
2016.01.25 11:47:55.597,8.57339,8.57505,1.00,1.50
2016.01.25 11:47:57.766,8.57339,8.57502,1.00,1.00
2016.01.25 11:47:57.986,8.57339,8.57505,1.00,1.00
2016.01.25 11:47:58.431,8.57339,8.57498,1.00,1.00
2016.01.25 11:47:58.657,8.57339,8.57505,1.00,1.00
2016.01.25 11:48:00.461,8.57339,8.57513,1.00,1.00
2016.01.25 11:48:07.067,8.5734,8.57508,1.00,1.00
2016.01.25 11:48:07.561,8.5734,8.57502,1.00,1.00
2016.01.25 11:48:08.552,8.5734,8.57508,1.00,1.00
2016.01.25 11:48:08.788,8.5734,8.57505,1.00,1.00
2016.01.25 11:48:10.137,8.5734,8.57513,1.00,1.00
2016.01.25 11:48:11.188,8.5734,8.57505,1.00,1.00
2016.01.25 11:48:11.464,8.5728,8.57455,1.00,1.00
2016.01.25 11:48:11.565,8.5728,8.57432,1.00,1.00
2016.01.25 11:48:11.982,8.5728,8.57417,1.00,1.00
2016.01.25 11:48:12.033,8.57222,8.57397,1.00,1.00
2016.01.25 11:48:12.085,8.57222,8.5738,1.00,1.00
2016.01.25 11:48:12.396,8.57248,8.57406,1.00,1.00
2016.01.25 11:48:12.549,8.57248,8.5742,1.00,1.00
2016.01.25 11:48:12.600,8.57226,8.574,1.00,1.00
2016.01.25 11:48:13.102,8.5725,8.57406,1.00,1.00
2016.01.25 11:48:13.237,8.5725,8.57424,1.00,1.00
2016.01.25 11:48:14.540,8.57262,8.57424,1.00,1.00
2016.01.25 11:48:14.591,8.57282,8.57451,1.00,1.00
2016.01.25 11:48:15.587,8.57306,8.57472,1.00,1.07
2016.01.25 11:48:15.766,8.57306,8.57472,1.00,1.00
2016.01.25 11:48:15.817,8.57306,8.57478,1.00,1.00
2016.01.25 11:48:15.919,8.57306,8.57461,1.00,1.00
2016.01.25 11:48:18.555,8.57306,8.57455,1.00,1.00
2016.01.25 11:48:19.762,8.57306,8.57454,1.00,1.00
2016.01.25 11:48:19.813,8.57272,8.57437,1.00,1.00
2016.01.25 11:48:19.875,8.57272,8.57446,1.00,1.00
2016.01.25 11:48:23.519,8.57272,8.57428,1.00,1.00
2016.01.25 11:48:26.366,8.57272,8.57443,1.00,1.00
2016.01.25 11:48:28.455,8.57272,8.57435,1.00,1.00
2016.01.25 11:48:29.581,8.57272,8.57446,1.00,1.00
2016.01.25 11:48:29.682,8.57322,8.57446,1.00,1.00
2016.01.25 11:48:29.733,8.57342,8.57499,1.00,1.00
2016.01.25 11:48:30.664,8.5735,8.57499,1.00,1.00
2016.01.25 11:48:31.073,8.57369,8.57515,1.00,1.00
2016.01.25 11:48:31.796,8.57369,8.57529,1.00,1.00
2016.01.25 11:48:32.675,8.57369,8.57529,1.00,1.07
2016.01.25 11:48:33.005,8.57369,8.57515,1.00,1.00
2016.01.25 11:48:35.392,8.57369,8.57491,1.00,1.00
2016.01.25 11:48:35.444,8.57341,8.57491,1.00,1.37
2016.01.25 11:48:35.494,8.57341,8.57451,1.00,1.00
2016.01.25 11:48:35.646,8.57275,8.57449,1.00,1.00
2016.01.25 11:48:35.915,8.57247,8.57422,1.00,1.00
2016.01.25 11:48:36.094,8.57247,8.5742,1.00,1.00
2016.01.25 11:48:36.399,8.57247,8.57417,1.00,1.07
2016.01.25 11:48:36.450,8.57247,8.57417,1.00,1.00
2016.01.25 11:48:36.551,8.57247,8.57422,1.00,1.00
2016.01.25 11:48:36.741,8.57282,8.57434,1.00,1.07
2016.01.25 11:48:36.926,8.5726,8.57434,1.00,1.57
2016.01.25 11:48:37.396,8.5726,8.57421,1.00,1.00
2016.01.25 11:48:37.548,8.57236,8.57411,1.00,1.00
2016.01.25 11:48:38.025,8.5726,8.57421,1.00,1.00
2016.01.25 11:48:38.188,8.5726,8.57434,1.00,1.00
2016.01.25 11:48:38.717,8.5726,8.57435,1.00,1.00
2016.01.25 11:48:38.879,8.57262,8.57435,1.00,1.00
2016.01.25 11:48:39.325,8.57283,8.57447,1.00,1.07
2016.01.25 11:48:39.376,8.5726,8.57434,1.00,1.00
2016.01.25 11:48:39.481,8.57266,8.57434,1.00,1.00
2016.01.25 11:48:39.902,8.57286,8.57447,1.00,1.00
2016.01.25 11:48:40.252,8.57286,8.57456,1.00,1.00
2016.01.25 11:48:44.217,8.57286,8.5743,1.00,1.00
2016.01.25 11:48:44.267,8.57235,8.5741,1.00,1.00
2016.01.25 11:48:44.447,8.57239,8.5741,1.00,1.00
2016.01.25 11:48:44.498,8.57259,8.57434,1.00,1.00
2016.01.25 11:48:50.715,8.57279,8.57434,1.00,1.00
2016.01.25 11:48:50.867,8.57299,8.57459,1.00,1.00
2016.01.25 11:48:50.918,8.57299,8.5747,1.00,1.00
2016.01.25 11:48:52.563,8.57299,8.57473,1.00,1.00
2016.01.25 11:48:58.563,8.57279,8.57452,1.00,1.00
2016.01.25 11:48:58.614,8.57277,8.57452,1.00,1.00
2016.01.25 11:49:02.738,8.57284,8.57452,1.00,1.00
2016.01.25 11:49:03.044,8.57304,8.57478,1.00,1.37
2016.01.25 11:49:03.144,8.57304,8.57478,1.00,1.00
2016.01.25 11:49:03.541,8.57304,8.57464,1.00,1.00
2016.01.25 11:49:03.592,8.5727,8.57444,1.00,1.00
2016.01.25 11:49:06.553,8.57273,8.57444,1.00,1.00
2016.01.25 11:49:06.856,8.57317,8.57491,1.00,1.00
2016.01.25 11:49:08.892,8.57333,8.57491,1.00,1.00
2016.01.25 11:49:09.220,8.57345,8.57497,1.00,1.00
2016.01.25 11:49:15.897,8.57345,8.5752,1.00,1.07
2016.01.25 11:49:16.468,8.57345,8.57512,1.00,1.00
2016.01.25 11:49:16.569,8.57318,8.57489,1.00,1.00
2016.01.25 11:49:23.315,8.57318,8.57477,1.00,1.00
2016.01.25 11:49:23.466,8.57278,8.57449,1.00,1.00
2016.01.25 11:49:24.484,8.57278,8.57453,1.00,1.00
2016.01.25 11:49:27.493,8.57299,8.57453,1.00,1.00
2016.01.25 11:49:27.544,8.57319,8.57494,1.00,1.50
2016.01.25 11:49:29.261,8.57319,8.57436,1.00,1.00
2016.01.25 11:49:30.682,8.57298,8.57436,1.00,1.00
2016.01.25 11:49:30.733,8.57298,8.57416,1.00,1.00
2016.01.25 11:49:30.850,8.57265,8.57416,1.00,1.00
2016.01.25 11:49:30.951,8.57265,8.57394,1.00,1.00
2016.01.25 11:49:34.300,8.57243,8.57373,1.00,1.00
2016.01.25 11:49:35.785,8.57219,8.57373,1.00,1.00
2016.01.25 11:49:36.062,8.57243,8.57373,1.00,1.00
2016.01.25 11:49:38.918,8.57243,8.57355,1.00,1.00
2016.01.25 11:49:44.426,8.57218,8.57355,1.00,1.00
2016.01.25 11:49:59.452,8.5723,8.57355,1.00,1.00
2016.01.25 11:50:05.819,8.5723,8.57337,1.00,1.00
2016.01.25 11:50:06.122,8.57202,8.57332,1.00,1.00
2016.01.25 11:50:06.173,8.57174,8.57332,1.00,1.00
2016.01.25 11:50:06.224,8.57185,8.57332,1.00,1.00
2016.01.25 11:50:06.566,8.57205,8.57332,1.00,1.00
2016.01.25 11:50:07.340,8.57205,8.57307,1.00,1.00
2016.01.25 11:50:07.442,8.57167,8.57307,1.00,1.00
2016.01.25 11:50:12.896,8.57169,8.57307,1.00,1.00
2016.01.25 11:50:13.149,8.57189,8.57333,1.00,1.00
2016.01.25 11:50:13.350,8.57214,8.57333,1.00,1.00
2016.01.25 11:50:14.764,8.5719,8.57333,1.00,1.00
2016.01.25 11:50:24.026,8.57194,8.57356,1.00,1.00
2016.01.25 11:50:24.077,8.57214,8.57356,1.00,1.00
2016.01.25 11:50:24.409,8.57219,8.57356,1.00,1.00
2016.01.25 11:50:24.836,8.57239,8.57356,1.00,1.00
2016.01.25 11:50:25.376,8.57239,8.57382,1.00,1.00
2016.01.25 11:50:25.957,8.57241,8.57382,1.00,1.00
2016.01.25 11:50:26.109,8.57238,8.57382,1.00,1.00
2016.01.25 11:50:28.625,8.57241,8.57382,1.00,1.00
2016.01.25 11:50:29.014,8.5726,8.57382,1.00,1.00
2016.01.25 11:50:30.921,8.5726,8.5736,1.00,1.00
2016.01.25 11:50:31.894,8.57237,8.5736,1.00,1.00
2016.01.25 11:50:33.410,8.57213,8.5736,1.00,1.00
2016.01.25 11:50:34.833,8.57218,8.5736,1.00,1.00
2016.01.25 11:50:35.168,8.57238,8.5736,1.00,1.00
2016.01.25 11:50:36.994,8.57211,8.5736,1.00,1.00
2016.01.25 11:50:52.231,8.5721,8.5736,1.00,1.00
2016.01.25 11:50:52.668,8.57231,8.5736,1.00,1.00
2016.01.25 11:50:54.864,8.57209,8.5736,1.00,1.00
2016.01.25 11:50:55.622,8.5721,8.5736,1.00,1.00
2016.01.25 11:50:55.673,8.5723,8.5736,1.00,1.00
2016.01.25 11:50:59.925,8.5723,8.57378,1.00,1.00
2016.01.25 11:51:02.177,8.57263,8.57378,1.00,1.00
2016.01.25 11:51:02.430,8.5727,8.574,1.00,1.00
2016.01.25 11:51:02.482,8.57307,8.574,1.00,1.00
2016.01.25 11:51:02.734,8.57335,8.57446,1.00,1.00
2016.01.25 11:51:02.944,8.57309,8.57446,1.00,1.00
2016.01.25 11:51:03.046,8.57309,8.5747,1.00,1.00
2016.01.25 11:51:03.299,8.57309,8.57445,1.00,1.00
2016.01.25 11:51:05.418,8.57289,8.57445,1.00,1.00
2016.01.25 11:51:06.047,8.57292,8.57445,1.00,1.00
2016.01.25 11:51:06.447,8.57289,8.57445,1.00,1.00
2016.01.25 11:51:08.222,8.57295,8.57445,1.00,1.00
2016.01.25 11:51:08.532,8.57316,8.57445,1.00,1.00
2016.01.25 11:51:08.824,8.5729,8.57445,1.00,1.00
2016.01.25 11:51:11.257,8.5729,8.5742,1.00,1.00
2016.01.25 11:51:18.674,8.57314,8.57447,1.00,1.00
2016.01.25 11:51:18.725,8.57331,8.57447,1.00,1.00
2016.01.25 11:51:18.776,8.57331,8.57468,1.00,1.00
2016.01.25 11:51:18.826,8.57331,8.57448,1.00,1.00
2016.01.25 11:51:18.927,8.57311,8.57448,1.00,1.00
2016.01.25 11:51:18.978,8.57307,8.57448,1.00,1.00
2016.01.25 11:51:23.364,8.57307,8.57426,1.00,1.00
2016.01.25 11:51:24.944,8.5728,8.57426,1.00,1.00
2016.01.25 11:51:25.765,8.57285,8.57426,1.00,1.00
2016.01.25 11:51:26.436,8.57288,8.57426,1.00,1.00
2016.01.25 11:51:26.854,8.57316,8.57426,1.00,1.00
2016.01.25 11:51:27.034,8.57291,8.57426,1.00,1.00
2016.01.25 11:51:27.767,8.57293,8.57426,1.00,1.00
2016.01.25 11:51:28.118,8.57313,8.57426,1.00,1.00
2016.01.25 11:51:33.348,8.5729,8.57426,1.00,1.00
2016.01.25 11:51:40.294,8.57291,8.57426,1.00,1.00
2016.01.25 11:51:42.835,8.5729,8.57426,1.50,1.00
2016.01.25 11:51:42.887,8.57304,8.57426,1.00,1.00
2016.01.25 11:51:43.372,8.57319,8.57426,1.00,1.00
2016.01.25 11:51:43.583,8.57304,8.57426,1.00,1.00
2016.01.25 11:51:44.834,8.57323,8.57451,1.00,1.00
2016.01.25 11:51:44.998,8.57323,8.57472,1.00,1.00
2016.01.25 11:51:45.156,8.57325,8.57472,1.00,1.00
2016.01.25 11:51:45.480,8.57345,8.57472,1.00,1.00
2016.01.25 11:51:50.289,8.57321,8.57472,1.00,1.00
2016.01.25 11:51:52.835,8.57328,8.57472,1.00,1.00
2016.01.25 11:51:53.189,8.57349,8.57472,1.00,1.00
2016.01.25 11:51:53.500,8.57328,8.57472,1.00,1.00
2016.01.25 11:51:53.551,8.57323,8.57472,1.00,1.00
2016.01.25 11:51:55.472,8.5733,8.57472,1.00,1.00
2016.01.25 11:51:56.793,8.57323,8.57472,1.00,1.00
2016.01.25 11:51:57.080,8.57303,8.57448,1.00,1.00
2016.01.25 11:51:57.131,8.573,8.57448,1.00,1.00
2016.01.25 11:51:57.334,8.573,8.57426,1.00,1.00
2016.01.25 11:51:57.793,8.57305,8.57426,1.00,1.00
2016.01.25 11:51:57.894,8.57305,8.57461,1.00,1.00
2016.01.25 11:51:58.474,8.573,8.57461,1.00,1.00
2016.01.25 11:52:00.024,8.57316,8.57461,1.00,1.00
2016.01.25 11:52:02.028,8.57321,8.57461,1.00,1.00
2016.01.25 11:52:05.383,8.57328,8.57461,1.00,1.00
2016.01.25 11:52:10.984,8.57321,8.57461,1.50,1.00
2016.01.25 11:52:12.194,8.57327,8.57461,1.00,1.00
2016.01.25 11:52:12.245,8.57347,8.57493,1.00,1.00
2016.01.25 11:52:12.447,8.57347,8.57514,1.00,1.00
2016.01.25 11:52:17.395,8.57347,8.57521,1.50,1.00
2016.01.25 11:52:20.814,8.57348,8.57521,1.00,1.00
2016.01.25 11:52:24.997,8.5736,8.57521,1.00,1.00
2016.01.25 11:52:27.421,8.57367,8.57541,1.00,1.00
2016.01.25 11:52:27.482,8.57369,8.57541,1.00,1.00
2016.01.25 11:52:30.345,8.57378,8.57541,1.00,1.00
2016.01.25 11:52:31.672,8.57367,8.57541,1.00,1.00
2016.01.25 11:52:32.235,8.57378,8.57541,1.00,1.00
2016.01.25 11:52:32.324,8.57367,8.57541,1.00,1.00
2016.01.25 11:52:33.202,8.57378,8.57541,1.00,1.00
2016.01.25 11:52:37.713,8.57379,8.57541,1.00,1.00
2016.01.25 11:52:37.932,8.57367,8.57541,1.00,1.00
2016.01.25 11:52:44.531,8.5737,8.57541,1.00,1.00
2016.01.25 11:52:45.722,8.5737,8.57545,1.50,1.00
2016.01.25 11:52:48.732,8.57378,8.57545,1.00,1.00
2016.01.25 11:52:49.712,8.57393,8.57545,1.00,1.00
2016.01.25 11:52:49.814,8.57394,8.57565,1.00,1.00
2016.01.25 11:52:50.070,8.57394,8.57569,1.00,1.00
2016.01.25 11:52:50.121,8.57409,8.57569,1.00,1.00
2016.01.25 11:52:50.531,8.57426,8.57569,1.00,1.00
2016.01.25 11:52:52.232,8.57417,8.57569,1.00,1.00
2016.01.25 11:52:58.942,8.57409,8.57569,1.00,1.00
2016.01.25 11:52:59.772,8.57419,8.57591,1.00,1.00
2016.01.25 11:52:59.823,8.57433,8.57591,1.00,1.00
2016.01.25 11:53:07.963,8.57441,8.57591,1.00,1.00
2016.01.25 11:53:08.841,8.57425,8.57591,1.00,1.00
2016.01.25 11:53:09.779,8.57409,8.57569,1.00,1.00
2016.01.25 11:53:09.880,8.57394,8.57569,1.00,1.00
2016.01.25 11:53:12.480,8.57416,8.57569,1.00,1.00
2016.01.25 11:53:13.353,8.57441,8.57569,1.00,1.00
2016.01.25 11:53:13.504,8.57425,8.57569,1.00,1.00
2016.01.25 11:53:15.882,8.57441,8.57569,1.00,1.00
2016.01.25 11:53:15.991,8.57425,8.57569,1.00,1.00
2016.01.25 11:53:17.029,8.57441,8.57569,1.00,1.00
2016.01.25 11:53:19.683,8.57466,8.576,1.00,1.00
2016.01.25 11:53:21.601,8.5746,8.576,1.00,1.00
2016.01.25 11:53:23.731,8.5746,8.57626,1.00,1.00
2016.01.25 11:53:25.893,8.57452,8.57626,1.00,1.00
2016.01.25 11:53:28.351,8.57468,8.57626,1.00,1.00
2016.01.25 11:53:28.655,8.57453,8.57602,1.00,1.00
2016.01.25 11:53:29.680,8.57453,8.57621,1.00,1.00
2016.01.25 11:53:29.731,8.57453,8.57626,1.00,1.00
2016.01.25 11:53:32.051,8.57452,8.57626,1.00,1.00
2016.01.25 11:53:39.572,8.5746,8.57626,1.00,1.00
2016.01.25 11:53:39.916,8.57492,8.57626,1.00,1.00
2016.01.25 11:53:39.967,8.57508,8.57659,1.00,1.00
2016.01.25 11:53:40.864,8.57531,8.57659,1.00,1.00
2016.01.25 11:53:40.915,8.57531,8.57679,1.00,1.00
2016.01.25 11:53:40.966,8.57531,8.57691,1.00,1.00
2016.01.25 11:53:42.978,8.57524,8.57691,1.00,1.00
2016.01.25 11:53:43.662,8.57524,8.57683,1.00,1.00
2016.01.25 11:53:46.008,8.57524,8.57664,1.00,1.00
2016.01.25 11:53:49.542,8.57508,8.57664,1.00,1.00
2016.01.25 11:53:58.995,8.57508,8.57651,1.00,1.00
2016.01.25 11:53:59.046,8.57489,8.57651,1.00,1.00
2016.01.25 11:53:59.147,8.57484,8.5764,1.00,1.00
2016.01.25 11:54:02.335,8.57476,8.5764,1.00,1.00
2016.01.25 11:54:02.386,8.57476,8.57607,1.00,1.00
2016.01.25 11:54:02.520,8.5746,8.57607,1.00,1.00
2016.01.25 11:54:04.898,8.5746,8.57634,1.50,1.00
2016.01.25 11:54:04.949,8.57484,8.57634,1.00,1.00
2016.01.25 11:54:05.050,8.57484,8.57651,1.50,1.00
2016.01.25 11:54:05.202,8.575,8.57651,1.00,1.00
2016.01.25 11:54:05.466,8.57516,8.5767,1.00,1.00
2016.01.25 11:54:05.517,8.57531,8.57681,1.00,1.00
2016.01.25 11:54:05.669,8.57531,8.57691,1.00,1.00
2016.01.25 11:54:20.674,8.57531,8.5767,1.00,1.00
2016.01.25 11:54:20.841,8.57516,8.5767,1.00,1.00
2016.01.25 11:54:21.172,8.57531,8.5767,1.00,1.00
2016.01.25 11:54:21.223,8.57531,8.57691,1.00,1.00
2016.01.25 11:54:23.682,8.57536,8.57691,1.00,1.00
2016.01.25 11:54:24.231,8.57536,8.57691,1.00,1.07
2016.01.25 11:54:24.859,8.57536,8.57691,1.00,1.45
2016.01.25 11:54:28.489,8.57536,8.57691,1.00,1.07
2016.01.25 11:54:29.286,8.57535,8.57691,1.00,1.07
2016.01.25 11:54:29.699,8.57535,8.57691,1.00,1.45
2016.01.25 11:54:32.313,8.57527,8.57691,1.00,1.45
2016.01.25 11:54:33.521,8.57544,8.57691,1.00,1.45
2016.01.25 11:54:33.622,8.57528,8.57691,1.00,1.45
2016.01.25 11:54:33.824,8.57544,8.57691,1.00,1.45
2016.01.25 11:54:34.694,8.57544,8.57691,1.00,1.00
2016.01.25 11:54:34.931,8.57528,8.57691,1.00,1.10
2016.01.25 11:54:35.681,8.57519,8.57691,1.00,1.10
2016.01.25 11:54:35.732,8.57506,8.57672,1.00,1.00
2016.01.25 11:54:36.724,8.57506,8.57649,1.00,1.00
2016.01.25 11:54:37.119,8.57496,8.57649,1.00,1.00
2016.01.25 11:54:37.820,8.57496,8.57623,1.00,1.00
2016.01.25 11:54:40.399,8.5749,8.57623,1.00,1.00
2016.01.25 11:54:42.819,8.57484,8.57623,1.00,1.00
2016.01.25 11:54:45.899,8.57475,8.57623,1.00,1.00
2016.01.25 11:54:47.792,8.5746,8.57623,1.00,1.00
2016.01.25 11:54:48.055,8.57475,8.57623,1.00,1.00
2016.01.25 11:54:50.740,8.57468,8.57623,1.00,1.00
2016.01.25 11:54:52.830,8.5747,8.57623,1.00,1.00
2016.01.25 11:54:53.437,8.5747,8.57622,1.00,1.00
2016.01.25 11:55:01.961,8.57469,8.57622,1.00,1.00
2016.01.25 11:55:02.939,8.57469,8.5762,1.00,1.00
2016.01.25 11:55:03.367,8.57469,8.576,1.00,1.00
2016.01.25 11:55:05.590,8.57471,8.576,1.00,1.00
2016.01.25 11:55:08.580,8.57463,8.576,1.00,1.00
2016.01.25 11:55:12.656,8.57471,8.576,1.00,1.00
2016.01.25 11:55:12.707,8.57471,8.5762,1.00,1.00
2016.01.25 11:55:12.758,8.57463,8.57625,1.00,1.00
2016.01.25 11:55:12.809,8.57488,8.57639,1.00,1.00
2016.01.25 11:55:13.112,8.57502,8.57644,1.00,1.00
2016.01.25 11:55:13.163,8.57502,8.57669,1.00,1.00
2016.01.25 11:55:13.388,8.57518,8.57669,1.00,1.00
2016.01.25 11:55:14.761,8.5753,8.57669,1.00,1.00
2016.01.25 11:55:16.073,8.5756,8.57669,1.00,1.00
2016.01.25 11:55:16.390,8.57571,8.57669,1.00,1.00
2016.01.25 11:55:16.542,8.57571,8.57699,1.00,1.00
2016.01.25 11:55:16.849,8.57583,8.57699,1.00,1.00
2016.01.25 11:55:17.054,8.57538,8.57668,1.00,1.00
2016.01.25 11:55:17.717,8.57523,8.57668,1.00,1.00
2016.01.25 11:55:18.083,8.57523,8.5763,1.00,1.00
2016.01.25 11:55:18.680,8.57512,8.5763,1.00,1.00
2016.01.25 11:55:21.429,8.57513,8.5763,1.00,1.00
2016.01.25 11:55:23.561,8.57515,8.5763,1.00,1.00
2016.01.25 11:55:25.108,8.5753,8.5763,1.00,1.00
2016.01.25 11:55:25.311,8.57514,8.5763,1.00,1.00
2016.01.25 11:55:27.326,8.57507,8.5763,1.00,1.00
2016.01.25 11:55:28.638,8.57507,8.57653,1.00,1.00
2016.01.25 11:55:29.359,8.57523,8.57632,1.00,1.00
2016.01.25 11:55:29.795,8.57507,8.57632,1.00,1.00
2016.01.25 11:55:31.599,8.57491,8.57632,1.00,1.00
2016.01.25 11:55:32.310,8.57491,8.57604,1.00,1.00
2016.01.25 11:55:32.581,8.57475,8.57604,1.00,1.00
2016.01.25 11:55:32.871,8.57487,8.57604,1.00,1.00
2016.01.25 11:55:33.595,8.57505,8.57633,1.00,1.00
2016.01.25 11:55:33.646,8.57529,8.57633,1.00,1.00
2016.01.25 11:55:34.170,8.57529,8.57654,1.00,1.00
2016.01.25 11:55:34.221,8.57529,8.57665,1.00,1.00
2016.01.25 11:55:35.630,8.57536,8.57665,1.00,1.00
2016.01.25 11:55:37.427,8.57522,8.57665,1.00,1.00
2016.01.25 11:55:37.490,8.57534,8.57665,1.00,1.00
2016.01.25 11:55:37.842,8.57516,8.57665,1.00,1.00
2016.01.25 11:55:38.095,8.57515,8.5764,1.00,1.00
2016.01.25 11:55:38.309,8.57501,8.5764,1.00,1.00
2016.01.25 11:55:38.843,8.57518,8.5764,1.00,1.00
2016.01.25 11:55:42.119,8.57512,8.5764,1.00,1.00
2016.01.25 11:55:43.020,8.57522,8.5764,1.00,1.00
2016.01.25 11:55:43.281,8.57546,8.57674,1.00,1.00
2016.01.25 11:55:45.216,8.57561,8.57674,1.00,1.00
2016.01.25 11:55:45.318,8.57561,8.57697,1.00,1.00
2016.01.25 11:55:45.576,8.57561,8.57725,1.00,1.50
2016.01.25 11:55:48.193,8.57561,8.57702,1.00,1.00
2016.01.25 11:55:49.920,8.57577,8.57702,1.00,1.00
2016.01.25 11:55:52.089,8.57575,8.57702,1.00,1.00
2016.01.25 11:55:56.010,8.57575,8.57673,1.00,1.00
2016.01.25 11:55:56.063,8.57552,8.57673,1.00,1.00
2016.01.25 11:55:56.114,8.57552,8.57637,1.00,1.00
2016.01.25 11:55:56.216,8.57516,8.57637,1.00,1.00
2016.01.25 11:55:56.648,8.57516,8.5766,1.00,1.00
2016.01.25 11:55:56.770,8.5753,8.5766,1.00,1.00
2016.01.25 11:55:58.856,8.57514,8.5766,1.00,1.00
2016.01.25 11:56:00.351,8.57514,8.57625,1.00,1.00
2016.01.25 11:56:00.401,8.57472,8.57625,1.00,1.00
2016.01.25 11:56:01.799,8.57456,8.57625,1.00,1.00
2016.01.25 11:56:03.889,8.57473,8.57625,1.00,1.00
2016.01.25 11:56:07.222,8.57453,8.57625,1.00,1.50
2016.01.25 11:56:07.272,8.57451,8.57605,1.00,1.00
2016.01.25 11:56:07.323,8.57435,8.57605,1.00,1.00
2016.01.25 11:56:09.650,8.57443,8.57605,1.00,1.00
2016.01.25 11:56:10.409,8.5743,8.57605,1.00,1.00
2016.01.25 11:56:10.649,8.5743,8.57605,1.00,1.37
2016.01.25 11:56:11.899,8.5743,8.57605,1.00,1.00
2016.01.25 11:56:12.959,8.5743,8.57605,1.00,1.37
2016.01.25 11:56:14.050,8.57428,8.57571,1.00,1.00
2016.01.25 11:56:16.234,8.57411,8.57571,1.00,1.00
2016.01.25 11:56:16.484,8.57411,8.57548,1.00,1.00
2016.01.25 11:56:17.366,8.57411,8.57568,1.00,1.00
2016.01.25 11:56:17.469,8.57411,8.57576,1.00,1.12
2016.01.25 11:56:18.878,8.57413,8.57576,1.00,1.12
2016.01.25 11:56:19.079,8.57401,8.57576,1.00,1.12
2016.01.25 11:56:19.130,8.57401,8.57576,1.00,1.87
2016.01.25 11:56:19.181,8.57381,8.57538,1.00,1.00
2016.01.25 11:56:19.332,8.57367,8.57538,1.00,1.00
2016.01.25 11:56:20.111,8.57367,8.57538,1.00,1.37
2016.01.25 11:56:23.910,8.57363,8.57538,1.00,1.37
2016.01.25 11:56:23.960,8.57363,8.57538,1.00,1.75
2016.01.25 11:56:24.213,8.57332,8.57493,1.00,1.50
2016.01.25 11:56:24.264,8.57332,8.57473,1.00,1.00
2016.01.25 11:56:24.315,8.57273,8.57445,1.00,1.00
2016.01.25 11:56:24.366,8.57273,8.57423,1.00,1.00
2016.01.25 11:56:24.417,8.57254,8.5741,1.00,1.00
2016.01.25 11:56:24.773,8.57254,8.57382,1.00,1.00
2016.01.25 11:56:25.304,8.57254,8.57407,1.00,1.00
2016.01.25 11:56:25.405,8.57258,8.57426,1.00,1.07
2016.01.25 11:56:25.506,8.57285,8.57426,1.00,1.00
2016.01.25 11:56:25.759,8.57285,8.57447,1.00,1.00
2016.01.25 11:56:27.318,8.57321,8.57447,1.00,1.00
2016.01.25 11:56:27.370,8.57321,8.57475,1.00,1.00
2016.01.25 11:56:29.201,8.57321,8.57496,1.00,1.00
2016.01.25 11:56:29.302,8.57345,8.5752,1.00,1.00
2016.01.25 11:56:35.612,8.57345,8.5752,1.07,1.00
2016.01.25 11:56:36.088,8.57371,8.5754,1.00,1.00
2016.01.25 11:56:36.761,8.57347,8.57522,1.00,1.00
2016.01.25 11:56:38.284,8.57347,8.57522,1.37,1.00
2016.01.25 11:56:38.629,8.57379,8.5754,1.00,1.00
2016.01.25 11:56:39.623,8.57347,8.57522,1.00,1.00
2016.01.25 11:56:39.961,8.57347,8.57517,1.00,1.00
2016.01.25 11:56:41.046,8.57323,8.57496,1.50,1.00
2016.01.25 11:56:42.375,8.57323,8.57492,1.00,1.00
2016.01.25 11:56:42.476,8.57296,8.5747,1.00,1.00
2016.01.25 11:56:42.980,8.57274,8.57449,1.00,1.00
2016.01.25 11:56:43.459,8.57301,8.57471,1.00,1.00
2016.01.25 11:56:45.033,8.57301,8.57451,1.00,1.00
2016.01.25 11:56:45.189,8.57301,8.5747,1.00,1.00
2016.01.25 11:56:49.348,8.57304,8.5747,1.00,1.00
2016.01.25 11:56:49.557,8.57292,8.57467,1.00,1.00
2016.01.25 11:56:50.036,8.57297,8.57467,1.00,1.00
2016.01.25 11:56:50.533,8.57316,8.5747,1.00,1.00
2016.01.25 11:56:51.662,8.57281,8.57456,1.00,1.00
2016.01.25 11:56:55.064,8.57281,8.57453,1.00,1.00
2016.01.25 11:57:02.074,8.57281,8.57449,1.00,1.00
2016.01.25 11:57:02.125,8.57254,8.57429,1.00,1.00
2016.01.25 11:57:02.421,8.57254,8.57412,1.00,1.00
2016.01.25 11:57:02.832,8.5723,8.57402,1.00,1.00
2016.01.25 11:57:03.404,8.57252,8.57412,1.00,1.00
2016.01.25 11:57:03.567,8.57256,8.57427,1.00,1.00
2016.01.25 11:57:03.619,8.57276,8.57441,1.00,1.00
2016.01.25 11:57:06.588,8.57276,8.57451,1.00,1.07
2016.01.25 11:57:06.743,8.57276,8.57435,1.00,1.00
2016.01.25 11:57:08.639,8.57276,8.57435,1.00,1.37
2016.01.25 11:57:08.848,8.57248,8.57417,1.00,1.00
2016.01.25 11:57:11.347,8.57227,8.57401,1.00,1.00
2016.01.25 11:57:11.448,8.57246,8.57401,1.00,1.00
2016.01.25 11:57:11.651,8.57252,8.57426,1.00,1.00
2016.01.25 11:57:12.799,8.57257,8.57426,1.00,1.00
2016.01.25 11:57:16.431,8.57252,8.57426,1.00,1.00
2016.01.25 11:57:18.190,8.57252,8.57421,1.00,1.00
2016.01.25 11:57:21.932,8.57251,8.57401,1.00,1.00
2016.01.25 11:57:22.218,8.57231,8.57401,1.00,1.00
2016.01.25 11:57:24.773,8.57231,8.5739,1.00,1.00
2016.01.25 11:57:25.090,8.57243,8.5739,1.00,1.00
2016.01.25 11:57:25.607,8.57243,8.57401,1.00,1.00
2016.01.25 11:57:26.326,8.57251,8.57401,1.00,1.00
2016.01.25 11:57:30.321,8.57251,8.57391,1.00,1.00
2016.01.25 11:57:31.133,8.57231,8.57391,1.00,1.00
2016.01.25 11:57:31.312,8.57231,8.57401,1.00,1.00
2016.01.25 11:57:34.253,8.57248,8.57401,1.00,1.00
2016.01.25 11:57:36.795,8.57249,8.5741,1.00,1.00
2016.01.25 11:57:37.072,8.57249,8.57424,1.00,1.00
2016.01.25 11:57:37.633,8.5726,8.57424,1.00,1.00
2016.01.25 11:57:37.835,8.57274,8.57449,1.00,1.00
2016.01.25 11:57:41.152,8.57274,8.57442,1.00,1.00
2016.01.25 11:57:41.253,8.57274,8.57449,1.00,1.00
2016.01.25 11:57:45.776,8.57274,8.57439,1.00,1.00
2016.01.25 11:57:48.613,8.57274,8.57417,1.00,1.00
2016.01.25 11:57:50.319,8.57253,8.57417,1.00,1.00
2016.01.25 11:58:09.778,8.57245,8.57417,1.00,1.50
2016.01.25 11:58:09.938,8.57245,8.57399,1.00,1.00
2016.01.25 11:58:10.292,8.57213,8.57386,1.00,1.00
2016.01.25 11:58:10.343,8.57213,8.57378,1.00,1.00
2016.01.25 11:58:10.606,8.57202,8.57377,1.00,1.00
2016.01.25 11:58:10.860,8.5721,8.5736,1.00,1.00
2016.01.25 11:58:11.012,8.57198,8.5736,1.00,1.00
2016.01.25 11:58:11.164,8.57204,8.5736,1.00,1.00
2016.01.25 11:58:11.563,8.57224,8.57377,1.00,1.00
2016.01.25 11:58:11.866,8.57281,8.57421,1.00,1.00
2016.01.25 11:58:13.854,8.57288,8.57421,1.00,1.00
2016.01.25 11:58:14.006,8.57288,8.57445,1.00,1.00
2016.01.25 11:58:14.057,8.57282,8.57445,1.00,1.00
2016.01.25 11:58:20.877,8.57282,8.57457,1.00,1.00
2016.01.25 11:58:24.222,8.57282,8.57439,1.00,1.00
2016.01.25 11:58:24.548,8.57282,8.57442,1.00,1.00
2016.01.25 11:58:29.107,8.57266,8.57441,1.00,1.00
2016.01.25 11:58:35.969,8.57266,8.57424,1.00,1.00
2016.01.25 11:58:40.274,8.57266,8.57406,1.00,1.00
2016.01.25 11:58:40.325,8.57247,8.57406,1.00,1.00
2016.01.25 11:58:41.042,8.57246,8.57418,1.00,1.00
2016.01.25 11:58:41.260,8.57246,8.57401,1.00,1.00
2016.01.25 11:58:50.602,8.57246,8.57397,1.00,1.00
2016.01.25 11:58:51.085,8.57246,8.57418,1.00,1.00
2016.01.25 11:58:55.385,8.57258,8.57421,1.00,1.00
2016.01.25 11:58:56.614,8.57258,8.57433,1.00,1.00
2016.01.25 11:58:56.852,8.57268,8.57433,1.00,1.00
2016.01.25 11:59:03.492,8.57268,8.57421,1.00,1.00
2016.01.25 11:59:03.895,8.57268,8.57399,1.00,1.00
2016.01.25 11:59:04.113,8.57247,8.57399,1.00,1.00
2016.01.25 11:59:04.327,8.57247,8.57409,1.00,1.00
2016.01.25 11:59:05.214,8.57267,8.57409,1.00,1.00
2016.01.25 11:59:06.431,8.57247,8.57409,1.00,1.00
2016.01.25 11:59:08.715,8.57234,8.57409,1.00,1.00
2016.01.25 11:59:16.018,8.57286,8.57409,1.00,1.00
2016.01.25 11:59:16.220,8.5731,8.5748,1.00,1.00
2016.01.25 11:59:16.322,8.57316,8.5748,1.00,1.00
2016.01.25 11:59:16.627,8.57298,8.57443,1.00,1.00
2016.01.25 11:59:16.922,8.57274,8.57443,1.00,1.00
2016.01.25 11:59:18.340,8.57307,8.57443,1.00,1.00
2016.01.25 11:59:18.441,8.57327,8.57502,1.00,1.00
2016.01.25 11:59:18.644,8.57329,8.57502,1.00,1.00
2016.01.25 11:59:18.972,8.57349,8.57494,1.00,1.00
2016.01.25 11:59:19.225,8.57313,8.57474,1.00,1.00
2016.01.25 11:59:20.558,8.57313,8.57473,1.00,1.00
2016.01.25 11:59:20.659,8.57278,8.57453,1.00,1.00
2016.01.25 11:59:21.134,8.57278,8.57449,1.00,1.00
2016.01.25 11:59:21.213,8.57255,8.57428,1.00,1.00
2016.01.25 11:59:26.316,8.57255,8.57412,1.00,1.00
2016.01.25 11:59:26.950,8.57225,8.57399,1.00,1.00
2016.01.25 11:59:27.051,8.57225,8.57391,1.00,1.00
2016.01.25 11:59:27.298,8.572,8.57369,1.07,1.00
2016.01.25 11:59:27.451,8.572,8.57374,1.00,1.00
2016.01.25 11:59:27.704,8.572,8.57348,1.00,1.00
2016.01.25 11:59:28.036,8.57183,8.57328,1.00,1.00
2016.01.25 11:59:29.635,8.57154,8.57328,1.00,1.00
2016.01.25 11:59:29.795,8.57154,8.57315,1.00,1.00
2016.01.25 11:59:30.123,8.57161,8.57306,1.00,1.00
2016.01.25 11:59:30.987,8.57161,8.57301,1.00,1.00
2016.01.25 11:59:31.088,8.57132,8.57281,1.00,1.00
2016.01.25 11:59:32.191,8.57106,8.57281,1.37,1.00
2016.01.25 11:59:32.242,8.57106,8.57269,1.00,1.00
2016.01.25 11:59:32.574,8.57133,8.57247,1.00,1.00
2016.01.25 11:59:33.080,8.57133,8.57258,1.00,1.00
2016.01.25 11:59:33.288,8.57133,8.57252,1.00,1.00
2016.01.25 11:59:33.630,8.57141,8.57258,1.00,1.00
2016.01.25 11:59:33.985,8.57141,8.57252,1.00,1.00
2016.01.25 11:59:34.081,8.57141,8.57258,1.00,1.00
2016.01.25 11:59:34.281,8.57141,8.57252,1.00,1.00
2016.01.25 11:59:34.608,8.57113,8.57252,1.00,1.00
2016.01.25 11:59:34.793,8.57113,8.57236,1.00,1.00
2016.01.25 11:59:35.047,8.57074,8.57236,1.00,1.00
2016.01.25 11:59:35.098,8.57074,8.57232,1.00,1.00
2016.01.25 11:59:35.434,8.57074,8.57212,1.00,1.00
2016.01.25 11:59:40.448,8.57074,8.57233,1.00,1.00
2016.01.25 11:59:40.616,8.57074,8.57222,1.00,1.00
2016.01.25 11:59:40.948,8.57054,8.57171,1.00,1.00
2016.01.25 11:59:40.999,8.57054,8.57194,1.00,1.00
2016.01.25 11:59:45.703,8.57054,8.57194,1.37,1.00
2016.01.25 11:59:45.905,8.57093,8.57228,1.00,1.00
2016.01.25 11:59:46.057,8.57093,8.57228,1.12,1.00
2016.01.25 11:59:46.160,8.57094,8.57261,1.07,1.00
2016.01.25 11:59:46.378,8.57115,8.57261,1.00,1.00
2016.01.25 11:59:47.434,8.57111,8.57261,1.00,1.00
2016.01.25 11:59:48.168,8.57111,8.57241,1.00,1.00
2016.01.25 11:59:48.669,8.57151,8.57241,1.00,1.00
2016.01.25 11:59:48.936,8.57151,8.57261,1.00,1.00
2016.01.25 11:59:48.987,8.57151,8.57281,1.00,1.00
2016.01.25 11:59:51.240,8.57151,8.57275,1.00,1.00
2016.01.25 11:59:51.525,8.57151,8.57281,1.00,1.00
2016.01.25 11:59:51.818,8.57151,8.57307,1.00,1.00
2016.01.25 11:59:51.869,8.57151,8.57307,1.37,1.00
2016.01.25 11:59:52.368,8.57177,8.57307,1.00,1.00
2016.01.25 11:59:53.065,8.57133,8.57307,1.00,1.50
2016.01.25 11:59:53.230,8.57133,8.57301,1.00,1.00
2016.01.25 11:59:53.699,8.57126,8.57281,1.00,1.00
2016.01.25 11:59:54.026,8.57169,8.57281,1.00,1.00
2016.01.25 11:59:55.033,8.57165,8.57281,1.00,1.00
2016.01.25 11:59:56.275,8.57158,8.57281,1.00,1.00
2016.01.25 11:59:57.139,8.57158,8.57272,1.00,1.00
2016.01.25 11:59:57.456,8.57158,8.57252,1.00,1.00
2016.01.25 11:59:57.507,8.57145,8.57252,1.00,1.00
2016.01.25 11:59:59.754,8.57138,8.57252,1.00,1.00
