2012.04.10 17:00:00.220,6.79987,6.80181,1.50,2.25
2012.04.10 17:00:00.287,6.79984,6.80181,1.50,2.25
2012.04.10 17:00:00.779,6.79978,6.80178,1.50,1.50
2012.04.10 17:00:00.877,6.79994,6.80181,1.50,2.25
2012.04.10 17:00:00.952,6.80013,6.80181,1.50,2.25
2012.04.10 17:00:01.028,6.80013,6.80181,1.50,2.25
2012.04.10 17:00:01.280,6.80013,6.80181,1.50,2.25
2012.04.10 17:00:01.421,6.80013,6.80155,1.50,1.50
2012.04.10 17:00:01.749,6.79983,6.80155,1.50,2.25
2012.04.10 17:00:02.142,6.80004,6.80204,1.50,1.50
2012.04.10 17:00:02.280,6.79994,6.80199,1.50,1.50
2012.04.10 17:00:02.358,6.80014,6.80168,1.50,2.25
2012.04.10 17:00:02.606,6.80014,6.80168,1.50,2.25
2012.04.10 17:00:02.996,6.80024,6.80168,1.50,1.50
2012.04.10 17:00:03.064,6.80024,6.80195,1.50,2.25
2012.04.10 17:00:03.638,6.80033,6.80195,1.50,2.25
2012.04.10 17:00:04.486,6.80033,6.80187,1.50,1.50
2012.04.10 17:00:04.764,6.80049,6.80212,1.13,1.13
2012.04.10 17:00:04.845,6.80036,6.80212,1.50,1.13
2012.04.10 17:00:05.241,6.80049,6.80212,1.13,1.13
2012.04.10 17:00:05.324,6.80043,6.80212,1.50,1.13
2012.04.10 17:00:05.401,6.80049,6.80212,1.13,1.13
2012.04.10 17:00:05.614,6.80053,6.80212,1.50,1.13
2012.04.10 17:00:06.258,6.80057,6.80221,1.13,1.13
2012.04.10 17:00:06.409,6.80053,6.80235,1.50,2.25
2012.04.10 17:00:06.959,6.80043,6.80235,1.50,2.25
2012.04.10 17:00:07.042,6.80002,6.80158,1.50,2.25
2012.04.10 17:00:07.118,6.79937,6.80123,2.25,1.50
2012.04.10 17:00:07.195,6.79937,6.80091,1.50,1.50
2012.04.10 17:00:07.276,6.79912,6.80091,1.50,1.50
2012.04.10 17:00:07.351,6.799,6.80091,1.50,1.50
2012.04.10 17:00:07.478,6.79897,6.80104,1.50,1.50
2012.04.10 17:00:07.689,6.79917,6.80117,2.25,1.50
2012.04.10 17:00:07.818,6.79937,6.80138,1.50,2.25
2012.04.10 17:00:09.477,6.79943,6.80166,2.25,1.50
2012.04.10 17:00:09.606,6.79943,6.80122,1.88,1.50
2012.04.10 17:00:09.679,6.79951,6.80122,1.13,1.50
2012.04.10 17:00:09.984,6.79958,6.80099,1.50,1.50
2012.04.10 17:00:10.057,6.79932,6.80141,1.50,1.50
2012.04.10 17:00:12.705,6.80011,6.80162,2.02,1.50
2012.04.10 17:00:13.846,6.79965,6.80144,1.58,1.50
2012.04.10 17:00:14.194,6.79982,6.80149,1.11,1.50
2012.04.10 17:00:14.408,6.79965,6.80122,1.19,1.50
2012.04.10 17:00:14.547,6.79965,6.80122,1.19,1.50
2012.04.10 17:00:15.224,6.79966,6.80089,1.13,2.25
2012.04.10 17:00:15.359,6.79894,6.80089,1.70,2.25
2012.04.10 17:00:15.715,6.79894,6.80089,1.50,2.25
2012.04.10 17:00:15.804,6.79847,6.8004,1.88,2.25
2012.04.10 17:00:16.029,6.79858,6.80034,2.25,1.50
2012.04.10 17:00:16.099,6.79858,6.80034,2.25,1.50
2012.04.10 17:00:16.230,6.79858,6.80048,2.25,1.50
2012.04.10 17:00:16.585,6.79847,6.80048,1.88,1.50
2012.04.10 17:00:17.988,6.79847,6.79975,1.13,1.50
2012.04.10 17:00:18.236,6.79847,6.8001,1.88,1.50
2012.04.10 17:00:18.950,6.79848,6.80036,1.88,1.50
2012.04.10 17:00:20.235,6.79848,6.80026,1.88,1.50
2012.04.10 17:00:20.623,6.79847,6.80026,1.88,1.50
2012.04.10 17:00:20.706,6.79847,6.80026,1.88,1.50
2012.04.10 17:00:20.851,6.79847,6.79988,1.88,3.00
2012.04.10 17:00:21.106,6.79847,6.79957,1.13,1.50
2012.04.10 17:00:21.181,6.79847,6.79957,1.13,1.50
2012.04.10 17:00:21.250,6.79847,6.79957,1.13,1.50
2012.04.10 17:00:21.908,6.79848,6.79993,1.13,2.25
2012.04.10 17:00:21.989,6.79842,6.7995,1.28,2.25
2012.04.10 17:00:22.066,6.79842,6.7995,1.28,1.50
2012.04.10 17:00:22.139,6.79847,6.79967,1.65,1.50
2012.04.10 17:00:22.279,6.79848,6.79954,1.65,1.50
2012.04.10 17:00:22.347,6.79848,6.79981,1.65,2.25
2012.04.10 17:00:22.932,6.79848,6.79981,1.65,2.25
2012.04.10 17:00:23.296,6.79848,6.79981,1.65,2.25
2012.04.10 17:00:23.419,6.79866,6.80027,2.25,1.50
2012.04.10 17:00:23.501,6.79866,6.80029,2.25,1.50
2012.04.10 17:00:23.861,6.79842,6.79974,1.28,1.50
2012.04.10 17:00:23.928,6.79842,6.79974,1.28,1.50
2012.04.10 17:00:24.129,6.79847,6.79979,1.65,2.25
2012.04.10 17:00:24.857,6.79847,6.80006,1.65,2.25
2012.04.10 17:00:25.474,6.79842,6.79982,1.28,1.50
2012.04.10 17:00:25.546,6.79842,6.79982,1.28,1.50
2012.04.10 17:00:25.860,6.79794,6.79971,1.05,1.50
2012.04.10 17:00:26.339,6.79796,6.79954,1.80,1.50
2012.04.10 17:00:26.692,6.79753,6.79949,1.05,1.50
2012.04.10 17:00:26.901,6.79765,6.79949,1.05,1.50
2012.04.10 17:00:28.576,6.79765,6.79959,1.05,3.00
2012.04.10 17:00:28.864,6.79807,6.79959,1.05,1.50
2012.04.10 17:00:29.644,6.79817,6.80001,1.05,1.50
2012.04.10 17:00:31.667,6.79799,6.79981,1.05,1.50
2012.04.10 17:00:32.271,6.79787,6.7997,1.05,1.50
2012.04.10 17:00:32.607,6.79787,6.79932,1.05,1.50
2012.04.10 17:00:34.685,6.79757,6.79932,1.50,1.50
2012.04.10 17:00:34.764,6.79753,6.79932,2.25,1.50
2012.04.10 17:00:35.015,6.79729,6.79932,1.50,1.50
2012.04.10 17:00:35.179,6.79728,6.79913,3.00,1.50
2012.04.10 17:00:35.957,6.79728,6.79913,2.25,1.50
2012.04.10 17:00:36.828,6.79728,6.79913,2.25,1.50
2012.04.10 17:00:38.837,6.79697,6.79913,1.50,1.50
2012.04.10 17:00:38.923,6.79695,6.79886,1.50,1.50
2012.04.10 17:00:39.136,6.79678,6.7988,1.50,1.50
2012.04.10 17:00:39.208,6.79668,6.79875,3.00,1.50
2012.04.10 17:00:39.742,6.79668,6.79857,2.25,1.50
2012.04.10 17:00:39.818,6.79641,6.79857,3.00,1.50
2012.04.10 17:00:40.293,6.79623,6.79791,1.50,2.25
2012.04.10 17:00:40.445,6.79563,6.79776,1.50,1.50
2012.04.10 17:00:40.518,6.79554,6.79776,1.50,1.50
2012.04.10 17:00:40.660,6.79558,6.79782,1.50,1.50
2012.04.10 17:00:41.202,6.79548,6.79782,2.25,1.50
2012.04.10 17:00:41.982,6.79548,6.79762,2.25,1.50
2012.04.10 17:00:42.261,6.79524,6.79729,2.25,1.50
2012.04.10 17:00:42.604,6.79523,6.79729,1.50,1.50
2012.04.10 17:00:43.270,6.79495,6.79716,2.25,2.25
2012.04.10 17:00:44.209,6.79495,6.79716,1.50,2.25
2012.04.10 17:00:44.282,6.79533,6.79737,1.50,1.50
2012.04.10 17:00:44.779,6.79533,6.79737,1.50,1.50
2012.04.10 17:00:46.819,6.79533,6.79737,2.25,1.50
2012.04.10 17:00:47.984,6.79509,6.79713,2.25,1.50
2012.04.10 17:00:48.435,6.79503,6.79712,2.25,1.50
2012.04.10 17:00:48.738,6.79528,6.79704,2.25,1.50
2012.04.10 17:00:48.925,6.79528,6.79704,2.25,1.50
2012.04.10 17:00:49.742,6.79528,6.79695,2.25,1.50
2012.04.10 17:00:49.815,6.79528,6.79695,2.25,1.50
2012.04.10 17:00:50.126,6.79528,6.79695,2.25,1.50
2012.04.10 17:00:50.200,6.79528,6.79696,2.25,1.50
2012.04.10 17:00:50.332,6.79528,6.79709,2.25,1.50
2012.04.10 17:00:50.410,6.79533,6.79717,1.50,1.50
2012.04.10 17:00:50.479,6.79533,6.79717,1.50,1.50
2012.04.10 17:00:51.072,6.79564,6.79734,2.25,1.50
2012.04.10 17:00:51.405,6.79564,6.79735,2.25,1.50
2012.04.10 17:00:51.487,6.79564,6.79735,2.25,1.50
2012.04.10 17:00:51.566,6.79574,6.79735,1.50,1.50
2012.04.10 17:00:51.645,6.79586,6.79775,2.25,1.50
2012.04.10 17:00:51.791,6.79586,6.79793,2.25,1.50
2012.04.10 17:00:51.866,6.79613,6.79811,1.50,1.50
2012.04.10 17:00:51.948,6.79624,6.79811,1.50,1.50
2012.04.10 17:00:52.773,6.79636,6.79811,2.25,1.50
2012.04.10 17:00:52.860,6.79624,6.79812,1.50,1.50
2012.04.10 17:00:53.001,6.79642,6.79812,1.50,1.50
2012.04.10 17:00:53.066,6.79642,6.79804,1.50,1.50
2012.04.10 17:00:53.137,6.79624,6.79804,1.50,1.50
2012.04.10 17:00:53.207,6.79624,6.79804,1.50,1.50
2012.04.10 17:00:53.491,6.79627,6.79816,1.50,1.50
2012.04.10 17:00:53.620,6.79627,6.79829,1.50,1.50
2012.04.10 17:00:53.690,6.79627,6.79808,1.50,1.50
2012.04.10 17:00:54.037,6.79644,6.79841,1.50,1.50
2012.04.10 17:00:54.566,6.79654,6.79841,1.50,1.50
2012.04.10 17:00:54.676,6.79648,6.79841,1.50,1.50
2012.04.10 17:00:54.781,6.79625,6.79841,2.25,1.50
2012.04.10 17:00:54.861,6.79625,6.79815,1.50,1.50
2012.04.10 17:00:55.070,6.79599,6.79797,2.25,1.50
2012.04.10 17:00:55.148,6.79599,6.79797,1.50,1.50
2012.04.10 17:00:55.221,6.79599,6.79797,1.50,1.50
2012.04.10 17:00:55.578,6.79587,6.79788,1.50,1.50
2012.04.10 17:00:55.914,6.79583,6.79767,1.50,1.50
2012.04.10 17:00:56.005,6.79557,6.79763,1.50,1.50
2012.04.10 17:00:56.210,6.79563,6.79748,1.50,1.50
2012.04.10 17:00:56.997,6.79563,6.79748,1.50,1.50
2012.04.10 17:00:57.307,6.79573,6.79748,1.50,1.50
2012.04.10 17:00:57.778,6.79568,6.79764,1.50,1.50
2012.04.10 17:00:58.475,6.79567,6.79766,1.50,3.00
2012.04.10 17:00:58.607,6.79606,6.79766,1.50,1.50
2012.04.10 17:00:58.677,6.79606,6.79812,1.50,2.25
2012.04.10 17:00:58.756,6.79606,6.79812,1.50,2.25
2012.04.10 17:00:58.903,6.79607,6.79812,1.50,1.50
2012.04.10 17:00:58.980,6.79614,6.79817,2.25,1.50
2012.04.10 17:00:59.121,6.79623,6.79833,1.50,1.50
2012.04.10 17:00:59.442,6.79624,6.79833,1.50,1.50
2012.04.10 17:00:59.865,6.79624,6.79812,1.50,1.50
2012.04.10 17:01:00.327,6.7963,6.79833,2.25,1.50
2012.04.10 17:01:00.446,6.79633,6.79833,1.50,1.50
2012.04.10 17:01:00.958,6.79637,6.79833,1.50,1.50
2012.04.10 17:01:01.538,6.7967,6.79853,1.50,2.25
2012.04.10 17:01:01.900,6.79687,6.79879,2.25,1.50
2012.04.10 17:01:02.451,6.79687,6.7985,1.50,1.50
2012.04.10 17:01:02.523,6.79654,6.7985,2.25,1.50
2012.04.10 17:01:02.599,6.79654,6.7984,2.25,1.50
2012.04.10 17:01:03.377,6.79654,6.7984,2.25,1.50
2012.04.10 17:01:03.744,6.79673,6.7984,1.50,1.50
2012.04.10 17:01:03.892,6.79683,6.79851,1.50,1.50
2012.04.10 17:01:03.969,6.79683,6.79866,1.50,1.50
2012.04.10 17:01:04.101,6.79683,6.79883,3.00,1.50
2012.04.10 17:01:04.483,6.79683,6.79883,3.00,1.50
2012.04.10 17:01:04.679,6.79683,6.79883,3.00,1.50
2012.04.10 17:01:06.567,6.79683,6.79883,3.00,1.50
2012.04.10 17:01:06.889,6.79683,6.79883,3.00,1.50
2012.04.10 17:01:07.452,6.79683,6.79883,3.00,1.50
2012.04.10 17:01:07.727,6.79683,6.79864,3.00,1.50
2012.04.10 17:01:07.857,6.79683,6.7986,2.25,1.50
2012.04.10 17:01:07.930,6.79683,6.7986,2.25,1.50
2012.04.10 17:01:08.534,6.79683,6.7986,1.50,1.50
2012.04.10 17:01:09.168,6.79663,6.7986,1.50,1.50
2012.04.10 17:01:09.294,6.79655,6.7986,1.50,1.50
2012.04.10 17:01:09.751,6.79655,6.7986,1.50,1.50
2012.04.10 17:01:10.627,6.79655,6.7986,1.50,1.50
2012.04.10 17:01:11.338,6.79655,6.7986,1.50,1.50
2012.04.10 17:01:13.387,6.79654,6.7985,3.00,1.50
2012.04.10 17:01:13.459,6.79654,6.79846,2.25,1.50
2012.04.10 17:01:13.647,6.79654,6.79846,1.50,1.50
2012.04.10 17:01:13.887,6.79654,6.79846,1.50,1.50
2012.04.10 17:01:14.018,6.79654,6.79846,2.25,1.50
2012.04.10 17:01:14.089,6.79654,6.79846,1.50,1.50
2012.04.10 17:01:14.158,6.79654,6.79846,2.25,1.50
2012.04.10 17:01:14.228,6.79654,6.79846,3.00,1.50
2012.04.10 17:01:14.299,6.79654,6.79846,1.50,1.50
2012.04.10 17:01:14.714,6.79654,6.79846,1.50,1.50
2012.04.10 17:01:15.135,6.79664,6.79846,1.50,1.50
2012.04.10 17:01:15.471,6.79654,6.7985,3.00,1.50
2012.04.10 17:01:15.901,6.79654,6.7985,3.00,1.50
2012.04.10 17:01:16.178,6.79654,6.7985,3.00,1.50
2012.04.10 17:01:16.246,6.79654,6.7985,2.25,1.50
2012.04.10 17:01:16.497,6.79654,6.7985,1.50,1.50
2012.04.10 17:01:16.568,6.79654,6.7985,1.50,1.50
2012.04.10 17:01:16.699,6.79631,6.79812,2.25,1.50
2012.04.10 17:01:16.772,6.79631,6.79812,2.25,1.50
2012.04.10 17:01:16.850,6.79607,6.79812,2.25,1.50
2012.04.10 17:01:17.346,6.79605,6.79812,1.50,1.50
2012.04.10 17:01:17.601,6.79605,6.79812,1.50,1.50
2012.04.10 17:01:20.078,6.79605,6.79812,1.50,1.50
2012.04.10 17:01:20.250,6.79605,6.79812,1.50,1.50
2012.04.10 17:01:20.313,6.79605,6.79812,1.50,1.50
2012.04.10 17:01:20.687,6.79605,6.79812,1.50,1.50
2012.04.10 17:01:20.907,6.79605,6.79812,1.50,1.50
2012.04.10 17:01:23.644,6.79604,6.79762,1.50,1.50
2012.04.10 17:01:23.722,6.79565,6.79762,1.50,2.25
2012.04.10 17:01:23.791,6.79539,6.79739,2.25,1.50
2012.04.10 17:01:23.866,6.79532,6.79732,1.50,2.25
2012.04.10 17:01:23.942,6.79528,6.79732,1.50,2.25
2012.04.10 17:01:24.467,6.79532,6.79731,1.50,1.50
2012.04.10 17:01:25.005,6.79537,6.79731,2.25,1.50
2012.04.10 17:01:26.237,6.79537,6.79731,3.00,1.50
2012.04.10 17:01:26.571,6.79542,6.79751,1.50,1.50
2012.04.10 17:01:26.892,6.79587,6.79779,2.25,1.50
2012.04.10 17:01:27.198,6.79564,6.7976,2.25,1.50
2012.04.10 17:01:27.577,6.79564,6.7976,2.25,1.50
2012.04.10 17:01:27.645,6.79564,6.7976,2.25,1.50
2012.04.10 17:01:27.722,6.79564,6.79747,1.50,1.50
2012.04.10 17:01:28.098,6.79535,6.79722,1.50,1.50
2012.04.10 17:01:28.235,6.79535,6.79722,1.50,1.50
2012.04.10 17:01:28.520,6.79535,6.7969,1.50,1.50
2012.04.10 17:01:28.770,6.79494,6.79682,2.25,1.50
2012.04.10 17:01:30.023,6.79494,6.79677,1.50,1.50
2012.04.10 17:01:30.769,6.79494,6.79677,2.25,1.50
2012.04.10 17:01:30.967,6.79539,6.79677,1.50,1.50
2012.04.10 17:01:31.706,6.79539,6.79709,1.50,1.50
2012.04.10 17:01:32.903,6.79539,6.79721,2.25,1.50
2012.04.10 17:01:33.215,6.79539,6.79721,2.25,1.50
2012.04.10 17:01:33.342,6.79539,6.79721,2.25,1.50
2012.04.10 17:01:34.222,6.79557,6.79721,1.50,1.50
2012.04.10 17:01:34.292,6.79565,6.79721,2.25,1.50
2012.04.10 17:01:34.631,6.79574,6.7976,1.50,1.50
2012.04.10 17:01:34.773,6.79574,6.79759,1.50,1.50
2012.04.10 17:01:35.425,6.79574,6.79759,1.50,1.50
2012.04.10 17:01:35.503,6.79574,6.79759,1.50,1.50
2012.04.10 17:01:35.847,6.79574,6.79765,1.50,1.50
2012.04.10 17:01:36.201,6.79574,6.79765,1.50,1.50
2012.04.10 17:01:38.720,6.79604,6.79765,1.50,1.50
2012.04.10 17:01:39.057,6.79614,6.79776,1.50,1.50
2012.04.10 17:01:39.470,6.79629,6.79794,2.25,1.50
2012.04.10 17:01:39.798,6.79614,6.79811,1.50,1.50
2012.04.10 17:01:40.424,6.79634,6.79814,1.50,1.50
2012.04.10 17:01:41.946,6.79634,6.79814,1.50,1.50
2012.04.10 17:01:45.065,6.79634,6.79814,1.50,1.50
2012.04.10 17:01:45.220,6.79634,6.79814,1.50,1.50
2012.04.10 17:01:46.843,6.79643,6.79814,1.50,1.50
2012.04.10 17:01:47.889,6.79707,6.79876,1.50,1.50
2012.04.10 17:01:47.956,6.79707,6.79893,1.50,1.50
2012.04.10 17:01:48.437,6.79726,6.79919,1.50,1.50
2012.04.10 17:01:48.509,6.79734,6.79919,1.50,1.50
2012.04.10 17:01:49.049,6.79726,6.7992,1.50,1.50
2012.04.10 17:01:49.540,6.79726,6.7992,1.50,1.50
2012.04.10 17:01:49.680,6.79726,6.7992,1.50,1.50
2012.04.10 17:01:50.233,6.7971,6.79919,1.50,1.50
2012.04.10 17:01:50.758,6.79727,6.79902,2.25,1.50
2012.04.10 17:01:51.105,6.79727,6.79902,2.25,1.50
2012.04.10 17:01:51.303,6.79727,6.79902,2.25,1.50
2012.04.10 17:01:51.386,6.79724,6.79902,1.50,1.50
2012.04.10 17:01:51.465,6.7971,6.79879,1.50,1.50
2012.04.10 17:01:51.857,6.79687,6.79879,1.50,1.50
2012.04.10 17:01:52.048,6.79687,6.79879,1.50,1.50
2012.04.10 17:01:52.181,6.79711,6.79879,1.50,1.50
2012.04.10 17:01:52.551,6.79724,6.79886,1.50,1.50
2012.04.10 17:01:52.634,6.79724,6.79912,1.50,1.50
2012.04.10 17:01:52.771,6.79724,6.79913,1.50,1.50
2012.04.10 17:01:53.163,6.79721,6.79913,3.00,1.50
2012.04.10 17:01:53.238,6.79721,6.79913,3.00,1.50
2012.04.10 17:01:53.626,6.7971,6.79901,1.50,1.50
2012.04.10 17:01:54.026,6.7971,6.79901,1.50,1.50
2012.04.10 17:01:56.883,6.79733,6.79907,1.50,1.50
2012.04.10 17:01:56.958,6.79733,6.79915,1.50,1.50
2012.04.10 17:01:57.352,6.7975,6.79915,2.25,1.50
2012.04.10 17:01:57.424,6.7975,6.79915,2.25,1.50
2012.04.10 17:01:57.505,6.79727,6.79915,1.50,1.50
2012.04.10 17:01:58.911,6.7971,6.79902,1.50,3.00
2012.04.10 17:01:59.549,6.79707,6.79902,1.50,3.00
2012.04.10 17:02:00.500,6.7971,6.79902,1.50,3.00
2012.04.10 17:02:01.958,6.7971,6.79902,1.50,3.00
2012.04.10 17:02:02.396,6.7971,6.79902,1.50,1.50
2012.04.10 17:02:02.582,6.7971,6.79902,1.50,1.50
2012.04.10 17:02:05.747,6.7971,6.79902,1.50,1.50
2012.04.10 17:02:06.856,6.79733,6.79902,1.50,1.50
2012.04.10 17:02:07.227,6.79733,6.79902,1.50,1.50
2012.04.10 17:02:07.382,6.79743,6.79907,1.50,1.50
2012.04.10 17:02:07.450,6.79738,6.79907,1.50,1.50
2012.04.10 17:02:07.520,6.79736,6.79902,2.25,1.50
2012.04.10 17:02:07.713,6.79728,6.79918,1.50,1.50
2012.04.10 17:02:08.878,6.79733,6.79908,1.50,1.50
2012.04.10 17:02:08.946,6.79733,6.79908,1.50,1.50
2012.04.10 17:02:11.188,6.79744,6.79908,1.50,1.50
2012.04.10 17:02:11.507,6.79733,6.79917,1.50,1.50
2012.04.10 17:02:11.575,6.7973,6.79917,2.25,1.50
2012.04.10 17:02:12.690,6.7973,6.79885,1.50,1.50
2012.04.10 17:02:12.767,6.79681,6.79879,1.50,2.25
2012.04.10 17:02:13.010,6.79681,6.79879,1.50,2.25
2012.04.10 17:02:14.013,6.79717,6.79891,1.50,1.50
2012.04.10 17:02:14.571,6.79723,6.799,1.50,1.50
2012.04.10 17:02:15.101,6.79728,6.7991,1.50,1.50
2012.04.10 17:02:16.696,6.79734,6.7991,1.50,1.50
2012.04.10 17:02:17.279,6.79734,6.7991,3.00,1.50
2012.04.10 17:02:17.610,6.79747,6.79924,1.50,1.50
2012.04.10 17:02:17.737,6.79743,6.79924,1.50,1.50
2012.04.10 17:02:17.867,6.79737,6.79924,1.50,1.50
2012.04.10 17:02:18.439,6.79734,6.79924,1.50,1.50
2012.04.10 17:02:20.084,6.79728,6.79911,2.25,1.50
2012.04.10 17:02:27.570,6.79697,6.79904,1.50,1.50
2012.04.10 17:02:27.643,6.79697,6.79904,2.25,1.50
2012.04.10 17:02:27.919,6.79712,6.79899,1.50,1.50
2012.04.10 17:02:28.108,6.79697,6.79899,1.50,1.50
2012.04.10 17:02:30.494,6.79686,6.79893,1.50,1.50
2012.04.10 17:02:31.949,6.79718,6.79901,1.50,1.50
2012.04.10 17:02:32.020,6.79718,6.79911,1.50,1.50
2012.04.10 17:02:34.160,6.79704,6.79911,1.50,1.50
2012.04.10 17:02:34.487,6.79718,6.79893,1.50,1.50
2012.04.10 17:02:35.643,6.79738,6.79925,2.25,1.50
2012.04.10 17:02:36.199,6.79722,6.79902,1.50,2.25
2012.04.10 17:02:36.802,6.79743,6.79902,1.50,1.50
2012.04.10 17:02:36.874,6.79748,6.79926,2.25,1.50
2012.04.10 17:02:37.376,6.79748,6.79937,2.25,1.50
2012.04.10 17:02:37.578,6.79748,6.79937,2.25,1.50
2012.04.10 17:02:37.647,6.79748,6.79937,2.25,1.50
2012.04.10 17:02:42.419,6.79733,6.79927,1.50,1.50
2012.04.10 17:02:46.861,6.79744,6.7994,1.50,1.50
2012.04.10 17:02:47.251,6.79762,6.79948,1.50,1.50
2012.04.10 17:02:47.858,6.79755,6.79937,1.50,1.50
2012.04.10 17:02:47.988,6.79755,6.79962,1.50,1.50
2012.04.10 17:02:49.495,6.79713,6.7989,1.50,2.25
2012.04.10 17:02:49.545,6.79703,6.7989,1.50,2.25
2012.04.10 17:02:50.091,6.79688,6.79864,1.50,2.25
2012.04.10 17:02:52.505,6.79812,6.79864,1.50,2.25
2012.04.10 17:02:52.817,6.79881,6.79986,1.50,1.50
2012.04.10 17:02:52.901,6.79857,6.79985,1.50,1.50
2012.04.10 17:02:52.968,6.79748,6.80016,1.50,1.50
2012.04.10 17:02:53.098,6.79724,6.79934,2.25,2.25
2012.04.10 17:02:53.404,6.79683,6.79934,1.50,1.50
2012.04.10 17:02:53.695,6.7977,6.79934,1.35,1.50
2012.04.10 17:02:54.161,6.79869,6.79937,1.50,2.25
2012.04.10 17:02:54.611,6.79932,6.80149,1.50,1.50
2012.04.10 17:02:56.015,6.79979,6.80109,1.50,1.50
2012.04.10 17:02:56.096,6.7995,6.8014,1.50,1.50
2012.04.10 17:02:56.330,6.79977,6.8014,1.50,1.50
2012.04.10 17:02:56.470,6.79932,6.80139,1.50,1.50
2012.04.10 17:03:01.637,6.79994,6.80141,1.50,1.50
2012.04.10 17:03:02.960,6.79986,6.80194,1.50,1.50
2012.04.10 17:03:04.267,6.79986,6.802,1.50,1.50
2012.04.10 17:03:05.313,6.80051,6.8025,1.50,1.50
2012.04.10 17:03:05.404,6.80051,6.80232,1.50,1.50
2012.04.10 17:03:05.483,6.80113,6.80233,1.50,1.50
2012.04.10 17:03:06.133,6.80088,6.80308,1.50,1.50
2012.04.10 17:03:06.265,6.80088,6.80273,1.50,2.25
2012.04.10 17:03:06.341,6.80052,6.80273,1.50,2.25
2012.04.10 17:03:08.450,6.79977,6.80198,1.50,2.25
2012.04.10 17:03:09.407,6.80028,6.80223,1.50,2.25
2012.04.10 17:03:10.074,6.80053,6.80274,1.50,2.25
2012.04.10 17:03:11.711,6.80053,6.80276,1.50,2.25
2012.04.10 17:03:16.741,6.8008,6.803,1.50,2.25
2012.04.10 17:03:17.902,6.80035,6.80256,1.50,2.25
2012.04.10 17:03:19.494,6.80036,6.80256,1.50,2.25
2012.04.10 17:03:19.660,6.80059,6.80282,1.50,2.25
2012.04.10 17:03:21.476,6.80059,6.80158,1.50,1.50
2012.04.10 17:03:21.667,6.79837,6.80106,1.50,1.50
2012.04.10 17:03:21.796,6.79825,6.80106,1.50,2.25
2012.04.10 17:03:22.097,6.79825,6.80106,1.50,2.25
2012.04.10 17:03:22.171,6.79825,6.80079,1.50,1.50
2012.04.10 17:03:22.611,6.79825,6.80071,1.50,2.25
2012.04.10 17:03:23.227,6.79865,6.80042,1.50,1.50
2012.04.10 17:03:23.862,6.79865,6.80067,1.50,2.25
2012.04.10 17:03:25.057,6.79858,6.80068,1.50,2.25
2012.04.10 17:03:29.496,6.79865,6.80068,1.50,2.25
2012.04.10 17:03:30.575,6.79865,6.80038,1.50,1.50
2012.04.10 17:03:31.257,6.79857,6.80038,1.50,1.50
2012.04.10 17:03:31.713,6.79857,6.80063,1.50,2.25
2012.04.10 17:03:33.228,6.79865,6.80074,1.50,2.25
2012.04.10 17:03:35.666,6.79865,6.80074,1.70,2.25
2012.04.10 17:03:35.975,6.80012,6.80315,1.50,2.25
2012.04.10 17:03:48.739,6.80053,6.80275,1.50,2.25
2012.04.10 17:03:50.089,6.80077,6.80298,1.50,2.25
2012.04.10 17:03:51.599,6.80053,6.80259,1.50,2.25
2012.04.10 17:03:51.667,6.80036,6.80259,1.50,2.25
2012.04.10 17:03:52.025,6.80036,6.80255,1.50,2.25
2012.04.10 17:03:52.111,6.80007,6.80231,1.50,2.25
2012.04.10 17:03:53.456,6.80007,6.80231,1.50,2.25
2012.04.10 17:03:53.526,6.79983,6.80199,1.50,2.25
2012.04.10 17:03:53.674,6.79976,6.80199,1.50,2.25
2012.04.10 17:03:56.012,6.79986,6.80199,1.50,2.25
2012.04.10 17:03:56.355,6.80009,6.80232,1.50,2.25
2012.04.10 17:03:58.313,6.80009,6.80232,1.50,2.25
2012.04.10 17:03:58.519,6.79986,6.80205,1.50,2.25
2012.04.10 17:03:58.588,6.79982,6.80205,1.50,2.25
2012.04.10 17:03:59.309,6.79982,6.80205,1.50,2.25
2012.04.10 17:03:59.438,6.79982,6.80205,1.50,2.25
2012.04.10 17:03:59.685,6.79985,6.80205,1.50,2.25
2012.04.10 17:03:59.999,6.80036,6.80257,1.50,2.25
2012.04.10 17:04:01.954,6.80008,6.80229,1.50,2.25
2012.04.10 17:04:02.916,6.80008,6.80229,1.50,2.25
2012.04.10 17:04:09.241,6.80031,6.80243,1.50,1.50
2012.04.10 17:04:10.921,6.80008,6.80225,1.50,2.25
2012.04.10 17:04:10.987,6.80004,6.80225,1.50,2.25
2012.04.10 17:04:19.035,6.80007,6.80225,1.50,2.25
2012.04.10 17:04:19.347,6.80031,6.80243,1.50,1.50
2012.04.10 17:04:19.765,6.80058,6.80264,1.50,1.50
2012.04.10 17:04:19.899,6.80033,6.80254,1.50,2.25
2012.04.10 17:04:20.025,6.80007,6.8023,1.50,2.25
2012.04.10 17:04:21.105,6.80032,6.80253,1.50,2.25
2012.04.10 17:04:23.128,6.80075,6.80264,1.50,1.50
2012.04.10 17:04:38.512,6.80075,6.80264,1.50,1.50
2012.04.10 17:04:38.654,6.80011,6.80232,1.50,2.25
2012.04.10 17:04:38.862,6.80011,6.80118,1.50,1.50
2012.04.10 17:04:39.049,6.7984,6.80101,1.50,2.25
2012.04.10 17:04:39.120,6.7984,6.80101,1.50,2.25
2012.04.10 17:04:41.488,6.79861,6.80081,1.50,2.25
2012.04.10 17:04:41.558,6.79885,6.80098,1.50,1.50
2012.04.10 17:04:41.627,6.79885,6.80098,1.50,1.50
2012.04.10 17:04:44.353,6.79861,6.80081,2.25,2.25
2012.04.10 17:04:44.428,6.79861,6.80081,1.50,2.25
2012.04.10 17:04:44.769,6.79835,6.80049,1.50,2.25
2012.04.10 17:04:44.847,6.79819,6.80021,1.50,1.50
2012.04.10 17:04:45.198,6.79796,6.79998,1.50,1.50
2012.04.10 17:04:45.346,6.79764,6.7996,1.50,1.50
2012.04.10 17:04:46.075,6.79747,6.7996,1.50,1.50
2012.04.10 17:04:46.176,6.7974,6.79934,1.50,1.50
2012.04.10 17:04:46.310,6.79732,6.79934,1.50,1.50
2012.04.10 17:04:46.454,6.79739,6.79957,2.25,2.25
2012.04.10 17:04:46.534,6.79739,6.79962,2.25,2.25
2012.04.10 17:04:47.031,6.79732,6.79934,1.50,1.50
2012.04.10 17:04:47.554,6.79755,6.79976,1.50,2.25
2012.04.10 17:04:47.748,6.79749,6.79952,1.50,1.50
2012.04.10 17:04:49.364,6.79749,6.79952,1.50,1.50
2012.04.10 17:04:54.932,6.79737,6.79952,1.50,2.25
2012.04.10 17:04:55.209,6.79706,6.79907,1.50,2.25
2012.04.10 17:04:55.280,6.79671,6.79869,1.50,1.50
2012.04.10 17:04:55.610,6.7966,6.79837,1.50,1.50
2012.04.10 17:04:56.072,6.79629,6.79798,1.50,1.50
2012.04.10 17:04:56.220,6.79629,6.79822,1.50,1.50
2012.04.10 17:04:56.286,6.79629,6.79836,1.50,1.50
2012.04.10 17:04:57.197,6.79632,6.79836,1.50,1.50
2012.04.10 17:04:59.175,6.7964,6.79836,1.50,1.50
2012.04.10 17:04:59.816,6.7965,6.79836,1.50,1.50
2012.04.10 17:05:00.630,6.7965,6.79859,1.50,2.25
2012.04.10 17:05:02.381,6.79662,6.79882,1.50,2.25
2012.04.10 17:05:02.655,6.79662,6.79882,1.50,2.25
2012.04.10 17:05:09.117,6.79651,6.79857,1.50,1.50
2012.04.10 17:05:09.959,6.79634,6.79857,2.25,2.25
2012.04.10 17:05:10.036,6.79624,6.79831,1.50,1.50
2012.04.10 17:05:10.116,6.79624,6.79806,1.50,1.50
2012.04.10 17:05:10.261,6.79589,6.79778,1.50,1.50
2012.04.10 17:05:11.074,6.79567,6.79778,1.50,2.25
2012.04.10 17:05:11.887,6.79555,6.79776,2.25,2.25
2012.04.10 17:05:11.959,6.7955,6.79752,1.50,1.50
2012.04.10 17:05:12.617,6.79539,6.79752,1.50,2.25
2012.04.10 17:05:12.693,6.79529,6.79752,2.25,2.25
2012.04.10 17:05:12.772,6.79527,6.79722,1.50,1.50
2012.04.10 17:05:13.423,6.79511,6.79698,1.50,1.50
2012.04.10 17:05:13.962,6.79511,6.79698,1.50,1.50
2012.04.10 17:05:14.799,6.79503,6.79698,1.50,1.50
2012.04.10 17:05:14.866,6.79493,6.79698,1.50,1.50
2012.04.10 17:05:14.942,6.79493,6.79698,1.50,1.50
2012.04.10 17:05:16.394,6.79493,6.79676,1.50,1.50
2012.04.10 17:05:16.471,6.79475,6.79676,1.50,1.50
2012.04.10 17:05:16.659,6.79466,6.79676,1.50,2.25
2012.04.10 17:05:18.494,6.79432,6.79651,1.50,2.25
2012.04.10 17:05:18.570,6.79432,6.79624,1.50,1.50
2012.04.10 17:05:18.643,6.79429,6.79624,1.50,1.50
2012.04.10 17:05:19.045,6.79419,6.79624,1.50,1.50
2012.04.10 17:05:19.307,6.79412,6.79624,1.50,1.50
2012.04.10 17:05:19.799,6.79407,6.79624,1.50,2.25
2012.04.10 17:05:20.311,6.79448,6.79648,1.50,2.25
2012.04.10 17:05:20.713,6.79448,6.79669,2.25,2.25
2012.04.10 17:05:21.627,6.79448,6.79669,3.00,2.25
2012.04.10 17:05:22.198,6.79448,6.79646,1.50,1.50
2012.04.10 17:05:25.092,6.79461,6.79659,1.50,1.50
2012.04.10 17:05:25.164,6.79461,6.79659,1.50,1.50
2012.04.10 17:05:25.679,6.79461,6.79659,1.50,1.50
2012.04.10 17:05:30.624,6.79487,6.79684,2.25,1.50
2012.04.10 17:05:30.703,6.79487,6.7971,2.25,2.25
2012.04.10 17:05:30.779,6.79488,6.7971,1.50,2.25
2012.04.10 17:05:31.182,6.79488,6.79683,1.50,1.50
2012.04.10 17:05:31.614,6.79488,6.79683,1.50,1.50
2012.04.10 17:05:31.682,6.79479,6.79683,1.50,1.50
2012.04.10 17:05:32.417,6.79483,6.79683,1.50,1.50
2012.04.10 17:05:33.634,6.7949,6.79683,1.50,1.50
2012.04.10 17:05:33.715,6.79491,6.79714,2.25,2.25
2012.04.10 17:05:35.050,6.79491,6.79714,2.25,2.25
2012.04.10 17:05:35.480,6.79554,6.79769,1.50,2.25
2012.04.10 17:05:35.557,6.79579,6.798,1.50,2.25
2012.04.10 17:05:36.429,6.79554,6.79771,1.50,2.25
2012.04.10 17:05:38.069,6.79554,6.79771,1.50,2.25
2012.04.10 17:05:39.559,6.79573,6.79795,1.50,2.25
2012.04.10 17:05:39.639,6.79582,6.79796,1.50,1.50
2012.04.10 17:05:39.714,6.79593,6.79796,1.50,1.50
2012.04.10 17:05:39.916,6.79593,6.79804,1.50,2.25
2012.04.10 17:05:40.388,6.79593,6.79776,1.50,1.50
2012.04.10 17:05:40.658,6.79574,6.79776,1.50,1.50
2012.04.10 17:05:40.789,6.79564,6.79776,1.50,2.25
2012.04.10 17:05:41.238,6.79564,6.79776,1.50,2.25
2012.04.10 17:05:41.379,6.79582,6.79801,1.50,2.25
2012.04.10 17:05:42.047,6.79582,6.79801,1.50,2.25
2012.04.10 17:05:42.570,6.79582,6.79801,1.50,2.25
2012.04.10 17:05:43.175,6.79613,6.79834,1.50,2.25
2012.04.10 17:05:44.958,6.79613,6.79834,1.50,2.25
2012.04.10 17:05:45.462,6.79613,6.79834,1.50,2.25
2012.04.10 17:05:45.539,6.79587,6.79806,1.50,2.25
2012.04.10 17:05:45.812,6.79583,6.79806,1.50,2.25
2012.04.10 17:05:45.880,6.79583,6.79783,1.50,1.50
2012.04.10 17:05:46.182,6.7956,6.7976,1.50,1.50
2012.04.10 17:05:52.036,6.79561,6.79783,2.25,2.25
2012.04.10 17:06:00.946,6.79561,6.79784,2.25,2.25
2012.04.10 17:06:01.268,6.7959,6.79811,1.50,2.25
2012.04.10 17:06:01.900,6.79566,6.79786,2.25,2.25
2012.04.10 17:06:15.225,6.79587,6.7981,2.25,3.75
2012.04.10 17:06:15.377,6.79617,6.79838,1.50,2.25
2012.04.10 17:06:15.532,6.79617,6.79838,2.25,2.25
2012.04.10 17:06:16.186,6.79617,6.79838,3.00,2.25
2012.04.10 17:06:17.163,6.79602,6.79876,1.50,1.50
2012.04.10 17:06:17.245,6.79598,6.7985,1.50,1.50
2012.04.10 17:06:17.324,6.79587,6.79827,1.50,1.50
2012.04.10 17:06:17.402,6.79563,6.7981,2.25,2.25
2012.04.10 17:06:19.063,6.79574,6.79827,1.50,1.50
2012.04.10 17:06:19.141,6.7958,6.79846,1.50,1.50
2012.04.10 17:06:23.137,6.79608,6.79846,1.50,1.50
2012.04.10 17:06:23.339,6.79618,6.79882,1.50,1.50
2012.04.10 17:06:23.801,6.79633,6.79891,1.50,3.00
2012.04.10 17:06:23.952,6.79637,6.79891,1.50,2.25
2012.04.10 17:06:24.028,6.79652,6.79917,1.50,1.50
2012.04.10 17:06:24.106,6.79665,6.79917,1.50,1.50
2012.04.10 17:06:24.450,6.79652,6.79924,2.25,1.35
2012.04.10 17:06:24.768,6.79615,6.79858,2.25,2.25
2012.04.10 17:06:24.897,6.79608,6.79849,3.00,2.25
2012.04.10 17:06:25.252,6.79608,6.79849,3.00,2.25
2012.04.10 17:06:31.648,6.79608,6.79829,1.50,2.25
2012.04.10 17:06:32.035,6.79593,6.79804,1.50,2.25
2012.04.10 17:06:33.211,6.79607,6.7983,1.50,2.25
2012.04.10 17:06:33.629,6.79607,6.7983,2.25,2.25
2012.04.10 17:06:33.697,6.79607,6.7983,2.25,2.25
2012.04.10 17:06:33.770,6.79615,6.7983,1.50,2.25
2012.04.10 17:06:33.838,6.79631,6.79853,1.50,2.25
2012.04.10 17:06:37.579,6.79631,6.79854,1.50,2.25
2012.04.10 17:06:37.865,6.79593,6.79795,1.50,1.50
2012.04.10 17:06:38.061,6.79581,6.79794,1.50,2.25
2012.04.10 17:06:38.453,6.79581,6.79769,1.50,1.50
2012.04.10 17:06:38.545,6.79606,6.79829,1.50,2.25
2012.04.10 17:06:38.693,6.79606,6.79764,1.50,2.25
2012.04.10 17:06:38.847,6.79582,6.79803,1.50,2.25
2012.04.10 17:06:38.917,6.79546,6.79758,1.50,2.25
2012.04.10 17:06:39.256,6.79546,6.79758,1.50,2.25
2012.04.10 17:06:41.445,6.79546,6.79758,1.50,2.25
2012.04.10 17:06:44.456,6.79537,6.79758,2.25,2.25
2012.04.10 17:06:44.524,6.79543,6.79758,1.50,2.25
2012.04.10 17:06:44.696,6.79545,6.79758,1.50,2.25
2012.04.10 17:06:45.269,6.79562,6.79783,3.00,2.25
2012.04.10 17:06:45.480,6.79574,6.79783,1.50,2.25
2012.04.10 17:06:45.610,6.79569,6.79783,1.50,2.25
2012.04.10 17:06:46.030,6.79562,6.79783,2.25,2.25
2012.04.10 17:06:50.226,6.79569,6.79783,1.50,2.25
2012.04.10 17:06:50.572,6.79612,6.79833,1.50,2.25
2012.04.10 17:06:50.865,6.79611,6.79832,2.25,2.25
2012.04.10 17:06:50.941,6.796,6.79807,1.50,1.50
2012.04.10 17:06:53.669,6.79611,6.79831,2.25,2.25
2012.04.10 17:06:54.476,6.79611,6.79831,2.25,2.25
2012.04.10 17:06:54.610,6.796,6.79809,1.50,2.25
2012.04.10 17:06:55.129,6.79588,6.79809,1.50,2.25
2012.04.10 17:06:55.472,6.79591,6.79809,2.25,2.25
2012.04.10 17:06:55.872,6.79615,6.79836,1.50,2.25
2012.04.10 17:06:55.941,6.79615,6.79836,1.50,2.25
2012.04.10 17:06:56.009,6.796,6.79803,1.50,1.50
2012.04.10 17:06:56.200,6.7961,6.79826,1.50,2.25
2012.04.10 17:06:56.558,6.7961,6.79831,2.25,2.25
2012.04.10 17:06:57.012,6.796,6.79804,1.50,1.50
2012.04.10 17:06:57.796,6.79623,6.79828,1.50,2.25
2012.04.10 17:06:58.059,6.7961,6.79816,1.50,1.50
2012.04.10 17:06:59.284,6.7961,6.79784,1.50,1.50
2012.04.10 17:07:01.698,6.79598,6.79784,1.50,1.50
2012.04.10 17:07:01.779,6.79608,6.79784,1.50,1.50
2012.04.10 17:07:01.861,6.7964,6.79825,1.50,1.50
2012.04.10 17:07:01.948,6.79669,6.79825,1.50,1.50
2012.04.10 17:07:02.159,6.79669,6.79849,1.50,1.50
2012.04.10 17:07:02.545,6.79676,6.79863,1.50,1.50
2012.04.10 17:07:03.026,6.79676,6.79897,1.50,2.25
2012.04.10 17:07:04.143,6.79676,6.79897,1.50,2.25
2012.04.10 17:07:06.170,6.7968,6.79901,2.25,2.25
2012.04.10 17:07:06.250,6.7968,6.79901,1.50,2.25
2012.04.10 17:07:06.798,6.79658,6.79869,1.50,2.25
2012.04.10 17:07:12.925,6.79699,6.79919,2.25,2.25
2012.04.10 17:07:13.415,6.79727,6.7993,1.50,1.35
2012.04.10 17:07:16.342,6.79727,6.7995,1.50,2.25
2012.04.10 17:07:18.997,6.79727,6.7995,1.50,2.25
2012.04.10 17:07:19.075,6.7977,6.7997,1.50,1.50
2012.04.10 17:07:19.149,6.7977,6.79991,1.50,2.25
2012.04.10 17:07:20.047,6.7977,6.79991,2.25,2.25
2012.04.10 17:07:20.124,6.79804,6.80025,1.50,3.00
2012.04.10 17:07:20.268,6.79804,6.80025,1.50,3.00
2012.04.10 17:07:20.344,6.79802,6.80012,1.50,1.50
2012.04.10 17:07:20.503,6.79802,6.80026,2.25,2.25
2012.04.10 17:07:20.818,6.79804,6.80026,1.50,2.25
2012.04.10 17:07:20.888,6.79808,6.80026,1.50,2.25
2012.04.10 17:07:21.607,6.79834,6.8005,1.50,2.25
2012.04.10 17:07:23.080,6.79834,6.80055,2.25,2.25
2012.04.10 17:07:23.326,6.79834,6.80055,2.25,2.25
2012.04.10 17:07:24.067,6.79834,6.80055,2.25,2.25
2012.04.10 17:07:24.294,6.79834,6.80055,2.25,2.25
2012.04.10 17:07:25.885,6.79827,6.80031,1.50,2.25
2012.04.10 17:07:27.466,6.79812,6.80031,1.50,2.25
2012.04.10 17:07:27.602,6.7981,6.80031,1.50,2.25
2012.04.10 17:07:28.079,6.79808,6.80031,2.25,2.25
2012.04.10 17:07:28.179,6.79708,6.79971,3.00,2.25
2012.04.10 17:07:28.325,6.79709,6.79971,1.50,2.25
2012.04.10 17:07:28.681,6.79737,6.79995,2.25,2.25
2012.04.10 17:07:28.980,6.79765,6.80026,1.50,2.25
2012.04.10 17:07:30.040,6.79785,6.80006,2.25,2.25
2012.04.10 17:07:30.170,6.79785,6.80006,1.50,2.25
2012.04.10 17:07:32.315,6.79785,6.80006,1.50,2.25
2012.04.10 17:07:33.072,6.79785,6.80006,2.25,2.25
2012.04.10 17:07:33.780,6.79785,6.80006,2.25,2.25
2012.04.10 17:07:34.108,6.79809,6.8003,2.25,2.25
2012.04.10 17:07:36.013,6.79809,6.8003,2.25,2.25
2012.04.10 17:07:36.287,6.79834,6.80057,1.50,2.25
2012.04.10 17:07:36.550,6.79834,6.80057,1.50,2.25
2012.04.10 17:07:37.126,6.79834,6.80057,2.25,2.25
2012.04.10 17:07:38.431,6.79834,6.80057,1.50,2.25
2012.04.10 17:07:38.501,6.79834,6.80057,2.25,2.25
2012.04.10 17:07:38.996,6.79834,6.80057,1.50,2.25
2012.04.10 17:07:39.663,6.79813,6.80025,1.50,2.25
2012.04.10 17:07:39.742,6.79804,6.80025,2.25,2.25
2012.04.10 17:07:39.808,6.79804,6.80025,2.25,2.25
2012.04.10 17:07:41.966,6.79804,6.80025,2.25,2.25
2012.04.10 17:07:42.229,6.79827,6.80048,2.25,1.50
2012.04.10 17:07:42.350,6.79827,6.80048,2.25,1.50
2012.04.10 17:07:42.672,6.79827,6.8005,2.25,2.25
2012.04.10 17:07:42.735,6.79827,6.8005,2.25,2.25
2012.04.10 17:07:45.069,6.79827,6.8005,1.50,2.25
2012.04.10 17:07:45.499,6.79827,6.8005,2.25,2.25
2012.04.10 17:07:47.767,6.79816,6.80023,1.50,2.25
2012.04.10 17:07:48.037,6.79816,6.80023,1.50,2.25
2012.04.10 17:07:48.586,6.79816,6.80023,1.50,2.25
2012.04.10 17:07:49.719,6.79802,6.80023,1.50,2.25
2012.04.10 17:07:50.269,6.79788,6.79995,1.50,1.50
2012.04.10 17:07:50.628,6.79791,6.79995,1.50,1.50
2012.04.10 17:07:52.240,6.7992,6.79995,1.50,1.50
2012.04.10 17:07:52.783,6.79951,6.80145,1.50,2.25
2012.04.10 17:07:52.861,6.79897,6.80157,2.25,1.50
2012.04.10 17:07:53.052,6.79897,6.80158,2.25,2.25
2012.04.10 17:07:53.125,6.7993,6.80158,1.50,2.25
2012.04.10 17:07:53.205,6.79955,6.80171,1.50,1.50
2012.04.10 17:07:53.466,6.79975,6.80177,1.50,1.50
2012.04.10 17:07:53.597,6.79948,6.80189,1.50,2.25
2012.04.10 17:07:53.731,6.8001,6.80271,1.50,2.25
2012.04.10 17:07:54.077,6.8001,6.80271,1.50,2.25
2012.04.10 17:07:57.227,6.80081,6.80304,1.50,2.25
2012.04.10 17:07:57.315,6.80057,6.80278,1.50,2.25
2012.04.10 17:07:58.316,6.80032,6.80244,1.50,2.25
2012.04.10 17:07:58.666,6.80023,6.80244,1.50,2.25
2012.04.10 17:07:59.680,6.80023,6.80244,1.50,2.25
2012.04.10 17:08:00.308,6.80057,6.80278,1.50,2.25
2012.04.10 17:08:00.522,6.80033,6.80246,1.50,2.25
2012.04.10 17:08:00.589,6.80023,6.80246,1.50,2.25
2012.04.10 17:08:00.780,6.80023,6.80246,1.50,2.25
2012.04.10 17:08:03.581,6.80066,6.80172,1.50,1.50
2012.04.10 17:08:04.549,6.80066,6.80172,1.50,1.50
2012.04.10 17:08:06.133,6.8004,6.80209,1.50,1.50
2012.04.10 17:08:06.208,6.8004,6.80209,1.50,1.50
2012.04.10 17:08:07.605,6.8004,6.80209,1.50,1.50
2012.04.10 17:08:10.970,6.80067,6.80279,1.50,1.50
2012.04.10 17:08:13.903,6.80037,6.80258,1.50,2.25
2012.04.10 17:08:13.976,6.79997,6.80218,1.50,2.25
2012.04.10 17:08:14.127,6.79997,6.80218,1.50,2.25
2012.04.10 17:08:16.069,6.79997,6.80218,1.50,2.25
2012.04.10 17:08:18.760,6.79972,6.80193,1.50,2.25
2012.04.10 17:08:20.144,6.80002,6.80225,1.50,2.25
2012.04.10 17:08:25.675,6.79892,6.80199,1.50,1.50
2012.04.10 17:08:25.881,6.79892,6.80138,1.50,1.50
2012.04.10 17:08:25.954,6.79865,6.80182,1.50,2.25
2012.04.10 17:08:26.028,6.79865,6.80182,1.50,2.25
2012.04.10 17:08:26.367,6.79891,6.80178,1.50,1.50
2012.04.10 17:08:26.440,6.79891,6.80178,1.50,1.50
2012.04.10 17:08:26.797,6.79909,6.80178,1.50,1.50
2012.04.10 17:08:26.881,6.79981,6.80209,1.50,2.25
2012.04.10 17:08:28.091,6.79981,6.80209,1.50,2.25
2012.04.10 17:08:28.681,6.80007,6.80228,1.50,2.25
2012.04.10 17:08:31.685,6.7998,6.80201,1.50,2.25
2012.04.10 17:08:32.354,6.7998,6.80201,1.50,2.25
2012.04.10 17:08:32.998,6.7998,6.80201,1.50,2.25
2012.04.10 17:08:33.930,6.79982,6.80201,1.50,2.25
2012.04.10 17:08:34.370,6.80007,6.80228,1.50,2.25
2012.04.10 17:08:37.055,6.80007,6.80228,1.50,2.25
2012.04.10 17:08:37.132,6.80055,6.80246,1.50,1.50
2012.04.10 17:08:50.380,6.80081,6.80302,1.50,3.00
2012.04.10 17:08:50.509,6.80081,6.80302,1.50,1.50
2012.04.10 17:08:50.839,6.80054,6.80277,1.50,2.25
2012.04.10 17:08:53.749,6.80054,6.80277,1.50,2.25
2012.04.10 17:08:53.819,6.8003,6.80253,1.50,2.25
2012.04.10 17:08:58.906,6.8003,6.80253,1.50,2.25
2012.04.10 17:08:59.295,6.80006,6.80189,1.50,2.25
2012.04.10 17:08:59.799,6.79966,6.80189,1.50,2.25
2012.04.10 17:08:59.879,6.79918,6.80139,1.50,2.25
2012.04.10 17:09:00.268,6.79918,6.80139,1.50,2.25
2012.04.10 17:09:01.739,6.79942,6.80163,1.50,2.25
2012.04.10 17:09:02.136,6.79942,6.80163,1.50,2.25
2012.04.10 17:09:04.029,6.79942,6.80163,1.50,2.25
2012.04.10 17:09:04.097,6.79917,6.80138,1.50,2.25
2012.04.10 17:09:05.342,6.79919,6.80138,1.50,2.25
2012.04.10 17:09:05.709,6.79943,6.80166,1.50,2.25
2012.04.10 17:09:06.242,6.79917,6.8014,1.50,2.25
2012.04.10 17:09:08.025,6.79917,6.8003,1.50,1.50
2012.04.10 17:09:08.096,6.7969,6.79973,2.25,2.25
2012.04.10 17:09:08.649,6.7969,6.79973,2.25,2.25
2012.04.10 17:09:10.355,6.79738,6.79953,1.50,2.25
2012.04.10 17:09:10.430,6.79756,6.79977,2.25,2.25
2012.04.10 17:09:12.219,6.79782,6.80003,1.50,2.25
2012.04.10 17:09:12.296,6.79782,6.80003,2.25,2.25
2012.04.10 17:09:15.738,6.79778,6.79978,1.50,1.50
2012.04.10 17:09:15.809,6.7978,6.80003,2.25,2.25
2012.04.10 17:09:15.880,6.7978,6.80003,2.25,2.25
2012.04.10 17:09:16.828,6.79789,6.80003,1.50,2.25
2012.04.10 17:09:17.230,6.79789,6.79978,1.50,1.50
2012.04.10 17:09:17.963,6.79789,6.79978,1.50,1.50
2012.04.10 17:09:18.257,6.79809,6.80005,1.50,1.50
2012.04.10 17:09:18.652,6.79809,6.80005,1.50,1.50
2012.04.10 17:09:18.777,6.79811,6.80032,2.25,2.25
2012.04.10 17:09:19.151,6.79809,6.80006,1.50,1.50
2012.04.10 17:09:21.292,6.79809,6.79976,1.50,1.50
2012.04.10 17:09:21.786,6.79787,6.79948,1.50,1.50
2012.04.10 17:09:22.066,6.79766,6.79948,1.50,1.50
2012.04.10 17:09:22.655,6.79754,6.79975,3.00,2.25
2012.04.10 17:09:29.966,6.79754,6.79975,3.00,2.25
2012.04.10 17:09:31.088,6.79767,6.79975,1.50,1.50
2012.04.10 17:09:31.698,6.79781,6.80004,2.25,2.25
2012.04.10 17:09:34.787,6.79767,6.79976,1.50,2.25
2012.04.10 17:09:36.628,6.7981,6.80001,2.25,2.25
2012.04.10 17:09:36.719,6.79836,6.80059,1.50,2.25
2012.04.10 17:09:36.924,6.79811,6.80032,2.25,2.25
2012.04.10 17:09:37.545,6.79801,6.79995,1.50,1.50
2012.04.10 17:09:39.980,6.79801,6.79995,1.50,1.50
2012.04.10 17:09:41.423,6.79818,6.79995,1.50,1.50
2012.04.10 17:09:43.258,6.79808,6.80018,1.50,2.25
2012.04.10 17:09:45.077,6.79801,6.79992,1.50,1.50
2012.04.10 17:09:57.522,6.79817,6.79992,1.50,1.50
2012.04.10 17:09:57.646,6.79817,6.80016,1.50,1.50
2012.04.10 17:09:57.828,6.79817,6.8002,1.50,1.50
2012.04.10 17:09:58.019,6.79823,6.80046,2.25,2.25
2012.04.10 17:09:58.670,6.79837,6.80046,1.50,2.25
2012.04.10 17:09:58.772,6.79847,6.80046,1.50,2.25
2012.04.10 17:09:59.249,6.79857,6.80046,1.50,1.50
2012.04.10 17:09:59.320,6.79856,6.80046,1.50,1.50
2012.04.10 17:09:59.611,6.79858,6.80071,1.50,2.25
2012.04.10 17:09:59.743,6.79868,6.80072,1.50,2.25
2012.04.10 17:10:08.676,6.79878,6.80072,1.50,1.50
2012.04.10 17:10:09.687,6.79866,6.80067,1.50,1.35
2012.04.10 17:10:10.162,6.79807,6.79947,1.50,1.50
2012.04.10 17:10:10.242,6.79803,6.80001,1.50,1.50
2012.04.10 17:10:10.306,6.79848,6.80089,1.50,2.25
2012.04.10 17:10:24.845,6.79848,6.80069,2.25,2.25
2012.04.10 17:10:25.116,6.79848,6.80069,1.50,2.25
2012.04.10 17:10:46.894,6.79849,6.80061,1.50,1.50
2012.04.10 17:10:47.652,6.79873,6.80061,1.50,1.50
2012.04.10 17:10:51.145,6.79849,6.80061,1.50,1.50
2012.04.10 17:10:51.224,6.79846,6.80022,1.50,1.50
2012.04.10 17:10:52.002,6.79788,6.80007,1.50,2.25
2012.04.10 17:10:52.103,6.79817,6.80032,1.50,1.50
2012.04.10 17:10:53.640,6.79817,6.8004,2.25,2.25
2012.04.10 17:10:54.030,6.79849,6.80048,1.50,1.50
2012.04.10 17:11:00.451,6.79849,6.80059,1.50,1.50
2012.04.10 17:11:00.523,6.7985,6.8007,2.25,2.25
2012.04.10 17:11:00.947,6.79858,6.8007,1.50,2.25
2012.04.10 17:11:01.030,6.79909,6.80105,1.50,1.50
2012.04.10 17:11:03.302,6.79909,6.80105,1.50,1.50
2012.04.10 17:11:07.086,6.79909,6.80131,1.50,1.50
2012.04.10 17:11:07.273,6.79916,6.80131,1.50,1.50
2012.04.10 17:11:07.927,6.79941,6.80131,1.50,1.50
2012.04.10 17:11:10.302,6.79941,6.80162,1.50,2.25
2012.04.10 17:11:10.506,6.79949,6.80162,1.50,2.25
2012.04.10 17:11:10.848,6.79964,6.80166,1.50,1.50
2012.04.10 17:11:12.938,6.79966,6.80185,1.50,2.25
2012.04.10 17:11:13.011,6.79966,6.80185,1.50,2.25
2012.04.10 17:11:13.138,6.79964,6.80185,1.50,2.25
2012.04.10 17:11:13.679,6.79963,6.80186,2.25,2.25
2012.04.10 17:11:13.772,6.80016,6.80213,1.50,2.25
2012.04.10 17:11:13.925,6.79992,6.80213,1.50,2.25
2012.04.10 17:11:14.007,6.79992,6.80213,2.25,2.25
2012.04.10 17:11:14.220,6.79992,6.80213,1.50,2.25
2012.04.10 17:11:14.350,6.79992,6.80213,1.50,2.25
2012.04.10 17:11:14.488,6.79992,6.80213,2.25,2.25
2012.04.10 17:11:15.427,6.79992,6.80213,1.50,2.25
2012.04.10 17:11:15.521,6.79992,6.80213,1.50,2.25
2012.04.10 17:11:15.855,6.79992,6.80213,2.25,2.25
2012.04.10 17:11:16.187,6.80016,6.80239,1.50,2.25
2012.04.10 17:11:16.259,6.80016,6.80239,1.50,2.25
2012.04.10 17:11:16.918,6.79995,6.80211,1.50,2.25
2012.04.10 17:11:17.000,6.79986,6.80183,1.50,1.50
2012.04.10 17:11:17.074,6.7997,6.80183,1.50,1.50
2012.04.10 17:11:17.150,6.79987,6.8021,1.50,2.25
2012.04.10 17:11:17.229,6.79987,6.8021,1.50,2.25
2012.04.10 17:11:19.472,6.79987,6.8021,2.25,2.25
2012.04.10 17:11:19.817,6.79987,6.80177,2.25,1.50
2012.04.10 17:11:19.908,6.79987,6.80177,1.50,1.50
2012.04.10 17:11:20.157,6.7994,6.80112,2.25,1.50
2012.04.10 17:11:20.289,6.79953,6.80127,1.50,1.50
2012.04.10 17:11:20.477,6.7997,6.80127,1.50,1.50
2012.04.10 17:11:20.684,6.79941,6.80112,1.50,1.50
2012.04.10 17:11:21.334,6.79937,6.80112,2.25,1.50
2012.04.10 17:11:21.410,6.79954,6.80127,2.25,1.50
2012.04.10 17:11:21.550,6.79933,6.80112,2.25,1.50
2012.04.10 17:11:21.760,6.79933,6.80112,2.25,1.50
2012.04.10 17:11:21.951,6.79933,6.80112,2.25,1.50
2012.04.10 17:11:22.648,6.79933,6.80106,2.25,1.50
2012.04.10 17:11:23.556,6.79948,6.80137,1.50,1.50
2012.04.10 17:11:23.640,6.79953,6.80137,1.50,1.50
2012.04.10 17:11:24.028,6.79954,6.80126,1.50,1.50
2012.04.10 17:11:24.171,6.7994,6.80124,1.50,1.50
2012.04.10 17:11:24.520,6.79954,6.80126,1.50,1.50
2012.04.10 17:11:25.567,6.79959,6.80124,2.25,1.50
2012.04.10 17:11:25.702,6.79959,6.80124,1.50,1.50
2012.04.10 17:11:26.169,6.79959,6.80116,1.50,1.50
2012.04.10 17:11:26.374,6.79935,6.80108,2.25,1.50
2012.04.10 17:11:26.511,6.79935,6.80108,2.25,1.50
2012.04.10 17:11:30.129,6.79934,6.80108,1.50,1.50
2012.04.10 17:11:30.268,6.79934,6.80108,1.50,1.50
2012.04.10 17:11:30.853,6.79934,6.80096,1.50,1.50
2012.04.10 17:11:31.161,6.79934,6.80136,3.00,1.50
2012.04.10 17:11:31.232,6.79934,6.80136,3.00,1.50
2012.04.10 17:11:31.299,6.79934,6.80136,3.00,1.50
2012.04.10 17:11:32.223,6.79958,6.80136,2.25,1.50
2012.04.10 17:11:32.347,6.79958,6.80136,2.25,1.50
2012.04.10 17:11:33.596,6.79958,6.80137,2.25,1.50
2012.04.10 17:11:34.571,6.79958,6.80137,2.25,1.50
2012.04.10 17:11:35.050,6.79958,6.80137,2.25,1.50
2012.04.10 17:11:35.138,6.79958,6.80151,2.25,1.50
2012.04.10 17:11:35.213,6.79958,6.80151,2.25,1.50
2012.04.10 17:11:35.299,6.79984,6.80151,2.25,1.50
2012.04.10 17:11:35.831,6.80007,6.80186,2.25,1.50
2012.04.10 17:11:35.930,6.80006,6.80187,1.50,1.50
2012.04.10 17:11:35.991,6.80006,6.80186,1.50,1.50
2012.04.10 17:11:36.075,6.79984,6.80186,3.00,1.50
2012.04.10 17:11:36.150,6.79984,6.80186,3.00,1.50
2012.04.10 17:11:36.598,6.79984,6.80193,3.75,1.50
2012.04.10 17:11:37.108,6.79984,6.80193,3.75,1.50
2012.04.10 17:11:37.319,6.79984,6.80193,3.75,1.50
2012.04.10 17:11:37.917,6.8001,6.80197,2.25,1.50
2012.04.10 17:11:37.990,6.80038,6.80197,1.50,1.50
2012.04.10 17:11:39.148,6.80038,6.80197,2.25,1.50
2012.04.10 17:11:40.149,6.80038,6.80197,1.50,1.50
2012.04.10 17:11:41.463,6.80038,6.80197,2.25,1.50
2012.04.10 17:11:41.619,6.80038,6.80197,2.25,1.50
2012.04.10 17:11:41.685,6.80038,6.80197,2.25,1.50
2012.04.10 17:11:41.948,6.80038,6.80197,2.25,1.50
2012.04.10 17:11:46.608,6.80014,6.80196,1.50,1.50
2012.04.10 17:11:46.682,6.80013,6.80193,2.25,1.50
2012.04.10 17:11:46.823,6.79989,6.80187,2.25,1.50
2012.04.10 17:11:46.910,6.79972,6.80168,1.57,1.50
2012.04.10 17:11:47.182,6.79944,6.80146,1.50,1.50
2012.04.10 17:11:48.012,6.79957,6.80146,2.25,1.50
2012.04.10 17:11:49.528,6.79957,6.80146,2.25,1.50
2012.04.10 17:11:49.866,6.79984,6.80176,1.50,1.50
2012.04.10 17:11:50.304,6.80005,6.80177,2.25,1.50
2012.04.10 17:11:50.869,6.80005,6.80192,2.25,1.50
2012.04.10 17:11:50.940,6.80005,6.80206,2.25,1.50
2012.04.10 17:11:51.007,6.80005,6.80206,2.25,1.50
2012.04.10 17:11:51.122,6.80005,6.80206,2.25,1.50
2012.04.10 17:11:51.612,6.80027,6.80228,1.50,2.25
2012.04.10 17:11:51.825,6.80033,6.80251,1.50,2.25
2012.04.10 17:11:51.917,6.80044,6.80251,1.50,1.50
2012.04.10 17:11:52.138,6.80067,6.80288,2.25,2.25
2012.04.10 17:11:52.214,6.80068,6.80288,1.50,2.25
2012.04.10 17:11:52.742,6.80068,6.80288,1.50,2.25
2012.04.10 17:11:52.809,6.80095,6.80316,1.50,2.25
2012.04.10 17:11:56.982,6.80103,6.80316,1.50,1.50
2012.04.10 17:11:57.476,6.80114,6.80316,1.50,1.50
2012.04.10 17:12:00.933,6.80095,6.80308,2.25,1.50
2012.04.10 17:12:01.007,6.80084,6.80284,1.50,1.50
2012.04.10 17:12:01.153,6.80073,6.80284,1.50,1.50
2012.04.10 17:12:04.131,6.80061,6.80281,2.25,2.25
2012.04.10 17:12:04.217,6.80054,6.80258,1.50,1.50
2012.04.10 17:12:04.369,6.80035,6.80258,2.25,2.25
2012.04.10 17:12:04.514,6.80035,6.80243,2.25,1.50
2012.04.10 17:12:04.590,6.79984,6.80172,1.50,1.50
2012.04.10 17:12:04.723,6.79975,6.80172,1.57,1.50
2012.04.10 17:12:05.051,6.79975,6.80172,1.57,1.50
2012.04.10 17:12:06.027,6.79974,6.8016,1.50,1.50
2012.04.10 17:12:06.316,6.80002,6.80193,2.25,1.50
2012.04.10 17:12:06.941,6.80011,6.80207,1.50,1.50
2012.04.10 17:12:07.850,6.80023,6.80207,1.50,1.50
2012.04.10 17:12:11.024,6.80019,6.80208,1.50,1.50
2012.04.10 17:12:11.486,6.80019,6.80208,1.50,1.50
2012.04.10 17:12:11.559,6.80019,6.80208,1.50,1.50
2012.04.10 17:12:11.747,6.80019,6.80223,1.50,2.25
2012.04.10 17:12:11.818,6.80069,6.80223,1.50,1.50
2012.04.10 17:12:11.889,6.80069,6.80248,1.50,1.50
2012.04.10 17:12:11.960,6.80069,6.8028,1.50,2.25
2012.04.10 17:12:12.218,6.80069,6.8028,1.50,2.25
2012.04.10 17:12:12.808,6.80063,6.8028,1.50,2.25
2012.04.10 17:12:15.919,6.80069,6.8028,1.50,2.25
2012.04.10 17:12:15.993,6.80063,6.8028,1.50,2.25
2012.04.10 17:12:16.248,6.80069,6.8028,1.50,2.25
2012.04.10 17:12:16.440,6.80063,6.8028,1.50,2.25
2012.04.10 17:12:16.799,6.80069,6.8028,1.50,2.25
2012.04.10 17:12:17.777,6.80063,6.8028,1.50,2.25
2012.04.10 17:12:20.325,6.80057,6.8028,2.25,2.25
2012.04.10 17:12:20.402,6.80057,6.80259,1.50,2.25
2012.04.10 17:12:20.479,6.80045,6.80234,1.50,1.50
2012.04.10 17:12:20.552,6.80023,6.80234,1.50,1.50
2012.04.10 17:12:20.619,6.80023,6.80234,1.50,1.50
2012.04.10 17:12:21.075,6.80026,6.80234,1.50,1.50
2012.04.10 17:12:21.185,6.80069,6.80287,1.50,1.50
2012.04.10 17:12:21.274,6.80069,6.8029,2.25,3.00
2012.04.10 17:12:21.345,6.80073,6.8029,1.50,3.00
2012.04.10 17:12:21.477,6.80069,6.8029,2.25,2.25
2012.04.10 17:12:23.001,6.80073,6.8029,1.50,2.25
2012.04.10 17:12:24.161,6.80073,6.8029,1.50,2.25
2012.04.10 17:12:24.737,6.80088,6.8029,1.50,1.50
2012.04.10 17:12:26.599,6.80088,6.8029,1.50,1.50
2012.04.10 17:12:27.057,6.80094,6.80314,2.25,2.25
2012.04.10 17:12:27.587,6.80094,6.80317,2.25,2.25
2012.04.10 17:12:27.664,6.80123,6.80317,1.50,1.50
2012.04.10 17:12:27.742,6.80134,6.80317,1.50,1.50
2012.04.10 17:12:28.028,6.80134,6.80346,1.50,3.00
2012.04.10 17:12:28.172,6.80135,6.80346,1.50,3.00
2012.04.10 17:12:29.107,6.80137,6.80346,1.50,2.25
2012.04.10 17:12:29.479,6.80144,6.80346,1.50,2.25
2012.04.10 17:12:29.726,6.80138,6.80346,1.50,2.25
2012.04.10 17:12:29.799,6.80149,6.80356,1.50,1.50
2012.04.10 17:12:31.206,6.80127,6.80339,1.50,2.25
2012.04.10 17:12:31.578,6.80127,6.8031,1.50,1.50
2012.04.10 17:12:31.856,6.80119,6.8031,1.50,1.50
2012.04.10 17:12:32.155,6.80113,6.8031,1.50,1.50
2012.04.10 17:12:32.295,6.80104,6.8031,1.50,1.50
2012.04.10 17:12:33.741,6.80104,6.8031,1.50,1.50
2012.04.10 17:12:33.808,6.80093,6.8031,1.50,2.25
2012.04.10 17:12:35.268,6.80093,6.80306,1.50,1.50
2012.04.10 17:12:35.588,6.80093,6.80287,1.50,1.50
2012.04.10 17:12:37.451,6.80092,6.80287,1.50,1.50
2012.04.10 17:12:37.663,6.80127,6.80313,1.50,1.50
2012.04.10 17:12:37.738,6.80127,6.80342,1.50,2.25
2012.04.10 17:12:38.163,6.80134,6.80342,1.50,2.25
2012.04.10 17:12:38.880,6.8013,6.80342,1.50,2.25
2012.04.10 17:12:38.953,6.80123,6.80342,1.50,2.25
2012.04.10 17:12:39.260,6.80123,6.80316,1.50,1.50
2012.04.10 17:12:39.390,6.80118,6.80316,1.50,1.50
2012.04.10 17:12:39.657,6.80114,6.80316,1.50,1.50
2012.04.10 17:12:39.989,6.80118,6.80336,2.25,1.50
2012.04.10 17:12:40.869,6.80114,6.80314,1.50,1.50
2012.04.10 17:12:42.282,6.80103,6.80314,1.50,1.50
2012.04.10 17:12:42.472,6.80103,6.80284,1.50,1.50
2012.04.10 17:12:42.541,6.80103,6.80311,1.50,1.50
2012.04.10 17:12:45.047,6.80112,6.80334,1.50,3.75
2012.04.10 17:12:46.038,6.80112,6.80316,1.50,1.50
2012.04.10 17:12:46.178,6.80094,6.8031,1.50,2.25
2012.04.10 17:12:49.091,6.80092,6.80306,1.50,1.50
2012.04.10 17:12:52.601,6.80089,6.80306,2.25,1.50
2012.04.10 17:12:52.675,6.80089,6.80289,1.50,1.50
2012.04.10 17:12:52.755,6.80074,6.80256,1.50,1.50
2012.04.10 17:12:53.130,6.80054,6.80256,1.50,2.25
2012.04.10 17:12:53.200,6.80046,6.80256,1.50,3.00
2012.04.10 17:12:54.844,6.80054,6.80256,1.50,2.25
2012.04.10 17:12:54.994,6.80078,6.80289,1.50,2.25
2012.04.10 17:12:59.377,6.80094,6.80316,2.25,1.50
2012.04.10 17:12:59.511,6.80094,6.80306,2.25,1.50
2012.04.10 17:13:02.490,6.80094,6.80307,1.50,1.50
2012.04.10 17:13:03.960,6.80083,6.80289,1.50,1.50
2012.04.10 17:13:04.032,6.8007,6.80289,2.25,2.25
2012.04.10 17:13:07.992,6.80094,6.8031,1.50,1.50
2012.04.10 17:13:08.242,6.80094,6.8031,2.25,1.50
2012.04.10 17:13:18.294,6.80094,6.80299,1.50,1.50
2012.04.10 17:13:18.620,6.80079,6.80288,2.25,2.25
2012.04.10 17:13:18.694,6.80077,6.80288,1.50,2.25
2012.04.10 17:13:19.051,6.80083,6.80288,1.50,1.50
2012.04.10 17:13:22.430,6.80071,6.80288,1.50,2.25
2012.04.10 17:13:22.500,6.80071,6.80288,1.50,2.25
2012.04.10 17:13:23.056,6.80182,6.80289,2.10,1.50
2012.04.10 17:13:23.380,6.80287,6.80516,1.50,1.50
2012.04.10 17:13:23.866,6.80287,6.80498,1.50,1.50
2012.04.10 17:13:28.640,6.80304,6.80525,1.50,2.25
2012.04.10 17:13:28.853,6.8028,6.80497,1.50,2.25
2012.04.10 17:13:29.110,6.80251,6.80522,2.25,2.25
2012.04.10 17:13:30.837,6.80232,6.80547,1.13,1.50
2012.04.10 17:13:30.908,6.80232,6.80547,1.13,1.50
2012.04.10 17:13:31.536,6.80231,6.80547,1.13,1.50
2012.04.10 17:13:32.000,6.80231,6.80547,1.13,1.50
2012.04.10 17:13:32.348,6.80232,6.80524,1.13,1.50
2012.04.10 17:13:33.616,6.80182,6.80526,2.25,1.50
2012.04.10 17:13:33.695,6.8017,6.80526,1.13,1.50
2012.04.10 17:13:34.104,6.8017,6.80526,1.13,1.50
2012.04.10 17:13:34.568,6.8017,6.80486,1.13,1.50
2012.04.10 17:13:36.286,6.80198,6.80516,1.50,1.50
2012.04.10 17:13:37.562,6.80272,6.80474,1.50,1.50
2012.04.10 17:13:38.640,6.80262,6.80444,1.50,1.50
2012.04.10 17:13:38.782,6.8026,6.80444,1.50,1.50
2012.04.10 17:13:38.850,6.8026,6.80444,1.50,1.50
2012.04.10 17:13:41.590,6.80235,6.8043,1.50,1.50
2012.04.10 17:13:41.658,6.8026,6.80431,1.50,1.50
2012.04.10 17:13:41.730,6.80234,6.8043,1.50,1.50
2012.04.10 17:13:42.564,6.80234,6.8043,1.50,1.50
2012.04.10 17:13:50.820,6.80262,6.80431,1.50,1.50
2012.04.10 17:13:53.186,6.80267,6.8043,1.50,1.50
2012.04.10 17:13:53.903,6.80291,6.8043,1.50,1.50
2012.04.10 17:14:00.228,6.80291,6.80534,1.50,2.25
2012.04.10 17:14:16.447,6.80291,6.80383,1.50,1.35
2012.04.10 17:14:16.520,6.80043,6.80326,1.50,3.00
2012.04.10 17:14:16.645,6.80043,6.80265,1.50,1.50
2012.04.10 17:14:18.210,6.80083,6.80245,1.50,1.50
2012.04.10 17:14:18.283,6.80083,6.80245,2.25,1.50
2012.04.10 17:14:18.362,6.80087,6.80281,1.50,1.50
2012.04.10 17:14:18.435,6.80077,6.80281,1.50,2.25
2012.04.10 17:14:18.872,6.80124,6.80291,1.50,1.50
2012.04.10 17:14:20.942,6.80099,6.80291,2.25,1.50
2012.04.10 17:14:21.070,6.80098,6.80291,2.25,1.50
2012.04.10 17:14:21.347,6.80098,6.80291,2.25,1.50
2012.04.10 17:14:22.027,6.80074,6.80291,2.25,1.50
2012.04.10 17:14:22.601,6.80074,6.80256,2.25,1.50
2012.04.10 17:14:22.675,6.80074,6.80256,2.25,1.50
2012.04.10 17:14:22.750,6.80074,6.8028,2.25,1.50
2012.04.10 17:14:22.955,6.80112,6.8028,1.50,1.50
2012.04.10 17:14:23.333,6.80112,6.8028,1.50,1.50
2012.04.10 17:14:26.604,6.80089,6.8028,1.50,3.00
2012.04.10 17:14:26.680,6.80057,6.8028,1.50,3.00
2012.04.10 17:14:27.311,6.80057,6.80269,2.25,1.50
2012.04.10 17:14:27.634,6.80123,6.80283,1.50,1.50
2012.04.10 17:14:27.999,6.80099,6.80283,1.50,1.50
2012.04.10 17:14:28.068,6.80096,6.80283,1.50,1.50
2012.04.10 17:14:28.343,6.80096,6.80282,1.50,1.50
2012.04.10 17:14:28.709,6.80103,6.80282,1.50,1.50
2012.04.10 17:14:29.038,6.80127,6.80304,1.50,1.50
2012.04.10 17:14:29.128,6.80103,6.80299,2.25,2.25
2012.04.10 17:14:29.372,6.80109,6.80314,2.25,1.50
2012.04.10 17:14:29.798,6.80109,6.80314,2.25,1.50
2012.04.10 17:14:31.120,6.80109,6.80324,2.25,1.50
2012.04.10 17:14:31.261,6.80081,6.80304,2.25,2.25
2012.04.10 17:14:31.387,6.80081,6.80304,2.25,2.25
2012.04.10 17:14:31.799,6.80081,6.80304,2.25,2.25
2012.04.10 17:14:32.342,6.80109,6.80322,2.25,1.50
2012.04.10 17:14:32.823,6.80109,6.80322,2.25,1.50
2012.04.10 17:14:33.041,6.80177,6.8035,1.50,1.50
2012.04.10 17:14:33.763,6.80148,6.8035,1.50,1.50
2012.04.10 17:14:34.213,6.80097,6.8032,3.75,2.25
2012.04.10 17:14:34.302,6.80097,6.80314,1.50,1.50
2012.04.10 17:14:37.060,6.80097,6.80308,1.50,1.50
2012.04.10 17:14:37.246,6.80072,6.80293,1.50,2.25
2012.04.10 17:14:37.317,6.80072,6.80293,2.25,2.25
2012.04.10 17:14:37.512,6.80072,6.80293,1.50,2.25
2012.04.10 17:14:38.537,6.80072,6.80293,1.50,2.25
2012.04.10 17:14:38.733,6.80048,6.80266,2.25,2.25
2012.04.10 17:14:38.980,6.80076,6.80278,1.50,1.50
2012.04.10 17:14:39.107,6.80047,6.80268,3.00,2.25
2012.04.10 17:14:39.294,6.80047,6.80268,3.00,2.25
2012.04.10 17:14:39.489,6.8006,6.80268,1.50,2.25
2012.04.10 17:14:39.821,6.80074,6.80289,2.25,1.50
2012.04.10 17:14:40.460,6.80074,6.80289,2.25,1.50
2012.04.10 17:14:41.460,6.80074,6.80289,2.25,1.50
2012.04.10 17:14:44.932,6.80074,6.80295,2.25,2.25
2012.04.10 17:14:45.061,6.80079,6.80295,1.50,2.25
2012.04.10 17:14:45.131,6.80109,6.80306,1.50,1.50
2012.04.10 17:14:46.411,6.80109,6.80306,2.25,1.50
2012.04.10 17:14:46.541,6.8011,6.80317,1.50,1.50
2012.04.10 17:14:46.612,6.8011,6.80322,1.50,1.50
2012.04.10 17:14:46.680,6.80137,6.8035,1.50,1.50
2012.04.10 17:14:47.371,6.80137,6.80332,1.50,1.50
2012.04.10 17:14:47.447,6.80099,6.80314,1.50,1.50
2012.04.10 17:14:47.520,6.80073,6.80294,1.50,2.25
2012.04.10 17:14:47.708,6.80073,6.80294,1.50,2.25
2012.04.10 17:14:48.359,6.80084,6.80294,1.50,2.25
2012.04.10 17:14:50.420,6.80084,6.80294,1.50,2.25
2012.04.10 17:14:50.792,6.80078,6.80294,1.50,2.25
2012.04.10 17:14:50.967,6.8007,6.80294,2.25,2.25
2012.04.10 17:14:53.106,6.8007,6.80294,1.50,2.25
2012.04.10 17:14:53.197,6.8007,6.80294,1.50,2.25
2012.04.10 17:14:53.531,6.8007,6.80251,1.50,1.50
2012.04.10 17:14:53.675,6.80017,6.80226,1.50,1.50
2012.04.10 17:15:00.856,6.8003,6.80253,1.50,2.25
2012.04.10 17:15:01.128,6.80008,6.80226,1.50,1.50
2012.04.10 17:15:01.749,6.80004,6.80182,1.50,2.25
2012.04.10 17:15:01.878,6.79977,6.80158,1.50,1.50
2012.04.10 17:15:03.974,6.80013,6.80182,1.50,2.25
2012.04.10 17:15:04.057,6.79983,6.80182,1.50,2.25
2012.04.10 17:15:04.129,6.79997,6.80182,1.50,2.25
2012.04.10 17:15:04.260,6.80004,6.80182,1.50,2.25
2012.04.10 17:15:04.590,6.80014,6.80206,1.50,1.50
2012.04.10 17:15:05.050,6.80037,6.80206,2.25,1.50
2012.04.10 17:15:07.136,6.80037,6.80206,2.25,1.50
2012.04.10 17:15:08.412,6.80033,6.80206,1.50,1.50
2012.04.10 17:15:12.366,6.80011,6.80206,1.50,1.50
2012.04.10 17:15:12.555,6.80011,6.80231,1.50,2.25
2012.04.10 17:15:12.626,6.8006,6.80274,2.25,1.50
2012.04.10 17:15:12.695,6.8006,6.80283,2.25,2.25
2012.04.10 17:15:21.484,6.80067,6.80283,1.50,2.25
2012.04.10 17:15:21.565,6.80075,6.80283,2.25,1.50
2012.04.10 17:15:21.643,6.80099,6.80302,1.50,1.50
2012.04.10 17:15:21.900,6.80092,6.80315,1.50,2.25
2012.04.10 17:15:22.544,6.80092,6.80315,2.25,2.25
2012.04.10 17:15:23.087,6.80097,6.80315,1.50,2.25
2012.04.10 17:15:23.842,6.80092,6.80315,2.25,2.25
2012.04.10 17:15:23.913,6.80097,6.80315,1.50,2.25
2012.04.10 17:15:24.394,6.80103,6.80315,1.50,2.25
2012.04.10 17:15:24.535,6.80098,6.80315,1.50,2.25
2012.04.10 17:15:25.130,6.80098,6.80315,1.50,1.50
2012.04.10 17:15:25.446,6.80092,6.80315,2.25,2.25
2012.04.10 17:15:25.524,6.80093,6.80315,1.50,2.25
2012.04.10 17:15:27.446,6.80092,6.80315,2.25,2.25
2012.04.10 17:15:28.049,6.80093,6.80315,1.50,2.25
2012.04.10 17:15:28.230,6.80094,6.80315,1.50,2.25
2012.04.10 17:15:28.301,6.80108,6.80315,1.50,2.25
2012.04.10 17:15:31.777,6.80092,6.80315,1.50,2.25
2012.04.10 17:15:32.152,6.80069,6.80287,2.25,2.25
2012.04.10 17:15:34.871,6.80029,6.80252,2.25,1.50
2012.04.10 17:15:34.944,6.80029,6.80252,1.50,2.25
2012.04.10 17:15:35.315,6.80017,6.80224,1.50,1.50
2012.04.10 17:15:35.511,6.80029,6.80248,1.50,2.25
2012.04.10 17:15:35.640,6.80057,6.80278,1.50,2.25
2012.04.10 17:15:36.851,6.8003,6.80253,2.25,2.25
2012.04.10 17:15:40.521,6.8003,6.80253,1.50,2.25
2012.04.10 17:15:42.902,6.8003,6.80253,1.50,2.25
2012.04.10 17:15:43.237,6.80004,6.80203,1.50,1.50
2012.04.10 17:15:43.581,6.7998,6.80184,2.25,1.50
2012.04.10 17:15:43.655,6.79961,6.80184,2.25,2.25
2012.04.10 17:15:49.636,6.79989,6.80202,1.50,1.50
2012.04.10 17:15:49.980,6.79997,6.8022,1.50,2.25
2012.04.10 17:15:51.495,6.79997,6.8022,2.25,1.50
2012.04.10 17:15:51.575,6.80022,6.80232,1.50,1.50
2012.04.10 17:15:51.890,6.80051,6.80224,1.50,1.50
2012.04.10 17:15:53.625,6.80051,6.80246,1.50,1.50
2012.04.10 17:15:53.770,6.80077,6.80246,1.50,1.50
2012.04.10 17:15:54.961,6.80055,6.80246,1.50,1.50
2012.04.10 17:15:55.033,6.80027,6.80246,1.50,1.50
2012.04.10 17:15:56.976,6.80035,6.80249,1.50,1.50
2012.04.10 17:15:57.871,6.8006,6.80249,1.50,1.50
2012.04.10 17:16:01.561,6.8006,6.80259,1.50,1.50
2012.04.10 17:16:04.428,6.8006,6.80277,1.50,1.50
2012.04.10 17:16:04.779,6.8006,6.8027,1.50,1.50
2012.04.10 17:16:05.134,6.80034,6.80257,1.50,2.25
2012.04.10 17:16:06.236,6.80059,6.80279,1.50,1.50
2012.04.10 17:16:06.801,6.80059,6.80279,1.50,1.50
2012.04.10 17:16:07.256,6.80061,6.80279,1.50,1.50
2012.04.10 17:16:07.462,6.80059,6.80279,1.50,1.50
2012.04.10 17:16:07.528,6.80084,6.80279,1.50,1.50
2012.04.10 17:16:07.598,6.80061,6.80279,1.50,1.50
2012.04.10 17:16:12.933,6.80084,6.80279,1.50,1.50
2012.04.10 17:16:13.132,6.80084,6.80279,1.50,1.50
2012.04.10 17:16:13.678,6.80116,6.803,1.50,1.50
2012.04.10 17:16:14.059,6.80116,6.803,1.50,1.50
2012.04.10 17:16:24.237,6.8009,6.80314,2.25,2.25
2012.04.10 17:16:25.185,6.8009,6.80314,2.25,2.25
2012.04.10 17:16:25.697,6.8009,6.80314,2.25,2.25
2012.04.10 17:16:27.214,6.80117,6.80326,1.50,1.50
2012.04.10 17:16:27.416,6.80117,6.80338,2.25,3.75
2012.04.10 17:16:27.623,6.80125,6.80338,2.25,2.25
2012.04.10 17:16:27.689,6.8015,6.80351,1.50,1.50
2012.04.10 17:16:28.689,6.80125,6.80346,2.25,2.25
2012.04.10 17:16:29.283,6.80123,6.80346,2.25,2.25
2012.04.10 17:16:30.505,6.80123,6.80346,1.50,2.25
2012.04.10 17:16:30.685,6.80112,6.80317,1.50,1.50
2012.04.10 17:16:31.027,6.80098,6.80317,1.50,2.25
2012.04.10 17:16:31.328,6.80098,6.80317,1.50,2.25
2012.04.10 17:16:32.369,6.80094,6.80317,2.25,2.25
2012.04.10 17:16:32.560,6.80094,6.80317,1.50,2.25
2012.04.10 17:16:36.445,6.80094,6.80317,2.25,2.25
2012.04.10 17:16:38.555,6.80087,6.80292,1.50,1.50
2012.04.10 17:16:38.967,6.80087,6.80292,1.50,1.50
2012.04.10 17:16:41.166,6.80077,6.80292,1.50,1.50
2012.04.10 17:16:43.637,6.80087,6.80292,1.50,1.50
2012.04.10 17:16:49.132,6.80078,6.80292,1.50,1.50
2012.04.10 17:16:54.867,6.80087,6.80292,1.50,1.50
2012.04.10 17:16:54.937,6.80097,6.80319,1.50,2.25
2012.04.10 17:17:01.581,6.80097,6.80319,2.25,2.25
2012.04.10 17:17:03.836,6.80097,6.80319,1.50,2.25
2012.04.10 17:17:08.991,6.80078,6.80291,1.50,1.50
2012.04.10 17:17:09.067,6.8007,6.80291,2.25,2.25
2012.04.10 17:17:09.617,6.8007,6.80226,1.50,2.25
2012.04.10 17:17:09.695,6.79969,6.80202,1.50,1.50
2012.04.10 17:17:11.272,6.80018,6.80227,1.50,2.25
2012.04.10 17:17:11.347,6.80031,6.80252,1.50,1.50
2012.04.10 17:17:12.418,6.80031,6.80252,1.50,1.50
2012.04.10 17:17:13.283,6.80055,6.80261,1.50,1.50
2012.04.10 17:17:14.377,6.80058,6.80278,1.50,2.25
2012.04.10 17:17:14.448,6.80082,6.80283,1.50,1.50
2012.04.10 17:17:14.881,6.80057,6.80278,1.50,2.25
2012.04.10 17:17:17.860,6.80057,6.80271,1.50,1.50
2012.04.10 17:17:19.458,6.80033,6.80251,1.50,2.25
2012.04.10 17:17:19.526,6.80028,6.80251,2.25,2.25
2012.04.10 17:17:21.846,6.80029,6.80251,1.50,2.25
2012.04.10 17:17:22.629,6.80055,6.80271,1.50,1.50
2012.04.10 17:17:25.970,6.80031,6.80251,1.50,2.25
2012.04.10 17:17:26.708,6.8003,6.80251,1.50,2.25
2012.04.10 17:17:30.088,6.80005,6.80201,2.25,1.50
2012.04.10 17:17:30.167,6.79978,6.80201,3.00,1.50
2012.04.10 17:17:31.554,6.80008,6.80229,1.50,2.25
2012.04.10 17:17:31.953,6.80008,6.80229,1.50,2.25
2012.04.10 17:17:32.556,6.79981,6.80204,2.25,1.50
2012.04.10 17:17:34.068,6.80035,6.80258,1.50,2.25
2012.04.10 17:17:34.382,6.80014,6.80232,1.50,1.50
2012.04.10 17:17:37.826,6.8001,6.80232,1.50,2.25
2012.04.10 17:17:38.360,6.80009,6.80232,1.50,2.25
2012.04.10 17:17:38.793,6.79981,6.80202,2.25,1.50
2012.04.10 17:17:46.947,6.80005,6.80226,1.50,2.25
2012.04.10 17:17:47.751,6.8003,6.80243,1.50,1.50
2012.04.10 17:17:48.810,6.8003,6.80243,1.50,1.50
2012.04.10 17:17:54.783,6.80032,6.80253,2.25,2.25
2012.04.10 17:17:55.319,6.80055,6.80261,1.50,1.50
2012.04.10 17:17:57.764,6.80029,6.8025,2.25,2.25
2012.04.10 17:17:57.842,6.80029,6.8025,1.50,2.25
2012.04.10 17:17:57.911,6.80008,6.80224,1.50,1.50
2012.04.10 17:17:58.512,6.80017,6.80224,1.50,1.50
2012.04.10 17:17:58.970,6.80028,6.80251,1.50,2.25
2012.04.10 17:17:59.586,6.80028,6.80251,2.25,2.25
2012.04.10 17:17:59.657,6.80028,6.80251,3.00,2.25
2012.04.10 17:17:59.953,6.80028,6.80251,2.25,2.25
2012.04.10 17:18:01.209,6.80028,6.80251,3.00,2.25
2012.04.10 17:18:01.457,6.80038,6.80251,1.50,2.25
2012.04.10 17:18:01.587,6.80039,6.80251,1.50,2.25
2012.04.10 17:18:01.899,6.80054,6.80277,1.50,2.25
2012.04.10 17:18:02.482,6.80031,6.80243,2.25,1.50
2012.04.10 17:18:02.561,6.8002,6.80243,1.50,2.25
2012.04.10 17:18:06.442,6.8002,6.80243,2.25,2.25
2012.04.10 17:18:06.838,6.80045,6.80266,1.50,2.25
2012.04.10 17:18:06.909,6.80045,6.80266,1.50,2.25
2012.04.10 17:18:07.619,6.80072,6.80293,2.25,2.25
2012.04.10 17:18:07.761,6.80095,6.80305,1.50,1.50
2012.04.10 17:18:08.077,6.80072,6.80291,1.50,2.25
2012.04.10 17:18:08.153,6.8007,6.80291,1.50,2.25
2012.04.10 17:18:08.490,6.8007,6.80291,2.25,2.25
2012.04.10 17:18:09.741,6.8007,6.80291,2.25,2.25
2012.04.10 17:18:09.955,6.80079,6.80291,1.50,2.25
2012.04.10 17:18:10.230,6.80083,6.80291,1.50,2.25
2012.04.10 17:18:10.765,6.80095,6.80316,2.25,2.25
2012.04.10 17:18:10.908,6.80095,6.80316,2.25,2.25
2012.04.10 17:18:11.354,6.80131,6.80335,1.50,1.50
2012.04.10 17:18:12.902,6.80131,6.80349,1.50,1.50
2012.04.10 17:18:13.124,6.80131,6.80349,1.50,1.50
2012.04.10 17:18:15.504,6.80107,6.80318,2.25,2.25
2012.04.10 17:18:15.896,6.80123,6.80343,1.50,2.25
2012.04.10 17:18:16.388,6.80123,6.80344,2.25,2.25
2012.04.10 17:18:17.414,6.80123,6.80344,2.25,2.25
2012.04.10 17:18:17.490,6.80123,6.80344,2.25,2.25
2012.04.10 17:18:18.325,6.80123,6.80344,2.25,2.25
2012.04.10 17:18:18.405,6.80123,6.80344,2.25,2.25
2012.04.10 17:18:18.734,6.8015,6.80369,1.50,1.50
2012.04.10 17:18:18.945,6.8015,6.80369,2.25,1.50
2012.04.10 17:18:20.682,6.8015,6.80369,1.50,1.50
2012.04.10 17:18:20.993,6.80127,6.80344,1.50,2.25
2012.04.10 17:18:21.183,6.80102,6.80317,1.50,2.25
2012.04.10 17:18:21.252,6.80102,6.80317,1.50,2.25
2012.04.10 17:18:21.343,6.80102,6.80317,1.50,2.25
2012.04.10 17:18:21.820,6.80102,6.80317,1.50,2.25
2012.04.10 17:18:22.540,6.80102,6.80317,1.50,2.25
2012.04.10 17:18:22.724,6.80102,6.80317,1.50,2.25
2012.04.10 17:18:22.908,6.80098,6.80317,1.50,2.25
2012.04.10 17:18:23.157,6.80102,6.80317,1.50,2.25
2012.04.10 17:18:23.970,6.80102,6.80317,1.50,2.25
2012.04.10 17:18:25.194,6.80124,6.80345,2.25,2.25
2012.04.10 17:18:26.069,6.80124,6.80345,2.25,2.25
2012.04.10 17:18:26.138,6.80124,6.80345,2.25,2.25
2012.04.10 17:18:26.839,6.80104,6.80319,1.50,2.25
2012.04.10 17:18:26.909,6.80104,6.80319,1.50,2.25
2012.04.10 17:18:27.062,6.80104,6.80319,1.50,2.25
2012.04.10 17:18:27.131,6.80102,6.80319,1.50,2.25
2012.04.10 17:18:27.817,6.80102,6.80319,1.50,2.25
2012.04.10 17:18:30.744,6.80103,6.80319,1.50,2.25
2012.04.10 17:18:31.203,6.80103,6.80319,1.50,2.25
2012.04.10 17:18:32.703,6.80103,6.80319,1.50,2.25
2012.04.10 17:18:32.787,6.80149,6.80344,2.25,1.50
2012.04.10 17:18:32.867,6.80188,6.8038,1.50,1.50
2012.04.10 17:18:33.244,6.80188,6.8038,1.50,1.50
2012.04.10 17:18:33.453,6.80188,6.8038,2.25,1.50
2012.04.10 17:18:40.299,6.80164,6.8038,2.25,1.50
2012.04.10 17:18:40.819,6.80164,6.8038,2.25,1.50
2012.04.10 17:18:42.236,6.80164,6.8038,2.25,1.50
2012.04.10 17:18:43.419,6.80136,6.80359,2.25,2.25
2012.04.10 17:18:43.641,6.80136,6.80359,2.25,2.25
2012.04.10 17:18:44.123,6.80136,6.80359,2.25,2.25
2012.04.10 17:18:48.863,6.80136,6.80359,2.25,2.25
2012.04.10 17:18:49.138,6.80138,6.80359,1.50,2.25
2012.04.10 17:18:49.502,6.80136,6.80359,2.25,2.25
2012.04.10 17:18:49.578,6.80136,6.80358,2.25,1.50
2012.04.10 17:18:51.621,6.80136,6.80358,2.25,1.50
2012.04.10 17:18:52.362,6.80136,6.80358,2.25,1.50
2012.04.10 17:18:52.493,6.80136,6.80358,2.25,1.50
2012.04.10 17:18:57.979,6.80118,6.80334,1.50,2.25
2012.04.10 17:18:58.109,6.80111,6.80334,2.25,2.25
2012.04.10 17:19:00.326,6.80111,6.80334,1.50,2.25
2012.04.10 17:19:00.697,6.80078,6.8027,1.50,1.50
2012.04.10 17:19:00.917,6.80078,6.80287,1.50,1.50
2012.04.10 17:19:00.995,6.80068,6.8026,1.50,1.50
2012.04.10 17:19:01.141,6.80055,6.8026,1.50,1.50
2012.04.10 17:19:01.517,6.80045,6.8026,1.50,2.25
2012.04.10 17:19:01.828,6.80045,6.8026,1.50,2.25
2012.04.10 17:19:02.509,6.80045,6.8026,1.50,2.25
2012.04.10 17:19:02.992,6.80067,6.80285,1.50,1.50
2012.04.10 17:19:03.061,6.80067,6.80285,2.25,1.50
2012.04.10 17:19:03.195,6.80067,6.80288,2.25,2.25
2012.04.10 17:19:03.756,6.80067,6.80285,1.50,1.50
2012.04.10 17:19:03.908,6.80067,6.80285,2.25,1.50
2012.04.10 17:19:04.056,6.80067,6.80288,1.50,2.25
2012.04.10 17:19:04.646,6.80067,6.80284,1.50,1.50
2012.04.10 17:19:05.083,6.80067,6.80284,2.25,1.50
2012.04.10 17:19:05.215,6.80071,6.80288,1.50,2.25
2012.04.10 17:19:05.294,6.80093,6.8031,2.25,1.50
2012.04.10 17:19:05.617,6.80119,6.80325,2.25,1.50
2012.04.10 17:19:07.514,6.80119,6.80325,1.50,1.50
2012.04.10 17:19:08.726,6.80094,6.80289,1.50,1.50
2012.04.10 17:19:08.803,6.80065,6.80283,1.50,2.25
2012.04.10 17:19:09.107,6.80059,6.80283,2.25,2.25
2012.04.10 17:19:09.930,6.80059,6.80283,2.25,2.25
2012.04.10 17:19:10.257,6.8011,6.80306,2.25,2.25
2012.04.10 17:19:10.333,6.8011,6.80306,2.25,2.25
2012.04.10 17:19:10.535,6.8011,6.80328,2.25,1.50
2012.04.10 17:19:10.611,6.8011,6.80328,1.50,1.50
2012.04.10 17:19:10.945,6.8011,6.80316,1.50,1.50
2012.04.10 17:19:11.031,6.80084,6.80305,2.25,2.25
2012.04.10 17:19:13.065,6.80084,6.80305,2.25,2.25
2012.04.10 17:19:13.410,6.80092,6.80305,1.50,2.25
2012.04.10 17:19:13.487,6.8011,6.80316,2.25,1.50
2012.04.10 17:19:13.684,6.8011,6.80326,2.25,1.50
2012.04.10 17:19:13.900,6.8011,6.80326,2.25,1.50
2012.04.10 17:19:14.583,6.80113,6.80325,2.25,1.50
2012.04.10 17:19:16.941,6.80124,6.80329,1.50,2.25
2012.04.10 17:19:17.014,6.80125,6.80329,1.50,1.50
2012.04.10 17:19:17.510,6.80145,6.80368,2.25,2.25
2012.04.10 17:19:17.760,6.80148,6.80368,1.50,2.25
2012.04.10 17:19:17.836,6.80164,6.80368,1.50,2.25
2012.04.10 17:19:17.986,6.80175,6.80382,1.50,1.50
2012.04.10 17:19:18.066,6.80204,6.80388,2.25,2.25
2012.04.10 17:19:18.148,6.80204,6.8041,2.25,1.50
2012.04.10 17:19:18.688,6.80204,6.8041,2.25,1.50
2012.04.10 17:19:18.762,6.80204,6.8041,2.25,1.50
2012.04.10 17:19:18.833,6.80204,6.8041,2.25,1.50
2012.04.10 17:19:19.620,6.8018,6.80403,2.25,2.25
2012.04.10 17:19:20.136,6.8018,6.80403,2.25,2.25
2012.04.10 17:19:20.430,6.8018,6.80403,2.25,2.25
2012.04.10 17:19:20.601,6.8018,6.80403,2.25,2.25
2012.04.10 17:19:20.675,6.8018,6.80403,2.25,2.25
2012.04.10 17:19:20.893,6.8018,6.80403,2.25,2.25
2012.04.10 17:19:21.109,6.8018,6.80403,2.25,2.25
2012.04.10 17:19:21.330,6.8018,6.80403,2.25,2.25
2012.04.10 17:19:21.853,6.8018,6.80403,2.25,2.25
2012.04.10 17:19:21.944,6.8018,6.80363,2.25,1.50
2012.04.10 17:19:22.022,6.80143,6.8034,1.50,1.50
2012.04.10 17:19:22.095,6.80143,6.8034,1.50,1.50
2012.04.10 17:19:22.541,6.80144,6.80365,2.25,2.25
2012.04.10 17:19:22.632,6.80144,6.80365,2.25,2.25
2012.04.10 17:19:23.132,6.80144,6.80363,2.25,2.25
2012.04.10 17:19:23.210,6.80118,6.8034,1.50,2.25
2012.04.10 17:19:23.287,6.80118,6.8034,1.50,2.25
2012.04.10 17:19:23.854,6.80141,6.80364,2.25,2.25
2012.04.10 17:19:24.971,6.80203,6.80375,2.25,1.50
2012.04.10 17:19:25.326,6.80243,6.80391,1.50,1.50
2012.04.10 17:19:25.407,6.80243,6.80391,1.50,1.50
2012.04.10 17:19:25.490,6.8025,6.80491,2.25,1.50
2012.04.10 17:19:25.693,6.8025,6.80492,2.25,1.50
2012.04.10 17:19:26.034,6.8023,6.80458,1.50,2.25
2012.04.10 17:19:26.247,6.80223,6.8045,2.25,2.25
2012.04.10 17:19:26.320,6.80229,6.8045,1.50,1.50
2012.04.10 17:19:26.464,6.80247,6.8049,2.25,2.25
2012.04.10 17:19:26.532,6.80229,6.8043,1.50,1.50
2012.04.10 17:19:26.876,6.80247,6.80454,2.25,2.25
2012.04.10 17:19:27.388,6.80247,6.80461,2.25,1.50
2012.04.10 17:19:27.482,6.80218,6.80435,1.50,2.25
2012.04.10 17:19:27.623,6.80245,6.80451,2.25,1.50
2012.04.10 17:19:27.691,6.80245,6.80468,2.25,2.25
2012.04.10 17:19:29.518,6.80245,6.80468,2.25,2.25
2012.04.10 17:19:29.874,6.80271,6.80492,2.25,1.50
2012.04.10 17:19:30.081,6.80271,6.80492,2.25,1.50
2012.04.10 17:19:31.555,6.80248,6.80468,1.50,2.25
2012.04.10 17:19:31.635,6.80248,6.80468,1.50,2.25
2012.04.10 17:19:31.716,6.80245,6.80468,2.25,2.25
2012.04.10 17:19:31.855,6.80245,6.80463,2.25,1.50
2012.04.10 17:19:32.073,6.80245,6.80462,2.25,2.25
2012.04.10 17:19:32.152,6.80243,6.80466,2.25,2.25
2012.04.10 17:19:32.354,6.80243,6.80466,2.25,2.25
2012.04.10 17:19:32.688,6.80243,6.80466,2.25,2.25
2012.04.10 17:19:33.452,6.80243,6.80466,2.25,2.25
2012.04.10 17:19:33.711,6.8027,6.80482,2.25,1.50
2012.04.10 17:19:33.861,6.8027,6.80482,2.25,1.50
2012.04.10 17:19:34.568,6.8027,6.80483,2.25,1.50
2012.04.10 17:19:34.669,6.8027,6.80477,1.50,1.50
2012.04.10 17:19:35.204,6.80207,6.80416,1.50,2.25
2012.04.10 17:19:35.280,6.80206,6.80416,1.50,2.25
2012.04.10 17:19:35.388,6.80206,6.80416,1.50,2.25
2012.04.10 17:19:35.963,6.80208,6.80416,1.50,2.25
2012.04.10 17:19:36.944,6.80229,6.80448,2.25,1.50
2012.04.10 17:19:37.021,6.80253,6.80448,2.25,1.50
2012.04.10 17:19:37.219,6.80253,6.80465,2.25,1.50
2012.04.10 17:19:37.389,6.80253,6.80465,2.25,1.50
2012.04.10 17:19:38.152,6.80253,6.80474,2.25,2.25
2012.04.10 17:19:38.226,6.80253,6.80474,2.25,2.25
2012.04.10 17:19:38.658,6.80253,6.80474,2.25,2.25
2012.04.10 17:19:39.104,6.80253,6.80471,2.25,1.50
2012.04.10 17:19:40.476,6.80253,6.80474,2.25,2.25
2012.04.10 17:19:41.298,6.80253,6.80474,2.25,2.25
2012.04.10 17:19:41.431,6.80253,6.80474,2.25,2.25
2012.04.10 17:19:41.838,6.80253,6.8047,2.25,1.50
2012.04.10 17:19:43.905,6.80253,6.8047,2.25,1.50
2012.04.10 17:19:44.050,6.80279,6.8047,2.25,1.50
2012.04.10 17:19:44.240,6.80279,6.8048,2.25,1.50
2012.04.10 17:19:45.765,6.80279,6.8048,2.25,1.50
2012.04.10 17:19:46.422,6.80279,6.8048,2.25,1.50
2012.04.10 17:19:46.922,6.80282,6.80502,1.50,2.25
2012.04.10 17:19:47.303,6.80299,6.80502,1.50,1.50
2012.04.10 17:19:47.380,6.80307,6.80526,1.50,2.25
2012.04.10 17:19:47.457,6.80307,6.80526,1.50,2.25
2012.04.10 17:19:47.815,6.80303,6.80526,2.25,2.25
2012.04.10 17:19:47.968,6.80303,6.80526,2.25,2.25
2012.04.10 17:19:48.428,6.80297,6.80488,1.50,2.25
2012.04.10 17:19:48.519,6.80297,6.80487,1.50,2.25
2012.04.10 17:19:48.838,6.80257,6.80448,1.50,1.50
2012.04.10 17:19:49.058,6.80257,6.80448,1.50,1.50
2012.04.10 17:19:49.127,6.80257,6.80472,1.50,3.75
2012.04.10 17:19:49.197,6.80257,6.80446,1.50,1.50
2012.04.10 17:19:49.611,6.80257,6.80446,1.50,1.50
2012.04.10 17:19:50.296,6.80312,6.80552,2.25,2.25
2012.04.10 17:19:50.375,6.80312,6.80552,2.25,2.25
2012.04.10 17:19:50.457,6.80286,6.80529,2.25,2.25
2012.04.10 17:19:50.889,6.80274,6.805,1.50,1.50
2012.04.10 17:19:51.092,6.80274,6.805,1.50,1.50
2012.04.10 17:19:51.340,6.80267,6.8048,1.50,2.25
2012.04.10 17:19:53.411,6.80273,6.8048,1.50,1.50
2012.04.10 17:19:54.543,6.80282,6.80505,2.25,2.25
2012.04.10 17:19:54.611,6.80282,6.80505,2.25,2.25
2012.04.10 17:19:54.999,6.80282,6.80497,2.25,1.50
2012.04.10 17:19:55.501,6.80282,6.80497,2.25,1.50
2012.04.10 17:19:55.572,6.80273,6.80461,1.50,1.50
2012.04.10 17:19:55.986,6.80266,6.8048,2.25,1.50
2012.04.10 17:19:56.188,6.80266,6.80489,2.25,2.25
2012.04.10 17:19:56.261,6.80266,6.80489,2.25,2.25
2012.04.10 17:19:59.514,6.80266,6.80489,2.25,2.25
2012.04.10 17:19:59.719,6.80266,6.80489,2.25,2.25
2012.04.10 17:19:59.943,6.80266,6.80487,2.25,2.25
2012.04.10 17:20:00.253,6.80243,6.80462,3.00,2.25
2012.04.10 17:20:01.561,6.80273,6.80481,1.50,1.50
2012.04.10 17:20:01.764,6.80297,6.80518,2.25,2.25
2012.04.10 17:20:01.902,6.80341,6.8053,2.25,1.50
2012.04.10 17:20:01.966,6.80341,6.8053,2.25,1.50
2012.04.10 17:20:03.958,6.80315,6.80538,2.25,2.25
2012.04.10 17:20:04.812,6.80315,6.80537,2.25,3.00
2012.04.10 17:20:05.989,6.80303,6.8049,1.50,1.50
2012.04.10 17:20:06.060,6.80299,6.80462,1.50,1.50
2012.04.10 17:20:06.205,6.80298,6.80462,1.50,1.50
2012.04.10 17:20:06.875,6.80257,6.80462,1.50,1.50
2012.04.10 17:20:07.267,6.80257,6.80462,1.50,1.50
2012.04.10 17:20:08.828,6.80268,6.80489,2.25,2.25
2012.04.10 17:20:09.418,6.80268,6.80489,2.25,2.25
2012.04.10 17:20:09.881,6.80268,6.80489,2.25,2.25
2012.04.10 17:20:10.282,6.80268,6.80489,2.25,2.25
2012.04.10 17:20:10.480,6.80279,6.80489,1.50,2.25
2012.04.10 17:20:10.553,6.80268,6.80489,2.25,2.25
2012.04.10 17:20:10.625,6.80279,6.80489,1.50,2.25
2012.04.10 17:20:10.703,6.80297,6.80507,2.25,1.50
2012.04.10 17:20:11.047,6.80297,6.80507,2.25,1.50
2012.04.10 17:20:11.123,6.80268,6.80489,2.25,2.25
2012.04.10 17:20:14.331,6.80267,6.80463,1.50,1.50
2012.04.10 17:20:15.556,6.80267,6.80463,1.50,1.50
2012.04.10 17:20:15.641,6.80252,6.80463,1.50,2.25
2012.04.10 17:20:15.717,6.80248,6.80463,1.50,2.25
2012.04.10 17:20:15.797,6.80242,6.80463,2.25,2.25
2012.04.10 17:20:16.118,6.80234,6.80439,1.50,2.25
2012.04.10 17:20:16.485,6.80247,6.80468,2.25,2.25
2012.04.10 17:20:16.706,6.80247,6.80468,2.25,2.25
2012.04.10 17:20:17.902,6.80247,6.80469,2.25,2.25
2012.04.10 17:20:17.969,6.80247,6.80469,2.25,2.25
2012.04.10 17:20:18.250,6.80247,6.80469,2.25,2.25
2012.04.10 17:20:19.155,6.80253,6.80469,1.50,2.25
2012.04.10 17:20:19.486,6.80234,6.80435,1.50,2.25
2012.04.10 17:20:20.373,6.80225,6.80435,1.50,2.25
2012.04.10 17:20:20.445,6.80214,6.80435,3.00,2.25
2012.04.10 17:20:21.119,6.80214,6.80409,1.50,1.50
2012.04.10 17:20:21.193,6.80205,6.80409,1.50,1.50
2012.04.10 17:20:21.443,6.80197,6.80409,1.50,1.50
2012.04.10 17:20:21.928,6.80205,6.80409,1.50,1.50
2012.04.10 17:20:23.252,6.80198,6.80409,1.50,1.50
2012.04.10 17:20:23.325,6.80193,6.80409,1.50,2.25
2012.04.10 17:20:24.359,6.80194,6.80409,1.50,2.25
2012.04.10 17:20:25.288,6.80194,6.80409,1.50,2.25
2012.04.10 17:20:25.426,6.80188,6.80407,1.50,1.50
2012.04.10 17:20:25.832,6.80162,6.80357,1.50,2.25
2012.04.10 17:20:25.906,6.80147,6.80357,1.50,2.25
2012.04.10 17:20:26.211,6.80147,6.80368,2.25,2.25
2012.04.10 17:20:26.698,6.80176,6.80394,1.50,1.50
2012.04.10 17:20:26.951,6.80154,6.80372,1.50,2.25
2012.04.10 17:20:27.022,6.80177,6.80394,1.50,1.50
2012.04.10 17:20:27.727,6.80154,6.80373,1.50,2.25
2012.04.10 17:20:29.418,6.80154,6.80373,1.50,2.25
2012.04.10 17:20:30.628,6.80154,6.80373,1.50,2.25
2012.04.10 17:20:30.871,6.8015,6.80373,1.50,2.25
2012.04.10 17:20:31.022,6.80126,6.80349,2.25,2.25
2012.04.10 17:20:31.234,6.80126,6.80349,1.50,2.25
2012.04.10 17:20:31.370,6.80104,6.80319,1.50,2.25
2012.04.10 17:20:31.502,6.80101,6.80319,1.50,2.25
2012.04.10 17:20:31.631,6.80098,6.80319,2.25,2.25
2012.04.10 17:20:32.067,6.80098,6.80319,1.50,2.25
2012.04.10 17:20:32.464,6.80098,6.80319,2.25,2.25
2012.04.10 17:20:33.166,6.80098,6.80319,2.25,2.25
2012.04.10 17:20:33.693,6.80105,6.80319,1.50,2.25
2012.04.10 17:20:33.991,6.80144,6.80363,2.25,1.50
2012.04.10 17:20:34.362,6.80144,6.80365,2.25,2.25
2012.04.10 17:20:35.539,6.80144,6.80365,2.25,2.25
2012.04.10 17:20:35.919,6.80144,6.80364,2.25,1.50
2012.04.10 17:20:36.116,6.80144,6.80356,2.25,1.50
2012.04.10 17:20:36.194,6.80119,6.80336,2.25,2.25
2012.04.10 17:20:36.272,6.80119,6.80336,2.25,2.25
2012.04.10 17:20:36.762,6.80115,6.80336,2.25,2.25
2012.04.10 17:20:36.960,6.80115,6.80336,2.25,2.25
2012.04.10 17:20:37.455,6.80115,6.80336,2.25,2.25
2012.04.10 17:20:37.887,6.80115,6.80336,1.50,2.25
2012.04.10 17:20:38.321,6.80115,6.80336,2.25,2.25
2012.04.10 17:20:39.039,6.80115,6.80336,1.50,2.25
2012.04.10 17:20:39.749,6.80115,6.80336,2.25,2.25
2012.04.10 17:20:40.084,6.80124,6.80336,1.50,2.25
2012.04.10 17:20:40.165,6.80138,6.80356,2.25,1.50
2012.04.10 17:20:40.713,6.80163,6.80356,1.50,1.50
2012.04.10 17:20:40.858,6.80141,6.8036,2.25,2.25
2012.04.10 17:20:41.989,6.80118,6.80333,1.50,2.25
2012.04.10 17:20:42.131,6.8011,6.80333,2.25,2.25
2012.04.10 17:20:42.930,6.8011,6.80333,2.25,2.25
2012.04.10 17:20:43.077,6.80138,6.80353,2.25,1.50
2012.04.10 17:20:43.269,6.80138,6.80361,2.25,2.25
2012.04.10 17:20:43.463,6.80138,6.80361,2.25,2.25
2012.04.10 17:20:43.589,6.80143,6.80361,1.50,2.25
2012.04.10 17:20:43.777,6.80143,6.80361,1.50,2.25
2012.04.10 17:20:45.473,6.80165,6.80388,2.25,2.25
2012.04.10 17:20:45.740,6.80165,6.80388,1.50,2.25
2012.04.10 17:20:45.958,6.80141,6.80351,1.50,2.25
2012.04.10 17:20:46.288,6.8012,6.80326,1.50,2.25
2012.04.10 17:20:46.369,6.80109,6.80326,1.50,2.25
2012.04.10 17:20:46.608,6.80103,6.80326,2.25,2.25
2012.04.10 17:20:46.790,6.80103,6.80326,2.25,2.25
2012.04.10 17:20:48.380,6.80103,6.80326,2.25,2.25
2012.04.10 17:20:49.151,6.80103,6.80326,2.25,2.25
2012.04.10 17:20:49.336,6.80103,6.80326,3.00,2.25
2012.04.10 17:20:49.829,6.80103,6.80326,3.00,2.25
2012.04.10 17:20:50.168,6.80139,6.8036,2.25,3.00
2012.04.10 17:20:50.582,6.80119,6.80332,1.50,2.25
2012.04.10 17:20:52.232,6.80119,6.80332,1.50,2.25
2012.04.10 17:20:55.742,6.80119,6.80332,1.50,2.25
2012.04.10 17:20:55.919,6.80119,6.80332,1.50,2.25
2012.04.10 17:20:56.633,6.80119,6.80332,1.50,2.25
2012.04.10 17:20:56.901,6.80119,6.80332,1.50,2.25
2012.04.10 17:20:57.041,6.80118,6.80332,1.50,2.25
2012.04.10 17:20:57.301,6.80111,6.80332,2.25,2.25
2012.04.10 17:20:57.717,6.80111,6.80332,1.50,2.25
2012.04.10 17:20:58.209,6.80111,6.80329,1.50,2.25
2012.04.10 17:20:58.280,6.80087,6.80306,2.25,2.25
2012.04.10 17:20:58.360,6.80088,6.80306,1.50,2.25
2012.04.10 17:20:58.934,6.80108,6.80306,1.50,2.25
2012.04.10 17:20:59.256,6.80088,6.80306,1.50,2.25
2012.04.10 17:20:59.334,6.80088,6.80306,1.50,3.00
2012.04.10 17:20:59.710,6.80083,6.80296,2.25,1.50
2012.04.10 17:20:59.789,6.80039,6.80246,1.50,2.25
2012.04.10 17:21:00.518,6.80039,6.80246,1.50,2.25
2012.04.10 17:21:01.170,6.80047,6.80246,1.50,2.25
2012.04.10 17:21:01.240,6.80047,6.80246,1.50,2.25
2012.04.10 17:21:01.612,6.80028,6.80246,1.50,2.25
2012.04.10 17:21:01.697,6.80058,6.80274,1.50,3.00
2012.04.10 17:21:03.347,6.80058,6.80273,1.50,1.50
2012.04.10 17:21:03.491,6.80077,6.80273,1.50,1.50
2012.04.10 17:21:03.883,6.80084,6.80286,2.25,1.50
2012.04.10 17:21:03.971,6.80118,6.80326,1.50,1.50
2012.04.10 17:21:04.283,6.80112,6.80327,2.25,1.50
2012.04.10 17:21:04.591,6.80098,6.80307,1.50,2.25
2012.04.10 17:21:05.787,6.80107,6.80307,1.50,2.25
2012.04.10 17:21:05.951,6.80107,6.80307,1.50,2.25
2012.04.10 17:21:06.018,6.80107,6.80307,1.50,2.25
2012.04.10 17:21:07.579,6.80107,6.80307,1.50,2.25
2012.04.10 17:21:08.128,6.80087,6.80305,1.50,2.25
2012.04.10 17:21:08.212,6.80067,6.80281,1.50,2.25
2012.04.10 17:21:10.199,6.80077,6.80281,1.50,2.25
2012.04.10 17:21:11.964,6.80098,6.80281,1.50,1.50
2012.04.10 17:21:12.047,6.80098,6.80305,1.50,2.25
2012.04.10 17:21:12.390,6.8016,6.80309,1.50,1.50
2012.04.10 17:21:12.832,6.8016,6.80309,1.50,1.50
2012.04.10 17:21:12.909,6.80098,6.80301,1.50,2.25
2012.04.10 17:21:17.303,6.8008,6.80297,2.25,1.50
2012.04.10 17:21:17.373,6.8008,6.80267,1.50,1.50
2012.04.10 17:21:17.569,6.8008,6.80267,1.50,1.50
2012.04.10 17:21:17.647,6.80055,6.80256,2.25,1.50
2012.04.10 17:21:17.720,6.80055,6.80247,2.25,1.50
2012.04.10 17:21:18.376,6.80043,6.80247,2.25,1.50
2012.04.10 17:21:20.425,6.80043,6.80236,2.25,1.50
2012.04.10 17:21:20.706,6.80043,6.80227,2.25,1.50
2012.04.10 17:21:20.785,6.80018,6.80227,3.75,1.50
2012.04.10 17:21:20.927,6.79989,6.80197,2.25,1.50
2012.04.10 17:21:26.080,6.79989,6.80187,2.25,1.50
2012.04.10 17:21:27.818,6.79964,6.80176,2.25,1.50
2012.04.10 17:21:30.438,6.79988,6.80177,2.25,1.50
2012.04.10 17:21:31.668,6.79988,6.80177,2.25,1.50
2012.04.10 17:21:31.801,6.79988,6.80167,1.50,1.50
2012.04.10 17:21:32.170,6.79951,6.80167,2.25,1.50
2012.04.10 17:21:33.530,6.79937,6.80147,2.25,2.25
2012.04.10 17:21:33.885,6.79937,6.80147,1.50,2.25
2012.04.10 17:21:33.950,6.79937,6.80147,1.50,2.25
2012.04.10 17:21:34.341,6.79918,6.80125,1.50,2.25
2012.04.10 17:21:35.220,6.79929,6.80136,2.25,1.50
2012.04.10 17:21:35.883,6.79908,6.80126,1.50,2.25
2012.04.10 17:21:36.432,6.79908,6.80126,1.50,2.25
2012.04.10 17:21:40.454,6.79905,6.80126,2.25,2.25
2012.04.10 17:21:40.657,6.7988,6.80103,2.25,2.25
2012.04.10 17:21:41.617,6.79858,6.80076,1.50,2.25
2012.04.10 17:21:43.018,6.79879,6.80076,1.50,1.50
2012.04.10 17:21:43.094,6.79881,6.80102,2.25,2.25
2012.04.10 17:21:43.371,6.79881,6.80102,2.25,2.25
2012.04.10 17:21:43.828,6.79907,6.80117,2.25,1.50
2012.04.10 17:21:44.035,6.79936,6.80117,2.25,1.50
2012.04.10 17:21:44.312,6.79936,6.80134,2.25,1.50
2012.04.10 17:21:44.575,6.79948,6.80143,1.50,1.50
2012.04.10 17:21:44.656,6.79958,6.80157,1.50,2.25
2012.04.10 17:21:45.123,6.79967,6.80157,1.50,2.25
2012.04.10 17:21:45.795,6.79967,6.80182,1.50,2.25
2012.04.10 17:21:45.873,6.79961,6.80182,2.25,2.25
2012.04.10 17:21:46.075,6.79955,6.80141,1.50,1.50
2012.04.10 17:21:46.407,6.79928,6.80141,1.50,2.25
2012.04.10 17:21:46.761,6.79949,6.80165,2.25,1.50
2012.04.10 17:21:46.843,6.79921,6.80144,2.25,2.25
2012.04.10 17:21:49.284,6.79921,6.8013,1.50,2.25
2012.04.10 17:21:49.398,6.79891,6.801,1.50,2.25
2012.04.10 17:21:49.546,6.79877,6.801,3.00,2.25
2012.04.10 17:21:50.093,6.79877,6.801,2.25,2.25
2012.04.10 17:21:50.222,6.79877,6.801,2.25,2.25
2012.04.10 17:21:50.291,6.79877,6.801,2.25,2.25
2012.04.10 17:21:50.789,6.79877,6.801,2.25,2.25
2012.04.10 17:21:57.994,6.79877,6.80095,2.25,2.25
2012.04.10 17:21:58.180,6.79863,6.80071,1.50,1.50
2012.04.10 17:21:58.730,6.79876,6.80097,2.25,2.25
2012.04.10 17:21:59.656,6.79876,6.80097,2.25,3.00
2012.04.10 17:22:01.668,6.79876,6.80097,2.25,3.00
2012.04.10 17:22:03.118,6.79876,6.80097,2.25,2.25
2012.04.10 17:22:05.060,6.79876,6.80097,2.25,2.25
2012.04.10 17:22:06.960,6.79902,6.80107,2.25,1.50
2012.04.10 17:22:07.107,6.79902,6.80125,2.25,2.25
2012.04.10 17:22:08.021,6.79948,6.80149,2.25,1.50
2012.04.10 17:22:08.149,6.79948,6.80149,2.25,1.50
2012.04.10 17:22:12.435,6.79923,6.80146,2.25,2.25
2012.04.10 17:22:13.902,6.79923,6.80146,2.25,2.25
2012.04.10 17:22:16.118,6.79923,6.80146,2.25,2.25
2012.04.10 17:22:19.154,6.79923,6.80142,1.50,1.50
2012.04.10 17:22:19.289,6.79899,6.80118,2.25,2.25
2012.04.10 17:22:19.848,6.79899,6.80113,2.25,2.25
2012.04.10 17:22:19.929,6.79899,6.80119,2.25,1.50
2012.04.10 17:22:20.310,6.79928,6.8014,2.25,1.50
2012.04.10 17:22:20.569,6.79928,6.8014,2.25,1.50
2012.04.10 17:22:20.644,6.79928,6.8014,2.25,1.50
2012.04.10 17:22:21.321,6.79899,6.80122,2.25,2.25
2012.04.10 17:22:22.005,6.79927,6.8014,2.25,1.50
2012.04.10 17:22:22.334,6.79927,6.80148,2.25,2.25
2012.04.10 17:22:25.684,6.79927,6.80148,2.25,2.25
2012.04.10 17:22:28.255,6.79927,6.80148,2.25,2.25
2012.04.10 17:22:28.334,6.79957,6.80154,2.25,1.50
2012.04.10 17:22:28.404,6.80001,6.80172,1.50,2.25
2012.04.10 17:22:28.472,6.80001,6.80172,1.50,1.50
2012.04.10 17:22:28.546,6.79992,6.8018,1.50,1.50
2012.04.10 17:22:28.630,6.80038,6.80204,2.25,2.25
2012.04.10 17:22:29.073,6.79993,6.80218,2.25,1.50
2012.04.10 17:22:29.150,6.80007,6.80206,1.50,2.25
2012.04.10 17:22:29.294,6.79961,6.80207,2.25,2.25
2012.04.10 17:22:29.441,6.79961,6.80207,2.25,2.25
2012.04.10 17:22:29.514,6.79961,6.80207,2.25,2.25
2012.04.10 17:22:29.791,6.79909,6.80152,1.50,3.75
2012.04.10 17:22:30.375,6.79905,6.80128,2.25,2.25
2012.04.10 17:22:30.453,6.79857,6.80066,1.50,2.25
2012.04.10 17:22:30.804,6.79928,6.80091,1.50,1.50
2012.04.10 17:22:30.932,6.79952,6.80116,2.25,1.50
2012.04.10 17:22:31.003,6.79952,6.80195,2.25,2.25
2012.04.10 17:22:31.115,6.79952,6.80195,2.25,2.25
2012.04.10 17:22:31.287,6.79952,6.80195,2.25,2.25
2012.04.10 17:22:32.122,6.79947,6.80162,1.50,2.25
2012.04.10 17:22:33.224,6.79988,6.80186,1.50,2.25
2012.04.10 17:22:33.730,6.79967,6.80186,2.25,2.25
2012.04.10 17:22:33.810,6.79977,6.80188,1.50,2.25
2012.04.10 17:22:36.743,6.79966,6.80188,2.25,2.25
2012.04.10 17:22:37.362,6.79966,6.80188,2.25,2.25
2012.04.10 17:22:37.434,6.79966,6.80188,2.25,2.25
2012.04.10 17:22:38.618,6.79978,6.80188,1.50,2.25
2012.04.10 17:22:39.662,6.79966,6.80188,2.25,2.25
2012.04.10 17:22:41.548,6.79966,6.80188,2.25,2.25
2012.04.10 17:22:48.863,6.79958,6.80181,2.25,2.25
2012.04.10 17:22:49.589,6.79958,6.80181,2.25,2.25
2012.04.10 17:22:51.903,6.79958,6.80181,2.25,2.25
2012.04.10 17:22:51.968,6.79958,6.80181,2.25,2.25
2012.04.10 17:22:52.112,6.79937,6.80156,1.50,2.25
2012.04.10 17:22:57.239,6.79911,6.80132,2.25,2.25
2012.04.10 17:22:57.611,6.79911,6.80132,1.50,2.25
2012.04.10 17:22:57.744,6.79911,6.80116,2.25,1.50
2012.04.10 17:22:58.080,6.7985,6.80066,1.50,2.25
2012.04.10 17:23:01.774,6.79851,6.80072,2.25,2.25
2012.04.10 17:23:06.536,6.79851,6.80072,2.25,2.25
2012.04.10 17:23:06.608,6.79851,6.80072,2.25,2.25
2012.04.10 17:23:12.516,6.79851,6.80072,2.25,2.25
2012.04.10 17:23:12.590,6.79841,6.80028,1.50,1.50
2012.04.10 17:23:12.666,6.79827,6.80028,2.25,1.50
2012.04.10 17:23:12.742,6.79827,6.80028,2.25,2.25
2012.04.10 17:23:14.449,6.79805,6.80028,2.25,2.25
2012.04.10 17:23:15.321,6.79805,6.80028,2.25,2.25
2012.04.10 17:23:15.528,6.79835,6.80056,2.25,2.25
2012.04.10 17:23:15.876,6.79842,6.80056,1.50,2.25
2012.04.10 17:23:16.283,6.79863,6.80084,2.25,2.25
2012.04.10 17:23:16.354,6.79863,6.80053,2.25,1.50
2012.04.10 17:23:16.427,6.79863,6.80053,1.50,1.50
2012.04.10 17:23:16.694,6.79839,6.79995,2.25,2.25
2012.04.10 17:23:16.845,6.79786,6.79995,1.50,2.25
2012.04.10 17:23:18.193,6.79797,6.80017,2.25,2.25
2012.04.10 17:23:18.333,6.79797,6.80017,2.25,2.25
2012.04.10 17:23:18.518,6.79797,6.79992,2.25,1.50
2012.04.10 17:23:19.197,6.79773,6.79994,2.25,2.25
2012.04.10 17:23:19.268,6.79797,6.80018,2.25,2.25
2012.04.10 17:23:19.410,6.79797,6.80018,2.25,2.25
2012.04.10 17:23:20.603,6.79797,6.80018,2.25,2.25
2012.04.10 17:23:20.789,6.79824,6.80035,2.25,1.50
2012.04.10 17:23:24.203,6.79824,6.80032,2.25,1.50
2012.04.10 17:23:27.536,6.7978,6.79994,1.50,2.25
2012.04.10 17:23:27.612,6.79773,6.79994,2.25,2.25
2012.04.10 17:23:28.185,6.79814,6.80035,2.25,2.25
2012.04.10 17:23:28.261,6.79814,6.80035,2.25,2.25
2012.04.10 17:23:34.234,6.79814,6.80035,2.25,2.25
2012.04.10 17:23:34.401,6.79814,6.80035,2.25,2.25
2012.04.10 17:23:34.478,6.79814,6.80035,2.25,2.25
2012.04.10 17:23:34.986,6.79796,6.80006,1.50,2.25
2012.04.10 17:23:35.068,6.79785,6.80006,2.25,2.25
2012.04.10 17:23:35.552,6.79788,6.80011,2.25,2.25
2012.04.10 17:23:35.812,6.79788,6.80011,2.25,2.25
2012.04.10 17:23:38.452,6.79791,6.80011,1.50,2.25
2012.04.10 17:23:38.842,6.79792,6.80011,2.25,2.25
2012.04.10 17:23:39.226,6.79817,6.80036,2.25,1.50
2012.04.10 17:23:39.920,6.79817,6.80038,2.25,2.25
2012.04.10 17:23:40.629,6.79817,6.80038,2.25,2.25
2012.04.10 17:23:41.042,6.79817,6.80038,2.25,2.25
2012.04.10 17:23:41.444,6.79817,6.80038,2.25,2.25
2012.04.10 17:23:41.521,6.79831,6.80038,1.50,1.50
2012.04.10 17:23:41.656,6.79831,6.80038,1.50,1.50
2012.04.10 17:23:41.738,6.79858,6.80063,2.25,2.25
2012.04.10 17:23:41.812,6.79884,6.80094,2.25,1.50
2012.04.10 17:23:42.480,6.79884,6.80094,2.25,1.50
2012.04.10 17:23:43.008,6.79884,6.80105,2.25,2.25
2012.04.10 17:23:43.419,6.79884,6.80105,2.25,2.25
2012.04.10 17:23:43.489,6.79884,6.80105,2.25,2.25
2012.04.10 17:23:43.890,6.79859,6.80082,2.25,2.25
2012.04.10 17:23:44.467,6.79859,6.80082,2.25,2.25
2012.04.10 17:23:44.677,6.79859,6.80062,2.25,1.50
2012.04.10 17:23:44.759,6.79852,6.80043,1.50,1.50
2012.04.10 17:23:45.161,6.798,6.80015,1.50,2.25
2012.04.10 17:23:45.232,6.798,6.80015,1.50,2.25
2012.04.10 17:23:46.779,6.79818,6.80034,2.25,1.50
2012.04.10 17:23:46.853,6.79818,6.80041,2.25,2.25
2012.04.10 17:23:50.311,6.79818,6.80041,2.25,2.25
2012.04.10 17:23:50.386,6.7985,6.80073,2.25,2.25
2012.04.10 17:23:50.463,6.79883,6.80092,2.25,1.50
2012.04.10 17:23:52.491,6.79857,6.80078,2.25,2.25
2012.04.10 17:23:55.783,6.79857,6.80078,2.25,2.25
2012.04.10 17:23:57.081,6.79881,6.801,2.25,1.50
2012.04.10 17:23:58.021,6.79881,6.801,2.25,1.50
2012.04.10 17:23:58.590,6.79881,6.801,2.25,1.50
2012.04.10 17:23:58.726,6.79881,6.801,1.50,1.50
2012.04.10 17:23:58.875,6.79853,6.80061,2.25,1.50
2012.04.10 17:23:58.956,6.79853,6.80033,2.25,2.25
2012.04.10 17:23:59.279,6.79792,6.80008,1.50,2.25
2012.04.10 17:23:59.356,6.79792,6.80014,1.50,2.25
2012.04.10 17:24:00.544,6.79791,6.80014,2.25,2.25
2012.04.10 17:24:01.930,6.79819,6.80042,2.25,2.25
2012.04.10 17:24:02.017,6.79821,6.80042,1.50,2.25
2012.04.10 17:24:02.161,6.79821,6.80042,1.50,2.25
2012.04.10 17:24:02.432,6.79846,6.80067,2.25,2.25
2012.04.10 17:24:03.224,6.79846,6.80067,2.25,2.25
2012.04.10 17:24:03.894,6.79786,6.79976,2.25,2.25
2012.04.10 17:24:03.981,6.79717,6.79952,1.50,2.25
2012.04.10 17:24:05.510,6.79738,6.79959,2.25,2.25
2012.04.10 17:24:07.131,6.79738,6.79953,2.25,1.50
2012.04.10 17:24:07.275,6.79728,6.7992,1.50,1.50
2012.04.10 17:24:07.804,6.79699,6.7992,2.25,2.25
2012.04.10 17:24:12.208,6.79699,6.7992,2.25,2.25
2012.04.10 17:24:12.971,6.79699,6.7992,2.25,2.25
2012.04.10 17:24:15.560,6.79687,6.79893,1.50,2.25
2012.04.10 17:24:15.920,6.7967,6.79863,2.25,1.50
2012.04.10 17:24:16.000,6.79669,6.79847,1.50,1.50
2012.04.10 17:24:16.077,6.79645,6.79847,1.50,2.25
2012.04.10 17:24:20.441,6.7965,6.79842,2.25,1.50
2012.04.10 17:24:20.910,6.7965,6.79833,2.25,1.50
2012.04.10 17:24:21.440,6.79622,6.79833,2.25,1.50
2012.04.10 17:24:22.719,6.79599,6.79809,1.50,2.25
2012.04.10 17:24:22.800,6.79613,6.79809,1.50,1.50
2012.04.10 17:24:22.874,6.79614,6.79835,2.25,2.25
2012.04.10 17:24:23.182,6.79614,6.79835,2.25,2.25
2012.04.10 17:24:23.457,6.79614,6.79835,2.25,2.25
2012.04.10 17:24:24.341,6.79614,6.79823,2.25,1.50
2012.04.10 17:24:24.648,6.79614,6.79823,2.25,1.50
2012.04.10 17:24:27.979,6.79593,6.798,2.25,1.50
2012.04.10 17:24:28.063,6.79587,6.79792,2.25,1.50
2012.04.10 17:24:31.799,6.79642,6.79843,2.25,1.50
2012.04.10 17:24:32.698,6.79642,6.79843,2.25,1.50
2012.04.10 17:24:32.893,6.79642,6.79863,2.25,1.50
2012.04.10 17:24:33.460,6.79645,6.79865,2.25,2.25
2012.04.10 17:24:33.965,6.79642,6.79847,2.25,1.50
2012.04.10 17:24:34.100,6.79642,6.79853,2.25,1.50
2012.04.10 17:24:35.914,6.79642,6.79865,2.25,2.25
2012.04.10 17:24:35.983,6.79642,6.79832,2.25,1.50
2012.04.10 17:24:36.115,6.79619,6.79822,2.25,1.50
2012.04.10 17:24:36.580,6.79619,6.79822,2.25,1.50
2012.04.10 17:24:37.950,6.79619,6.79822,2.25,1.50
2012.04.10 17:24:38.521,6.79619,6.79813,2.25,1.50
2012.04.10 17:24:38.598,6.79619,6.79818,2.25,1.50
2012.04.10 17:24:39.551,6.79619,6.79833,2.25,1.50
2012.04.10 17:24:44.630,6.79641,6.79848,2.25,1.50
2012.04.10 17:24:45.248,6.79641,6.79833,2.25,1.50
2012.04.10 17:24:47.802,6.79631,6.79842,2.25,1.50
2012.04.10 17:24:48.271,6.79666,6.79861,2.25,1.50
2012.04.10 17:24:48.346,6.79666,6.79887,2.25,2.25
2012.04.10 17:24:48.424,6.79697,6.79909,2.25,1.50
2012.04.10 17:24:48.676,6.79697,6.79909,2.25,1.50
2012.04.10 17:24:48.881,6.79675,6.79895,3.00,2.25
2012.04.10 17:24:49.209,6.79675,6.79895,2.25,2.25
2012.04.10 17:24:51.011,6.79675,6.79895,2.25,2.25
2012.04.10 17:24:55.437,6.7971,6.79931,2.25,2.25
2012.04.10 17:24:56.317,6.7971,6.79931,2.25,2.25
2012.04.10 17:24:57.477,6.7971,6.79928,2.25,1.50
2012.04.10 17:24:57.666,6.7971,6.79928,2.25,1.50
2012.04.10 17:24:59.000,6.79735,6.79937,1.50,1.50
2012.04.10 17:25:00.945,6.79735,6.79937,1.50,1.50
2012.04.10 17:25:01.201,6.79709,6.79911,2.25,1.50
2012.04.10 17:25:01.276,6.79709,6.79911,2.25,1.50
2012.04.10 17:25:07.175,6.79702,6.79911,2.25,1.50
2012.04.10 17:25:07.256,6.79702,6.79911,2.25,1.50
2012.04.10 17:25:07.573,6.7972,6.79925,2.25,2.25
2012.04.10 17:25:07.779,6.79744,6.79948,2.25,1.50
2012.04.10 17:25:08.364,6.79717,6.7994,2.25,2.25
2012.04.10 17:25:12.047,6.79719,6.7994,2.25,2.25
2012.04.10 17:25:12.701,6.79745,6.79943,2.25,1.50
2012.04.10 17:25:18.002,6.79746,6.79956,2.25,1.50
2012.04.10 17:25:18.129,6.79746,6.79966,2.25,1.50
2012.04.10 17:25:19.955,6.79726,6.79955,1.50,1.50
2012.04.10 17:25:20.031,6.79713,6.79955,1.50,1.50
2012.04.10 17:25:21.628,6.79715,6.79955,2.25,1.50
2012.04.10 17:25:23.628,6.79714,6.79936,2.25,2.25
2012.04.10 17:25:23.818,6.79714,6.79933,2.25,1.50
2012.04.10 17:25:23.968,6.79714,6.79933,2.25,1.50
2012.04.10 17:25:24.478,6.7974,6.79945,2.25,1.50
2012.04.10 17:25:38.834,6.79738,6.79945,2.25,1.50
2012.04.10 17:25:39.309,6.79738,6.79959,2.25,2.25
2012.04.10 17:25:39.454,6.79763,6.79968,2.25,1.50
2012.04.10 17:25:39.520,6.79763,6.79959,2.25,1.50
2012.04.10 17:25:39.652,6.79724,6.79927,1.50,1.50
2012.04.10 17:25:39.782,6.79732,6.79951,2.25,2.25
2012.04.10 17:25:39.849,6.79732,6.79951,2.25,2.25
2012.04.10 17:25:42.454,6.79732,6.79953,2.25,2.25
2012.04.10 17:25:50.940,6.79732,6.79953,2.25,2.25
2012.04.10 17:25:51.285,6.79761,6.79953,2.25,2.25
2012.04.10 17:25:51.489,6.79754,6.79975,2.25,2.25
2012.04.10 17:25:52.383,6.7974,6.79941,1.50,1.50
2012.04.10 17:25:52.740,6.79732,6.79941,1.50,2.25
2012.04.10 17:25:52.813,6.7972,6.79941,2.25,2.25
2012.04.10 17:25:55.735,6.7972,6.79941,2.25,2.25
2012.04.10 17:25:55.952,6.7972,6.79933,2.25,1.50
2012.04.10 17:25:56.026,6.7972,6.79913,2.25,1.50
2012.04.10 17:25:58.819,6.79713,6.79922,2.25,2.25
2012.04.10 17:25:58.954,6.79713,6.79903,2.25,1.50
2012.04.10 17:25:59.377,6.79713,6.79883,1.50,1.50
2012.04.10 17:25:59.456,6.79681,6.79883,2.25,1.50
2012.04.10 17:25:59.779,6.79681,6.79862,2.25,1.50
2012.04.10 17:26:00.274,6.79644,6.79862,2.25,1.50
2012.04.10 17:26:00.402,6.79644,6.79862,2.25,1.50
2012.04.10 17:26:00.805,6.79617,6.79833,2.25,1.50
2012.04.10 17:26:01.763,6.79617,6.79833,2.25,1.50
2012.04.10 17:26:02.090,6.7965,6.79852,2.25,1.50
2012.04.10 17:26:02.162,6.7965,6.79852,2.25,1.50
2012.04.10 17:26:02.291,6.7965,6.79852,2.25,1.50
2012.04.10 17:26:02.710,6.79625,6.79843,2.25,1.50
2012.04.10 17:26:03.152,6.79651,6.79853,2.25,1.50
2012.04.10 17:26:04.082,6.79651,6.79842,2.25,1.50
2012.04.10 17:26:04.152,6.79651,6.79842,2.25,1.50
2012.04.10 17:26:05.792,6.79631,6.79838,1.50,1.50
2012.04.10 17:26:05.863,6.79685,6.7987,1.50,2.25
2012.04.10 17:26:06.376,6.79685,6.79862,2.25,1.50
2012.04.10 17:26:06.883,6.7966,6.79862,2.25,1.50
2012.04.10 17:26:07.590,6.7966,6.79872,1.50,1.50
2012.04.10 17:26:07.664,6.79631,6.7985,1.50,2.25
2012.04.10 17:26:07.734,6.79629,6.7985,2.25,2.25
2012.04.10 17:26:08.796,6.79652,6.79859,2.25,1.50
2012.04.10 17:26:09.140,6.79652,6.79859,2.25,1.50
2012.04.10 17:26:13.878,6.79652,6.79859,2.25,1.50
2012.04.10 17:26:21.081,6.79691,6.79878,1.50,1.50
2012.04.10 17:26:21.485,6.79663,6.79878,2.25,1.50
2012.04.10 17:26:23.048,6.79663,6.79878,2.25,1.50
2012.04.10 17:26:23.572,6.79663,6.79878,2.25,1.50
2012.04.10 17:26:33.561,6.79638,6.79859,2.25,2.25
2012.04.10 17:26:34.588,6.79638,6.79859,2.25,2.25
2012.04.10 17:26:34.957,6.79614,6.79824,1.50,2.25
2012.04.10 17:26:35.139,6.79604,6.79824,2.25,2.25
2012.04.10 17:26:36.756,6.79604,6.79802,1.50,1.50
2012.04.10 17:26:36.835,6.79579,6.79792,2.25,1.50
2012.04.10 17:26:36.916,6.79579,6.798,2.25,2.25
2012.04.10 17:26:37.373,6.79579,6.798,2.25,2.25
2012.04.10 17:26:37.915,6.79579,6.798,2.25,2.25
2012.04.10 17:26:38.158,6.79579,6.798,2.25,2.25
2012.04.10 17:26:43.266,6.79579,6.798,2.25,2.25
2012.04.10 17:26:43.812,6.796,6.798,1.50,1.50
2012.04.10 17:26:43.883,6.79606,6.79824,2.25,1.50
2012.04.10 17:26:44.497,6.79635,6.79857,1.50,1.50
2012.04.10 17:26:44.633,6.79611,6.79808,2.25,2.25
2012.04.10 17:26:54.051,6.79587,6.79808,2.25,2.25
2012.04.10 17:26:54.242,6.79612,6.79833,2.25,2.25
2012.04.10 17:26:54.375,6.79612,6.79833,2.25,2.25
2012.04.10 17:26:54.758,6.79665,6.79859,1.50,1.50
2012.04.10 17:26:55.641,6.79665,6.79844,1.50,1.50
2012.04.10 17:26:55.856,6.79561,6.79801,1.50,2.25
2012.04.10 17:26:56.108,6.79573,6.79801,1.50,1.50
2012.04.10 17:26:56.672,6.79587,6.79828,2.25,2.25
2012.04.10 17:26:57.502,6.79607,6.79828,2.25,2.25
2012.04.10 17:27:06.028,6.79607,6.79828,2.25,2.25
2012.04.10 17:27:06.359,6.79607,6.79828,2.25,2.25
2012.04.10 17:27:06.819,6.79619,6.79828,1.50,2.25
2012.04.10 17:27:07.006,6.79619,6.79828,1.50,2.25
2012.04.10 17:27:07.549,6.79619,6.79833,1.50,2.25
2012.04.10 17:27:07.679,6.79612,6.79833,2.25,2.25
2012.04.10 17:27:08.035,6.79612,6.79833,2.25,2.25
2012.04.10 17:27:09.245,6.79612,6.79833,2.25,2.25
2012.04.10 17:27:09.572,6.79609,6.79809,1.50,1.50
2012.04.10 17:27:12.245,6.79617,6.79809,1.50,1.50
2012.04.10 17:27:12.498,6.79628,6.79837,1.50,2.25
2012.04.10 17:27:13.392,6.79622,6.79837,1.50,2.25
2012.04.10 17:27:13.461,6.79642,6.79861,2.25,1.50
2012.04.10 17:27:13.589,6.79642,6.79863,2.25,2.25
2012.04.10 17:27:15.746,6.79648,6.79863,1.50,2.25
2012.04.10 17:27:15.822,6.79651,6.79863,1.50,2.25
2012.04.10 17:27:16.212,6.79651,6.79863,1.50,2.25
2012.04.10 17:27:17.591,6.79677,6.79887,1.50,2.25
2012.04.10 17:27:18.032,6.79677,6.7989,1.50,2.25
2012.04.10 17:27:20.733,6.79694,6.79898,2.25,1.50
2012.04.10 17:27:20.799,6.79694,6.79898,2.25,1.50
2012.04.10 17:27:21.117,6.79694,6.79906,2.25,1.50
2012.04.10 17:27:21.248,6.79694,6.79917,3.00,3.00
2012.04.10 17:27:21.500,6.79694,6.79917,3.00,2.25
2012.04.10 17:27:23.152,6.79698,6.79917,1.50,2.25
2012.04.10 17:27:32.852,6.79707,6.79917,1.50,2.25
2012.04.10 17:27:35.338,6.79697,6.79917,1.50,2.25
2012.04.10 17:27:35.912,6.79694,6.79917,2.25,2.25
2012.04.10 17:27:37.497,6.79698,6.79917,1.50,2.25
2012.04.10 17:27:38.586,6.79692,6.79892,1.50,1.50
2012.04.10 17:27:38.941,6.79688,6.79892,1.50,2.25
2012.04.10 17:27:41.861,6.79674,6.79892,1.50,2.25
2012.04.10 17:27:42.178,6.79677,6.79892,1.50,2.25
2012.04.10 17:27:43.742,6.79698,6.79893,1.50,2.25
2012.04.10 17:27:48.178,6.79677,6.79893,1.50,2.25
2012.04.10 17:27:51.028,6.7967,6.79893,2.25,2.25
2012.04.10 17:27:51.175,6.79614,6.79835,2.25,1.50
2012.04.10 17:27:51.511,6.79614,6.79832,2.25,2.25
2012.04.10 17:27:51.779,6.79582,6.79781,1.50,1.50
2012.04.10 17:27:52.427,6.79588,6.79808,2.25,2.25
2012.04.10 17:27:52.926,6.7963,6.79808,1.50,1.50
2012.04.10 17:27:53.008,6.79633,6.79838,1.50,2.25
2012.04.10 17:27:53.084,6.79638,6.79838,1.50,1.50
2012.04.10 17:27:53.155,6.79658,6.79879,1.50,2.25
2012.04.10 17:27:53.227,6.79658,6.79879,2.25,2.25
2012.04.10 17:27:53.376,6.79658,6.79879,2.25,2.25
2012.04.10 17:27:53.937,6.79658,6.79879,2.25,2.25
2012.04.10 17:27:57.892,6.79634,6.79855,2.25,2.25
2012.04.10 17:27:59.477,6.79634,6.79855,2.25,2.25
2012.04.10 17:28:02.821,6.79634,6.79855,2.25,2.25
2012.04.10 17:28:02.960,6.79628,6.79827,1.50,1.50
2012.04.10 17:28:03.423,6.79638,6.79827,1.50,1.50
2012.04.10 17:28:04.149,6.79629,6.7985,2.25,2.25
2012.04.10 17:28:04.504,6.79629,6.7985,2.25,2.25
2012.04.10 17:28:04.574,6.79666,6.79874,2.25,2.25
2012.04.10 17:28:05.072,6.79654,6.79861,1.50,2.25
2012.04.10 17:28:05.142,6.79654,6.79861,1.50,2.25
2012.04.10 17:28:05.516,6.79654,6.79861,1.50,2.25
2012.04.10 17:28:05.845,6.7964,6.79861,2.25,2.25
2012.04.10 17:28:09.258,6.79705,6.79885,1.50,2.25
2012.04.10 17:28:09.400,6.79705,6.7991,1.50,2.25
2012.04.10 17:28:09.528,6.79734,6.7991,1.50,1.50
2012.04.10 17:28:09.748,6.79746,6.79936,1.50,1.50
2012.04.10 17:28:09.960,6.79746,6.79936,1.50,1.50
2012.04.10 17:28:12.922,6.79774,6.79968,1.50,1.50
2012.04.10 17:28:12.998,6.79774,6.79968,1.50,1.50
2012.04.10 17:28:15.410,6.79774,6.79968,1.50,1.50
2012.04.10 17:28:16.557,6.79777,6.79989,1.50,1.50
2012.04.10 17:28:17.063,6.79777,6.79989,1.50,1.50
2012.04.10 17:28:17.345,6.79777,6.79989,1.50,1.50
2012.04.10 17:28:17.536,6.79788,6.79989,1.50,1.50
2012.04.10 17:28:18.220,6.79798,6.79998,3.00,1.50
2012.04.10 17:28:18.743,6.79787,6.79993,1.50,1.50
2012.04.10 17:28:19.157,6.79787,6.79993,1.50,2.25
2012.04.10 17:28:21.327,6.79787,6.79993,1.50,2.25
2012.04.10 17:28:21.580,6.79798,6.79993,1.50,1.50
2012.04.10 17:28:22.057,6.79808,6.79993,1.50,1.50
2012.04.10 17:28:22.130,6.79808,6.80011,1.50,1.50
2012.04.10 17:28:22.257,6.79808,6.7999,1.50,1.50
2012.04.10 17:28:22.581,6.79847,6.7999,1.50,1.50
2012.04.10 17:28:23.088,6.79858,6.80017,1.50,2.25
2012.04.10 17:28:29.269,6.79871,6.80045,1.50,2.25
2012.04.10 17:28:29.402,6.79871,6.80088,1.50,2.25
2012.04.10 17:28:29.707,6.79871,6.80088,1.50,2.25
2012.04.10 17:28:30.369,6.79892,6.80113,2.25,2.25
2012.04.10 17:28:30.847,6.79901,6.8013,2.25,1.50
2012.04.10 17:28:34.273,6.79901,6.8013,2.25,1.50
2012.04.10 17:28:34.463,6.79882,6.80092,1.50,2.25
2012.04.10 17:28:34.771,6.79877,6.80092,3.00,2.25
2012.04.10 17:28:44.977,6.79912,6.80102,1.50,1.50
2012.04.10 17:28:45.049,6.79922,6.80102,2.25,1.50
2012.04.10 17:28:45.237,6.79922,6.80121,2.25,1.50
2012.04.10 17:28:45.307,6.79878,6.80099,2.25,2.25
2012.04.10 17:28:45.436,6.79878,6.80099,2.25,2.25
2012.04.10 17:28:45.759,6.79878,6.80099,2.25,2.25
2012.04.10 17:28:46.262,6.79878,6.80099,2.25,2.25
2012.04.10 17:28:48.799,6.79909,6.80108,2.25,1.50
2012.04.10 17:28:49.211,6.79947,6.80132,2.25,2.25
2012.04.10 17:28:51.528,6.80014,6.80132,1.50,1.50
2012.04.10 17:28:51.786,6.7999,6.80132,1.50,2.25
2012.04.10 17:28:51.977,6.79934,6.80132,1.50,2.25
2012.04.10 17:28:52.367,6.79938,6.80132,2.25,2.25
2012.04.10 17:28:53.872,6.79967,6.80132,1.50,2.25
2012.04.10 17:28:54.259,6.79957,6.80132,1.50,2.25
2012.04.10 17:28:54.497,6.7995,6.80132,1.50,2.25
2012.04.10 17:28:56.272,6.7995,6.80132,2.25,2.25
2012.04.10 17:28:56.763,6.79954,6.80132,1.50,2.25
2012.04.10 17:28:59.052,6.79957,6.80132,1.50,2.25
2012.04.10 17:28:59.308,6.79952,6.80132,2.25,2.25
2012.04.10 17:29:00.661,6.79943,6.80133,1.50,2.25
2012.04.10 17:29:00.991,6.79985,6.80133,1.50,2.25
2012.04.10 17:29:01.443,6.7996,6.80133,1.50,2.25
2012.04.10 17:29:01.515,6.79951,6.80133,2.25,2.25
2012.04.10 17:29:01.651,6.79951,6.80133,1.50,2.25
2012.04.10 17:29:02.300,6.79954,6.80133,1.50,2.25
2012.04.10 17:29:02.930,6.79951,6.80133,1.50,2.25
2012.04.10 17:29:03.065,6.79934,6.80124,1.50,2.25
2012.04.10 17:29:03.221,6.79938,6.80124,1.50,2.25
2012.04.10 17:29:03.760,6.79934,6.80133,1.50,2.25
2012.04.10 17:29:03.887,6.79934,6.80133,1.50,2.25
2012.04.10 17:29:04.935,6.79929,6.80133,2.25,2.25
2012.04.10 17:29:06.113,6.79955,6.80133,1.50,2.25
2012.04.10 17:29:07.539,6.79955,6.80133,2.25,2.25
2012.04.10 17:29:07.903,6.79955,6.80133,2.25,2.25
2012.04.10 17:29:08.561,6.79955,6.80133,2.25,2.25
2012.04.10 17:29:10.650,6.79955,6.80133,2.25,2.25
2012.04.10 17:29:11.009,6.79955,6.80132,2.25,2.25
2012.04.10 17:29:11.091,6.79955,6.80132,2.25,2.25
2012.04.10 17:29:12.242,6.79955,6.80132,2.25,2.25
2012.04.10 17:29:13.735,6.79955,6.80132,2.25,2.25
2012.04.10 17:29:14.770,6.79955,6.80132,1.50,2.25
2012.04.10 17:29:15.870,6.79955,6.80132,1.50,2.25
2012.04.10 17:29:16.000,6.79955,6.80132,2.25,2.25
2012.04.10 17:29:16.903,6.79956,6.80132,1.50,2.25
2012.04.10 17:29:17.547,6.79967,6.80133,1.50,2.25
2012.04.10 17:29:22.409,6.79967,6.80143,1.50,3.45
2012.04.10 17:29:22.644,6.79967,6.80143,1.50,3.45
2012.04.10 17:29:28.609,6.80006,6.80143,2.25,3.45
2012.04.10 17:29:30.793,6.80006,6.80153,2.25,3.15
2012.04.10 17:29:32.601,6.80006,6.80153,2.25,3.15
2012.04.10 17:29:39.051,6.79974,6.80157,1.50,1.31
2012.04.10 17:29:39.368,6.7999,6.80133,1.50,1.50
2012.04.10 17:29:40.178,6.7999,6.80133,1.50,1.50
2012.04.10 17:29:40.250,6.7999,6.80133,1.50,1.50
2012.04.10 17:29:42.528,6.79997,6.80173,2.25,2.70
2012.04.10 17:29:42.597,6.79997,6.80173,2.25,2.70
2012.04.10 17:29:45.093,6.7999,6.80173,1.50,2.70
2012.04.10 17:29:45.594,6.80035,6.80173,1.50,1.95
2012.04.10 17:29:45.663,6.80042,6.80173,2.25,1.95
2012.04.10 17:29:45.729,6.80042,6.80173,2.25,1.95
2012.04.10 17:29:45.800,6.80042,6.80173,2.25,2.70
2012.04.10 17:29:46.465,6.80019,6.80132,1.50,1.28
2012.04.10 17:29:46.685,6.80019,6.80133,1.50,1.28
2012.04.10 17:29:49.266,6.80007,6.80133,1.50,1.28
2012.04.10 17:29:49.400,6.80018,6.80133,1.50,1.28
2012.04.10 17:29:49.873,6.80027,6.80133,1.50,1.28
2012.04.10 17:29:50.680,6.8002,6.80143,2.25,2.71
2012.04.10 17:29:50.892,6.8002,6.80261,2.25,2.25
2012.04.10 17:29:50.965,6.80046,6.8028,1.50,1.50
2012.04.10 17:29:51.166,6.80046,6.80236,1.50,1.50
2012.04.10 17:29:51.501,6.80002,6.80227,2.25,1.50
2012.04.10 17:29:52.280,6.80002,6.80177,2.25,1.50
2012.04.10 17:29:52.416,6.79968,6.8016,1.50,2.25
2012.04.10 17:29:54.899,6.79957,6.8016,1.50,2.25
2012.04.10 17:30:02.779,6.7997,6.8016,1.35,2.25
2012.04.10 17:30:09.237,6.79999,6.80165,1.50,2.25
2012.04.10 17:30:09.677,6.80076,6.80307,1.50,1.50
2012.04.10 17:30:10.704,6.80104,6.80287,2.25,1.50
2012.04.10 17:30:11.059,6.80127,6.8031,1.50,1.50
2012.04.10 17:30:11.491,6.80127,6.8031,2.25,1.50
2012.04.10 17:30:11.566,6.80127,6.8031,2.25,1.50
2012.04.10 17:30:11.654,6.80175,6.80327,1.35,1.50
2012.04.10 17:30:12.039,6.80217,6.8035,1.50,2.25
2012.04.10 17:30:12.197,6.80259,6.80469,1.50,1.50
2012.04.10 17:30:12.276,6.80259,6.80453,2.25,1.50
2012.04.10 17:30:12.354,6.8028,6.80454,1.50,1.50
2012.04.10 17:30:12.422,6.80304,6.80454,1.50,1.50
2012.04.10 17:30:12.492,6.8028,6.80462,1.50,1.50
2012.04.10 17:30:12.687,6.8027,6.80462,2.25,1.50
2012.04.10 17:30:12.761,6.8027,6.80462,1.50,1.50
2012.04.10 17:30:13.020,6.80231,6.80462,2.25,1.50
2012.04.10 17:30:14.291,6.80231,6.80434,2.25,1.50
2012.04.10 17:30:15.379,6.80258,6.80434,1.50,1.50
2012.04.10 17:30:16.003,6.80258,6.80434,1.50,1.50
2012.04.10 17:30:16.129,6.80258,6.80434,2.25,1.50
2012.04.10 17:30:16.203,6.80261,6.80439,2.25,1.50
2012.04.10 17:30:16.269,6.80286,6.80439,1.50,1.50
2012.04.10 17:30:16.342,6.80261,6.80453,1.50,1.50
2012.04.10 17:30:16.414,6.80261,6.80453,1.50,1.50
2012.04.10 17:30:18.161,6.80238,6.80439,2.25,1.50
2012.04.10 17:30:18.293,6.80235,6.80439,2.25,1.50
2012.04.10 17:30:19.031,6.80262,6.80439,2.25,1.50
2012.04.10 17:30:19.100,6.80262,6.80439,1.50,1.50
2012.04.10 17:30:19.508,6.80262,6.80448,1.50,1.50
2012.04.10 17:30:19.587,6.80187,6.80408,1.50,1.50
2012.04.10 17:30:30.379,6.80187,6.80408,2.25,1.50
2012.04.10 17:30:30.733,6.80214,6.80435,1.50,1.50
2012.04.10 17:30:30.861,6.80214,6.80435,2.25,1.50
2012.04.10 17:30:31.188,6.80093,6.80307,1.50,1.50
2012.04.10 17:30:31.542,6.80093,6.80307,1.50,1.50
2012.04.10 17:30:32.094,6.80093,6.80307,1.50,1.50
2012.04.10 17:30:32.165,6.80093,6.80307,1.50,1.50
2012.04.10 17:30:32.696,6.80083,6.80247,1.50,1.50
2012.04.10 17:30:32.778,6.80083,6.80247,1.50,1.50
2012.04.10 17:30:32.961,6.80083,6.80247,1.50,1.50
2012.04.10 17:30:33.978,6.80085,6.80247,2.25,1.50
2012.04.10 17:30:34.978,6.80083,6.80247,1.50,1.50
2012.04.10 17:30:35.430,6.80083,6.80247,1.50,1.50
2012.04.10 17:30:35.699,6.80083,6.80247,1.50,1.50
2012.04.10 17:30:36.749,6.80083,6.80247,1.50,1.50
2012.04.10 17:30:36.818,6.80083,6.80247,1.50,1.50
2012.04.10 17:30:38.578,6.80078,6.80247,1.50,1.50
2012.04.10 17:30:38.800,6.80073,6.80237,1.50,1.50
2012.04.10 17:30:38.871,6.80068,6.80237,1.50,1.50
2012.04.10 17:30:39.617,6.80073,6.80237,1.50,1.50
2012.04.10 17:30:41.900,6.80067,6.80237,1.50,1.50
2012.04.10 17:30:42.618,6.80036,6.80187,1.50,1.50
2012.04.10 17:30:42.810,6.80008,6.80187,2.25,1.50
2012.04.10 17:30:45.182,6.80027,6.80187,1.50,1.50
2012.04.10 17:30:45.490,6.80017,6.80187,1.50,1.50
2012.04.10 17:30:46.101,6.80023,6.80187,1.50,1.50
2012.04.10 17:30:46.174,6.80028,6.80216,1.50,1.50
2012.04.10 17:30:46.241,6.80024,6.80195,1.50,1.50
2012.04.10 17:30:46.586,6.80048,6.80206,1.50,1.50
2012.04.10 17:30:47.174,6.80064,6.80226,1.50,1.50
2012.04.10 17:30:47.248,6.80064,6.80226,1.50,1.50
2012.04.10 17:30:47.322,6.80064,6.80226,1.50,1.50
2012.04.10 17:30:48.792,6.80064,6.80226,1.50,1.50
2012.04.10 17:30:51.169,6.80073,6.80247,1.50,1.50
2012.04.10 17:30:52.970,6.80087,6.80266,1.50,1.50
2012.04.10 17:30:53.041,6.80087,6.8025,2.25,1.50
2012.04.10 17:30:53.108,6.80087,6.80246,2.25,1.50
2012.04.10 17:30:53.181,6.80074,6.80246,1.50,1.50
2012.04.10 17:30:53.798,6.80074,6.80246,1.50,1.50
2012.04.10 17:30:54.911,6.80063,6.80237,1.50,1.50
2012.04.10 17:30:54.980,6.80063,6.80237,1.50,1.50
2012.04.10 17:30:55.349,6.80063,6.80237,1.50,1.50
2012.04.10 17:30:56.112,6.80063,6.80237,1.50,1.50
2012.04.10 17:30:57.401,6.80033,6.80217,1.50,1.50
2012.04.10 17:30:57.480,6.80018,6.80186,1.50,1.50
2012.04.10 17:30:58.683,6.80024,6.80195,1.50,1.50
2012.04.10 17:30:59.087,6.80028,6.80196,1.50,1.50
2012.04.10 17:30:59.683,6.80037,6.80206,1.50,1.50
2012.04.10 17:30:59.750,6.80033,6.80207,1.50,1.50
2012.04.10 17:31:00.230,6.80028,6.80207,1.50,1.50
2012.04.10 17:31:01.778,6.80008,6.80166,1.50,1.50
2012.04.10 17:31:03.723,6.79998,6.80166,1.50,1.50
2012.04.10 17:31:05.258,6.79997,6.80166,1.50,1.50
2012.04.10 17:31:05.893,6.79997,6.80157,1.50,1.50
2012.04.10 17:31:07.219,6.80003,6.80157,1.50,1.50
2012.04.10 17:31:08.069,6.80007,6.80167,1.50,1.50
2012.04.10 17:31:08.401,6.80028,6.80176,1.50,1.50
2012.04.10 17:31:09.001,6.80048,6.80207,1.50,1.50
2012.04.10 17:31:09.080,6.80048,6.80207,1.50,1.50
2012.04.10 17:31:12.407,6.80015,6.80189,1.50,1.50
2012.04.10 17:31:12.467,6.80007,6.80156,1.50,1.50
2012.04.10 17:31:12.849,6.79998,6.80156,1.50,1.50
2012.04.10 17:31:13.745,6.79998,6.80152,1.50,1.50
2012.04.10 17:31:15.235,6.79963,6.80147,1.50,1.50
2012.04.10 17:31:15.311,6.79955,6.8013,2.25,1.50
2012.04.10 17:31:15.458,6.79928,6.80116,1.50,1.50
2012.04.10 17:31:15.535,6.79935,6.80127,1.50,1.50
2012.04.10 17:31:15.660,6.7991,6.80127,1.50,1.50
2012.04.10 17:31:16.025,6.79909,6.80127,2.25,1.50
2012.04.10 17:31:16.581,6.79936,6.80176,1.50,2.25
2012.04.10 17:31:16.659,6.79936,6.80176,1.50,2.25
2012.04.10 17:31:16.914,6.79936,6.80166,2.25,1.50
2012.04.10 17:31:17.419,6.7996,6.80176,1.50,1.50
2012.04.10 17:31:19.147,6.7996,6.80176,1.50,1.50
2012.04.10 17:31:24.500,6.79948,6.80176,1.50,1.50
2012.04.10 17:31:30.190,6.79937,6.80176,2.25,1.50
2012.04.10 17:31:30.321,6.79936,6.80116,2.25,1.50
2012.04.10 17:31:30.388,6.79924,6.80116,1.50,1.50
2012.04.10 17:31:30.560,6.79924,6.80116,1.50,1.50
2012.04.10 17:31:31.009,6.79924,6.80116,1.50,1.50
2012.04.10 17:31:31.858,6.79924,6.80116,1.50,1.50
2012.04.10 17:31:34.817,6.79918,6.80116,1.50,1.50
2012.04.10 17:31:38.738,6.79924,6.80116,1.50,1.50
2012.04.10 17:31:39.336,6.79914,6.80106,1.50,1.50
2012.04.10 17:31:43.099,6.7991,6.80106,1.50,1.50
2012.04.10 17:31:54.860,6.79914,6.80106,1.50,1.50
2012.04.10 17:31:55.473,6.79914,6.80106,1.50,1.50
2012.04.10 17:31:55.923,6.79956,6.80147,2.25,1.50
2012.04.10 17:31:59.291,6.79956,6.80148,2.25,1.50
2012.04.10 17:32:00.061,6.79963,6.80148,1.50,1.50
2012.04.10 17:32:00.497,6.79963,6.80148,1.50,1.50
2012.04.10 17:32:02.522,6.79974,6.80156,1.50,1.50
2012.04.10 17:32:02.587,6.79974,6.80156,1.50,1.50
2012.04.10 17:32:03.330,6.79974,6.80156,1.50,1.50
2012.04.10 17:32:05.442,6.79968,6.80156,1.50,1.50
2012.04.10 17:32:06.159,6.79974,6.80156,1.50,1.50
2012.04.10 17:32:06.504,6.79958,6.80143,1.50,1.50
2012.04.10 17:32:06.605,6.79944,6.80143,1.50,2.25
2012.04.10 17:32:06.676,6.79944,6.80143,1.50,2.25
2012.04.10 17:32:06.813,6.79944,6.80143,1.50,2.25
2012.04.10 17:32:07.217,6.79957,6.80157,1.50,1.50
2012.04.10 17:32:08.473,6.79957,6.80147,1.50,1.50
2012.04.10 17:32:08.980,6.79963,6.80147,1.50,1.50
2012.04.10 17:32:09.171,6.79964,6.80156,1.50,1.50
2012.04.10 17:32:12.410,6.79968,6.80171,1.50,2.25
2012.04.10 17:32:12.660,6.80013,6.80202,1.35,1.50
2012.04.10 17:32:12.729,6.80117,6.80202,2.10,1.50
2012.04.10 17:32:12.918,6.80117,6.80253,2.10,1.50
2012.04.10 17:32:13.055,6.80164,6.80253,1.50,1.50
2012.04.10 17:32:13.405,6.80164,6.80414,1.50,1.50
2012.04.10 17:32:13.490,6.80161,6.80414,1.50,1.50
2012.04.10 17:32:13.869,6.80154,6.80397,1.50,2.25
2012.04.10 17:32:13.937,6.80156,6.80397,1.50,2.25
2012.04.10 17:32:14.691,6.8018,6.80393,1.50,1.50
2012.04.10 17:32:15.173,6.80153,6.80376,1.50,2.25
2012.04.10 17:32:15.682,6.80153,6.80376,1.50,2.25
2012.04.10 17:32:16.251,6.80182,6.80403,1.50,2.25
2012.04.10 17:32:22.058,6.80156,6.80379,1.50,2.25
2012.04.10 17:32:24.260,6.8013,6.80351,1.50,2.25
2012.04.10 17:32:24.893,6.8013,6.80335,1.50,1.50
2012.04.10 17:32:25.464,6.8013,6.80335,1.50,1.50
2012.04.10 17:32:28.138,6.80077,6.803,1.50,2.25
2012.04.10 17:32:29.067,6.80077,6.803,1.50,2.25
2012.04.10 17:32:29.198,6.80077,6.803,1.50,2.25
2012.04.10 17:32:30.077,6.80077,6.803,1.50,2.25
2012.04.10 17:32:30.931,6.80077,6.803,1.50,2.25
2012.04.10 17:32:31.808,6.80053,6.80219,1.50,1.50
2012.04.10 17:32:31.879,6.80053,6.80146,1.50,1.50
2012.04.10 17:32:31.947,6.79884,6.80146,2.25,1.50
2012.04.10 17:32:34.665,6.79883,6.80099,1.50,2.25
2012.04.10 17:32:34.749,6.79873,6.80076,2.25,1.50
2012.04.10 17:32:34.964,6.79873,6.80076,1.50,1.50
2012.04.10 17:32:35.039,6.79833,6.80049,1.50,2.25
2012.04.10 17:32:35.513,6.79833,6.8002,1.50,1.50
2012.04.10 17:32:36.510,6.79833,6.8002,1.50,1.50
2012.04.10 17:32:36.891,6.79833,6.8002,1.50,1.50
2012.04.10 17:32:37.293,6.79833,6.8002,1.50,1.50
2012.04.10 17:32:40.409,6.79833,6.8002,1.50,1.50
2012.04.10 17:32:41.641,6.79833,6.8002,1.50,1.50
2012.04.10 17:32:41.779,6.79851,6.80046,1.50,2.25
2012.04.10 17:32:42.032,6.79853,6.80074,2.25,2.25
2012.04.10 17:32:44.377,6.79853,6.80074,2.25,2.25
2012.04.10 17:32:44.584,6.79853,6.80056,2.25,1.50
2012.04.10 17:32:44.840,6.79853,6.80056,2.25,1.50
2012.04.10 17:32:48.462,6.79853,6.80056,2.25,1.50
2012.04.10 17:32:48.904,6.79853,6.80056,2.25,1.50
2012.04.10 17:32:49.092,6.79853,6.80056,2.25,1.50
2012.04.10 17:32:49.411,6.79827,6.80048,2.25,2.25
2012.04.10 17:32:49.781,6.79822,6.8001,1.50,1.50
2012.04.10 17:32:50.097,6.79822,6.80043,2.25,2.25
2012.04.10 17:32:50.170,6.79822,6.80043,2.25,2.25
2012.04.10 17:32:52.658,6.79796,6.80019,2.25,2.25
2012.04.10 17:32:52.740,6.79796,6.80019,2.25,2.25
2012.04.10 17:32:53.043,6.79824,6.80037,2.25,1.50
2012.04.10 17:32:53.796,6.79824,6.80037,2.25,1.50
2012.04.10 17:32:54.736,6.79824,6.80037,2.25,1.50
2012.04.10 17:32:55.007,6.79824,6.79997,1.50,1.50
2012.04.10 17:33:00.219,6.79799,6.79997,1.50,1.50
2012.04.10 17:33:01.858,6.79776,6.79988,1.50,3.00
2012.04.10 17:33:01.932,6.79742,6.79962,1.50,2.25
2012.04.10 17:33:02.000,6.79739,6.79962,1.50,3.00
2012.04.10 17:33:02.447,6.79733,6.79935,1.50,1.50
2012.04.10 17:33:02.928,6.79738,6.79959,1.50,2.25
2012.04.10 17:33:03.059,6.79738,6.79961,2.25,2.25
2012.04.10 17:33:03.892,6.79743,6.79961,1.50,2.25
2012.04.10 17:33:04.022,6.79744,6.79961,1.50,2.25
2012.04.10 17:33:05.761,6.79747,6.79961,1.50,2.25
2012.04.10 17:33:11.123,6.79744,6.79961,1.50,2.25
2012.04.10 17:33:19.719,6.79747,6.79955,1.50,1.50
2012.04.10 17:33:19.799,6.79747,6.79931,1.50,1.50
2012.04.10 17:33:25.782,6.79747,6.79931,1.50,1.50
2012.04.10 17:33:25.847,6.79747,6.79931,1.50,1.50
2012.04.10 17:33:25.921,6.79747,6.79956,1.50,2.25
2012.04.10 17:33:26.211,6.79747,6.79956,1.50,2.25
2012.04.10 17:33:27.671,6.79781,6.79956,1.50,1.50
2012.04.10 17:33:27.991,6.79793,6.79956,1.50,1.50
2012.04.10 17:33:28.064,6.79799,6.79996,1.50,1.50
2012.04.10 17:33:28.141,6.79801,6.8002,2.25,2.25
2012.04.10 17:33:28.218,6.79801,6.80022,2.25,2.25
2012.04.10 17:33:38.035,6.79827,6.80022,1.50,1.50
2012.04.10 17:33:38.411,6.79833,6.80022,1.50,1.50
2012.04.10 17:33:38.538,6.79863,6.8007,2.25,3.00
2012.04.10 17:33:38.618,6.79863,6.8007,2.25,1.50
2012.04.10 17:33:38.695,6.79863,6.80108,1.50,1.50
2012.04.10 17:33:38.892,6.79863,6.80086,1.50,1.50
2012.04.10 17:33:38.965,6.79863,6.80079,1.50,2.25
2012.04.10 17:33:39.281,6.79883,6.80106,1.50,3.00
2012.04.10 17:33:39.863,6.79863,6.80046,1.50,1.50
2012.04.10 17:33:42.689,6.79852,6.80046,1.50,1.50
2012.04.10 17:33:43.099,6.79854,6.80076,1.50,2.25
2012.04.10 17:33:43.244,6.79854,6.80076,1.50,2.25
2012.04.10 17:33:44.214,6.79865,6.80076,1.50,2.25
2012.04.10 17:33:46.772,6.79865,6.80076,1.50,2.25
2012.04.10 17:33:46.981,6.79865,6.80076,1.50,2.25
2012.04.10 17:33:47.209,6.79865,6.80076,1.50,2.25
2012.04.10 17:33:47.337,6.79887,6.80076,1.50,1.50
2012.04.10 17:33:47.407,6.7989,6.80076,1.50,1.50
2012.04.10 17:33:49.458,6.79914,6.80076,1.35,1.50
2012.04.10 17:33:49.773,6.79987,6.80217,1.50,1.50
2012.04.10 17:33:49.842,6.80002,6.80228,1.50,2.25
2012.04.10 17:33:50.294,6.80002,6.80228,1.50,1.50
2012.04.10 17:33:54.003,6.80003,6.80208,1.50,2.25
2012.04.10 17:33:54.634,6.79987,6.80208,1.50,2.25
2012.04.10 17:33:54.701,6.79985,6.80198,2.25,1.50
2012.04.10 17:33:54.770,6.79938,6.80139,1.50,2.25
2012.04.10 17:33:54.899,6.79936,6.80139,1.50,2.25
2012.04.10 17:33:54.968,6.79936,6.80139,1.50,2.25
2012.04.10 17:33:56.011,6.79936,6.80139,1.50,2.25
2012.04.10 17:33:56.168,6.79936,6.80139,1.50,2.25
2012.04.10 17:33:56.899,6.79928,6.80139,1.50,2.25
2012.04.10 17:33:56.968,6.79936,6.80139,1.50,1.50
2012.04.10 17:33:57.388,6.79956,6.80165,1.50,1.50
2012.04.10 17:33:59.927,6.79983,6.80165,1.50,1.50
2012.04.10 17:34:01.422,6.79957,6.80165,1.50,1.50
2012.04.10 17:34:01.496,6.79957,6.80135,1.50,1.50
2012.04.10 17:34:02.682,6.79947,6.80157,1.50,1.50
2012.04.10 17:34:06.332,6.79958,6.8016,1.50,1.50
2012.04.10 17:34:17.679,6.79968,6.8016,1.50,1.50
2012.04.10 17:34:25.316,6.79988,6.80176,1.50,1.50
2012.04.10 17:34:25.393,6.79997,6.80184,1.50,1.50
2012.04.10 17:34:25.804,6.80043,6.80224,1.50,1.50
2012.04.10 17:34:25.876,6.80037,6.80224,1.50,1.50
2012.04.10 17:34:33.051,6.80007,6.80212,1.50,1.50
2012.04.10 17:34:33.984,6.80007,6.80216,1.50,1.50
2012.04.10 17:34:34.882,6.80014,6.80223,1.50,1.50
2012.04.10 17:34:39.216,6.80014,6.80187,1.50,1.50
2012.04.10 17:34:39.290,6.79977,6.80187,1.50,2.25
2012.04.10 17:34:39.358,6.79964,6.80187,2.25,2.25
2012.04.10 17:34:40.770,6.79964,6.80187,2.25,2.25
2012.04.10 17:34:41.458,6.79964,6.80187,2.25,2.25
2012.04.10 17:34:41.529,6.79968,6.80187,2.25,1.50
2012.04.10 17:34:41.599,6.79978,6.80187,1.50,1.50
2012.04.10 17:34:41.908,6.80045,6.80254,1.50,1.50
2012.04.10 17:34:42.099,6.80094,6.80294,1.50,1.50
2012.04.10 17:34:43.598,6.80094,6.80299,1.50,2.25
2012.04.10 17:34:43.667,6.80053,6.80276,1.50,1.50
2012.04.10 17:34:45.229,6.80133,6.8039,1.50,2.25
2012.04.10 17:34:45.540,6.80133,6.8039,1.50,1.50
2012.04.10 17:34:47.241,6.80183,6.80406,1.50,2.25
2012.04.10 17:34:51.661,6.80163,6.80379,1.50,1.50
2012.04.10 17:34:52.426,6.80156,6.80379,2.25,2.25
2012.04.10 17:34:52.506,6.80156,6.80379,1.50,2.25
2012.04.10 17:34:52.652,6.80156,6.80363,1.50,1.50
2012.04.10 17:34:53.003,6.80116,6.80336,2.25,1.50
2012.04.10 17:34:53.071,6.80116,6.80339,2.25,1.50
2012.04.10 17:34:54.668,6.80116,6.80339,2.25,2.25
2012.04.10 17:34:54.980,6.79991,6.80252,1.50,1.50
2012.04.10 17:34:57.167,6.80038,6.80261,1.50,1.50
2012.04.10 17:34:57.251,6.80062,6.80284,1.50,1.50
2012.04.10 17:34:57.759,6.80062,6.80285,1.50,1.50
2012.04.10 17:35:03.219,6.80062,6.80285,1.50,2.25
2012.04.10 17:35:03.288,6.80062,6.80227,1.50,1.50
2012.04.10 17:35:03.358,6.79959,6.80196,1.50,2.25
2012.04.10 17:35:06.020,6.79979,6.80196,1.50,2.25
2012.04.10 17:35:09.172,6.79979,6.80195,1.50,2.25
2012.04.10 17:35:09.627,6.79988,6.80173,1.50,2.25
2012.04.10 17:35:09.705,6.79987,6.80173,1.50,2.25
2012.04.10 17:35:12.516,6.79988,6.80173,1.50,2.25
2012.04.10 17:35:12.653,6.79988,6.80173,2.25,1.50
2012.04.10 17:35:12.993,6.79989,6.80198,2.25,2.25
2012.04.10 17:35:13.066,6.79989,6.80212,2.25,2.25
2012.04.10 17:35:14.478,6.79985,6.80182,1.50,2.25
2012.04.10 17:35:14.550,6.79985,6.80182,1.50,2.25
2012.04.10 17:35:18.452,6.79985,6.80191,1.50,2.25
2012.04.10 17:35:21.440,6.79995,6.80218,2.25,2.25
2012.04.10 17:35:22.342,6.80008,6.80218,1.50,2.25
2012.04.10 17:35:22.923,6.80005,6.80218,1.50,2.25
2012.04.10 17:35:23.968,6.80005,6.80218,1.50,2.25
2012.04.10 17:35:24.045,6.80005,6.80218,1.50,2.25
2012.04.10 17:35:24.113,6.80005,6.80218,1.50,2.25
2012.04.10 17:35:24.181,6.80023,6.80244,1.50,2.25
2012.04.10 17:35:24.501,6.80023,6.80244,1.50,2.25
2012.04.10 17:35:29.034,6.80006,6.80218,1.50,2.25
2012.04.10 17:35:29.629,6.80006,6.80218,1.50,2.25
2012.04.10 17:35:30.427,6.79996,6.80218,1.50,2.25
2012.04.10 17:35:30.499,6.79996,6.80218,1.50,2.25
2012.04.10 17:35:31.114,6.79996,6.80218,1.50,2.25
2012.04.10 17:35:31.440,6.80006,6.80218,1.50,2.25
2012.04.10 17:35:31.892,6.80006,6.80189,1.50,2.25
2012.04.10 17:35:34.627,6.80006,6.80189,1.50,2.25
2012.04.10 17:35:34.962,6.80006,6.80189,1.50,2.25
2012.04.10 17:35:35.783,6.80006,6.80216,1.50,2.25
2012.04.10 17:35:36.218,6.80016,6.80216,1.50,2.25
2012.04.10 17:35:38.322,6.80016,6.80216,1.50,2.25
2012.04.10 17:35:38.829,6.80016,6.80216,1.50,2.25
2012.04.10 17:35:40.843,6.80025,6.80216,1.50,2.25
2012.04.10 17:35:42.148,6.80025,6.80216,1.50,2.25
2012.04.10 17:35:54.331,6.80025,6.80216,1.50,2.25
2012.04.10 17:35:54.624,6.80025,6.80243,1.50,2.25
2012.04.10 17:35:55.418,6.80025,6.80243,1.50,2.25
2012.04.10 17:35:55.550,6.80025,6.80243,1.50,2.25
2012.04.10 17:35:55.741,6.80025,6.80215,1.50,1.50
2012.04.10 17:36:01.071,6.80025,6.80215,1.50,1.50
2012.04.10 17:36:04.898,6.80025,6.80239,1.50,2.25
2012.04.10 17:36:05.033,6.80025,6.80241,1.50,2.25
2012.04.10 17:36:05.161,6.80043,6.80241,1.50,2.25
2012.04.10 17:36:05.715,6.80043,6.80241,1.50,2.25
2012.04.10 17:36:06.312,6.80043,6.80241,1.50,2.25
2012.04.10 17:36:08.548,6.80043,6.80241,1.50,2.25
2012.04.10 17:36:08.789,6.80043,6.80241,1.50,2.25
2012.04.10 17:36:09.500,6.80043,6.80241,1.50,2.25
2012.04.10 17:36:11.320,6.80043,6.80241,1.50,2.25
2012.04.10 17:36:11.974,6.80043,6.80241,1.50,2.25
2012.04.10 17:36:12.046,6.80043,6.80241,1.50,2.25
2012.04.10 17:36:12.123,6.80043,6.80241,1.50,2.25
2012.04.10 17:36:12.363,6.80043,6.80241,1.50,2.25
2012.04.10 17:36:12.607,6.80043,6.80241,1.50,2.25
2012.04.10 17:36:13.003,6.80043,6.80241,1.50,2.25
2012.04.10 17:36:13.924,6.80043,6.80217,1.50,1.50
2012.04.10 17:36:14.235,6.80043,6.80217,1.50,1.50
2012.04.10 17:36:14.316,6.80043,6.80242,1.50,2.25
2012.04.10 17:36:16.992,6.80053,6.80242,1.50,2.25
2012.04.10 17:36:17.231,6.80053,6.80242,1.50,2.25
2012.04.10 17:36:18.055,6.80067,6.80242,2.25,1.50
2012.04.10 17:36:18.128,6.80067,6.80268,2.25,1.50
2012.04.10 17:36:18.331,6.80072,6.80268,1.50,1.50
2012.04.10 17:36:18.642,6.80072,6.80268,1.50,2.25
2012.04.10 17:36:18.769,6.80072,6.80268,1.50,2.25
2012.04.10 17:36:19.143,6.80072,6.80268,1.50,2.25
2012.04.10 17:36:20.906,6.80073,6.80294,2.25,2.31
2012.04.10 17:36:20.980,6.80073,6.80294,2.25,2.31
2012.04.10 17:36:21.241,6.80073,6.80294,2.25,2.31
2012.04.10 17:36:21.731,6.80073,6.80294,2.25,2.31
2012.04.10 17:36:21.950,6.80073,6.80294,2.25,2.31
2012.04.10 17:36:23.105,6.80072,6.80268,1.50,1.50
2012.04.10 17:36:28.440,6.80072,6.80268,1.50,1.50
2012.04.10 17:36:28.630,6.80072,6.80295,3.00,2.31
2012.04.10 17:36:28.871,6.80081,6.80295,1.50,2.31
2012.04.10 17:36:30.381,6.80081,6.80295,1.50,2.31
2012.04.10 17:36:30.720,6.80095,6.80295,1.50,2.31
2012.04.10 17:36:30.792,6.80099,6.80306,2.25,1.04
2012.04.10 17:36:30.997,6.80099,6.80312,2.25,1.03
2012.04.10 17:36:31.076,6.80099,6.80312,2.25,1.03
2012.04.10 17:36:34.642,6.80095,6.80294,1.50,2.31
2012.04.10 17:36:40.683,6.80098,6.80311,2.25,1.03
2012.04.10 17:36:42.633,6.80098,6.80311,2.25,1.03
2012.04.10 17:36:44.703,6.80096,6.80292,1.50,2.31
2012.04.10 17:36:44.873,6.80096,6.80292,1.50,2.31
2012.04.10 17:36:45.496,6.80096,6.80292,1.50,2.31
2012.04.10 17:36:45.796,6.80096,6.80267,1.50,1.50
2012.04.10 17:36:46.144,6.80096,6.80267,1.50,1.50
2012.04.10 17:36:46.323,6.80096,6.80267,1.50,2.25
2012.04.10 17:36:46.402,6.80067,6.80228,1.50,1.50
2012.04.10 17:36:46.484,6.80067,6.80204,1.50,1.50
2012.04.10 17:36:46.627,6.8003,6.80204,1.50,1.50
2012.04.10 17:36:47.040,6.80018,6.80204,1.50,1.50
2012.04.10 17:36:47.122,6.80025,6.80246,2.25,2.25
2012.04.10 17:36:47.271,6.80019,6.8021,1.50,1.50
2012.04.10 17:36:56.220,6.8001,6.8021,1.50,1.50
2012.04.10 17:36:56.876,6.8001,6.8021,1.50,1.50
2012.04.10 17:36:57.168,6.80019,6.8021,1.50,1.50
2012.04.10 17:36:57.302,6.80019,6.80234,1.50,2.25
2012.04.10 17:36:57.919,6.80019,6.8024,1.50,2.25
2012.04.10 17:37:00.282,6.80019,6.8024,1.50,2.25
2012.04.10 17:37:05.462,6.80019,6.8024,1.50,2.25
2012.04.10 17:37:07.029,6.80019,6.80216,1.50,1.50
2012.04.10 17:37:12.236,6.80019,6.80216,1.50,1.50
2012.04.10 17:37:16.730,6.80019,6.80216,1.50,1.50
2012.04.10 17:37:16.985,6.80019,6.80216,1.50,1.50
2012.04.10 17:37:17.053,6.80018,6.80216,1.50,1.50
2012.04.10 17:37:18.293,6.8001,6.80216,1.50,1.50
2012.04.10 17:37:18.846,6.80007,6.80216,1.50,2.25
2012.04.10 17:37:18.924,6.79993,6.80216,2.25,2.25
2012.04.10 17:37:18.997,6.79975,6.80179,1.50,1.50
2012.04.10 17:37:19.299,6.79961,6.80179,1.50,2.25
2012.04.10 17:37:21.394,6.79984,6.80207,2.25,2.25
2012.04.10 17:37:21.594,6.8002,6.80231,2.25,1.50
2012.04.10 17:37:24.477,6.79997,6.80207,1.50,2.25
2012.04.10 17:37:24.551,6.79997,6.80207,1.50,2.25
2012.04.10 17:37:25.599,6.79986,6.80207,2.25,2.25
2012.04.10 17:37:27.092,6.79986,6.80207,2.25,2.25
2012.04.10 17:37:27.791,6.79986,6.80207,2.25,2.25
2012.04.10 17:37:27.921,6.79986,6.80207,2.25,2.25
2012.04.10 17:37:28.240,6.8001,6.80233,2.25,2.25
2012.04.10 17:37:28.586,6.80039,6.8026,2.25,2.31
2012.04.10 17:37:30.505,6.80012,6.80233,2.25,2.25
2012.04.10 17:37:31.490,6.80012,6.80233,2.25,2.25
2012.04.10 17:37:31.617,6.80012,6.80233,2.25,2.25
2012.04.10 17:37:32.107,6.79984,6.80206,1.50,2.25
2012.04.10 17:37:32.323,6.79984,6.80206,1.50,2.25
2012.04.10 17:37:34.400,6.79984,6.80206,1.50,2.25
2012.04.10 17:37:34.805,6.80008,6.80229,2.25,2.25
2012.04.10 17:37:34.941,6.80008,6.80229,2.25,2.25
2012.04.10 17:37:36.773,6.80008,6.80229,2.25,2.25
2012.04.10 17:37:39.258,6.79998,6.80202,1.50,2.25
2012.04.10 17:37:39.681,6.79979,6.80202,2.25,2.25
2012.04.10 17:37:39.883,6.79987,6.80202,1.50,2.25
2012.04.10 17:37:40.383,6.79984,6.80202,1.50,2.25
2012.04.10 17:37:40.453,6.79984,6.80202,1.50,2.25
2012.04.10 17:37:40.523,6.79984,6.80202,1.50,2.25
2012.04.10 17:37:40.841,6.79973,6.80175,2.25,1.50
2012.04.10 17:37:41.337,6.79998,6.80175,1.50,2.25
2012.04.10 17:37:41.419,6.80023,6.80244,2.25,2.25
2012.04.10 17:37:41.495,6.80023,6.80244,2.25,2.25
2012.04.10 17:37:43.202,6.80023,6.80244,2.25,2.25
2012.04.10 17:37:45.698,6.8,6.80212,1.50,2.25
2012.04.10 17:37:45.950,6.8,6.80212,1.50,2.25
2012.04.10 17:37:47.507,6.79998,6.80212,2.25,2.25
2012.04.10 17:37:50.725,6.79998,6.80185,1.50,2.25
2012.04.10 17:37:51.087,6.79966,6.80151,1.50,1.50
2012.04.10 17:37:51.163,6.79958,6.80151,1.50,1.50
2012.04.10 17:37:51.760,6.79958,6.80181,3.00,2.25
2012.04.10 17:37:57.349,6.79966,6.80181,1.50,2.25
2012.04.10 17:37:58.120,6.79958,6.80181,3.00,2.25
2012.04.10 17:37:59.146,6.79966,6.80181,1.50,2.25
2012.04.10 17:38:00.422,6.79966,6.80181,1.50,2.25
2012.04.10 17:38:00.624,6.79991,6.8021,1.50,1.50
2012.04.10 17:38:01.886,6.79991,6.80212,2.25,2.25
2012.04.10 17:38:02.031,6.79991,6.80212,2.25,2.25
2012.04.10 17:38:02.652,6.79991,6.80212,2.25,2.25
2012.04.10 17:38:03.003,6.80018,6.80239,2.25,2.25
2012.04.10 17:38:03.355,6.80038,6.80239,1.50,1.50
2012.04.10 17:38:03.432,6.80046,6.80269,2.25,2.25
2012.04.10 17:38:04.316,6.80028,6.8024,1.50,2.25
2012.04.10 17:38:04.466,6.80028,6.8024,1.50,2.25
2012.04.10 17:38:04.934,6.80015,6.802,1.50,1.50
2012.04.10 17:38:05.008,6.80004,6.80227,2.25,2.25
2012.04.10 17:38:05.170,6.80004,6.80227,2.25,2.25
2012.04.10 17:38:05.432,6.80004,6.80227,2.25,2.25
2012.04.10 17:38:05.917,6.80002,6.80201,1.50,1.50
2012.04.10 17:38:06.351,6.80002,6.80201,1.50,1.50
2012.04.10 17:38:14.933,6.80002,6.80201,1.50,1.50
2012.04.10 17:38:16.911,6.79998,6.80201,1.50,1.50
2012.04.10 17:38:17.389,6.80002,6.80201,1.50,1.50
2012.04.10 17:38:18.998,6.79998,6.80201,2.25,1.50
2012.04.10 17:38:19.549,6.80002,6.80201,1.50,1.50
2012.04.10 17:38:21.054,6.80006,6.80224,2.25,2.25
2012.04.10 17:38:21.207,6.80006,6.80224,2.25,2.25
2012.04.10 17:38:21.973,6.80006,6.80229,2.25,2.25
2012.04.10 17:38:22.741,6.80006,6.80229,2.25,2.25
2012.04.10 17:38:23.672,6.80006,6.80229,2.25,2.25
2012.04.10 17:38:23.972,6.80007,6.80229,2.25,2.25
2012.04.10 17:38:24.326,6.80031,6.80254,2.25,2.25
2012.04.10 17:38:24.601,6.80039,6.80254,1.50,2.25
2012.04.10 17:38:24.911,6.80039,6.80254,1.50,2.25
2012.04.10 17:38:25.038,6.80039,6.80242,1.50,1.50
2012.04.10 17:38:25.375,6.80019,6.80217,1.50,1.50
2012.04.10 17:38:27.122,6.80021,6.80242,2.25,3.75
2012.04.10 17:38:30.439,6.80021,6.80242,2.25,2.25
2012.04.10 17:38:30.511,6.80021,6.80242,2.25,2.25
2012.04.10 17:38:34.828,6.80031,6.80242,1.50,2.25
2012.04.10 17:38:36.502,6.80031,6.80242,1.50,2.25
2012.04.10 17:38:36.991,6.80031,6.80242,1.50,2.25
2012.04.10 17:38:39.967,6.80031,6.80242,1.50,2.25
2012.04.10 17:38:40.171,6.80048,6.80269,2.25,2.25
2012.04.10 17:38:40.241,6.80048,6.80269,2.25,2.25
2012.04.10 17:38:40.788,6.80048,6.80269,2.25,2.25
2012.04.10 17:38:47.486,6.80058,6.80269,1.50,2.25
2012.04.10 17:38:47.955,6.80086,6.80307,2.25,2.25
2012.04.10 17:38:48.029,6.80086,6.80307,2.25,2.25
2012.04.10 17:38:48.274,6.80086,6.80307,2.25,2.25
2012.04.10 17:38:52.390,6.80086,6.80307,2.25,2.25
2012.04.10 17:38:52.460,6.80087,6.80307,1.50,2.25
2012.04.10 17:38:55.140,6.8011,6.80331,2.25,2.25
2012.04.10 17:38:56.352,6.8011,6.80331,2.25,2.25
2012.04.10 17:38:56.738,6.8011,6.80331,2.25,2.25
2012.04.10 17:38:58.896,6.8011,6.80331,2.25,2.25
2012.04.10 17:38:59.219,6.8011,6.80331,2.25,2.25
2012.04.10 17:38:59.820,6.8011,6.80331,2.25,2.25
2012.04.10 17:39:01.030,6.8011,6.80331,2.25,2.25
2012.04.10 17:39:01.493,6.8011,6.80331,1.50,2.25
2012.04.10 17:39:01.621,6.8011,6.80304,1.50,1.50
2012.04.10 17:39:01.973,6.80066,6.80281,1.50,2.25
2012.04.10 17:39:02.828,6.80086,6.80309,2.25,2.25
2012.04.10 17:39:02.898,6.80086,6.80309,2.25,2.25
2012.04.10 17:39:06.343,6.80086,6.80309,2.25,2.25
2012.04.10 17:39:10.298,6.80086,6.80309,2.25,2.25
2012.04.10 17:39:10.519,6.80086,6.80309,2.25,2.25
2012.04.10 17:39:11.436,6.80078,6.80281,1.50,2.25
2012.04.10 17:39:12.958,6.80078,6.80281,1.50,2.25
2012.04.10 17:39:13.600,6.80078,6.80281,1.50,1.50
2012.04.10 17:39:14.895,6.80078,6.80283,1.50,1.50
2012.04.10 17:39:15.650,6.80099,6.80313,2.25,2.25
2012.04.10 17:39:16.342,6.80078,6.80283,1.50,1.50
2012.04.10 17:39:16.666,6.80099,6.8032,2.25,2.25
2012.04.10 17:39:16.823,6.80078,6.80279,1.50,1.50
2012.04.10 17:39:17.259,6.80103,6.80326,2.25,2.25
2012.04.10 17:39:17.619,6.80078,6.80283,1.50,1.50
2012.04.10 17:39:18.175,6.80078,6.80279,1.50,1.50
2012.04.10 17:39:18.485,6.80078,6.80284,1.50,1.50
2012.04.10 17:39:19.037,6.80078,6.80283,1.50,1.50
2012.04.10 17:39:19.306,6.80103,6.80326,2.25,2.25
2012.04.10 17:39:19.379,6.80078,6.80284,1.50,1.50
2012.04.10 17:39:19.799,6.80109,6.8033,2.25,2.25
2012.04.10 17:39:19.971,6.80078,6.80283,1.50,1.50
2012.04.10 17:39:20.038,6.80078,6.80283,1.50,1.50
2012.04.10 17:39:20.503,6.80078,6.80289,1.50,2.25
2012.04.10 17:39:20.981,6.80078,6.80284,1.50,1.50
2012.04.10 17:39:21.429,6.80093,6.80307,2.25,2.25
2012.04.10 17:39:21.932,6.80078,6.8029,1.50,2.25
2012.04.10 17:39:23.430,6.80078,6.8029,1.50,2.25
2012.04.10 17:39:25.488,6.80078,6.8029,1.50,2.25
2012.04.10 17:39:29.672,6.80078,6.8029,1.50,2.25
2012.04.10 17:39:29.893,6.80067,6.8029,2.25,2.25
2012.04.10 17:39:30.023,6.80067,6.8029,1.50,2.25
2012.04.10 17:39:30.158,6.80067,6.80274,1.50,1.50
2012.04.10 17:39:30.781,6.80009,6.80211,1.50,1.50
2012.04.10 17:39:31.343,6.80009,6.80211,1.50,1.50
2012.04.10 17:39:32.342,6.80005,6.80211,1.50,2.25
2012.04.10 17:39:35.401,6.80005,6.80211,1.50,2.25
2012.04.10 17:39:35.742,6.80005,6.80211,1.50,2.25
2012.04.10 17:39:37.158,6.80005,6.80211,1.50,2.25
2012.04.10 17:39:39.762,6.80005,6.80211,1.50,2.25
2012.04.10 17:39:45.628,6.79999,6.80211,1.50,2.25
2012.04.10 17:39:45.882,6.79998,6.80211,1.50,2.25
2012.04.10 17:39:54.823,6.79996,6.80185,1.50,1.50
2012.04.10 17:39:55.144,6.79967,6.80151,1.50,1.50
2012.04.10 17:39:55.597,6.79957,6.80151,2.25,1.50
2012.04.10 17:39:55.679,6.79953,6.80151,1.50,1.50
2012.04.10 17:39:55.820,6.79953,6.80151,1.50,1.50
2012.04.10 17:39:55.947,6.79956,6.80176,2.25,2.25
2012.04.10 17:39:56.198,6.79956,6.80176,2.25,2.25
2012.04.10 17:39:56.275,6.79956,6.80177,2.25,2.25
2012.04.10 17:39:56.782,6.79967,6.80177,1.50,2.25
2012.04.10 17:39:57.232,6.79967,6.80152,1.50,1.50
2012.04.10 17:39:57.310,6.79976,6.80179,1.50,2.25
2012.04.10 17:39:57.393,6.79976,6.80179,1.50,2.25
2012.04.10 17:39:57.532,6.79994,6.80179,1.50,1.50
2012.04.10 17:39:57.813,6.79994,6.80208,1.50,2.25
2012.04.10 17:39:59.908,6.79994,6.80207,1.50,2.25
2012.04.10 17:40:00.673,6.79994,6.80207,1.50,2.25
2012.04.10 17:40:01.661,6.79994,6.80207,1.50,2.25
2012.04.10 17:40:02.552,6.79994,6.80207,1.50,2.25
2012.04.10 17:40:06.945,6.79994,6.80207,1.50,2.25
2012.04.10 17:40:08.623,6.79994,6.80207,1.50,2.25
2012.04.10 17:40:15.964,6.79994,6.80207,1.50,2.25
2012.04.10 17:40:16.187,6.79994,6.80207,1.50,2.25
2012.04.10 17:40:16.670,6.80038,6.80262,2.25,2.25
2012.04.10 17:40:16.744,6.80065,6.80288,2.25,2.25
2012.04.10 17:40:16.844,6.80065,6.80288,2.25,2.25
2012.04.10 17:40:17.365,6.80065,6.80288,2.25,2.25
2012.04.10 17:40:17.428,6.80065,6.80288,2.25,2.25
2012.04.10 17:40:17.946,6.80043,6.80261,1.50,2.25
2012.04.10 17:40:18.951,6.80065,6.80286,2.25,2.25
2012.04.10 17:40:19.022,6.80065,6.80286,2.25,2.25
2012.04.10 17:40:20.147,6.80065,6.80286,2.25,2.25
2012.04.10 17:40:21.106,6.80065,6.80286,2.25,2.25
2012.04.10 17:40:21.256,6.80114,6.80311,2.25,2.25
2012.04.10 17:40:21.329,6.80114,6.80335,2.25,2.25
2012.04.10 17:40:21.628,6.80114,6.80335,2.25,2.25
2012.04.10 17:40:23.808,6.80114,6.80335,2.25,2.25
2012.04.10 17:40:24.219,6.80114,6.80335,2.25,2.25
2012.04.10 17:40:24.880,6.80114,6.80335,2.25,2.25
2012.04.10 17:40:25.130,6.80095,6.80311,1.50,2.25
2012.04.10 17:40:25.341,6.80088,6.80311,2.25,2.25
2012.04.10 17:40:25.743,6.80088,6.80285,1.50,2.25
2012.04.10 17:40:26.181,6.80055,6.8026,1.50,1.50
2012.04.10 17:40:26.642,6.80055,6.8026,1.50,1.50
2012.04.10 17:40:28.648,6.80055,6.8026,1.50,1.50
2012.04.10 17:40:29.132,6.80039,6.8026,2.25,2.25
2012.04.10 17:40:29.214,6.80039,6.8026,1.50,2.25
2012.04.10 17:40:29.354,6.80016,6.80207,1.50,1.50
2012.04.10 17:40:29.559,6.8,6.80207,1.50,2.25
2012.04.10 17:40:29.949,6.8,6.80207,1.50,2.25
2012.04.10 17:40:30.542,6.8,6.80207,1.50,2.25
2012.04.10 17:40:38.541,6.8,6.80217,1.50,2.25
2012.04.10 17:40:38.608,6.79997,6.80217,1.50,2.25
2012.04.10 17:40:38.919,6.8,6.80217,1.50,2.25
2012.04.10 17:40:39.259,6.79994,6.80217,2.25,2.25
2012.04.10 17:40:39.942,6.79994,6.80217,2.25,2.25
2012.04.10 17:40:40.023,6.79983,6.80188,1.50,1.50
2012.04.10 17:40:42.591,6.79983,6.80188,1.50,1.50
2012.04.10 17:40:45.811,6.79979,6.80188,1.50,1.50
2012.04.10 17:40:45.889,6.79953,6.80152,1.50,1.50
2012.04.10 17:40:46.094,6.79953,6.80152,1.50,1.50
2012.04.10 17:40:46.163,6.79953,6.80152,1.50,1.50
2012.04.10 17:40:46.904,6.7994,6.80152,1.50,2.25
2012.04.10 17:40:54.651,6.79954,6.80175,1.50,2.25
2012.04.10 17:41:04.667,6.79931,6.80111,1.50,1.50
2012.04.10 17:41:04.748,6.79909,6.80111,1.50,1.50
2012.04.10 17:41:04.893,6.79889,6.80111,1.50,2.25
2012.04.10 17:41:05.034,6.799,6.80111,1.50,2.25
2012.04.10 17:41:05.380,6.79917,6.80111,1.50,2.25
2012.04.10 17:41:05.461,6.79926,6.80111,1.50,1.50
2012.04.10 17:41:05.535,6.79926,6.80136,1.50,2.25
2012.04.10 17:41:05.992,6.79917,6.80136,1.50,2.25
2012.04.10 17:41:06.331,6.7994,6.8016,1.50,2.25
2012.04.10 17:41:06.644,6.79917,6.80119,1.50,1.50
2012.04.10 17:41:07.406,6.79924,6.80145,2.25,2.25
2012.04.10 17:41:08.785,6.79924,6.80145,1.50,2.25
2012.04.10 17:41:08.852,6.79889,6.80107,1.50,2.25
2012.04.10 17:41:08.947,6.79889,6.80107,1.50,2.25
2012.04.10 17:41:09.021,6.79876,6.8007,1.50,1.50
2012.04.10 17:41:10.626,6.79889,6.80094,1.50,1.50
2012.04.10 17:41:10.829,6.79891,6.80094,1.50,1.50
2012.04.10 17:41:11.164,6.79891,6.801,1.50,2.25
2012.04.10 17:41:11.263,6.79891,6.801,1.50,2.25
2012.04.10 17:41:18.793,6.79918,6.80126,1.50,2.25
2012.04.10 17:41:18.982,6.79907,6.80126,1.50,2.25
2012.04.10 17:41:19.493,6.79919,6.80126,1.50,1.50
2012.04.10 17:41:24.433,6.79919,6.80126,1.50,1.50
2012.04.10 17:41:24.921,6.79937,6.80158,1.50,2.25
2012.04.10 17:41:28.470,6.79937,6.80158,1.50,2.25
2012.04.10 17:41:28.541,6.79922,6.8013,1.50,1.50
2012.04.10 17:41:30.109,6.79911,6.8013,1.50,2.25
2012.04.10 17:41:30.300,6.79911,6.8013,1.50,2.25
2012.04.10 17:41:30.881,6.79911,6.8013,1.50,2.25
2012.04.10 17:41:30.949,6.79911,6.8013,1.50,2.25
2012.04.10 17:41:36.541,6.7991,6.80128,2.25,2.25
2012.04.10 17:41:36.730,6.79896,6.80105,1.50,2.25
2012.04.10 17:41:36.921,6.79909,6.80132,2.25,2.25
2012.04.10 17:41:37.050,6.79909,6.80126,2.25,2.25
2012.04.10 17:41:37.179,6.7988,6.80101,1.50,2.25
2012.04.10 17:41:42.541,6.7988,6.80101,2.25,2.25
2012.04.10 17:41:42.853,6.79892,6.80101,1.50,2.25
2012.04.10 17:41:43.712,6.79903,6.80126,1.50,2.25
2012.04.10 17:42:03.423,6.7988,6.80089,2.25,2.25
2012.04.10 17:42:03.744,6.79856,6.80061,1.50,1.50
2012.04.10 17:42:05.178,6.79869,6.80061,1.50,1.50
2012.04.10 17:42:05.319,6.79898,6.80119,3.00,2.25
2012.04.10 17:42:05.443,6.79898,6.80119,3.00,2.25
2012.04.10 17:42:05.975,6.79908,6.80119,1.50,2.25
2012.04.10 17:42:06.039,6.7991,6.80119,1.50,2.25
2012.04.10 17:42:06.467,6.79908,6.80119,2.25,2.25
2012.04.10 17:42:06.539,6.7991,6.80119,1.50,2.25
2012.04.10 17:42:07.183,6.79915,6.80119,1.50,2.25
2012.04.10 17:42:07.331,6.7991,6.80119,1.50,2.25
2012.04.10 17:42:07.399,6.79907,6.80119,1.50,2.25
2012.04.10 17:42:08.969,6.79898,6.80119,3.00,2.25
2012.04.10 17:42:09.040,6.79898,6.80107,2.25,1.50
2012.04.10 17:42:10.790,6.79876,6.80086,1.50,2.25
2012.04.10 17:42:10.861,6.79876,6.80086,1.50,2.25
2012.04.10 17:42:12.019,6.79876,6.80086,1.50,2.25
2012.04.10 17:42:13.098,6.7989,6.80107,2.25,1.50
2012.04.10 17:42:13.189,6.79958,6.80167,2.25,1.50
2012.04.10 17:42:13.322,6.79958,6.80179,2.25,2.25
2012.04.10 17:42:13.512,6.79984,6.80176,1.50,1.50
2012.04.10 17:42:13.835,6.7995,6.80153,1.50,2.25
2012.04.10 17:42:14.341,6.7995,6.80153,1.50,2.25
2012.04.10 17:42:15.385,6.79948,6.80153,1.50,2.25
2012.04.10 17:42:15.451,6.79932,6.80153,2.25,2.25
2012.04.10 17:42:15.525,6.79931,6.80129,1.50,2.25
2012.04.10 17:42:15.665,6.79931,6.80129,1.50,2.25
2012.04.10 17:42:20.653,6.79931,6.80129,1.50,2.25
2012.04.10 17:42:21.219,6.79931,6.80129,1.50,2.25
2012.04.10 17:42:21.764,6.79928,6.80129,1.50,2.25
2012.04.10 17:42:22.053,6.79931,6.80129,1.50,2.25
2012.04.10 17:42:22.453,6.79938,6.80129,1.50,2.25
2012.04.10 17:42:23.048,6.79941,6.80155,1.50,2.25
2012.04.10 17:42:23.402,6.79938,6.80155,1.50,2.25
2012.04.10 17:42:23.918,6.79941,6.80155,1.50,2.25
2012.04.10 17:42:24.175,6.79938,6.80155,1.50,2.25
2012.04.10 17:42:27.080,6.79932,6.80137,1.50,1.50
2012.04.10 17:42:27.151,6.79924,6.80126,1.50,2.25
2012.04.10 17:42:27.494,6.79924,6.80126,1.50,2.25
2012.04.10 17:42:27.810,6.79924,6.80126,1.50,2.25
2012.04.10 17:42:28.210,6.79924,6.80139,1.50,2.25
2012.04.10 17:42:28.761,6.79943,6.80164,2.25,2.25
2012.04.10 17:42:29.491,6.79943,6.80157,2.25,1.50
2012.04.10 17:42:29.558,6.79943,6.80157,2.25,1.50
2012.04.10 17:42:31.670,6.79928,6.80141,1.50,2.25
2012.04.10 17:42:33.501,6.79945,6.80157,2.25,1.50
2012.04.10 17:42:36.549,6.79945,6.80167,2.25,1.50
2012.04.10 17:42:36.804,6.79945,6.80136,2.25,1.50
2012.04.10 17:42:37.862,6.79926,6.80143,1.50,2.25
2012.04.10 17:42:39.464,6.79926,6.80143,1.50,2.25
2012.04.10 17:42:40.421,6.79926,6.80143,1.50,2.25
2012.04.10 17:42:41.383,6.79926,6.80143,1.50,2.25
2012.04.10 17:42:41.456,6.79951,6.80172,2.25,2.25
2012.04.10 17:42:42.527,6.79946,6.80149,1.50,2.25
2012.04.10 17:42:43.012,6.79946,6.80149,1.50,2.25
2012.04.10 17:42:43.234,6.79946,6.80149,1.50,2.25
2012.04.10 17:42:43.538,6.79952,6.80175,2.25,2.25
2012.04.10 17:42:47.673,6.79955,6.80175,1.50,2.25
2012.04.10 17:42:48.867,6.79955,6.80175,1.50,2.25
2012.04.10 17:42:49.068,6.79981,6.80186,2.25,1.50
2012.04.10 17:42:49.464,6.80007,6.80197,1.50,1.50
2012.04.10 17:42:50.016,6.79946,6.80156,2.25,1.50
2012.04.10 17:42:50.368,6.79946,6.80156,1.50,1.50
2012.04.10 17:42:50.443,6.79937,6.80143,1.50,2.25
2012.04.10 17:42:50.512,6.79931,6.80143,1.50,2.25
2012.04.10 17:42:50.763,6.79931,6.80143,1.50,2.25
2012.04.10 17:42:52.107,6.79949,6.8017,2.25,2.25
2012.04.10 17:42:54.693,6.79949,6.8017,2.25,2.25
2012.04.10 17:42:54.942,6.79921,6.80139,1.50,2.25
2012.04.10 17:42:55.071,6.7992,6.80139,1.50,2.25
2012.04.10 17:42:56.292,6.79947,6.80139,1.50,1.50
2012.04.10 17:43:02.395,6.79955,6.80139,1.50,1.50
2012.04.10 17:43:04.390,6.79955,6.80139,1.50,1.50
2012.04.10 17:43:04.709,6.79955,6.80139,1.50,1.50
2012.04.10 17:43:04.783,6.79997,6.80163,1.50,1.50
2012.04.10 17:43:04.858,6.79997,6.80217,1.50,1.50
2012.04.10 17:43:05.225,6.79997,6.80217,1.50,1.50
2012.04.10 17:43:05.309,6.79997,6.80217,1.50,1.50
2012.04.10 17:43:05.923,6.79997,6.80217,1.50,1.50
2012.04.10 17:43:06.196,6.79987,6.80192,1.50,1.50
2012.04.10 17:43:06.279,6.79971,6.8019,2.25,1.50
2012.04.10 17:43:06.355,6.79957,6.80158,1.50,1.50
2012.04.10 17:43:06.693,6.79961,6.80158,1.50,1.50
2012.04.10 17:43:07.007,6.79957,6.80158,1.50,1.50
2012.04.10 17:43:11.072,6.79937,6.80154,3.00,1.50
2012.04.10 17:43:11.427,6.79957,6.8013,1.50,1.50
2012.04.10 17:43:16.261,6.79961,6.8013,1.50,1.50
2012.04.10 17:43:16.372,6.79958,6.8013,1.50,1.50
2012.04.10 17:43:16.919,6.79961,6.8013,1.50,1.50
2012.04.10 17:43:17.684,6.79967,6.8013,1.50,1.50
2012.04.10 17:43:17.873,6.79978,6.80154,1.50,1.50
2012.04.10 17:43:17.943,6.79967,6.80156,1.50,1.50
2012.04.10 17:43:18.362,6.79966,6.80156,1.50,1.50
2012.04.10 17:43:19.429,6.79957,6.80156,1.50,1.50
2012.04.10 17:43:20.053,6.79966,6.80156,1.50,1.50
2012.04.10 17:43:23.082,6.79958,6.80156,1.50,1.50
2012.04.10 17:43:25.390,6.79966,6.80156,1.50,1.50
2012.04.10 17:43:26.120,6.79935,6.80136,2.25,1.50
2012.04.10 17:43:27.618,6.79942,6.80151,1.50,1.50
2012.04.10 17:43:27.695,6.79942,6.80151,1.50,1.50
2012.04.10 17:43:27.766,6.79942,6.80151,1.50,1.50
2012.04.10 17:43:27.913,6.79985,6.80171,2.25,1.50
2012.04.10 17:43:28.722,6.79985,6.80171,2.25,1.50
2012.04.10 17:43:40.129,6.79964,6.80171,1.50,1.50
2012.04.10 17:43:41.118,6.79964,6.80171,1.50,1.50
2012.04.10 17:43:41.305,6.79964,6.80171,1.50,1.50
2012.04.10 17:43:50.491,6.79958,6.80171,3.00,1.50
2012.04.10 17:43:50.559,6.79964,6.80171,1.50,1.50
2012.04.10 17:43:50.888,6.79964,6.80152,1.50,1.50
2012.04.10 17:43:51.685,6.79958,6.80152,1.50,2.25
2012.04.10 17:43:52.033,6.79985,6.80194,1.50,1.50
2012.04.10 17:43:52.564,6.79998,6.802,1.50,2.25
2012.04.10 17:43:53.454,6.79998,6.80177,1.50,2.25
2012.04.10 17:43:55.266,6.79998,6.80177,1.50,2.25
2012.04.10 17:43:57.758,6.79998,6.80177,1.50,2.25
2012.04.10 17:43:58.182,6.79998,6.80201,1.50,2.25
2012.04.10 17:44:05.097,6.80015,6.80224,1.50,1.50
2012.04.10 17:44:05.181,6.80015,6.80224,1.50,1.50
2012.04.10 17:44:05.371,6.80015,6.80216,1.50,1.50
2012.04.10 17:44:05.722,6.80015,6.80224,1.50,1.50
2012.04.10 17:44:06.044,6.80015,6.80224,1.50,1.50
2012.04.10 17:44:06.795,6.80015,6.80224,1.50,1.50
2012.04.10 17:44:06.865,6.80015,6.80224,1.50,1.50
2012.04.10 17:44:09.810,6.80015,6.80224,1.50,1.50
2012.04.10 17:44:09.880,6.80015,6.80224,1.50,1.50
2012.04.10 17:44:10.015,6.80005,6.80185,1.50,1.50
2012.04.10 17:44:10.382,6.79976,6.80157,1.50,2.25
2012.04.10 17:44:10.457,6.79976,6.80157,1.50,2.25
2012.04.10 17:44:10.648,6.79964,6.80157,1.50,2.25
2012.04.10 17:44:11.960,6.79964,6.80157,1.50,2.25
2012.04.10 17:44:12.090,6.79964,6.80157,1.50,2.25
2012.04.10 17:44:12.159,6.79964,6.80157,1.50,2.25
2012.04.10 17:44:12.484,6.79957,6.80157,1.50,2.25
2012.04.10 17:44:12.821,6.79957,6.80157,1.50,2.25
2012.04.10 17:44:13.141,6.79975,6.80157,1.50,2.25
2012.04.10 17:44:13.533,6.79975,6.80157,1.50,2.25
2012.04.10 17:44:14.129,6.79975,6.80157,1.50,2.25
2012.04.10 17:44:14.581,6.79975,6.80157,1.50,2.25
2012.04.10 17:44:14.841,6.79975,6.80182,1.50,1.50
2012.04.10 17:44:17.552,6.79975,6.80182,1.50,1.50
2012.04.10 17:44:28.668,6.79975,6.80182,1.50,1.50
2012.04.10 17:44:29.439,6.79975,6.80182,1.50,1.50
2012.04.10 17:44:31.320,6.79975,6.80182,1.50,1.50
2012.04.10 17:44:37.348,6.79975,6.80182,1.50,1.50
2012.04.10 17:44:37.664,6.79994,6.80182,2.25,1.50
2012.04.10 17:44:38.020,6.79994,6.80184,2.25,1.50
2012.04.10 17:44:38.109,6.80008,6.80215,1.50,3.00
2012.04.10 17:44:38.440,6.80008,6.80215,1.50,3.00
2012.04.10 17:44:38.748,6.80008,6.80215,1.50,3.00
2012.04.10 17:44:38.918,6.80008,6.80215,1.50,3.00
2012.04.10 17:44:40.863,6.79987,6.80191,1.50,2.25
2012.04.10 17:44:43.287,6.79985,6.80191,1.50,2.25
2012.04.10 17:44:45.378,6.79985,6.80191,1.50,2.25
2012.04.10 17:44:45.508,6.79987,6.80191,1.50,2.25
2012.04.10 17:44:45.868,6.79994,6.8021,2.25,1.50
2012.04.10 17:44:46.379,6.79994,6.80215,2.25,2.25
2012.04.10 17:44:46.701,6.79994,6.80215,2.45,2.25
2012.04.10 17:44:47.010,6.80114,6.80283,1.50,1.50
2012.04.10 17:44:49.871,6.80111,6.80268,1.50,1.50
2012.04.10 17:44:49.946,6.80108,6.80268,1.50,1.50
2012.04.10 17:44:52.051,6.79985,6.80223,2.25,1.50
2012.04.10 17:44:52.120,6.79985,6.80209,2.25,1.50
2012.04.10 17:44:52.989,6.79985,6.80209,2.25,1.50
2012.04.10 17:44:53.979,6.80005,6.80209,2.25,1.50
2012.04.10 17:44:55.310,6.80005,6.80209,1.50,1.50
2012.04.10 17:44:55.465,6.80005,6.80209,2.25,1.50
2012.04.10 17:44:55.752,6.80005,6.80209,1.50,1.50
2012.04.10 17:45:00.581,6.80005,6.80209,2.25,1.50
2012.04.10 17:45:01.459,6.80005,6.80209,1.50,1.50
2012.04.10 17:45:04.330,6.80005,6.80209,2.25,1.50
2012.04.10 17:45:04.875,6.80005,6.80209,1.50,1.50
2012.04.10 17:45:05.095,6.80005,6.80209,2.25,1.50
2012.04.10 17:45:06.136,6.80005,6.80209,1.50,1.50
2012.04.10 17:45:17.311,6.80005,6.80209,1.50,1.50
2012.04.10 17:45:18.815,6.80005,6.80197,1.50,1.50
2012.04.10 17:45:19.208,6.80005,6.80186,1.50,1.50
2012.04.10 17:45:22.072,6.79981,6.80186,1.50,1.50
2012.04.10 17:45:22.142,6.79977,6.80186,1.50,1.50
2012.04.10 17:45:25.921,6.7997,6.80186,2.25,1.50
2012.04.10 17:45:26.115,6.79947,6.80164,1.50,1.50
2012.04.10 17:45:26.308,6.79946,6.8014,2.25,2.25
2012.04.10 17:45:26.388,6.79944,6.8014,1.50,1.50
2012.04.10 17:45:26.462,6.79944,6.80153,3.00,1.50
2012.04.10 17:45:27.103,6.79956,6.80163,1.50,1.50
2012.04.10 17:45:27.430,6.79944,6.80153,3.00,1.50
2012.04.10 17:45:27.559,6.79944,6.80153,3.00,1.50
2012.04.10 17:45:27.870,6.79972,6.80167,1.50,1.50
2012.04.10 17:45:34.234,6.79946,6.80167,2.25,3.00
2012.04.10 17:45:34.303,6.79946,6.80151,1.50,1.50
2012.04.10 17:45:34.666,6.79928,6.8014,1.50,2.25
2012.04.10 17:45:34.993,6.79944,6.80151,1.50,1.50
2012.04.10 17:45:49.405,6.79919,6.80137,2.25,2.25
2012.04.10 17:46:12.775,6.79914,6.80136,2.25,1.50
2012.04.10 17:46:12.848,6.79921,6.80136,1.50,1.50
2012.04.10 17:46:13.209,6.79859,6.8008,2.25,1.50
2012.04.10 17:46:13.341,6.79859,6.8008,2.25,1.50
2012.04.10 17:46:13.776,6.79891,6.80086,1.50,1.50
2012.04.10 17:46:14.296,6.79891,6.80068,1.50,1.50
2012.04.10 17:46:14.435,6.79867,6.80068,1.50,1.50
2012.04.10 17:46:14.506,6.79855,6.80068,2.25,1.50
2012.04.10 17:46:14.574,6.79855,6.80075,2.25,2.25
2012.04.10 17:46:15.138,6.79879,6.8008,1.50,1.50
2012.04.10 17:46:15.220,6.79858,6.80074,1.50,2.25
2012.04.10 17:46:17.361,6.79871,6.80074,1.50,2.25
2012.04.10 17:46:17.640,6.79875,6.8008,1.50,1.50
2012.04.10 17:46:18.122,6.79875,6.8008,2.25,1.50
2012.04.10 17:46:18.436,6.79878,6.8009,1.50,1.50
2012.04.10 17:46:20.858,6.79887,6.8009,2.25,1.50
2012.04.10 17:46:21.229,6.7991,6.80094,1.50,1.50
2012.04.10 17:46:21.309,6.79887,6.80094,3.00,1.50
2012.04.10 17:46:25.066,6.79912,6.80094,2.25,1.50
2012.04.10 17:46:25.279,6.79943,6.80136,1.50,1.50
2012.04.10 17:46:25.485,6.79936,6.80136,2.25,1.50
2012.04.10 17:46:26.522,6.79936,6.80136,2.25,1.50
2012.04.10 17:46:27.352,6.79936,6.80136,2.25,1.50
2012.04.10 17:46:33.723,6.79938,6.80147,1.50,1.50
2012.04.10 17:46:33.848,6.79938,6.80147,1.50,1.50
2012.04.10 17:46:34.392,6.79938,6.80147,1.50,1.50
2012.04.10 17:46:35.260,6.79938,6.80147,1.50,1.50
2012.04.10 17:46:35.583,6.79938,6.80147,1.50,1.50
2012.04.10 17:46:35.694,6.79937,6.80147,1.50,1.50
2012.04.10 17:46:36.365,6.79938,6.80147,1.50,1.50
2012.04.10 17:46:38.403,6.79938,6.80147,1.50,1.50
2012.04.10 17:46:38.569,6.79938,6.80147,1.50,1.50
2012.04.10 17:46:39.478,6.79936,6.80147,2.25,1.50
2012.04.10 17:46:51.274,6.79938,6.80147,1.50,1.50
2012.04.10 17:46:51.419,6.79936,6.80153,2.25,1.50
2012.04.10 17:46:51.496,6.79928,6.80132,1.50,2.25
2012.04.10 17:46:55.729,6.79912,6.80132,1.35,1.50
2012.04.10 17:46:56.740,6.79911,6.80132,2.25,1.50
2012.04.10 17:46:57.325,6.8,6.80195,1.50,1.50
2012.04.10 17:47:06.250,6.80026,6.80195,1.50,1.50
2012.04.10 17:47:06.570,6.8005,6.80195,1.50,1.50
2012.04.10 17:47:21.489,6.8005,6.8021,1.50,1.50
2012.04.10 17:47:23.725,6.8005,6.80169,1.50,1.50
2012.04.10 17:47:23.863,6.79992,6.80165,1.50,1.50
2012.04.10 17:47:25.318,6.79992,6.80165,1.50,1.50
2012.04.10 17:47:27.961,6.79992,6.80192,1.50,1.50
2012.04.10 17:47:28.090,6.79992,6.80192,1.50,1.50
2012.04.10 17:47:28.832,6.79992,6.80192,1.50,1.50
2012.04.10 17:47:29.052,6.79954,6.80149,1.50,1.50
2012.04.10 17:47:29.883,6.79954,6.80149,1.50,1.50
2012.04.10 17:47:30.070,6.79958,6.80171,1.50,1.50
2012.04.10 17:47:30.549,6.79983,6.80171,1.50,1.50
2012.04.10 17:47:31.316,6.79952,6.80171,1.50,1.50
2012.04.10 17:47:31.885,6.79952,6.80144,1.50,1.50
2012.04.10 17:47:33.030,6.79952,6.80169,1.50,1.50
2012.04.10 17:47:35.593,6.79952,6.80153,1.50,1.50
2012.04.10 17:47:36.584,6.79952,6.80131,1.50,1.50
2012.04.10 17:47:41.645,6.79916,6.80111,1.50,1.50
2012.04.10 17:47:41.711,6.79916,6.80111,1.50,1.50
2012.04.10 17:47:46.301,6.79942,6.80134,1.50,1.50
2012.04.10 17:47:46.374,6.79919,6.8013,1.50,2.25
2012.04.10 17:47:46.501,6.7991,6.8013,2.25,1.50
2012.04.10 17:47:46.832,6.79935,6.80139,1.50,1.50
2012.04.10 17:47:47.160,6.79935,6.80139,1.50,1.50
2012.04.10 17:47:48.261,6.79949,6.80158,1.50,2.25
2012.04.10 17:47:49.120,6.79976,6.80172,1.50,1.50
2012.04.10 17:47:49.441,6.8,6.80187,1.50,1.50
2012.04.10 17:47:49.510,6.8,6.80187,1.50,1.50
2012.04.10 17:47:52.586,6.79976,6.80165,1.50,2.25
2012.04.10 17:47:52.654,6.79942,6.80158,1.50,1.50
2012.04.10 17:47:52.986,6.79942,6.80155,1.50,1.50
2012.04.10 17:47:54.779,6.79942,6.80103,1.50,3.00
2012.04.10 17:47:55.091,6.79788,6.80027,1.50,2.25
2012.04.10 17:47:55.789,6.79787,6.80027,1.50,2.25
2012.04.10 17:47:56.261,6.79804,6.80027,2.25,2.25
2012.04.10 17:47:57.041,6.79804,6.80011,3.00,1.50
2012.04.10 17:47:57.115,6.79804,6.80011,2.25,1.50
2012.04.10 17:47:57.183,6.79804,6.80011,2.25,1.50
2012.04.10 17:47:57.534,6.79778,6.79975,1.50,1.50
2012.04.10 17:47:57.959,6.79757,6.79975,1.50,2.25
2012.04.10 17:47:58.368,6.79767,6.79975,1.50,2.25
2012.04.10 17:47:58.728,6.79748,6.79934,1.50,1.50
2012.04.10 17:47:58.814,6.79734,6.79934,1.50,1.50
2012.04.10 17:47:59.003,6.7974,6.79954,2.25,1.50
2012.04.10 17:47:59.764,6.79788,6.79961,1.50,1.50
2012.04.10 17:47:59.923,6.79788,6.80001,1.50,1.50
2012.04.10 17:47:59.998,6.79792,6.80001,1.50,1.50
2012.04.10 17:48:00.563,6.79786,6.80001,2.25,1.50
2012.04.10 17:48:00.641,6.79767,6.79975,1.50,1.50
2012.04.10 17:48:00.748,6.79783,6.79985,1.50,1.50
2012.04.10 17:48:01.093,6.7976,6.79978,2.25,2.25
2012.04.10 17:48:02.474,6.79757,6.79978,2.25,1.50
2012.04.10 17:48:03.460,6.798,6.79978,1.35,1.50
2012.04.10 17:48:03.779,6.7987,6.80092,1.50,1.50
2012.04.10 17:48:03.912,6.7987,6.80108,2.25,1.50
2012.04.10 17:48:04.289,6.7987,6.80095,1.50,1.50
2012.04.10 17:48:04.644,6.79896,6.80095,1.50,1.50
2012.04.10 17:48:11.802,6.79896,6.80046,1.50,1.50
2012.04.10 17:48:11.871,6.79847,6.80046,1.50,1.50
2012.04.10 17:48:12.243,6.79824,6.80045,2.25,2.25
2012.04.10 17:48:12.650,6.79824,6.80039,2.25,1.50
2012.04.10 17:48:14.275,6.79799,6.80022,2.25,1.50
2012.04.10 17:48:16.644,6.79824,6.80039,2.25,1.50
2012.04.10 17:48:16.978,6.79832,6.80039,1.50,1.50
2012.04.10 17:48:17.169,6.79865,6.80071,1.50,2.25
2012.04.10 17:48:17.239,6.79853,6.80071,1.50,2.25
2012.04.10 17:48:18.530,6.79844,6.80046,1.50,1.50
2012.04.10 17:48:21.584,6.79825,6.80046,2.25,2.25
2012.04.10 17:48:21.725,6.79825,6.80036,2.25,1.50
2012.04.10 17:48:22.129,6.79825,6.80036,2.25,1.50
2012.04.10 17:48:22.526,6.79825,6.80025,1.50,1.50
2012.04.10 17:48:22.671,6.79794,6.80004,1.50,1.50
2012.04.10 17:48:26.183,6.79767,6.79958,1.50,1.50
2012.04.10 17:48:26.586,6.79753,6.79958,1.50,1.50
2012.04.10 17:48:28.963,6.79743,6.79958,1.50,1.50
2012.04.10 17:48:31.745,6.79753,6.79958,1.50,1.50
2012.04.10 17:48:31.886,6.79782,6.80002,2.25,1.50
2012.04.10 17:48:32.243,6.79782,6.80002,2.25,1.50
2012.04.10 17:48:37.760,6.79806,6.80002,1.50,1.50
2012.04.10 17:48:38.083,6.79806,6.79984,1.50,1.50
2012.04.10 17:48:38.408,6.79806,6.79991,1.50,1.50
2012.04.10 17:48:38.630,6.79806,6.79995,1.50,1.50
2012.04.10 17:48:42.830,6.79782,6.80002,2.25,2.25
2012.04.10 17:48:44.436,6.79808,6.80009,1.50,1.50
2012.04.10 17:48:44.564,6.79784,6.80004,1.50,1.50
2012.04.10 17:48:44.724,6.79784,6.80004,1.50,1.50
2012.04.10 17:49:31.598,6.79784,6.80004,1.50,1.50
2012.04.10 17:49:32.750,6.79824,6.80004,1.50,1.50
2012.04.10 17:49:33.122,6.79853,6.80004,1.50,1.50
2012.04.10 17:49:36.281,6.79795,6.80004,1.35,1.50
2012.04.10 17:49:36.500,6.79823,6.80004,1.50,1.50
2012.04.10 17:49:36.569,6.79848,6.80069,1.50,1.50
2012.04.10 17:49:37.670,6.79848,6.80067,1.50,1.50
2012.04.10 17:49:37.739,6.79822,6.80043,1.50,1.50
2012.04.10 17:49:40.982,6.79822,6.80043,2.25,1.50
2012.04.10 17:49:47.889,6.79846,6.80067,1.50,1.50
2012.04.10 17:49:50.334,6.79846,6.80067,1.50,2.25
2012.04.10 17:49:50.407,6.79818,6.80041,1.50,1.50
2012.04.10 17:49:50.672,6.79795,6.80013,2.25,1.50
2012.04.10 17:49:52.180,6.7979,6.80013,1.50,1.50
2012.04.10 17:49:52.762,6.79823,6.80036,1.50,1.50
2012.04.10 17:49:53.373,6.79823,6.80046,1.50,2.25
2012.04.10 17:49:54.391,6.79799,6.8002,3.00,1.50
2012.04.10 17:49:56.969,6.79824,6.80047,1.50,2.25
2012.04.10 17:49:58.153,6.79852,6.8007,1.50,2.25
2012.04.10 17:49:58.340,6.79852,6.80075,1.50,2.25
2012.04.10 17:49:59.994,6.79829,6.80047,1.50,1.50
2012.04.10 17:50:00.345,6.79826,6.80047,1.50,1.50
2012.04.10 17:50:01.560,6.79826,6.80046,1.50,1.50
2012.04.10 17:50:01.631,6.798,6.80021,2.25,1.50
2012.04.10 17:50:01.821,6.79828,6.80048,1.50,1.50
2012.04.10 17:50:03.980,6.79828,6.80037,1.50,1.50
2012.04.10 17:50:04.326,6.79791,6.80014,1.50,1.50
2012.04.10 17:50:10.774,6.79768,6.79955,2.25,1.50
2012.04.10 17:50:11.166,6.79732,6.79955,2.25,1.50
2012.04.10 17:50:11.236,6.79759,6.79979,1.50,1.50
2012.04.10 17:50:11.943,6.79759,6.7998,1.50,1.50
2012.04.10 17:50:18.546,6.79818,6.80037,1.50,1.50
2012.04.10 17:50:18.617,6.79818,6.80037,1.50,1.50
2012.04.10 17:50:23.925,6.79819,6.80041,1.50,1.50
2012.04.10 17:50:23.992,6.79844,6.80065,1.50,2.25
2012.04.10 17:50:24.122,6.79844,6.80065,1.50,1.50
2012.04.10 17:50:33.713,6.79844,6.80065,2.25,1.50
2012.04.10 17:50:33.854,6.79885,6.80106,1.50,1.50
2012.04.10 17:50:34.055,6.79928,6.80134,1.50,1.50
2012.04.10 17:50:34.781,6.79895,6.80118,1.50,1.50
2012.04.10 17:50:37.077,6.79833,6.80055,2.25,1.50
2012.04.10 17:50:37.160,6.79833,6.80055,1.50,1.50
2012.04.10 17:50:37.554,6.79884,6.80078,1.50,1.50
2012.04.10 17:50:37.624,6.79884,6.80105,1.50,2.25
2012.04.10 17:50:37.759,6.79884,6.80105,1.50,2.25
2012.04.10 17:50:37.892,6.79884,6.80105,1.50,1.50
2012.04.10 17:50:58.004,6.79868,6.80082,1.50,1.50
2012.04.10 17:50:58.074,6.79859,6.80082,1.50,1.50
2012.04.10 17:50:59.188,6.79859,6.80082,1.50,2.25
2012.04.10 17:50:59.720,6.79833,6.80054,1.50,1.50
2012.04.10 17:51:02.159,6.79857,6.80077,1.50,2.25
2012.04.10 17:51:10.392,6.79857,6.80077,1.50,1.50
2012.04.10 17:51:11.501,6.79857,6.80077,1.50,2.25
2012.04.10 17:51:11.634,6.79794,6.80017,2.25,2.25
2012.04.10 17:51:17.540,6.79771,6.79991,2.25,1.50
2012.04.10 17:51:17.873,6.79794,6.80017,2.25,3.00
2012.04.10 17:51:18.210,6.79794,6.80017,2.25,2.25
2012.04.10 17:51:32.211,6.79822,6.80043,2.25,2.25
2012.04.10 17:51:38.173,6.79822,6.80043,2.25,2.25
2012.04.10 17:51:48.052,6.79885,6.80103,2.25,1.50
2012.04.10 17:51:48.131,6.79913,6.80111,1.50,1.50
2012.04.10 17:51:49.212,6.79885,6.80106,2.25,2.25
2012.04.10 17:51:54.873,6.79885,6.80094,1.50,2.25
2012.04.10 17:51:54.946,6.79858,6.8007,1.50,1.50
2012.04.10 17:51:55.016,6.79847,6.80039,1.50,1.50
2012.04.10 17:51:55.712,6.79848,6.80064,1.50,1.50
2012.04.10 17:51:55.785,6.79848,6.80066,1.50,1.50
2012.04.10 17:52:10.387,6.79846,6.80065,2.25,2.25
2012.04.10 17:52:10.466,6.79788,6.80006,1.50,1.50
2012.04.10 17:52:10.609,6.79788,6.80006,1.50,1.50
2012.04.10 17:52:10.765,6.79813,6.80034,1.50,2.25
2012.04.10 17:52:11.021,6.79813,6.80034,2.25,2.25
2012.04.10 17:52:12.332,6.79813,6.80031,2.25,1.50
2012.04.10 17:52:12.413,6.79813,6.80034,2.25,2.25
2012.04.10 17:52:12.855,6.7984,6.8005,1.50,1.50
2012.04.10 17:52:12.921,6.7984,6.8005,1.50,1.50
2012.04.10 17:52:13.721,6.79816,6.80036,1.50,2.25
2012.04.10 17:52:13.793,6.79813,6.80036,1.50,2.25
2012.04.10 17:52:13.923,6.7979,6.8001,2.25,1.50
2012.04.10 17:52:20.238,6.79789,6.8001,2.25,2.25
2012.04.10 17:52:24.056,6.79789,6.8001,2.25,1.50
2012.04.10 17:52:24.361,6.79844,6.80051,1.50,1.50
2012.04.10 17:52:24.432,6.79844,6.80051,1.50,1.50
2012.04.10 17:52:24.654,6.7982,6.80039,2.25,1.50
2012.04.10 17:52:24.840,6.79793,6.80013,2.25,1.50
2012.04.10 17:52:25.397,6.79827,6.80039,1.50,1.50
2012.04.10 17:52:25.483,6.79843,6.80051,1.50,1.50
2012.04.10 17:52:35.909,6.79843,6.80042,1.50,1.50
2012.04.10 17:52:39.369,6.79819,6.80037,2.25,2.25
2012.04.10 17:52:39.453,6.79816,6.80035,2.25,1.50
2012.04.10 17:52:39.598,6.79816,6.80032,2.25,1.50
2012.04.10 17:52:39.677,6.79816,6.8002,1.50,1.50
2012.04.10 17:52:39.878,6.79788,6.80009,2.25,1.50
2012.04.10 17:52:40.244,6.79777,6.79984,1.50,1.50
2012.04.10 17:52:44.451,6.7979,6.80008,2.25,1.50
2012.04.10 17:52:44.519,6.7979,6.80011,2.25,1.50
2012.04.10 17:52:45.160,6.7979,6.80011,2.25,1.50
2012.04.10 17:52:55.922,6.79813,6.80036,2.25,2.25
2012.04.10 17:52:56.068,6.79813,6.80036,2.25,1.50
2012.04.10 17:52:56.147,6.79841,6.80062,2.25,2.25
2012.04.10 17:52:56.228,6.79848,6.80062,1.50,1.50
2012.04.10 17:52:56.538,6.7987,6.80087,2.25,2.25
2012.04.10 17:53:00.861,6.79847,6.80068,1.50,1.50
2012.04.10 17:53:02.116,6.79867,6.80068,1.50,1.50
2012.04.10 17:53:02.343,6.79872,6.80093,2.25,2.25
2012.04.10 17:53:21.541,6.79867,6.8007,1.50,1.50
2012.04.10 17:53:21.610,6.79876,6.80098,2.25,2.25
2012.04.10 17:53:23.397,6.79908,6.80098,1.50,2.25
2012.04.10 17:53:23.536,6.79918,6.80124,1.50,2.25
2012.04.10 17:53:23.963,6.79898,6.801,1.50,1.50
2012.04.10 17:53:25.360,6.79917,6.801,1.50,1.50
2012.04.10 17:53:25.490,6.79917,6.80124,1.50,1.50
2012.04.10 17:53:25.561,6.79917,6.80126,1.50,1.50
2012.04.10 17:53:26.174,6.79929,6.80152,2.25,2.25
2012.04.10 17:53:26.680,6.79896,6.80119,2.25,1.50
2012.04.10 17:53:26.820,6.79896,6.80119,2.25,2.25
2012.04.10 17:53:28.140,6.79929,6.80152,2.25,2.25
2012.04.10 17:53:28.210,6.79929,6.80152,2.25,2.25
2012.04.10 17:53:28.933,6.79917,6.8012,1.50,1.50
2012.04.10 17:53:30.384,6.79928,6.8012,1.50,1.50
2012.04.10 17:53:33.894,6.79937,6.80145,1.50,2.25
2012.04.10 17:53:34.464,6.79957,6.80145,1.50,1.50
2012.04.10 17:53:36.363,6.79947,6.80118,1.50,1.50
2012.04.10 17:53:39.158,6.79947,6.8015,1.50,2.25
2012.04.10 17:54:00.976,6.79953,6.80173,2.25,2.25
2012.04.10 17:54:01.852,6.79977,6.80146,1.50,1.50
2012.04.10 17:54:02.172,6.79988,6.80186,1.50,1.50
2012.04.10 17:54:02.741,6.79998,6.80167,1.50,1.50
2012.04.10 17:54:06.953,6.79946,6.80167,2.30,1.50
2012.04.10 17:54:07.024,6.79946,6.80167,2.30,1.50
2012.04.10 17:54:07.487,6.79938,6.80141,1.01,2.25
2012.04.10 17:54:10.040,6.79954,6.80141,1.50,2.25
2012.04.10 17:54:10.117,6.79954,6.80141,1.50,2.25
2012.04.10 17:54:11.570,6.79958,6.80136,1.50,1.50
2012.04.10 17:54:14.144,6.79964,6.80156,1.50,1.50
2012.04.10 17:54:14.215,6.79944,6.80141,2.30,1.50
2012.04.10 17:54:14.760,6.79948,6.80136,1.55,1.50
2012.04.10 17:54:23.761,6.79933,6.80118,1.74,1.50
2012.04.10 17:54:24.280,6.79953,6.80118,1.50,1.50
2012.04.10 17:54:24.813,6.79953,6.80116,1.50,1.50
2012.04.10 17:54:25.005,6.79953,6.80116,1.50,1.50
2012.04.10 17:54:25.546,6.79953,6.80134,1.50,1.50
2012.04.10 17:54:25.875,6.79953,6.8011,1.50,1.50
2012.04.10 17:54:26.473,6.79953,6.80134,1.50,1.50
2012.04.10 17:54:27.465,6.79973,6.80134,1.50,1.50
2012.04.10 17:54:27.596,6.79973,6.80137,1.50,1.50
2012.04.10 17:54:27.668,6.79973,6.8014,1.50,2.25
2012.04.10 17:54:29.769,6.79973,6.80153,1.50,1.50
2012.04.10 17:54:29.841,6.79964,6.80153,1.50,1.50
2012.04.10 17:54:30.971,6.79953,6.80149,1.50,2.25
2012.04.10 17:54:32.201,6.79953,6.80149,1.50,2.25
2012.04.10 17:54:32.429,6.79973,6.80149,1.50,2.25
2012.04.10 17:54:37.511,6.79968,6.80153,1.50,1.50
2012.04.10 17:54:38.489,6.79963,6.80151,1.50,2.25
2012.04.10 17:54:44.800,6.79944,6.80151,1.50,2.25
2012.04.10 17:54:44.931,6.79953,6.80151,1.50,2.25
2012.04.10 17:54:45.119,6.79953,6.80151,1.50,2.25
2012.04.10 17:54:49.596,6.79957,6.80161,1.50,1.50
2012.04.10 17:54:50.004,6.79953,6.8015,1.50,2.25
2012.04.10 17:55:04.532,6.79934,6.80094,1.50,2.25
2012.04.10 17:55:04.674,6.79943,6.80094,1.50,1.50
2012.04.10 17:55:05.694,6.79933,6.80094,1.50,2.25
2012.04.10 17:55:07.486,6.79917,6.80122,1.30,1.50
2012.04.10 17:55:07.615,6.79917,6.80097,1.30,2.25
2012.04.10 17:55:09.002,6.79917,6.80122,1.30,1.50
2012.04.10 17:55:21.263,6.79917,6.80099,1.30,1.50
2012.04.10 17:55:21.337,6.79917,6.80099,1.30,2.25
2012.04.10 17:55:22.852,6.79914,6.80095,1.30,2.25
2012.04.10 17:55:25.459,6.79907,6.80095,1.19,2.25
2012.04.10 17:55:27.363,6.79913,6.80091,1.05,1.50
2012.04.10 17:55:27.433,6.79917,6.80091,1.05,1.50
2012.04.10 17:55:27.693,6.79918,6.80115,1.28,1.50
2012.04.10 17:55:37.839,6.79928,6.80092,1.54,1.50
2012.04.10 17:55:37.917,6.79928,6.8012,1.54,1.50
2012.04.10 17:55:43.278,6.7994,6.80147,1.50,1.50
2012.04.10 17:55:47.345,6.7994,6.80147,1.50,1.50
2012.04.10 17:55:52.000,6.79999,6.80158,1.50,2.25
2012.04.10 17:55:52.131,6.80015,6.80204,1.50,1.50
2012.04.10 17:55:52.204,6.80004,6.80215,1.50,2.25
2012.04.10 17:55:52.331,6.80004,6.80215,1.50,1.50
2012.04.10 17:55:55.951,6.79994,6.80215,2.25,2.25
2012.04.10 17:55:56.024,6.79994,6.80206,1.50,1.50
2012.04.10 17:55:59.049,6.79984,6.80192,1.50,1.50
2012.04.10 17:56:19.211,6.79973,6.80169,1.50,1.50
2012.04.10 17:56:20.391,6.7996,6.80164,1.50,2.25
2012.04.10 17:56:26.451,6.79959,6.80164,1.50,2.25
2012.04.10 17:56:26.579,6.79951,6.80152,1.50,1.50
2012.04.10 17:56:48.935,6.79953,6.80139,1.50,2.25
2012.04.10 17:56:56.474,6.79954,6.80139,1.50,2.25
2012.04.10 17:56:57.602,6.79959,6.80139,1.50,2.25
2012.04.10 17:57:06.656,6.79952,6.80139,1.50,2.25
2012.04.10 17:57:13.187,6.79964,6.80152,1.50,1.50
2012.04.10 17:57:13.265,6.79968,6.80165,1.50,2.25
2012.04.10 17:57:15.146,6.79967,6.80165,1.50,2.25
2012.04.10 17:57:15.490,6.79953,6.80152,1.50,1.50
2012.04.10 17:57:21.161,6.79958,6.80133,1.50,2.25
2012.04.10 17:57:25.975,6.79954,6.80133,1.50,2.25
2012.04.10 17:57:27.098,6.79945,6.80094,1.50,2.25
2012.04.10 17:57:27.176,6.79919,6.80094,1.55,2.25
2012.04.10 17:57:27.524,6.79919,6.80094,1.55,2.25
2012.04.10 17:57:34.567,6.79917,6.80097,1.21,2.25
2012.04.10 17:57:35.473,6.79915,6.80108,2.37,1.50
2012.04.10 17:57:35.540,6.79915,6.80108,2.37,1.50
2012.04.10 17:57:35.609,6.79915,6.80108,2.37,1.50
2012.04.10 17:57:39.020,6.79918,6.80108,1.62,1.50
2012.04.10 17:57:44.968,6.79899,6.80083,1.75,1.50
2012.04.10 17:57:45.315,6.79903,6.80044,1.02,1.50
2012.04.10 17:57:45.533,6.79903,6.80072,1.02,2.25
2012.04.10 17:57:46.322,6.79903,6.80072,1.02,2.25
2012.04.10 17:58:01.698,6.79903,6.80047,1.02,1.50
2012.04.10 17:58:03.505,6.79902,6.80072,1.02,2.25
2012.04.10 17:58:15.206,6.79903,6.80072,1.02,2.25
2012.04.10 17:58:25.220,6.79903,6.80073,1.02,1.50
2012.04.10 17:58:25.499,6.79925,6.80073,1.55,1.50
2012.04.10 17:58:26.248,6.79925,6.80112,1.55,2.25
2012.04.10 17:58:36.819,6.79925,6.80112,1.55,2.25
2012.04.10 17:58:37.545,6.79925,6.80112,1.55,1.50
2012.04.10 17:58:37.672,6.7993,6.80132,2.25,1.50
2012.04.10 17:58:44.518,6.79939,6.80148,1.50,1.50
2012.04.10 17:58:59.170,6.79906,6.80128,2.47,1.50
2012.04.10 17:58:59.672,6.79893,6.80053,1.10,1.50
2012.04.10 17:59:04.277,6.79902,6.80093,1.02,1.50
2012.04.10 17:59:04.802,6.79894,6.80093,1.10,1.50
2012.04.10 17:59:06.409,6.79902,6.80069,1.02,2.25
2012.04.10 17:59:10.178,6.79903,6.80083,1.05,1.50
2012.04.10 17:59:10.256,6.79903,6.80067,1.05,1.50
2012.04.10 17:59:10.665,6.79893,6.80038,1.23,1.50
2012.04.10 17:59:11.348,6.79884,6.80038,1.32,2.25
2012.04.10 17:59:16.202,6.79883,6.80063,1.32,2.25
2012.04.10 17:59:16.271,6.79903,6.80063,1.05,2.25
2012.04.10 17:59:18.623,6.79894,6.80083,1.19,1.50
2012.04.10 17:59:19.333,6.79893,6.80054,1.19,2.25
2012.04.10 17:59:19.531,6.79884,6.80067,1.26,1.50
2012.04.10 17:59:22.423,6.79894,6.80054,1.19,2.25
2012.04.10 17:59:22.504,6.79903,6.80087,1.06,1.50
2012.04.10 17:59:25.429,6.79885,6.80087,1.26,1.50
2012.04.10 17:59:25.576,6.79851,6.80035,1.55,2.25
2012.04.10 17:59:25.946,6.79851,6.80035,1.50,2.25
2012.04.10 17:59:26.822,6.79851,6.80035,1.50,2.25
2012.04.10 17:59:26.957,6.79824,6.79985,1.50,1.50
2012.04.10 17:59:27.155,6.79809,6.79985,1.50,1.50
2012.04.10 17:59:27.357,6.79824,6.79985,1.50,1.50
2012.04.10 17:59:27.540,6.79824,6.79985,1.50,1.50
2012.04.10 17:59:28.199,6.79824,6.80013,1.50,2.25
2012.04.10 17:59:29.420,6.79824,6.80013,1.50,2.25
2012.04.10 17:59:29.761,6.79824,6.80013,1.50,2.25
2012.04.10 17:59:30.838,6.79824,6.80033,1.50,1.50
2012.04.10 17:59:30.970,6.7984,6.80038,1.50,2.25
2012.04.10 17:59:31.333,6.7984,6.80038,1.50,2.25
2012.04.10 17:59:31.671,6.7984,6.80012,1.50,2.25
2012.04.10 17:59:32.144,6.7984,6.80012,1.50,1.50
2012.04.10 17:59:32.570,6.79821,6.80012,1.50,2.25
2012.04.10 17:59:33.086,6.79821,6.80012,1.50,2.25
2012.04.10 17:59:33.405,6.7984,6.80039,1.50,1.50
2012.04.10 17:59:34.721,6.7984,6.80041,1.50,2.25
2012.04.10 17:59:46.023,6.7985,6.80038,1.50,1.50
2012.04.10 17:59:46.224,6.7985,6.80041,1.50,1.50
2012.04.10 17:59:46.643,6.79878,6.80077,1.50,2.25
2012.04.10 17:59:54.753,6.79873,6.80079,1.50,2.25
2012.04.10 17:59:54.821,6.79866,6.80055,1.50,1.50
2012.04.10 17:59:56.490,6.79866,6.80073,1.50,1.50
2012.04.10 17:59:59.312,6.7986,6.80044,2.25,1.50
