2014.10.23 03:00:27.437,7.27893,7.28237,1.26,1.64
2014.10.23 03:00:27.547,7.27883,7.28237,1.26,1.64
2014.10.23 03:00:27.611,7.27893,7.28237,1.26,1.64
2014.10.23 03:00:27.762,7.27893,7.28237,1.26,1.26
2014.10.23 03:00:27.866,7.27894,7.28239,1.26,1.30
2014.10.23 03:00:28.822,7.27903,7.28239,1.26,1.30
2014.10.23 03:00:31.385,7.27913,7.28239,1.26,1.30
2014.10.23 03:00:33.755,7.27913,7.28257,1.26,1.64
2014.10.23 03:00:34.063,7.27903,7.28257,1.26,1.64
2014.10.23 03:00:35.473,7.27913,7.28257,1.26,1.64
2014.10.23 03:00:46.250,7.27913,7.28247,1.26,1.26
2014.10.23 03:00:47.167,7.27913,7.28257,1.26,1.64
2014.10.23 03:00:50.214,7.27923,7.28257,1.26,1.64
2014.10.23 03:00:59.849,7.27914,7.28256,1.90,2.28
2014.10.23 03:00:59.952,7.27923,7.28256,1.26,2.28
2014.10.23 03:01:01.494,7.27914,7.28256,1.90,2.28
2014.10.23 03:01:02.584,7.27923,7.28256,1.26,2.28
2014.10.23 03:01:02.685,7.27923,7.28256,1.26,1.90
2014.10.23 03:01:09.958,7.27934,7.28256,1.26,1.90
2014.10.23 03:01:10.262,7.27943,7.28256,1.26,1.90
2014.10.23 03:01:10.341,7.27933,7.28256,1.26,1.90
2014.10.23 03:01:10.781,7.27943,7.28256,1.26,1.90
2014.10.23 03:01:13.518,7.27953,7.28256,1.26,1.90
2014.10.23 03:01:13.619,7.27943,7.28256,1.26,1.90
2014.10.23 03:01:14.097,7.27953,7.28256,1.26,1.90
2014.10.23 03:01:16.276,7.27953,7.28287,1.26,2.28
2014.10.23 03:01:16.327,7.27963,7.28287,1.26,1.90
2014.10.23 03:01:16.428,7.27954,7.28287,1.26,1.90
2014.10.23 03:01:17.226,7.27943,7.28287,1.26,2.85
2014.10.23 03:01:19.778,7.27943,7.28277,1.26,1.26
2014.10.23 03:01:20.247,7.27943,7.28287,1.26,2.85
2014.10.23 03:01:20.449,7.27943,7.28277,1.26,1.26
2014.10.23 03:01:32.572,7.27943,7.28277,1.26,2.01
2014.10.23 03:01:32.623,7.27933,7.28267,1.90,1.64
2014.10.23 03:01:33.222,7.27923,7.28257,1.26,1.90
2014.10.23 03:01:33.545,7.27913,7.28257,2.85,1.90
2014.10.23 03:01:35.935,7.27913,7.28247,1.90,1.26
2014.10.23 03:01:40.571,7.27913,7.28257,2.85,2.85
2014.10.23 03:01:45.305,7.27913,7.28247,1.90,1.26
2014.10.23 03:01:52.357,7.27913,7.28237,1.90,1.26
2014.10.23 03:01:54.144,7.27893,7.28226,1.45,1.90
2014.10.23 03:01:54.384,7.27889,7.28226,1.19,2.65
2014.10.23 03:01:54.435,7.27884,7.28217,1.90,1.00
2014.10.23 03:01:54.536,7.27884,7.28214,1.90,1.30
2014.10.23 03:01:54.688,7.27844,7.28186,1.90,1.90
2014.10.23 03:01:55.873,7.27844,7.28186,1.90,2.65
2014.10.23 03:01:56.126,7.27813,7.28157,2.85,1.90
2014.10.23 03:01:56.278,7.27813,7.28147,1.90,1.00
2014.10.23 03:01:56.643,7.27799,7.28126,1.19,1.90
2014.10.23 03:01:57.332,7.27803,7.28126,1.26,1.90
2014.10.23 03:01:57.434,7.27793,7.28126,1.26,1.90
2014.10.23 03:01:57.949,7.27794,7.28126,1.26,1.90
2014.10.23 03:01:58.869,7.27803,7.28126,1.26,1.90
2014.10.23 03:01:59.173,7.27793,7.28126,1.26,1.90
2014.10.23 03:02:15.173,7.27784,7.28117,1.90,1.26
2014.10.23 03:02:24.585,7.27784,7.28126,1.90,1.90
2014.10.23 03:02:33.292,7.27793,7.28126,1.26,1.90
2014.10.23 03:02:41.574,7.27784,7.28126,1.90,1.90
2014.10.23 03:02:41.776,7.27784,7.28117,1.90,1.26
2014.10.23 03:02:46.972,7.27784,7.28117,1.90,2.01
2014.10.23 03:02:47.124,7.27764,7.28096,1.26,1.90
2014.10.23 03:02:47.623,7.27754,7.28096,1.90,1.90
2014.10.23 03:02:47.775,7.27754,7.28096,1.90,2.65
2014.10.23 03:02:51.139,7.27754,7.28087,1.90,1.26
2014.10.23 03:02:51.678,7.27754,7.28096,1.90,1.90
2014.10.23 03:03:01.523,7.27754,7.28087,1.90,1.26
2014.10.23 03:03:17.050,7.27754,7.28087,1.90,2.01
2014.10.23 03:03:17.309,7.27723,7.28057,1.26,1.90
2014.10.23 03:03:17.461,7.27713,7.28057,2.85,1.90
2014.10.23 03:03:17.733,7.27723,7.28057,1.26,1.90
2014.10.23 03:03:18.725,7.27724,7.28057,1.26,1.90
2014.10.23 03:03:20.432,7.27713,7.28057,2.85,1.90
2014.10.23 03:03:21.436,7.27723,7.28057,1.26,1.90
2014.10.23 03:03:22.152,7.27713,7.28057,2.85,2.85
2014.10.23 03:03:28.128,7.27713,7.28047,1.90,1.26
2014.10.23 03:03:29.142,7.27713,7.28057,1.90,2.85
2014.10.23 03:03:30.763,7.27713,7.28047,1.90,1.26
2014.10.23 03:03:31.153,7.27693,7.28037,3.79,1.90
2014.10.23 03:03:32.033,7.27693,7.28037,2.85,1.90
2014.10.23 03:03:38.250,7.27693,7.28027,1.90,1.26
2014.10.23 03:03:39.988,7.27693,7.28037,2.85,1.90
2014.10.23 03:03:41.721,7.27703,7.28037,1.26,1.90
2014.10.23 03:04:00.026,7.27693,7.28037,2.85,2.85
2014.10.23 03:04:00.700,7.27693,7.28036,1.90,1.26
2014.10.23 03:04:01.243,7.27693,7.28037,2.85,2.85
2014.10.23 03:04:05.921,7.27693,7.28036,1.90,1.26
2014.10.23 03:04:08.194,7.27693,7.28027,1.90,1.26
2014.10.23 03:04:11.250,7.27693,7.28037,1.90,2.85
2014.10.23 03:04:17.435,7.27703,7.28037,1.26,1.90
2014.10.23 03:04:17.639,7.27693,7.28037,2.85,2.85
2014.10.23 03:04:20.766,7.27703,7.28037,1.26,1.90
2014.10.23 03:04:21.173,7.27693,7.28037,2.85,2.85
2014.10.23 03:04:35.032,7.27693,7.28037,2.01,1.26
2014.10.23 03:04:35.133,7.27693,7.28044,2.01,1.30
2014.10.23 03:04:35.235,7.27704,7.28044,2.01,1.30
2014.10.23 03:04:35.573,7.27723,7.28044,1.90,1.30
2014.10.23 03:04:36.222,7.27723,7.28063,1.90,1.30
2014.10.23 03:04:36.273,7.27743,7.28063,1.90,1.30
2014.10.23 03:04:36.324,7.27743,7.28077,1.90,1.26
2014.10.23 03:04:36.566,7.27743,7.28087,1.90,2.85
2014.10.23 03:04:39.557,7.27743,7.28077,1.90,1.26
2014.10.23 03:04:39.904,7.27743,7.28067,1.90,1.00
2014.10.23 03:04:40.006,7.27713,7.28057,2.85,1.90
2014.10.23 03:04:40.208,7.27713,7.28057,1.90,2.65
2014.10.23 03:04:40.652,7.27713,7.28047,1.90,1.00
2014.10.23 03:04:43.849,7.27713,7.28037,1.90,1.26
2014.10.23 03:04:48.830,7.27693,7.28037,3.60,2.85
2014.10.23 03:04:49.994,7.27693,7.28027,1.90,1.00
2014.10.23 03:05:10.751,7.27693,7.28036,2.85,1.00
2014.10.23 03:05:11.652,7.27693,7.28037,2.85,2.85
2014.10.23 03:05:26.915,7.27703,7.28037,1.26,1.90
2014.10.23 03:05:27.145,7.27693,7.28037,2.85,2.85
2014.10.23 03:05:30.419,7.27704,7.28037,1.26,1.90
2014.10.23 03:05:30.720,7.27693,7.28037,2.85,2.85
2014.10.23 03:05:31.589,7.27694,7.28037,1.26,1.90
2014.10.23 03:05:33.816,7.27704,7.28037,1.26,1.90
2014.10.23 03:05:41.046,7.27713,7.28037,1.26,1.90
2014.10.23 03:05:41.142,7.27703,7.28037,1.26,1.90
2014.10.23 03:05:42.348,7.27714,7.28037,1.26,1.90
2014.10.23 03:05:49.155,7.27714,7.28047,1.26,1.30
2014.10.23 03:05:51.616,7.27723,7.28047,1.26,1.30
2014.10.23 03:05:54.202,7.27733,7.28047,1.26,1.30
2014.10.23 03:05:54.685,7.27743,7.28047,1.26,1.30
2014.10.23 03:05:55.902,7.27753,7.28047,1.26,1.30
2014.10.23 03:05:58.935,7.27764,7.28047,1.26,1.30
2014.10.23 03:06:01.054,7.27753,7.28047,1.26,1.30
2014.10.23 03:06:01.362,7.27763,7.28047,1.26,1.30
2014.10.23 03:06:03.819,7.27743,7.28047,1.26,1.30
2014.10.23 03:06:03.976,7.27733,7.28047,1.26,1.30
2014.10.23 03:06:04.080,7.27743,7.28047,1.26,1.30
2014.10.23 03:06:04.284,7.27733,7.28047,1.26,1.30
2014.10.23 03:06:04.895,7.27743,7.28047,1.26,1.30
2014.10.23 03:06:09.552,7.27743,7.28067,1.26,1.90
2014.10.23 03:06:21.432,7.27733,7.28067,1.26,1.90
2014.10.23 03:06:24.106,7.27743,7.28067,1.26,1.90
2014.10.23 03:06:24.515,7.27733,7.28067,1.26,1.90
2014.10.23 03:06:54.661,7.27733,7.28077,1.26,1.26
2014.10.23 03:07:01.275,7.27733,7.28081,1.26,1.30
2014.10.23 03:07:03.830,7.27743,7.28081,1.26,1.30
2014.10.23 03:07:07.939,7.27753,7.28081,1.26,1.30
2014.10.23 03:07:08.141,7.27743,7.28081,1.26,1.30
2014.10.23 03:07:10.042,7.27743,7.28082,1.26,1.35
2014.10.23 03:07:10.151,7.27753,7.28082,1.26,1.35
2014.10.23 03:07:10.482,7.27743,7.28082,1.26,1.35
2014.10.23 03:07:10.584,7.27753,7.28082,1.26,1.35
2014.10.23 03:07:10.906,7.27763,7.28082,1.26,1.30
2014.10.23 03:07:10.957,7.27763,7.28101,1.26,1.30
2014.10.23 03:07:11.007,7.27763,7.28127,1.26,1.26
2014.10.23 03:07:11.059,7.27763,7.28097,1.26,1.90
2014.10.23 03:07:11.211,7.27784,7.28126,1.90,1.90
2014.10.23 03:07:13.049,7.27793,7.28126,1.26,1.90
2014.10.23 03:07:13.950,7.27803,7.28126,1.26,1.90
2014.10.23 03:07:17.653,7.27813,7.28126,1.26,1.90
2014.10.23 03:07:21.672,7.27823,7.28126,1.26,1.90
2014.10.23 03:07:27.526,7.27824,7.28126,1.26,1.90
2014.10.23 03:07:36.991,7.27813,7.28126,1.26,1.90
2014.10.23 03:07:37.504,7.27814,7.28126,1.26,1.90
2014.10.23 03:07:38.559,7.27803,7.28126,1.26,1.90
2014.10.23 03:07:40.682,7.27793,7.28126,1.26,1.90
2014.10.23 03:07:42.381,7.27784,7.28126,1.90,1.90
2014.10.23 03:07:44.556,7.27793,7.28126,1.26,1.90
2014.10.23 03:07:45.460,7.27784,7.28126,1.90,1.90
2014.10.23 03:08:00.557,7.27793,7.28126,1.26,1.90
2014.10.23 03:08:10.587,7.27794,7.28126,1.26,1.90
2014.10.23 03:08:11.805,7.27794,7.28136,1.26,1.26
2014.10.23 03:08:16.575,7.27783,7.28127,1.26,1.26
2014.10.23 03:08:18.446,7.27773,7.28117,1.26,1.26
2014.10.23 03:08:19.340,7.27773,7.28117,1.64,1.26
2014.10.23 03:08:19.641,7.27773,7.28117,1.26,1.26
2014.10.23 03:08:23.175,7.27783,7.28127,1.26,1.64
2014.10.23 03:08:24.335,7.27773,7.28117,1.26,1.26
2014.10.23 03:08:28.053,7.27773,7.28127,1.26,1.64
2014.10.23 03:08:28.963,7.27773,7.28117,1.26,1.26
2014.10.23 03:08:29.773,7.27784,7.28126,1.26,1.64
2014.10.23 03:08:30.680,7.27773,7.28127,1.26,1.64
2014.10.23 03:08:31.811,7.27773,7.28117,1.26,1.26
2014.10.23 03:08:32.801,7.27783,7.28127,1.26,1.64
2014.10.23 03:08:38.116,7.27773,7.28117,1.26,1.26
2014.10.23 03:08:39.170,7.27783,7.28127,1.26,1.64
2014.10.23 03:08:44.702,7.27773,7.28117,1.26,1.26
2014.10.23 03:08:48.211,7.27783,7.28127,1.26,1.64
2014.10.23 03:08:49.816,7.27773,7.28117,1.26,1.26
2014.10.23 03:08:49.982,7.27773,7.28127,1.26,1.64
2014.10.23 03:08:54.900,7.27783,7.28127,1.26,1.64
2014.10.23 03:08:58.920,7.27773,7.28127,1.26,1.64
2014.10.23 03:09:09.837,7.27773,7.28127,1.26,1.70
2014.10.23 03:09:09.887,7.27773,7.28117,1.26,1.26
2014.10.23 03:09:10.002,7.27763,7.28117,1.45,1.64
2014.10.23 03:09:10.156,7.27757,7.28106,1.19,1.26
2014.10.23 03:09:10.460,7.27757,7.28096,1.19,1.90
2014.10.23 03:09:10.717,7.27744,7.28096,1.90,3.03
2014.10.23 03:09:10.868,7.27744,7.28079,1.90,1.30
2014.10.23 03:09:11.176,7.27744,7.28077,1.90,1.00
2014.10.23 03:09:13.909,7.27744,7.28066,1.90,1.26
2014.10.23 03:09:16.828,7.27724,7.28066,1.26,1.26
2014.10.23 03:09:17.031,7.27723,7.28057,1.90,1.26
2014.10.23 03:09:20.733,7.27723,7.28057,1.90,1.70
2014.10.23 03:09:20.784,7.27713,7.28047,1.26,1.90
2014.10.23 03:09:21.009,7.27693,7.28047,2.85,2.85
2014.10.23 03:09:22.976,7.27693,7.28037,2.85,1.26
2014.10.23 03:09:30.351,7.27703,7.28047,1.26,2.85
2014.10.23 03:09:30.654,7.27693,7.28047,2.85,2.85
2014.10.23 03:09:30.705,7.27693,7.28017,1.26,1.90
2014.10.23 03:09:34.858,7.27704,7.28017,1.26,1.90
2014.10.23 03:09:34.945,7.27704,7.2804,1.26,1.30
2014.10.23 03:09:35.496,7.27703,7.2804,1.26,1.30
2014.10.23 03:09:35.907,7.27714,7.2804,1.26,1.30
2014.10.23 03:09:42.110,7.27723,7.2804,1.26,1.30
2014.10.23 03:09:51.553,7.27723,7.28047,1.26,1.90
2014.10.23 03:10:02.116,7.27713,7.28047,1.45,1.90
2014.10.23 03:10:03.352,7.27703,7.28047,1.26,1.90
2014.10.23 03:10:21.965,7.27683,7.28017,1.26,1.90
2014.10.23 03:10:22.545,7.27694,7.28017,1.26,1.90
2014.10.23 03:10:22.750,7.27684,7.28017,1.26,1.90
2014.10.23 03:10:22.846,7.27693,7.28017,1.26,1.90
2014.10.23 03:10:23.854,7.27684,7.28017,1.26,1.90
2014.10.23 03:10:24.107,7.27694,7.28017,1.26,1.90
2014.10.23 03:10:31.505,7.27703,7.28017,1.26,1.90
2014.10.23 03:10:31.715,7.27693,7.28017,1.26,1.90
2014.10.23 03:10:35.428,7.27703,7.28017,1.26,1.90
2014.10.23 03:10:36.688,7.27703,7.28046,1.26,1.30
2014.10.23 03:10:42.795,7.27703,7.28046,1.26,1.90
2014.10.23 03:10:44.092,7.27713,7.28046,1.26,1.90
2014.10.23 03:10:47.176,7.27693,7.28017,1.90,1.00
2014.10.23 03:10:47.327,7.27653,7.28007,3.60,1.90
2014.10.23 03:10:47.378,7.27653,7.28007,2.85,2.65
2014.10.23 03:10:47.913,7.27653,7.27982,1.90,1.30
2014.10.23 03:10:49.835,7.27663,7.27982,1.26,1.30
2014.10.23 03:11:05.243,7.27653,7.27982,2.85,1.30
2014.10.23 03:11:05.618,7.27664,7.27982,1.26,1.30
2014.10.23 03:11:05.719,7.27653,7.27982,2.85,1.30
2014.10.23 03:11:05.978,7.27653,7.27982,1.90,1.72
2014.10.23 03:11:07.851,7.27653,7.27947,1.90,1.00
2014.10.23 03:11:08.053,7.27603,7.27947,1.90,2.65
2014.10.23 03:11:08.663,7.27603,7.27946,1.90,1.26
2014.10.23 03:11:09.369,7.27603,7.27937,2.85,1.26
2014.10.23 03:11:09.694,7.27603,7.27927,1.90,1.26
2014.10.23 03:11:10.346,7.27604,7.27926,1.26,1.26
2014.10.23 03:11:10.666,7.27603,7.27897,1.90,1.26
2014.10.23 03:11:10.767,7.27553,7.27896,1.90,1.26
2014.10.23 03:11:10.868,7.27553,7.27877,1.90,1.26
2014.10.23 03:11:11.070,7.27553,7.27897,1.90,2.28
2014.10.23 03:11:11.786,7.27553,7.27897,1.90,1.90
2014.10.23 03:11:11.903,7.27553,7.27897,2.65,1.90
2014.10.23 03:11:12.287,7.27603,7.27914,1.90,1.90
2014.10.23 03:11:41.687,7.27603,7.27937,1.90,1.74
2014.10.23 03:11:48.815,7.27573,7.27917,1.90,2.50
2014.10.23 03:12:12.919,7.27573,7.27917,1.90,2.50
2014.10.23 03:12:43.382,7.27573,7.27917,1.90,2.50
2014.10.23 03:12:48.895,7.27523,7.27935,2.01,1.90
2014.10.23 03:12:53.357,7.27532,7.27926,1.72,1.35
2014.10.23 03:12:53.408,7.27554,7.27896,1.90,2.50
2014.10.23 03:12:59.973,7.27554,7.27896,2.28,2.50
2014.10.23 03:13:00.479,7.27573,7.27927,1.90,2.50
2014.10.23 03:13:13.781,7.27573,7.27927,1.90,2.50
2014.10.23 03:13:49.636,7.27573,7.2791,1.90,1.35
2014.10.23 03:14:00.642,7.27533,7.2791,1.26,1.35
2014.10.23 03:14:01.866,7.27543,7.2791,1.26,1.35
2014.10.23 03:14:08.058,7.27543,7.27927,2.01,2.10
2014.10.23 03:14:09.162,7.27543,7.27927,1.26,2.47
2014.10.23 03:14:09.315,7.27554,7.27927,1.26,2.47
2014.10.23 03:14:14.128,7.27553,7.27927,1.26,2.47
2014.10.23 03:14:20.501,7.27553,7.27928,1.26,1.35
2014.10.23 03:14:21.652,7.27524,7.27928,2.05,1.35
2014.10.23 03:14:22.495,7.27524,7.27937,2.05,1.90
2014.10.23 03:14:25.361,7.27593,7.27937,1.90,3.48
2014.10.23 03:14:44.794,7.27593,7.27896,1.90,1.00
2014.10.23 03:14:44.946,7.27573,7.27896,1.90,1.00
2014.10.23 03:14:44.997,7.27573,7.27906,1.90,1.35
2014.10.23 03:14:46.151,7.27573,7.27911,1.90,1.35
2014.10.23 03:14:51.521,7.27573,7.27912,1.90,1.35
2014.10.23 03:14:52.765,7.27573,7.27908,1.90,1.35
2014.10.23 03:14:55.767,7.27573,7.27914,1.90,1.35
2014.10.23 03:15:21.615,7.27588,7.27917,2.05,2.50
2014.10.23 03:15:21.770,7.27614,7.27945,2.65,1.60
2014.10.23 03:15:21.821,7.27614,7.27941,1.90,1.35
2014.10.23 03:15:21.922,7.27588,7.27917,1.30,2.50
2014.10.23 03:15:22.024,7.27588,7.27915,1.30,1.35
2014.10.23 03:15:22.163,7.27573,7.27915,1.90,1.35
2014.10.23 03:15:25.126,7.27573,7.27917,1.90,1.90
2014.10.23 03:15:26.529,7.27573,7.27917,1.90,2.65
2014.10.23 03:15:31.945,7.27573,7.27917,1.90,1.90
2014.10.23 03:15:44.462,7.27593,7.27936,1.90,1.35
2014.10.23 03:15:54.001,7.27593,7.27937,1.90,2.65
2014.10.23 03:16:32.578,7.27593,7.27937,1.90,2.65
2014.10.23 03:16:44.752,7.27537,7.2795,1.67,2.05
2014.10.23 03:16:55.662,7.27537,7.2795,2.05,1.67
2014.10.23 03:17:31.809,7.27543,7.27954,2.01,1.30
2014.10.23 03:17:32.289,7.27633,7.27954,1.90,1.30
2014.10.23 03:17:37.829,7.27633,7.27954,1.90,1.67
2014.10.23 03:17:42.739,7.27633,7.27954,1.90,2.05
2014.10.23 03:17:45.152,7.27633,7.2797,1.90,1.35
2014.10.23 03:17:56.723,7.27633,7.27977,1.90,2.65
2014.10.23 03:17:58.092,7.27633,7.27977,1.90,2.65
2014.10.23 03:17:58.899,7.27633,7.27977,1.90,2.65
2014.10.23 03:17:59.000,7.27633,7.27977,1.90,2.65
2014.10.23 03:17:59.101,7.27583,7.27927,1.90,1.90
2014.10.23 03:18:15.530,7.27583,7.27927,1.90,2.65
2014.10.23 03:18:23.445,7.27583,7.27927,1.90,1.90
2014.10.23 03:18:35.192,7.27603,7.27947,1.90,2.65
2014.10.23 03:18:37.797,7.27603,7.27947,1.90,1.90
2014.10.23 03:18:38.710,7.27603,7.27947,1.90,2.28
2014.10.23 03:19:26.627,7.27603,7.27947,1.90,1.90
2014.10.23 03:19:26.778,7.27623,7.27947,1.00,1.90
2014.10.23 03:19:28.202,7.27643,7.27987,1.90,2.28
2014.10.23 03:19:31.144,7.27654,7.27987,1.26,2.28
2014.10.23 03:19:34.862,7.27663,7.27987,1.26,2.28
2014.10.23 03:19:44.116,7.27674,7.27987,1.26,2.28
2014.10.23 03:19:44.469,7.27663,7.27987,1.26,2.28
2014.10.23 03:19:51.076,7.27663,7.27987,1.26,1.90
2014.10.23 03:20:00.641,7.27673,7.27987,1.26,1.90
2014.10.23 03:20:14.100,7.27673,7.27987,1.26,2.65
2014.10.23 03:20:14.151,7.27663,7.27987,1.26,2.65
2014.10.23 03:20:14.354,7.27653,7.27987,1.26,2.65
2014.10.23 03:20:15.565,7.27653,7.27987,1.26,2.65
2014.10.23 03:20:22.182,7.27653,7.27987,1.26,1.90
2014.10.23 03:20:22.233,7.27663,7.27987,1.26,1.90
2014.10.23 03:20:28.401,7.27663,7.28015,1.26,2.05
2014.10.23 03:20:37.202,7.27653,7.27997,1.26,1.75
2014.10.23 03:20:37.499,7.27643,7.27997,1.26,1.75
2014.10.23 03:20:41.613,7.27643,7.27997,1.26,1.75
2014.10.23 03:20:43.717,7.27643,7.27997,1.26,1.75
2014.10.23 03:20:45.280,7.27653,7.27997,1.26,1.75
2014.10.23 03:21:17.886,7.27663,7.28006,1.26,2.00
2014.10.23 03:21:20.534,7.27673,7.2801,1.26,1.30
2014.10.23 03:21:20.635,7.27683,7.2801,1.26,1.30
2014.10.23 03:21:20.814,7.27683,7.28017,1.26,1.90
2014.10.23 03:21:21.609,7.27684,7.28017,1.26,1.90
2014.10.23 03:21:21.660,7.27694,7.28017,1.26,1.90
2014.10.23 03:21:24.298,7.27683,7.28017,1.26,1.90
2014.10.23 03:21:24.399,7.27683,7.28017,1.26,2.65
2014.10.23 03:21:24.710,7.27693,7.28017,1.26,1.90
2014.10.23 03:21:25.090,7.27703,7.28017,1.26,1.90
2014.10.23 03:21:25.296,7.27693,7.28017,1.26,1.90
2014.10.23 03:21:38.989,7.27683,7.28017,1.26,1.90
2014.10.23 03:21:46.861,7.27683,7.28017,1.26,2.28
2014.10.23 03:21:47.189,7.27663,7.28017,2.85,3.03
2014.10.23 03:21:47.291,7.27663,7.28017,2.85,3.40
2014.10.23 03:21:54.622,7.27664,7.27995,1.26,1.67
2014.10.23 03:21:55.653,7.27663,7.27995,1.26,1.67
2014.10.23 03:22:08.519,7.27653,7.27995,2.85,1.67
2014.10.23 03:22:12.492,7.27653,7.2799,2.85,1.30
2014.10.23 03:22:13.049,7.27643,7.27966,1.26,1.90
2014.10.23 03:22:19.375,7.27653,7.27966,1.26,1.90
2014.10.23 03:22:22.202,7.27643,7.27966,1.26,1.90
2014.10.23 03:22:30.388,7.27633,7.27966,1.26,1.90
2014.10.23 03:22:30.974,7.27624,7.27966,1.90,1.90
2014.10.23 03:22:38.625,7.27633,7.27966,1.26,1.90
2014.10.23 03:22:48.947,7.27633,7.27966,1.26,2.65
2014.10.23 03:22:48.998,7.27624,7.27966,1.90,2.65
2014.10.23 03:22:49.099,7.27603,7.27947,3.04,1.90
2014.10.23 03:22:49.366,7.27603,7.27947,2.09,3.40
2014.10.23 03:22:49.840,7.27594,7.27917,1.19,1.90
2014.10.23 03:22:50.354,7.27583,7.27917,1.26,1.90
2014.10.23 03:22:52.835,7.27584,7.27917,1.26,1.90
2014.10.23 03:22:53.841,7.27593,7.27917,1.26,1.90
2014.10.23 03:22:56.963,7.27603,7.27917,1.26,1.90
2014.10.23 03:22:58.173,7.27614,7.27917,1.26,1.90
2014.10.23 03:22:59.179,7.27623,7.27917,1.26,1.90
2014.10.23 03:23:09.663,7.27633,7.27917,1.26,1.90
2014.10.23 03:23:10.369,7.27623,7.27917,1.26,1.90
2014.10.23 03:23:17.226,7.27613,7.27917,1.26,1.90
2014.10.23 03:23:19.140,7.27623,7.27917,1.26,1.90
2014.10.23 03:23:20.146,7.27613,7.27917,1.26,1.90
2014.10.23 03:23:22.463,7.27603,7.27917,1.26,1.90
2014.10.23 03:23:22.999,7.27613,7.27917,1.26,1.90
2014.10.23 03:23:25.096,7.27623,7.27917,1.26,1.90
2014.10.23 03:23:27.042,7.27633,7.27917,1.26,1.90
2014.10.23 03:23:27.333,7.27643,7.27947,1.26,1.30
2014.10.23 03:23:27.586,7.27634,7.27947,1.26,1.30
2014.10.23 03:23:27.687,7.27643,7.27947,1.26,1.30
2014.10.23 03:23:33.538,7.27643,7.27967,1.26,2.88
2014.10.23 03:24:21.483,7.27653,7.27967,1.26,1.90
2014.10.23 03:24:22.444,7.27663,7.27967,1.26,1.90
2014.10.23 03:24:23.109,7.27673,7.27967,1.26,1.90
2014.10.23 03:24:23.185,7.27673,7.27986,1.26,1.30
2014.10.23 03:24:23.448,7.27664,7.27986,1.26,1.30
2014.10.23 03:24:24.463,7.27673,7.27986,1.26,1.30
2014.10.23 03:24:27.877,7.27663,7.27986,1.26,1.30
2014.10.23 03:24:33.919,7.27663,7.27987,1.26,1.90
2014.10.23 03:24:37.302,7.27653,7.27987,1.26,1.90
2014.10.23 03:24:37.353,7.27653,7.27987,1.26,2.65
2014.10.23 03:24:37.814,7.27663,7.27987,1.26,2.65
2014.10.23 03:24:39.423,7.27653,7.27987,1.26,2.65
2014.10.23 03:24:39.623,7.27663,7.27987,1.26,2.65
2014.10.23 03:24:40.267,7.27663,7.27987,1.26,1.90
2014.10.23 03:24:42.873,7.27663,7.27987,1.26,2.28
2014.10.23 03:24:43.186,7.27653,7.27987,1.26,2.28
2014.10.23 03:24:45.895,7.27653,7.27987,1.26,1.90
2014.10.23 03:24:46.076,7.27663,7.27987,1.26,1.90
2014.10.23 03:24:46.594,7.27664,7.27987,1.26,1.90
2014.10.23 03:24:47.384,7.27663,7.27987,1.26,1.90
2014.10.23 03:24:47.875,7.27673,7.27987,1.26,1.90
2014.10.23 03:24:51.015,7.27673,7.28003,1.26,1.30
2014.10.23 03:24:53.202,7.27674,7.28003,1.26,1.30
2014.10.23 03:24:54.546,7.27674,7.28016,1.26,1.26
2014.10.23 03:24:57.517,7.27674,7.28016,1.26,2.01
2014.10.23 03:24:57.781,7.27653,7.27987,1.26,1.90
2014.10.23 03:24:58.343,7.27643,7.27987,2.85,1.90
2014.10.23 03:24:58.424,7.27643,7.27987,2.85,2.28
2014.10.23 03:25:00.250,7.27643,7.27986,1.90,2.01
2014.10.23 03:25:00.402,7.27613,7.27957,2.85,1.90
2014.10.23 03:25:00.555,7.27613,7.27957,1.90,2.65
2014.10.23 03:25:01.733,7.27613,7.27947,1.90,1.26
2014.10.23 03:25:04.351,7.27613,7.27946,1.90,1.26
2014.10.23 03:25:04.450,7.27613,7.27957,1.90,4.54
2014.10.23 03:25:06.963,7.27613,7.27927,1.26,1.90
2014.10.23 03:25:09.913,7.27603,7.27927,1.26,2.09
2014.10.23 03:25:10.015,7.27593,7.27927,1.26,2.09
2014.10.23 03:25:10.612,7.27604,7.27927,1.26,2.09
2014.10.23 03:25:11.387,7.27604,7.27927,1.26,2.09
2014.10.23 03:25:11.491,7.27604,7.27927,1.26,1.90
2014.10.23 03:25:12.544,7.27603,7.27927,1.26,1.90
2014.10.23 03:25:15.049,7.27613,7.27927,1.26,1.90
2014.10.23 03:25:16.872,7.27594,7.27927,1.26,1.90
2014.10.23 03:25:17.723,7.27583,7.27927,2.85,2.09
2014.10.23 03:25:18.926,7.27583,7.27921,2.85,1.19
2014.10.23 03:25:19.923,7.27583,7.27923,2.85,1.19
2014.10.23 03:25:20.053,7.27583,7.27897,1.26,1.90
2014.10.23 03:25:21.350,7.27593,7.27897,1.26,1.90
2014.10.23 03:25:22.302,7.27583,7.27897,1.26,1.90
2014.10.23 03:25:27.212,7.27573,7.27897,1.26,1.90
2014.10.23 03:25:27.321,7.27584,7.27897,1.26,1.90
2014.10.23 03:25:28.323,7.27573,7.27897,1.26,1.90
2014.10.23 03:25:28.794,7.27583,7.27897,1.26,1.90
2014.10.23 03:25:29.958,7.27593,7.27897,1.26,1.90
2014.10.23 03:25:31.503,7.27603,7.27897,1.26,1.90
2014.10.23 03:25:31.604,7.27603,7.27927,1.26,2.09
2014.10.23 03:25:31.655,7.27613,7.27927,1.26,2.09
2014.10.23 03:25:31.857,7.27614,7.27957,1.00,1.90
2014.10.23 03:25:31.959,7.27623,7.27957,1.26,1.90
2014.10.23 03:25:32.703,7.27633,7.27977,1.90,1.90
2014.10.23 03:25:34.055,7.27643,7.27977,1.26,1.90
2014.10.23 03:25:35.671,7.27653,7.27977,1.26,1.90
2014.10.23 03:25:36.883,7.27663,7.27977,1.26,1.90
2014.10.23 03:25:36.984,7.27653,7.27977,1.26,1.90
2014.10.23 03:25:37.199,7.27663,7.27977,1.26,1.90
2014.10.23 03:25:40.125,7.27643,7.27977,1.26,1.90
2014.10.23 03:25:40.226,7.27623,7.27957,1.26,1.90
2014.10.23 03:25:40.877,7.27613,7.27957,2.85,1.90
2014.10.23 03:25:41.512,7.27614,7.27957,1.26,1.90
2014.10.23 03:25:42.107,7.27613,7.27957,2.85,1.90
2014.10.23 03:25:43.150,7.27623,7.27957,1.26,1.90
2014.10.23 03:25:56.142,7.27623,7.27957,1.26,3.60
2014.10.23 03:25:57.329,7.27623,7.27957,1.26,2.85
2014.10.23 03:25:58.361,7.27623,7.27957,1.26,3.04
2014.10.23 03:25:59.985,7.27613,7.27957,2.85,3.04
2014.10.23 03:26:00.366,7.27613,7.27957,2.85,2.85
2014.10.23 03:26:01.379,7.27613,7.27957,2.85,3.04
2014.10.23 03:26:01.703,7.27613,7.27947,2.85,1.26
2014.10.23 03:26:02.483,7.27613,7.27947,2.85,1.45
2014.10.23 03:26:03.122,7.27613,7.27947,1.90,2.20
2014.10.23 03:26:03.325,7.27593,7.27937,1.26,3.23
2014.10.23 03:26:04.489,7.27604,7.27937,1.26,2.28
2014.10.23 03:26:06.098,7.27604,7.27937,1.26,2.09
2014.10.23 03:26:06.505,7.27593,7.27937,1.26,3.04
2014.10.23 03:26:07.099,7.27593,7.27937,1.26,3.04
2014.10.23 03:26:08.102,7.27593,7.27937,1.26,3.04
2014.10.23 03:26:09.105,7.27593,7.27937,1.26,3.04
2014.10.23 03:26:10.109,7.27593,7.27937,1.26,3.04
2014.10.23 03:26:11.111,7.27593,7.27937,1.26,3.04
2014.10.23 03:26:12.037,7.27603,7.27937,1.26,2.09
2014.10.23 03:26:12.505,7.27603,7.27937,1.26,2.09
2014.10.23 03:26:13.143,7.27603,7.27937,1.26,2.09
2014.10.23 03:26:14.219,7.27603,7.27935,1.26,1.19
2014.10.23 03:26:15.221,7.27603,7.27937,1.26,3.79
2014.10.23 03:26:16.728,7.27613,7.27937,1.26,2.84
2014.10.23 03:26:16.934,7.27613,7.27937,1.26,1.90
2014.10.23 03:26:17.312,7.27603,7.27937,1.26,1.90
2014.10.23 03:26:18.495,7.27613,7.27937,1.26,1.90
2014.10.23 03:26:20.417,7.27603,7.27937,1.26,1.90
2014.10.23 03:26:20.651,7.27613,7.27937,1.26,1.90
2014.10.23 03:26:25.636,7.27603,7.27937,1.26,1.90
2014.10.23 03:26:27.640,7.27613,7.27937,1.26,1.90
2014.10.23 03:26:33.012,7.27614,7.27937,1.26,1.90
2014.10.23 03:26:33.321,7.27623,7.27937,1.26,1.90
2014.10.23 03:26:33.371,7.27613,7.27937,1.26,1.90
2014.10.23 03:26:34.071,7.27623,7.27937,1.26,1.90
2014.10.23 03:26:34.913,7.27613,7.27937,1.26,1.90
2014.10.23 03:26:36.718,7.27624,7.27937,1.26,1.90
2014.10.23 03:26:37.223,7.27614,7.27937,1.26,1.90
2014.10.23 03:26:39.120,7.27613,7.27937,1.26,1.90
2014.10.23 03:26:48.981,7.27623,7.27937,1.26,1.90
2014.10.23 03:26:49.299,7.27633,7.27937,1.26,1.90
2014.10.23 03:26:49.401,7.27623,7.27937,1.26,1.90
2014.10.23 03:26:53.186,7.27633,7.27937,1.26,1.90
2014.10.23 03:26:53.428,7.27623,7.27937,1.26,1.90
2014.10.23 03:26:56.300,7.27633,7.27937,1.26,1.90
2014.10.23 03:26:56.401,7.27623,7.27937,1.26,1.90
2014.10.23 03:27:01.479,7.27633,7.27937,1.26,1.90
2014.10.23 03:27:03.321,7.27633,7.27965,1.26,1.57
2014.10.23 03:27:07.015,7.27643,7.27965,1.26,1.57
2014.10.23 03:27:07.474,7.27653,7.27965,1.26,1.30
2014.10.23 03:27:08.649,7.27663,7.27965,1.26,1.30
2014.10.23 03:27:08.890,7.27653,7.27965,1.26,1.30
2014.10.23 03:27:09.072,7.27663,7.27965,1.26,1.30
2014.10.23 03:27:10.466,7.27673,7.27965,1.26,1.30
2014.10.23 03:27:13.266,7.27673,7.27977,1.26,1.90
2014.10.23 03:27:16.356,7.27683,7.27977,1.26,1.90
2014.10.23 03:27:20.861,7.27673,7.27977,1.26,1.90
2014.10.23 03:27:51.680,7.27683,7.27977,1.26,1.90
2014.10.23 03:28:05.662,7.27683,7.28007,1.26,3.07
2014.10.23 03:28:05.713,7.27693,7.28007,1.26,3.07
2014.10.23 03:28:05.915,7.27693,7.28007,1.26,2.88
2014.10.23 03:28:07.633,7.27704,7.28007,1.26,1.30
2014.10.23 03:28:14.026,7.27704,7.28044,1.26,1.30
2014.10.23 03:28:18.080,7.27713,7.28044,1.26,1.30
2014.10.23 03:28:21.492,7.27703,7.28044,1.26,1.30
2014.10.23 03:28:21.696,7.27713,7.28044,1.26,1.30
2014.10.23 03:28:26.301,7.27713,7.28044,1.26,2.05
2014.10.23 03:28:26.352,7.27693,7.28044,2.85,2.05
2014.10.23 03:28:26.453,7.27693,7.28007,1.26,1.90
2014.10.23 03:28:26.554,7.27683,7.28007,1.26,1.90
2014.10.23 03:28:26.606,7.27683,7.28007,1.26,2.28
2014.10.23 03:28:26.776,7.27673,7.28007,1.26,2.28
2014.10.23 03:28:26.878,7.27663,7.28007,2.85,2.28
2014.10.23 03:28:26.929,7.27663,7.28007,2.85,2.65
2014.10.23 03:28:27.907,7.27664,7.28007,1.26,2.65
2014.10.23 03:28:28.722,7.27664,7.27985,1.26,1.30
2014.10.23 03:28:33.447,7.27673,7.27985,1.26,1.30
2014.10.23 03:28:34.878,7.27673,7.27985,1.26,1.49
2014.10.23 03:28:35.880,7.27673,7.27985,1.26,1.91
2014.10.23 03:28:36.397,7.27664,7.27985,1.26,1.91
2014.10.23 03:28:36.883,7.27664,7.27985,1.26,1.30
2014.10.23 03:28:39.579,7.27673,7.27985,1.26,1.30
2014.10.23 03:28:48.747,7.27673,7.27993,1.26,1.49
2014.10.23 03:28:49.018,7.27673,7.27993,1.26,1.30
2014.10.23 03:28:58.059,7.27673,7.27993,1.26,1.49
2014.10.23 03:28:59.045,7.27673,7.27991,1.26,1.19
2014.10.23 03:28:59.246,7.27663,7.27991,2.85,1.19
2014.10.23 03:29:01.051,7.27663,7.27993,2.85,1.49
2014.10.23 03:29:03.071,7.27663,7.27993,2.85,1.49
2014.10.23 03:29:04.059,7.27663,7.27993,2.85,1.30
2014.10.23 03:29:04.566,7.27673,7.27993,1.26,1.30
2014.10.23 03:29:07.067,7.27673,7.27993,1.26,1.49
2014.10.23 03:29:09.072,7.27673,7.27984,1.26,1.19
2014.10.23 03:29:10.075,7.27673,7.27981,1.26,1.19
2014.10.23 03:29:11.078,7.27673,7.27997,1.26,1.49
2014.10.23 03:29:12.080,7.27673,7.27997,1.26,1.49
2014.10.23 03:29:13.089,7.27673,7.27997,1.26,1.49
2014.10.23 03:29:14.591,7.27674,7.27997,1.26,1.49
2014.10.23 03:29:15.087,7.27674,7.27997,1.26,1.49
2014.10.23 03:29:16.692,7.27674,7.27997,1.26,1.30
2014.10.23 03:29:22.139,7.27674,7.27997,1.26,1.49
2014.10.23 03:29:23.111,7.27674,7.27991,1.26,1.19
2014.10.23 03:29:24.113,7.27674,7.27997,1.26,1.30
2014.10.23 03:29:24.884,7.27673,7.27997,1.26,1.30
2014.10.23 03:29:29.422,7.27673,7.27999,1.26,1.30
2014.10.23 03:29:34.350,7.27683,7.27999,1.26,1.30
2014.10.23 03:29:36.658,7.27674,7.27999,1.26,1.30
2014.10.23 03:29:39.543,7.27674,7.27999,1.26,1.67
2014.10.23 03:29:40.209,7.27683,7.27999,1.26,1.67
2014.10.23 03:29:45.076,7.27673,7.27999,1.26,1.67
2014.10.23 03:29:50.203,7.27683,7.28008,1.26,2.05
2014.10.23 03:29:55.301,7.27683,7.28006,1.26,1.94
2014.10.23 03:29:58.307,7.27683,7.28008,1.26,2.24
2014.10.23 03:29:59.586,7.27683,7.28008,1.26,1.49
2014.10.23 03:29:59.748,7.27693,7.28008,1.26,1.49
2014.10.23 03:30:00.516,7.27693,7.28008,1.26,1.30
2014.10.23 03:30:00.658,7.27703,7.28008,1.26,1.30
2014.10.23 03:30:01.234,7.27703,7.28027,1.26,1.90
2014.10.23 03:30:01.771,7.27713,7.28027,1.26,1.90
2014.10.23 03:30:09.920,7.27723,7.28027,1.26,1.90
2014.10.23 03:30:19.859,7.27724,7.28027,1.26,1.90
2014.10.23 03:30:29.895,7.27723,7.28027,1.26,1.90
2014.10.23 03:30:42.759,7.27713,7.28027,1.26,1.90
2014.10.23 03:30:43.947,7.27713,7.28027,1.26,2.65
2014.10.23 03:30:46.708,7.27713,7.28027,1.26,1.90
2014.10.23 03:30:54.201,7.27693,7.28027,1.26,1.90
2014.10.23 03:30:57.719,7.27703,7.28027,1.26,1.90
2014.10.23 03:30:59.793,7.27703,7.28047,1.26,2.01
2014.10.23 03:30:59.926,7.27713,7.28055,1.26,2.24
2014.10.23 03:31:02.852,7.27713,7.28052,1.26,1.30
2014.10.23 03:31:05.826,7.27713,7.28052,1.26,1.49
2014.10.23 03:31:06.830,7.27713,7.28052,1.26,1.30
2014.10.23 03:31:07.994,7.27723,7.28052,1.26,1.30
2014.10.23 03:31:08.319,7.27723,7.28052,1.26,2.05
2014.10.23 03:31:09.867,7.27723,7.28052,1.26,1.30
2014.10.23 03:31:15.377,7.27723,7.28052,1.26,2.05
2014.10.23 03:31:18.080,7.27723,7.28052,1.26,1.30
2014.10.23 03:31:22.527,7.27723,7.28058,1.26,1.86
2014.10.23 03:31:23.822,7.27723,7.28058,1.26,1.86
2014.10.23 03:31:25.832,7.27723,7.28058,1.26,1.86
2014.10.23 03:31:26.933,7.27723,7.28058,1.26,1.86
2014.10.23 03:31:28.938,7.27723,7.28058,1.26,1.86
2014.10.23 03:31:29.940,7.27723,7.28058,1.26,1.86
2014.10.23 03:31:31.304,7.27723,7.28058,1.26,2.24
2014.10.23 03:31:39.629,7.27723,7.28058,1.26,1.35
2014.10.23 03:31:44.446,7.27723,7.28067,1.26,2.01
2014.10.23 03:31:47.952,7.27723,7.28067,1.26,2.01
2014.10.23 03:31:51.309,7.27713,7.28067,1.26,2.01
2014.10.23 03:31:53.220,7.27723,7.28067,1.26,2.01
2014.10.23 03:31:53.877,7.27723,7.28067,1.26,2.01
2014.10.23 03:31:56.984,7.27723,7.28067,1.26,2.20
2014.10.23 03:31:57.035,7.27723,7.28054,1.26,1.19
2014.10.23 03:31:58.027,7.27723,7.28056,1.26,1.19
2014.10.23 03:32:00.035,7.27723,7.2805,1.26,1.19
2014.10.23 03:32:01.038,7.27723,7.28066,1.26,1.94
2014.10.23 03:32:03.042,7.27723,7.28061,1.26,1.86
2014.10.23 03:32:04.045,7.27723,7.28058,1.26,1.31
2014.10.23 03:32:05.907,7.27723,7.28057,1.26,1.94
2014.10.23 03:32:06.909,7.27723,7.28061,1.26,1.67
2014.10.23 03:32:08.056,7.27723,7.28061,1.26,1.86
2014.10.23 03:32:09.104,7.27723,7.28061,1.26,1.86
2014.10.23 03:32:10.917,7.27723,7.28061,1.26,1.86
2014.10.23 03:32:11.065,7.27723,7.28061,1.26,1.86
2014.10.23 03:32:13.071,7.27723,7.28061,1.26,1.86
2014.10.23 03:32:14.074,7.27723,7.28061,1.26,1.54
2014.10.23 03:32:14.421,7.27723,7.28061,1.26,1.91
2014.10.23 03:32:15.623,7.27723,7.28061,1.26,2.05
2014.10.23 03:32:15.724,7.27723,7.28061,1.26,2.05
2014.10.23 03:32:18.215,7.27713,7.28061,1.26,2.05
2014.10.23 03:32:18.723,7.27703,7.28057,1.26,1.64
2014.10.23 03:32:19.226,7.27714,7.28061,1.26,2.24
2014.10.23 03:32:20.244,7.27713,7.28057,1.26,1.83
2014.10.23 03:32:21.094,7.27713,7.28057,1.26,1.56
2014.10.23 03:32:22.097,7.27713,7.28056,1.26,1.56
2014.10.23 03:32:23.026,7.27713,7.28044,1.26,1.30
2014.10.23 03:32:41.265,7.27703,7.28044,1.26,1.30
2014.10.23 03:32:41.497,7.27703,7.28044,1.26,2.05
2014.10.23 03:32:50.509,7.27703,7.28047,1.26,1.26
2014.10.23 03:32:57.307,7.27703,7.28045,1.26,1.19
2014.10.23 03:33:01.364,7.27703,7.28047,1.26,1.26
2014.10.23 03:33:02.319,7.27703,7.28047,1.26,1.89
2014.10.23 03:33:03.321,7.27703,7.28047,1.26,1.45
2014.10.23 03:33:04.147,7.27713,7.28053,1.26,1.56
2014.10.23 03:33:04.327,7.27713,7.28057,1.26,1.89
2014.10.23 03:33:06.334,7.27713,7.28057,1.26,1.89
2014.10.23 03:33:09.342,7.27713,7.28057,1.26,1.89
2014.10.23 03:33:12.652,7.27713,7.28042,1.26,1.19
2014.10.23 03:33:14.356,7.27713,7.28054,1.26,1.56
2014.10.23 03:33:18.365,7.27713,7.28053,1.26,1.56
2014.10.23 03:33:19.377,7.27713,7.28055,1.26,1.56
2014.10.23 03:33:21.374,7.27713,7.28057,1.26,1.89
2014.10.23 03:33:22.376,7.27713,7.28057,1.26,1.89
2014.10.23 03:33:26.387,7.27713,7.28045,1.26,1.19
2014.10.23 03:33:28.401,7.27713,7.28056,1.26,1.56
2014.10.23 03:33:30.397,7.27713,7.28057,1.26,2.86
2014.10.23 03:33:31.501,7.27713,7.28057,1.26,2.86
2014.10.23 03:33:33.507,7.27713,7.28057,1.26,2.86
2014.10.23 03:33:35.513,7.27713,7.28052,1.26,1.31
2014.10.23 03:33:36.516,7.27713,7.28046,1.26,1.19
2014.10.23 03:33:37.520,7.27713,7.28045,1.26,1.19
2014.10.23 03:33:39.523,7.27713,7.28043,1.26,1.19
2014.10.23 03:33:39.783,7.27693,7.28043,1.26,1.19
2014.10.23 03:33:39.896,7.27683,7.28043,1.26,1.19
2014.10.23 03:33:40.927,7.27683,7.28037,1.45,1.26
2014.10.23 03:33:41.929,7.27683,7.28037,1.26,1.26
2014.10.23 03:33:43.873,7.27683,7.28027,1.26,1.26
2014.10.23 03:33:58.303,7.27683,7.28037,1.26,1.26
2014.10.23 03:33:59.306,7.27693,7.28037,1.26,1.26
2014.10.23 03:34:02.718,7.27693,7.28047,1.26,2.01
2014.10.23 03:34:02.867,7.27703,7.28047,1.26,2.01
2014.10.23 03:34:05.152,7.27693,7.28047,1.26,2.01
2014.10.23 03:34:05.354,7.27703,7.28047,1.26,2.01
2014.10.23 03:34:05.866,7.27693,7.28037,1.26,1.26
2014.10.23 03:34:07.056,7.27693,7.28027,1.26,1.26
2014.10.23 03:34:07.395,7.27693,7.28037,1.26,1.26
2014.10.23 03:34:12.126,7.27703,7.28047,1.26,2.01
2014.10.23 03:34:19.828,7.27683,7.28037,1.26,1.26
2014.10.23 03:34:19.879,7.27683,7.28037,1.26,2.01
2014.10.23 03:34:20.184,7.27663,7.28005,2.85,2.05
2014.10.23 03:34:20.488,7.27644,7.27977,1.26,1.90
2014.10.23 03:34:20.589,7.27633,7.27977,2.85,1.90
2014.10.23 03:34:22.407,7.27633,7.27977,1.90,3.60
2014.10.23 03:34:23.270,7.27633,7.27976,1.90,1.75
2014.10.23 03:34:23.371,7.27613,7.27937,1.26,1.90
2014.10.23 03:34:23.523,7.27593,7.27937,1.90,2.65
2014.10.23 03:34:23.705,7.27583,7.27917,1.26,1.90
2014.10.23 03:34:26.866,7.27603,7.27917,1.26,1.90
2014.10.23 03:34:28.276,7.27613,7.27917,1.26,1.90
2014.10.23 03:34:29.202,7.27614,7.27917,1.26,1.90
2014.10.23 03:34:29.924,7.27623,7.27917,1.26,1.90
2014.10.23 03:34:30.195,7.27623,7.27943,1.26,1.30
2014.10.23 03:34:31.093,7.27633,7.27943,1.26,1.30
2014.10.23 03:34:31.543,7.27643,7.27943,1.26,1.30
2014.10.23 03:34:32.419,7.27653,7.27943,1.26,1.30
2014.10.23 03:34:32.520,7.27643,7.27967,1.26,2.28
2014.10.23 03:34:32.621,7.27653,7.27967,1.26,2.28
2014.10.23 03:34:32.932,7.27643,7.27967,1.26,2.28
2014.10.23 03:34:33.649,7.27653,7.27967,1.26,2.28
2014.10.23 03:34:34.052,7.27664,7.27967,1.26,2.28
2014.10.23 03:34:34.396,7.27654,7.27967,1.26,1.90
2014.10.23 03:34:34.527,7.27663,7.27967,1.26,1.90
2014.10.23 03:34:34.578,7.27653,7.27967,1.26,1.90
2014.10.23 03:34:35.593,7.27643,7.27967,1.26,1.90
2014.10.23 03:34:35.793,7.27653,7.27967,1.26,1.90
2014.10.23 03:34:35.945,7.27643,7.27967,1.26,1.90
2014.10.23 03:34:36.655,7.27653,7.27967,1.26,1.90
2014.10.23 03:34:36.713,7.27643,7.27967,1.26,1.90
2014.10.23 03:34:37.269,7.27653,7.27967,1.26,1.90
2014.10.23 03:34:38.585,7.27663,7.27967,1.26,1.90
2014.10.23 03:34:38.889,7.27673,7.27997,1.26,1.90
2014.10.23 03:34:39.093,7.27683,7.27997,1.26,1.90
2014.10.23 03:34:39.143,7.27683,7.28009,2.85,1.30
2014.10.23 03:34:40.276,7.27694,7.28009,1.26,1.30
2014.10.23 03:34:41.204,7.27693,7.28009,1.26,1.30
2014.10.23 03:34:41.659,7.27693,7.28009,1.26,2.05
2014.10.23 03:34:41.710,7.27683,7.28009,1.90,2.05
2014.10.23 03:34:41.761,7.27673,7.27997,1.26,2.28
2014.10.23 03:34:41.812,7.27663,7.27997,1.26,2.28
2014.10.23 03:34:42.523,7.27663,7.27977,1.26,1.90
2014.10.23 03:34:43.364,7.27664,7.27977,1.26,1.90
2014.10.23 03:34:44.238,7.27653,7.27977,1.26,1.90
2014.10.23 03:34:44.784,7.27643,7.27977,1.26,1.90
2014.10.23 03:34:45.075,7.27643,7.27977,1.26,2.28
2014.10.23 03:34:45.792,7.27653,7.27977,1.26,2.28
2014.10.23 03:34:45.908,7.27653,7.27977,1.26,1.90
2014.10.23 03:34:48.285,7.27663,7.27977,1.26,1.90
2014.10.23 03:34:48.620,7.27663,7.27977,1.26,2.65
2014.10.23 03:34:48.822,7.27623,7.27932,1.26,1.30
2014.10.23 03:34:48.974,7.27604,7.27932,1.26,1.30
2014.10.23 03:34:49.126,7.27604,7.27917,1.26,1.90
2014.10.23 03:34:49.379,7.27593,7.27917,1.26,1.90
2014.10.23 03:34:49.480,7.27603,7.27917,1.26,1.90
2014.10.23 03:34:51.024,7.27613,7.27917,1.26,1.90
2014.10.23 03:34:51.226,7.27623,7.27932,1.26,1.30
2014.10.23 03:34:51.277,7.27623,7.27947,1.26,1.90
2014.10.23 03:34:51.328,7.27633,7.27947,1.26,1.90
2014.10.23 03:34:52.145,7.27643,7.27947,1.26,1.90
2014.10.23 03:34:52.196,7.27643,7.27977,1.26,1.90
2014.10.23 03:34:52.348,7.27653,7.27977,1.26,1.90
2014.10.23 03:34:52.550,7.27663,7.27992,2.85,1.57
2014.10.23 03:34:53.343,7.27673,7.27992,1.26,1.30
2014.10.23 03:34:53.650,7.27683,7.27992,1.26,1.30
2014.10.23 03:34:53.868,7.27693,7.28037,2.85,2.28
2014.10.23 03:34:54.415,7.27703,7.28037,1.26,2.28
2014.10.23 03:34:55.376,7.27713,7.28037,1.26,2.28
2014.10.23 03:34:56.194,7.27723,7.28037,1.26,2.28
2014.10.23 03:34:56.607,7.27713,7.28037,1.26,2.28
2014.10.23 03:34:56.712,7.27723,7.28037,1.26,2.28
2014.10.23 03:34:57.047,7.27703,7.28037,1.26,2.28
2014.10.23 03:34:57.098,7.27703,7.28037,1.26,2.65
2014.10.23 03:34:57.351,7.27693,7.28007,1.26,1.90
2014.10.23 03:34:57.452,7.27703,7.28007,1.26,1.90
2014.10.23 03:34:57.655,7.27693,7.28007,1.26,1.90
2014.10.23 03:35:00.362,7.27683,7.28007,1.26,1.90
2014.10.23 03:35:00.807,7.27673,7.28007,1.26,1.90
2014.10.23 03:35:01.223,7.27683,7.28007,1.26,1.90
2014.10.23 03:35:01.396,7.27673,7.28007,1.26,1.90
2014.10.23 03:35:02.412,7.27673,7.28007,1.26,3.40
2014.10.23 03:35:04.416,7.27673,7.28007,1.26,2.65
2014.10.23 03:35:07.235,7.27673,7.28007,1.26,2.65
2014.10.23 03:35:07.336,7.27663,7.28007,2.85,3.79
2014.10.23 03:35:07.387,7.27663,7.27987,2.85,1.00
2014.10.23 03:35:07.779,7.27653,7.27967,1.26,2.65
2014.10.23 03:35:08.351,7.27653,7.27967,1.26,1.90
2014.10.23 03:35:08.956,7.27663,7.27967,1.26,1.90
2014.10.23 03:35:09.766,7.27664,7.27967,1.26,1.90
2014.10.23 03:35:11.175,7.27673,7.27967,1.26,1.90
2014.10.23 03:35:12.579,7.27663,7.27967,1.26,1.90
2014.10.23 03:35:12.680,7.27673,7.27967,1.26,1.90
2014.10.23 03:35:18.370,7.27673,7.27991,1.26,1.30
2014.10.23 03:35:22.557,7.27683,7.27991,1.90,1.30
2014.10.23 03:35:22.608,7.27683,7.28011,2.85,1.30
2014.10.23 03:35:22.659,7.27683,7.28027,2.85,2.50
2014.10.23 03:35:22.913,7.27693,7.28027,1.26,2.50
2014.10.23 03:35:23.981,7.27703,7.28027,1.26,2.50
2014.10.23 03:35:24.887,7.27704,7.28027,1.26,2.50
2014.10.23 03:35:25.420,7.27703,7.28027,1.26,2.50
2014.10.23 03:35:29.205,7.27693,7.28027,1.26,2.50
2014.10.23 03:35:30.211,7.27703,7.28027,1.26,2.50
2014.10.23 03:35:31.370,7.27693,7.28027,1.26,2.50
2014.10.23 03:35:31.671,7.27703,7.28027,1.26,2.50
2014.10.23 03:35:33.536,7.27693,7.28027,1.26,2.50
2014.10.23 03:35:38.136,7.27693,7.28027,1.26,3.25
2014.10.23 03:35:38.288,7.27683,7.28017,1.90,1.00
2014.10.23 03:35:38.440,7.27683,7.27986,1.26,1.30
2014.10.23 03:35:38.491,7.27663,7.27986,1.26,1.30
2014.10.23 03:35:39.180,7.27674,7.27986,1.26,1.30
2014.10.23 03:35:39.679,7.27663,7.27986,1.26,1.30
2014.10.23 03:35:41.698,7.27673,7.27986,1.26,1.30
2014.10.23 03:35:42.872,7.27663,7.27986,1.26,1.30
2014.10.23 03:35:43.715,7.27673,7.27986,1.26,1.30
2014.10.23 03:35:46.935,7.27664,7.27986,1.26,1.30
2014.10.23 03:35:48.144,7.27663,7.27986,1.26,1.30
2014.10.23 03:35:52.712,7.27673,7.27986,1.26,1.30
2014.10.23 03:35:52.874,7.27664,7.27986,1.26,1.30
2014.10.23 03:35:54.082,7.27663,7.27986,1.26,1.30
2014.10.23 03:35:54.184,7.27673,7.27986,1.26,1.30
2014.10.23 03:35:55.387,7.27663,7.27986,1.26,1.30
2014.10.23 03:35:56.095,7.27673,7.27986,1.26,1.30
2014.10.23 03:35:58.552,7.27673,7.27995,1.26,1.30
2014.10.23 03:35:59.913,7.27683,7.27995,1.26,1.30
2014.10.23 03:36:00.241,7.27693,7.27995,1.26,1.30
2014.10.23 03:36:02.133,7.27704,7.27995,1.26,1.30
2014.10.23 03:36:02.540,7.27704,7.28015,1.26,1.30
2014.10.23 03:36:02.641,7.27704,7.28026,1.26,1.90
2014.10.23 03:36:02.969,7.27693,7.28026,1.26,1.90
2014.10.23 03:36:03.186,7.27703,7.28026,1.26,1.90
2014.10.23 03:36:12.997,7.27713,7.28026,1.26,1.90
2014.10.23 03:36:19.153,7.27703,7.28026,1.26,1.90
2014.10.23 03:36:27.487,7.27693,7.28026,1.26,1.90
2014.10.23 03:36:35.381,7.27684,7.28026,1.90,2.65
2014.10.23 03:36:35.482,7.27684,7.28026,1.90,3.40
2014.10.23 03:36:36.182,7.27684,7.28016,1.90,1.00
2014.10.23 03:36:36.341,7.27684,7.28026,1.90,1.90
2014.10.23 03:36:36.718,7.27683,7.28007,1.26,2.28
2014.10.23 03:36:36.819,7.27673,7.28007,1.26,2.28
2014.10.23 03:36:37.143,7.27663,7.28007,1.26,3.03
2014.10.23 03:36:42.428,7.27663,7.28007,1.26,4.35
2014.10.23 03:36:46.232,7.27663,7.28007,1.26,3.60
2014.10.23 03:36:46.433,7.27663,7.28007,1.26,4.35
2014.10.23 03:36:52.702,7.27663,7.28007,1.26,3.98
2014.10.23 03:36:55.688,7.27663,7.28007,1.26,4.35
2014.10.23 03:37:06.274,7.27653,7.28007,2.85,4.54
2014.10.23 03:37:07.077,7.27663,7.28006,1.26,1.94
2014.10.23 03:37:07.783,7.27653,7.28004,2.85,1.94
2014.10.23 03:37:07.985,7.27663,7.28004,1.26,1.94
2014.10.23 03:37:16.349,7.27663,7.28007,1.26,3.60
2014.10.23 03:37:16.580,7.27653,7.28007,2.85,3.60
2014.10.23 03:37:16.995,7.27653,7.28007,2.85,4.35
2014.10.23 03:37:22.840,7.27663,7.28007,1.26,3.60
2014.10.23 03:37:28.183,7.27663,7.27999,1.26,1.30
2014.10.23 03:37:28.499,7.27673,7.27999,1.26,1.30
2014.10.23 03:37:30.178,7.27683,7.27999,1.26,1.30
2014.10.23 03:37:35.434,7.27673,7.27999,1.26,1.30
2014.10.23 03:37:37.622,7.27683,7.27999,1.26,1.30
2014.10.23 03:37:43.069,7.27693,7.27999,1.26,1.30
2014.10.23 03:37:43.374,7.27683,7.27999,1.26,1.30
2014.10.23 03:37:43.425,7.27683,7.28019,1.26,1.30
2014.10.23 03:37:43.537,7.27683,7.28037,1.26,2.45
2014.10.23 03:37:44.382,7.27693,7.28037,1.26,2.45
2014.10.23 03:37:44.738,7.27683,7.28027,1.26,1.64
2014.10.23 03:38:09.657,7.27694,7.28036,1.26,2.01
2014.10.23 03:38:09.939,7.27683,7.28027,1.26,1.64
2014.10.23 03:38:12.496,7.27683,7.28037,1.26,2.45
2014.10.23 03:38:13.017,7.27684,7.28026,1.26,2.01
2014.10.23 03:38:16.058,7.27684,7.28026,1.26,2.01
2014.10.23 03:38:17.461,7.27684,7.28026,1.26,2.01
2014.10.23 03:38:17.576,7.27684,7.28026,1.26,2.01
2014.10.23 03:38:17.862,7.27684,7.28026,1.26,2.01
2014.10.23 03:38:20.203,7.27673,7.28027,1.26,2.01
2014.10.23 03:38:20.304,7.27663,7.28027,1.70,2.45
2014.10.23 03:38:20.912,7.27664,7.28016,1.26,2.01
2014.10.23 03:38:20.968,7.27664,7.28016,1.26,2.01
2014.10.23 03:38:21.627,7.27663,7.28007,1.00,1.00
2014.10.23 03:38:23.048,7.27663,7.28016,1.70,1.75
2014.10.23 03:38:23.227,7.27663,7.28016,1.70,1.00
2014.10.23 03:38:23.841,7.27663,7.28017,1.70,1.26
2014.10.23 03:38:24.107,7.27663,7.28017,1.70,2.45
2014.10.23 03:38:24.410,7.27663,7.27959,1.00,1.30
2014.10.23 03:38:24.745,7.27642,7.27959,1.00,1.30
2014.10.23 03:38:24.796,7.2762,7.27959,1.00,1.30
2014.10.23 03:38:24.958,7.2762,7.27957,1.00,1.00
2014.10.23 03:38:25.177,7.2762,7.27959,1.00,1.30
2014.10.23 03:38:25.617,7.2762,7.27959,1.00,2.05
2014.10.23 03:38:25.862,7.27594,7.27936,1.90,1.90
2014.10.23 03:38:25.913,7.27603,7.27936,1.26,1.90
2014.10.23 03:38:26.217,7.27594,7.27936,1.90,2.65
2014.10.23 03:38:32.419,7.27594,7.27936,1.90,1.90
2014.10.23 03:38:41.132,7.27594,7.27936,1.90,2.09
2014.10.23 03:38:41.546,7.27603,7.27936,1.26,2.09
2014.10.23 03:38:41.609,7.27594,7.27936,2.85,2.09
2014.10.23 03:38:42.136,7.27594,7.27936,2.85,1.90
2014.10.23 03:38:44.221,7.27603,7.27936,1.26,1.90
2014.10.23 03:39:01.247,7.27593,7.27916,1.26,1.90
2014.10.23 03:39:01.709,7.27593,7.27916,1.26,2.65
2014.10.23 03:39:04.878,7.27593,7.27916,1.26,1.90
2014.10.23 03:39:04.982,7.27604,7.27916,1.26,1.90
2014.10.23 03:39:05.083,7.27613,7.2794,1.26,1.30
2014.10.23 03:39:05.185,7.27603,7.2794,2.85,1.30
2014.10.23 03:39:05.287,7.27613,7.2794,1.26,1.30
2014.10.23 03:39:05.932,7.27624,7.2794,1.26,1.30
2014.10.23 03:39:07.594,7.27613,7.2794,1.26,1.30
2014.10.23 03:39:07.746,7.27603,7.2794,2.85,1.30
2014.10.23 03:39:10.862,7.27603,7.2794,2.85,2.05
2014.10.23 03:39:11.190,7.27603,7.27937,1.90,1.75
2014.10.23 03:39:11.242,7.27583,7.27917,1.26,2.28
2014.10.23 03:39:11.680,7.27573,7.27917,3.04,2.28
2014.10.23 03:39:12.034,7.27573,7.27917,2.85,2.28
2014.10.23 03:39:12.287,7.27573,7.27917,2.85,1.90
2014.10.23 03:39:15.148,7.27583,7.27917,1.26,1.90
2014.10.23 03:39:18.581,7.27593,7.27917,1.26,1.90
2014.10.23 03:39:18.631,7.27606,7.2794,1.00,1.30
2014.10.23 03:39:20.175,7.27613,7.2794,1.26,1.30
2014.10.23 03:39:21.684,7.27623,7.2794,1.26,1.30
2014.10.23 03:39:25.565,7.27623,7.27947,1.26,2.28
2014.10.23 03:39:32.486,7.27623,7.27947,1.26,1.90
2014.10.23 03:39:38.248,7.27613,7.27947,1.26,1.90
2014.10.23 03:39:38.656,7.27623,7.27947,1.26,1.90
2014.10.23 03:39:38.962,7.27613,7.27947,1.26,1.90
2014.10.23 03:39:40.182,7.27623,7.27947,1.26,1.90
2014.10.23 03:39:46.496,7.27633,7.27947,1.26,1.90
2014.10.23 03:39:46.766,7.27633,7.27977,2.85,2.65
2014.10.23 03:39:48.091,7.27643,7.27977,1.26,2.65
2014.10.23 03:39:49.401,7.27653,7.27977,1.26,2.65
2014.10.23 03:39:51.525,7.27643,7.27977,1.26,2.65
2014.10.23 03:39:53.767,7.27633,7.27977,3.60,2.65
2014.10.23 03:39:53.869,7.27633,7.27977,3.60,1.90
2014.10.23 03:40:00.363,7.27643,7.27977,1.26,1.90
2014.10.23 03:40:00.807,7.27633,7.27977,3.60,1.90
2014.10.23 03:40:01.178,7.27643,7.27977,1.26,1.90
2014.10.23 03:40:09.696,7.27653,7.27977,1.26,1.90
2014.10.23 03:40:10.523,7.27654,7.27977,1.26,1.90
2014.10.23 03:40:11.524,7.27653,7.27977,1.26,1.90
2014.10.23 03:40:16.115,7.27664,7.27977,1.26,1.90
2014.10.23 03:40:16.368,7.27663,7.2798,2.85,1.30
2014.10.23 03:40:17.052,7.27653,7.2798,1.26,1.67
2014.10.23 03:40:19.111,7.27643,7.2798,2.85,1.67
2014.10.23 03:40:19.212,7.27653,7.2798,1.26,1.67
2014.10.23 03:40:19.778,7.27643,7.2798,2.85,1.67
2014.10.23 03:40:20.220,7.27653,7.2798,1.26,1.67
2014.10.23 03:40:20.987,7.27643,7.2798,2.85,1.67
2014.10.23 03:40:24.273,7.27644,7.2798,1.26,1.67
2014.10.23 03:40:24.483,7.27643,7.27967,1.90,1.26
2014.10.23 03:40:24.635,7.27613,7.27947,1.90,1.37
2014.10.23 03:40:24.736,7.27583,7.27907,1.90,1.00
2014.10.23 03:40:25.046,7.27583,7.27907,1.90,1.37
2014.10.23 03:40:25.299,7.27533,7.27857,1.90,1.00
2014.10.23 03:40:25.350,7.27533,7.27849,1.90,1.30
2014.10.23 03:40:28.820,7.27533,7.27847,1.90,1.00
2014.10.23 03:40:33.409,7.27533,7.27849,1.90,1.30
2014.10.23 03:40:34.277,7.27547,7.27849,1.00,1.30
2014.10.23 03:40:34.498,7.27553,7.27869,1.26,1.30
2014.10.23 03:40:34.549,7.27553,7.27877,1.26,1.90
2014.10.23 03:40:34.602,7.27547,7.27877,1.00,1.90
2014.10.23 03:40:34.957,7.27553,7.27877,1.26,1.90
2014.10.23 03:40:35.014,7.27547,7.27877,1.00,1.90
2014.10.23 03:40:35.633,7.27553,7.27877,1.26,1.90
2014.10.23 03:40:38.150,7.27563,7.27877,1.26,1.90
2014.10.23 03:40:40.133,7.27554,7.27877,1.26,1.90
2014.10.23 03:40:40.235,7.27563,7.27877,1.26,2.65
2014.10.23 03:40:40.336,7.27553,7.27877,1.26,2.65
2014.10.23 03:40:40.437,7.27533,7.27877,2.85,1.90
2014.10.23 03:40:40.549,7.27543,7.27877,1.26,1.90
2014.10.23 03:40:42.580,7.27533,7.27877,2.85,3.40
2014.10.23 03:40:43.421,7.27543,7.27877,1.26,2.65
2014.10.23 03:40:44.462,7.27543,7.27877,1.26,1.90
2014.10.23 03:40:46.332,7.27553,7.27877,1.26,1.90
2014.10.23 03:40:46.745,7.27563,7.27877,1.26,1.90
2014.10.23 03:41:07.342,7.27554,7.27877,1.26,1.90
2014.10.23 03:41:10.379,7.27563,7.27877,1.26,1.90
2014.10.23 03:41:11.698,7.27573,7.27877,1.26,1.90
2014.10.23 03:41:12.513,7.27563,7.27877,1.26,1.90
2014.10.23 03:41:12.614,7.27573,7.27907,1.26,2.65
2014.10.23 03:41:12.729,7.27563,7.27907,2.85,3.40
2014.10.23 03:41:12.830,7.27563,7.27907,1.90,4.35
2014.10.23 03:41:12.899,7.27553,7.27877,1.26,2.65
2014.10.23 03:41:13.139,7.27543,7.27877,1.26,2.65
2014.10.23 03:41:14.522,7.27543,7.2787,1.26,1.30
2014.10.23 03:41:19.576,7.27533,7.2787,3.60,1.30
2014.10.23 03:41:25.918,7.27533,7.2787,2.85,1.49
2014.10.23 03:41:26.907,7.27533,7.2787,2.85,1.49
2014.10.23 03:41:28.011,7.27533,7.2787,2.85,1.30
2014.10.23 03:41:34.674,7.27533,7.27866,2.85,1.30
2014.10.23 03:41:37.952,7.27533,7.27866,2.85,2.05
2014.10.23 03:41:39.672,7.27513,7.27856,1.26,2.28
2014.10.23 03:41:40.601,7.27504,7.27856,2.65,2.28
2014.10.23 03:41:40.768,7.27504,7.27856,2.65,2.65
2014.10.23 03:41:40.971,7.27473,7.27817,2.85,2.28
2014.10.23 03:41:45.389,7.27483,7.27817,1.26,2.28
2014.10.23 03:41:51.604,7.27493,7.27817,1.26,2.28
2014.10.23 03:41:58.727,7.27493,7.27817,1.26,1.90
2014.10.23 03:41:58.778,7.27504,7.27817,1.26,1.90
2014.10.23 03:41:59.484,7.27503,7.27817,1.26,1.90
2014.10.23 03:41:59.987,7.27513,7.27817,1.26,1.90
2014.10.23 03:42:00.088,7.27513,7.27825,1.26,1.30
2014.10.23 03:42:01.633,7.27503,7.27825,1.26,1.30
2014.10.23 03:42:03.001,7.27513,7.27825,1.26,1.30
2014.10.23 03:42:04.618,7.27523,7.27825,1.26,1.30
2014.10.23 03:42:06.077,7.27533,7.27825,1.26,1.30
2014.10.23 03:42:15.272,7.27533,7.27837,1.26,1.90
2014.10.23 03:42:22.757,7.27523,7.27837,1.26,1.90
2014.10.23 03:42:25.179,7.27534,7.27837,1.26,1.90
2014.10.23 03:42:29.251,7.27523,7.27837,1.26,1.90
2014.10.23 03:42:34.845,7.27533,7.27837,1.26,1.90
2014.10.23 03:42:34.948,7.27523,7.27837,1.26,1.90
2014.10.23 03:42:56.189,7.27513,7.27837,1.26,1.90
2014.10.23 03:42:56.596,7.27505,7.27837,1.00,1.90
2014.10.23 03:42:57.124,7.27513,7.27837,1.26,1.90
2014.10.23 03:43:00.767,7.27513,7.27857,1.26,1.26
2014.10.23 03:43:01.693,7.27505,7.27857,1.00,1.26
2014.10.23 03:43:02.096,7.27505,7.27847,1.00,1.26
2014.10.23 03:43:05.155,7.27503,7.27847,1.26,1.26
2014.10.23 03:43:09.587,7.27513,7.27857,1.26,1.26
2014.10.23 03:43:20.776,7.27513,7.27857,1.26,2.67
2014.10.23 03:43:21.433,7.27503,7.27857,1.26,2.86
2014.10.23 03:43:25.664,7.27513,7.27857,1.26,2.05
2014.10.23 03:43:26.913,7.27513,7.27857,1.26,1.30
2014.10.23 03:43:27.986,7.27523,7.27857,1.26,1.30
2014.10.23 03:43:49.696,7.27533,7.27857,1.26,1.30
2014.10.23 03:43:53.152,7.27543,7.27857,1.26,1.30
2014.10.23 03:43:55.545,7.27543,7.27868,1.26,2.05
2014.10.23 03:43:58.661,7.27533,7.27868,1.26,2.05
2014.10.23 03:43:59.979,7.27534,7.27868,1.26,2.05
2014.10.23 03:44:07.615,7.27534,7.27868,1.26,2.05
2014.10.23 03:44:07.666,7.27523,7.27868,1.26,2.05
2014.10.23 03:44:07.767,7.27513,7.27867,1.26,2.45
2014.10.23 03:44:08.146,7.27523,7.27867,1.26,2.45
2014.10.23 03:44:08.589,7.27513,7.27867,1.26,2.45
2014.10.23 03:44:08.640,7.27513,7.27867,1.26,2.07
2014.10.23 03:44:08.691,7.27523,7.27867,1.26,2.07
2014.10.23 03:44:22.331,7.27523,7.27867,1.26,2.45
2014.10.23 03:44:22.382,7.27513,7.27857,1.26,2.01
2014.10.23 03:44:22.736,7.27503,7.27857,1.26,2.45
2014.10.23 03:44:23.400,7.27493,7.27847,1.26,1.37
2014.10.23 03:44:23.565,7.27493,7.27847,1.26,1.75
2014.10.23 03:44:23.846,7.27483,7.27837,1.26,1.75
2014.10.23 03:44:28.082,7.27483,7.27827,1.26,2.01
2014.10.23 03:44:28.186,7.27463,7.27787,1.02,2.65
2014.10.23 03:44:28.288,7.27453,7.27787,1.21,1.90
2014.10.23 03:44:28.389,7.27453,7.27787,2.10,2.65
2014.10.23 03:44:28.491,7.27463,7.27787,1.02,1.90
2014.10.23 03:44:28.695,7.27463,7.27801,2.93,1.67
2014.10.23 03:44:29.791,7.27473,7.27801,1.26,1.67
2014.10.23 03:44:32.302,7.27483,7.27801,1.26,1.67
2014.10.23 03:44:36.526,7.27463,7.27801,2.93,1.67
2014.10.23 03:44:36.577,7.27463,7.27801,2.93,2.05
2014.10.23 03:44:37.695,7.27453,7.27787,1.98,1.90
2014.10.23 03:44:38.399,7.27473,7.27787,1.26,1.90
2014.10.23 03:44:42.225,7.27473,7.27801,1.26,1.35
2014.10.23 03:44:44.937,7.27463,7.27801,2.93,1.30
2014.10.23 03:44:45.153,7.27473,7.27801,1.26,1.30
2014.10.23 03:44:46.413,7.27473,7.27801,1.26,2.05
2014.10.23 03:44:46.544,7.27463,7.27801,2.93,2.05
2014.10.23 03:44:46.747,7.27454,7.27777,1.69,1.90
2014.10.23 03:44:46.848,7.27463,7.27797,1.02,3.40
2014.10.23 03:44:48.684,7.27463,7.27797,1.02,1.90
2014.10.23 03:44:51.182,7.27473,7.27797,1.26,1.90
2014.10.23 03:44:53.391,7.27473,7.27797,1.26,2.65
2014.10.23 03:44:54.700,7.27473,7.27797,1.26,1.90
2014.10.23 03:45:06.919,7.27473,7.27797,1.26,2.28
2014.10.23 03:45:07.072,7.27453,7.27797,3.21,3.03
2014.10.23 03:45:07.306,7.27453,7.27777,1.71,1.90
2014.10.23 03:45:07.751,7.27463,7.27807,1.98,2.01
2014.10.23 03:45:07.922,7.27463,7.27807,1.98,1.26
2014.10.23 03:45:10.191,7.27463,7.27816,2.93,2.27
2014.10.23 03:45:10.475,7.27463,7.27807,2.93,1.26
2014.10.23 03:45:12.018,7.27473,7.27816,1.26,2.27
2014.10.23 03:45:13.092,7.27483,7.27816,1.26,2.27
2014.10.23 03:45:39.885,7.27483,7.27817,1.26,2.47
2014.10.23 03:45:41.689,7.27483,7.27817,1.26,3.22
2014.10.23 03:45:42.709,7.27483,7.27817,1.26,2.47
2014.10.23 03:45:54.617,7.27483,7.27817,1.26,1.90
2014.10.23 03:45:54.720,7.27493,7.27817,1.26,1.90
2014.10.23 03:45:54.872,7.27493,7.2783,2.85,1.49
2014.10.23 03:45:55.394,7.27493,7.2783,2.85,1.30
2014.10.23 03:45:57.131,7.27503,7.2783,1.26,1.30
2014.10.23 03:45:57.442,7.27513,7.2783,1.26,1.30
2014.10.23 03:45:59.364,7.27523,7.2783,1.26,1.30
2014.10.23 03:46:10.577,7.27523,7.2785,1.26,1.30
2014.10.23 03:46:10.628,7.27523,7.27857,1.26,1.90
2014.10.23 03:46:23.787,7.27533,7.27857,1.26,1.90
2014.10.23 03:46:29.125,7.27523,7.27857,1.26,1.90
2014.10.23 03:46:30.965,7.27533,7.27857,1.26,1.90
2014.10.23 03:46:38.866,7.27533,7.27857,1.26,2.28
2014.10.23 03:46:40.169,7.27533,7.27857,1.26,1.90
2014.10.23 03:46:47.830,7.27523,7.27857,1.26,1.90
2014.10.23 03:46:57.945,7.27523,7.27867,1.26,1.26
2014.10.23 03:47:06.501,7.27523,7.27867,1.26,2.01
2014.10.23 03:47:14.675,7.27523,7.27857,1.26,1.00
2014.10.23 03:47:14.776,7.27503,7.27857,1.26,1.70
2014.10.23 03:47:15.253,7.27513,7.27867,1.26,2.45
2014.10.23 03:47:18.264,7.27523,7.27867,1.26,2.45
2014.10.23 03:47:21.031,7.27523,7.27867,1.26,1.70
2014.10.23 03:47:24.530,7.27513,7.27857,1.26,1.26
2014.10.23 03:47:34.109,7.27522,7.27857,1.00,1.32
2014.10.23 03:47:34.311,7.27523,7.27876,1.26,1.30
2014.10.23 03:47:34.412,7.27533,7.27876,1.90,1.30
2014.10.23 03:47:34.716,7.27543,7.27876,1.26,1.30
2014.10.23 03:47:35.021,7.27563,7.27876,1.90,1.30
2014.10.23 03:47:35.173,7.27563,7.27907,1.90,1.90
2014.10.23 03:47:36.445,7.27573,7.27907,1.26,1.90
2014.10.23 03:47:36.616,7.27563,7.27907,2.85,1.90
2014.10.23 03:47:37.358,7.27573,7.27907,1.26,1.90
2014.10.23 03:47:39.346,7.27583,7.27907,1.26,1.90
2014.10.23 03:47:44.559,7.27584,7.27907,1.26,1.90
2014.10.23 03:47:45.380,7.27573,7.27907,1.26,1.90
2014.10.23 03:47:45.473,7.27563,7.27907,2.85,1.90
2014.10.23 03:47:58.615,7.27563,7.27897,1.90,1.26
2014.10.23 03:47:58.718,7.27563,7.27907,1.90,2.85
2014.10.23 03:47:59.465,7.27563,7.27897,1.90,1.26
2014.10.23 03:48:01.952,7.27563,7.27897,1.90,2.45
2014.10.23 03:48:02.493,7.27533,7.27877,2.85,2.65
2014.10.23 03:48:02.594,7.27533,7.27867,1.90,1.00
2014.10.23 03:48:09.899,7.27533,7.27857,1.90,1.26
2014.10.23 03:48:10.009,7.27533,7.27867,1.90,1.70
2014.10.23 03:48:20.663,7.27533,7.27867,1.90,1.89
2014.10.23 03:48:21.668,7.27533,7.27867,1.90,1.89
2014.10.23 03:48:24.678,7.27533,7.27867,1.90,1.89
2014.10.23 03:48:27.688,7.27533,7.27867,1.90,1.26
2014.10.23 03:48:40.348,7.27533,7.27856,1.90,1.26
2014.10.23 03:48:55.986,7.27533,7.27867,1.90,1.26
2014.10.23 03:49:03.205,7.27523,7.27867,1.26,1.26
2014.10.23 03:49:05.363,7.27533,7.27874,1.26,1.72
2014.10.23 03:49:05.656,7.27523,7.27874,1.26,1.72
2014.10.23 03:49:09.184,7.27533,7.27874,1.26,1.72
2014.10.23 03:49:15.473,7.27523,7.27867,1.26,1.26
2014.10.23 03:49:26.269,7.27523,7.27867,1.26,1.45
2014.10.23 03:49:27.372,7.27523,7.27867,1.26,1.26
2014.10.23 03:49:30.380,7.27523,7.27867,1.26,1.45
2014.10.23 03:49:32.386,7.27523,7.27867,1.26,1.45
2014.10.23 03:49:33.404,7.27523,7.27867,1.26,1.45
2014.10.23 03:49:34.394,7.27523,7.27867,1.26,1.45
2014.10.23 03:49:37.401,7.27523,7.27867,1.26,1.89
2014.10.23 03:49:38.403,7.27523,7.27867,1.26,1.89
2014.10.23 03:49:40.409,7.27523,7.27866,1.26,1.19
2014.10.23 03:49:41.412,7.27523,7.27866,1.26,1.19
2014.10.23 03:49:42.415,7.27523,7.27867,1.26,1.26
2014.10.23 03:50:02.364,7.27523,7.27877,1.26,2.86
2014.10.23 03:50:03.257,7.27533,7.27877,1.26,2.67
2014.10.23 03:50:09.243,7.27533,7.27877,1.26,2.86
2014.10.23 03:50:23.659,7.27523,7.27867,1.26,1.26
2014.10.23 03:50:33.619,7.27524,7.27866,1.26,1.26
2014.10.23 03:50:34.432,7.27523,7.27877,1.26,2.20
2014.10.23 03:50:35.434,7.27523,7.27867,1.26,1.26
2014.10.23 03:50:55.145,7.27523,7.27877,1.26,2.01
2014.10.23 03:50:55.366,7.27524,7.27866,1.26,1.26
2014.10.23 03:50:58.032,7.27524,7.27876,1.26,2.01
2014.10.23 03:50:59.440,7.27523,7.27867,1.26,1.26
2014.10.23 03:51:01.624,7.27523,7.27877,1.26,2.01
2014.10.23 03:51:02.435,7.27533,7.27877,1.26,2.01
2014.10.23 03:51:03.991,7.27534,7.27892,1.26,2.24
2014.10.23 03:51:04.300,7.27543,7.27892,1.26,2.05
2014.10.23 03:51:05.109,7.27533,7.27887,1.26,2.01
2014.10.23 03:51:09.035,7.27543,7.27887,1.26,2.20
2014.10.23 03:51:09.241,7.27533,7.27887,1.26,2.20
2014.10.23 03:51:14.783,7.27544,7.27886,1.26,2.01
2014.10.23 03:51:19.641,7.27543,7.27887,1.26,1.91
2014.10.23 03:51:20.237,7.27543,7.27887,1.26,1.16
2014.10.23 03:51:20.288,7.27543,7.27887,1.26,1.49
2014.10.23 03:51:20.602,7.27583,7.27887,1.90,1.49
2014.10.23 03:51:20.805,7.27583,7.27887,1.90,1.30
2014.10.23 03:51:21.793,7.27583,7.27927,1.90,1.90
2014.10.23 03:51:23.001,7.27584,7.27927,1.26,1.90
2014.10.23 03:51:27.053,7.27584,7.27927,1.26,2.65
2014.10.23 03:51:31.760,7.27584,7.27926,1.26,1.26
2014.10.23 03:51:39.819,7.27584,7.27926,1.26,1.45
2014.10.23 03:51:40.763,7.27583,7.27927,2.85,3.04
2014.10.23 03:51:40.839,7.27583,7.27927,2.85,3.04
2014.10.23 03:51:41.825,7.27583,7.27927,2.85,2.85
2014.10.23 03:51:45.691,7.27583,7.27927,2.85,3.60
2014.10.23 03:51:49.123,7.27583,7.27927,2.85,2.85
2014.10.23 03:51:56.889,7.27593,7.27927,1.26,1.90
2014.10.23 03:51:57.169,7.27584,7.27927,1.26,1.90
2014.10.23 03:52:00.383,7.27593,7.27927,1.26,1.90
2014.10.23 03:52:05.604,7.27584,7.27927,1.26,1.90
2014.10.23 03:52:08.733,7.27593,7.27927,1.26,1.90
2014.10.23 03:52:20.598,7.27593,7.27937,1.26,2.67
2014.10.23 03:52:26.858,7.27603,7.27947,1.26,2.20
2014.10.23 03:52:35.520,7.27603,7.2794,1.26,1.94
2014.10.23 03:52:36.522,7.27603,7.27936,1.26,1.56
2014.10.23 03:52:42.618,7.27613,7.27936,1.26,1.19
2014.10.23 03:52:42.669,7.27613,7.27945,1.26,1.19
2014.10.23 03:52:42.922,7.27623,7.27945,1.26,1.19
2014.10.23 03:52:42.998,7.27613,7.27945,2.85,1.19
2014.10.23 03:52:43.312,7.27623,7.27945,1.26,1.19
2014.10.23 03:52:43.522,7.27613,7.27945,2.85,1.19
2014.10.23 03:52:43.776,7.27613,7.27951,2.85,1.35
2014.10.23 03:52:44.538,7.27623,7.27951,1.26,1.35
2014.10.23 03:52:48.746,7.27623,7.27951,1.26,1.67
2014.10.23 03:52:48.797,7.27613,7.27951,1.90,1.67
2014.10.23 03:52:48.999,7.27603,7.27937,1.26,1.90
2014.10.23 03:53:00.648,7.27613,7.27937,1.26,1.90
2014.10.23 03:53:00.920,7.27603,7.27937,1.26,1.90
2014.10.23 03:53:01.126,7.27613,7.27937,1.26,1.90
2014.10.23 03:53:03.296,7.27603,7.27937,1.26,1.90
2014.10.23 03:53:06.866,7.27613,7.27937,1.26,1.90
2014.10.23 03:53:08.912,7.27623,7.27937,1.26,1.90
2014.10.23 03:53:09.165,7.27624,7.27946,1.26,1.30
2014.10.23 03:53:09.428,7.27634,7.27946,1.26,1.30
2014.10.23 03:53:10.767,7.27633,7.27946,1.26,1.30
2014.10.23 03:53:11.643,7.27643,7.27946,1.26,1.30
2014.10.23 03:53:12.188,7.27644,7.27946,1.26,1.30
2014.10.23 03:53:12.855,7.27653,7.27946,1.26,1.30
2014.10.23 03:53:14.982,7.27663,7.27946,1.26,1.30
2014.10.23 03:53:15.687,7.27653,7.27946,1.26,1.30
2014.10.23 03:53:22.406,7.27653,7.27966,1.26,1.30
2014.10.23 03:53:22.762,7.27643,7.27967,1.26,1.90
2014.10.23 03:53:27.828,7.27653,7.27967,1.26,1.90
2014.10.23 03:53:30.167,7.27663,7.27967,1.26,1.90
2014.10.23 03:53:45.631,7.27654,7.27967,1.26,1.90
2014.10.23 03:53:46.635,7.27653,7.27967,1.26,1.90
2014.10.23 03:53:48.188,7.27643,7.27967,1.26,1.90
2014.10.23 03:53:57.853,7.27653,7.27967,1.26,1.90
2014.10.23 03:54:00.380,7.27643,7.27967,1.26,1.90
2014.10.23 03:54:02.094,7.27643,7.27967,1.26,2.28
2014.10.23 03:54:02.145,7.27623,7.27967,2.85,2.28
2014.10.23 03:54:02.196,7.27623,7.27967,2.85,2.65
2014.10.23 03:54:02.348,7.27613,7.27947,1.26,2.28
2014.10.23 03:54:02.449,7.27609,7.2794,1.00,1.30
2014.10.23 03:54:02.550,7.27613,7.2794,1.26,1.30
2014.10.23 03:54:02.648,7.27609,7.2794,1.00,1.30
2014.10.23 03:54:04.787,7.27613,7.2794,1.26,1.30
2014.10.23 03:54:14.919,7.27614,7.2794,1.26,1.30
2014.10.23 03:54:15.900,7.27623,7.2794,1.26,1.30
2014.10.23 03:54:22.563,7.27623,7.27946,1.26,1.67
2014.10.23 03:54:25.124,7.27613,7.27946,1.26,1.67
2014.10.23 03:54:29.095,7.27603,7.27946,2.85,1.67
2014.10.23 03:54:29.214,7.27613,7.27946,1.26,1.67
2014.10.23 03:54:29.433,7.27604,7.27946,1.26,1.67
2014.10.23 03:54:30.015,7.27613,7.27946,1.26,1.67
2014.10.23 03:54:31.029,7.27603,7.27946,2.85,1.67
2014.10.23 03:54:34.965,7.27613,7.27946,1.26,1.67
2014.10.23 03:54:55.549,7.27603,7.27947,2.85,3.23
2014.10.23 03:54:58.896,7.2772,7.27947,1.50,3.42
2014.10.23 03:54:59.199,7.2772,7.27962,1.87,1.72
2014.10.23 03:54:59.250,7.27673,7.27962,1.90,1.72
2014.10.23 03:54:59.301,7.27673,7.27947,1.90,1.00
2014.10.23 03:54:59.352,7.27633,7.27947,1.90,1.00
2014.10.23 03:55:00.165,7.27633,7.27947,1.90,1.75
2014.10.23 03:55:01.660,7.27633,7.27947,1.90,1.75
2014.10.23 03:55:02.752,7.27633,7.27947,1.90,1.00
2014.10.23 03:55:04.156,7.27633,7.27947,1.90,1.75
2014.10.23 03:55:20.396,7.27633,7.27957,2.85,1.19
2014.10.23 03:55:20.637,7.27633,7.27957,2.85,1.19
2014.10.23 03:55:22.593,7.27633,7.27957,2.85,1.19
2014.10.23 03:55:24.046,7.27633,7.2795,2.85,1.19
2014.10.23 03:55:25.003,7.27633,7.27955,2.85,1.19
2014.10.23 03:55:28.008,7.27633,7.27956,2.85,1.19
2014.10.23 03:55:30.416,7.27633,7.27957,2.85,1.19
2014.10.23 03:55:31.448,7.27633,7.27957,2.85,1.19
2014.10.23 03:55:32.425,7.27633,7.27957,2.85,1.19
2014.10.23 03:55:33.429,7.27633,7.27957,2.85,1.19
2014.10.23 03:55:34.462,7.27633,7.27957,1.90,1.19
2014.10.23 03:55:36.337,7.27633,7.2794,1.90,1.19
2014.10.23 03:55:38.143,7.27633,7.27957,2.85,1.19
2014.10.23 03:55:39.147,7.27633,7.27955,2.85,1.19
2014.10.23 03:55:40.151,7.27633,7.27955,2.85,1.19
2014.10.23 03:55:42.156,7.27633,7.27957,2.85,1.00
2014.10.23 03:55:44.161,7.27633,7.27957,2.85,1.19
2014.10.23 03:55:45.164,7.27633,7.2795,2.85,1.19
2014.10.23 03:55:47.617,7.27633,7.27949,2.85,1.19
2014.10.23 03:55:48.574,7.27633,7.27945,2.85,1.19
2014.10.23 03:55:51.083,7.27633,7.2795,2.85,1.19
2014.10.23 03:55:52.086,7.27633,7.27949,2.85,1.19
2014.10.23 03:55:53.191,7.27633,7.27946,2.85,1.19
2014.10.23 03:55:54.094,7.27633,7.27943,1.90,1.19
2014.10.23 03:55:55.198,7.27633,7.27957,1.90,1.19
2014.10.23 03:55:56.201,7.27633,7.27949,1.90,1.19
2014.10.23 03:55:57.205,7.27633,7.27955,1.90,1.19
2014.10.23 03:55:59.410,7.27633,7.27955,1.26,1.19
2014.10.23 03:56:00.932,7.27633,7.27963,1.26,1.56
2014.10.23 03:56:04.040,7.27633,7.27956,1.26,1.19
2014.10.23 03:56:05.043,7.27633,7.27957,1.26,1.25
2014.10.23 03:56:06.046,7.27633,7.27957,1.26,1.19
2014.10.23 03:56:11.061,7.27633,7.27957,1.26,1.19
2014.10.23 03:56:12.063,7.27633,7.27956,1.26,1.19
2014.10.23 03:56:13.066,7.27633,7.27955,1.26,1.19
2014.10.23 03:56:14.069,7.27633,7.27954,1.26,1.19
2014.10.23 03:56:15.072,7.27633,7.27946,1.26,1.00
2014.10.23 03:56:28.506,7.27633,7.27957,1.26,1.56
2014.10.23 03:56:29.371,7.27644,7.27957,1.26,1.56
2014.10.23 03:56:33.120,7.27634,7.27957,1.26,1.56
2014.10.23 03:56:36.703,7.27633,7.27957,1.26,1.37
2014.10.23 03:56:42.150,7.27633,7.27957,1.26,1.56
2014.10.23 03:56:43.153,7.27633,7.27954,1.26,1.19
2014.10.23 03:56:44.175,7.27633,7.27947,1.26,1.25
2014.10.23 03:56:47.665,7.27633,7.27946,1.26,1.00
2014.10.23 03:57:03.611,7.27643,7.27946,1.26,1.00
2014.10.23 03:57:03.713,7.27633,7.27946,1.26,1.00
2014.10.23 03:57:03.865,7.27633,7.27957,1.26,1.19
2014.10.23 03:57:04.311,7.27643,7.27957,1.26,1.19
2014.10.23 03:57:04.520,7.27643,7.27967,1.26,1.00
2014.10.23 03:57:05.906,7.27643,7.27957,1.26,1.00
2014.10.23 03:57:06.681,7.27633,7.27957,1.26,1.00
2014.10.23 03:57:20.644,7.27633,7.27947,1.26,1.00
2014.10.23 03:57:31.032,7.27633,7.27957,1.26,1.00
2014.10.23 03:57:31.508,7.27623,7.27957,1.26,1.00
2014.10.23 03:57:31.559,7.27623,7.27947,1.26,1.00
2014.10.23 03:57:31.610,7.27603,7.27947,1.26,1.00
2014.10.23 03:57:31.711,7.27594,7.27947,1.70,1.00
2014.10.23 03:57:31.762,7.27594,7.27907,1.70,1.00
2014.10.23 03:57:32.067,7.27593,7.27887,1.90,1.00
2014.10.23 03:57:32.118,7.27593,7.27897,1.90,1.00
2014.10.23 03:57:36.595,7.27593,7.27907,1.90,1.00
2014.10.23 03:58:02.155,7.27594,7.27907,1.26,1.00
2014.10.23 03:58:15.365,7.27604,7.27907,1.26,1.00
2014.10.23 03:58:20.092,7.27593,7.27907,2.85,1.00
2014.10.23 03:58:38.742,7.27593,7.27917,1.26,1.00
2014.10.23 03:58:39.673,7.27604,7.27917,1.26,1.00
2014.10.23 03:58:40.379,7.27603,7.27917,1.26,1.00
2014.10.23 03:58:41.605,7.27603,7.27927,1.26,1.00
2014.10.23 03:58:43.597,7.27613,7.27927,1.26,1.00
2014.10.23 03:58:57.432,7.27603,7.27927,1.26,1.37
2014.10.23 03:58:58.430,7.27603,7.27927,1.26,1.00
2014.10.23 03:59:12.319,7.27603,7.27927,1.26,1.19
2014.10.23 03:59:14.325,7.27603,7.27927,1.26,1.19
2014.10.23 03:59:16.330,7.27603,7.27927,1.26,1.00
2014.10.23 03:59:20.791,7.27593,7.27927,1.26,1.00
2014.10.23 03:59:21.676,7.27593,7.27917,1.26,1.00
2014.10.23 03:59:31.857,7.27583,7.27917,1.26,1.00
2014.10.23 03:59:32.059,7.27583,7.27907,1.26,1.00
2014.10.23 03:59:37.387,7.27573,7.27907,1.26,1.00
2014.10.23 03:59:37.437,7.27573,7.27897,1.26,1.00
2014.10.23 03:59:45.011,7.27573,7.27907,1.26,1.00
2014.10.23 03:59:45.933,7.27583,7.27907,1.26,1.00
2014.10.23 03:59:46.138,7.27573,7.27907,1.26,1.00
2014.10.23 03:59:46.240,7.27583,7.27907,1.26,1.00
2014.10.23 03:59:46.342,7.27573,7.27907,1.26,1.00
2014.10.23 03:59:46.849,7.27583,7.27907,1.26,1.00
2014.10.23 03:59:49.373,7.27574,7.27907,1.26,1.00
2014.10.23 03:59:49.424,7.27574,7.27897,1.26,1.00
2014.10.23 03:59:50.600,7.27574,7.27887,1.26,1.00
