2016.02.15 18:00:00.511,8.48601,8.49004,1.00,1.00
2016.02.15 18:00:01.789,8.48609,8.49004,1.00,1.00
2016.02.15 18:00:01.926,8.48629,8.49032,1.00,1.00
2016.02.15 18:00:02.028,8.48599,8.49002,1.00,1.00
2016.02.15 18:00:02.338,8.48637,8.4904,1.00,1.00
2016.02.15 18:00:03.190,8.48647,8.4904,1.00,1.00
2016.02.15 18:00:03.241,8.48667,8.4907,1.00,1.00
2016.02.15 18:00:09.817,8.48647,8.4904,1.00,1.00
2016.02.15 18:00:09.918,8.48637,8.4904,1.00,1.00
2016.02.15 18:00:17.529,8.48647,8.4904,1.00,1.00
2016.02.15 18:00:17.579,8.48667,8.4907,1.00,1.00
2016.02.15 18:00:18.341,8.48622,8.49025,1.00,1.00
2016.02.15 18:00:18.722,8.4864,8.49025,1.00,1.00
2016.02.15 18:00:18.773,8.4866,8.49063,1.00,1.00
2016.02.15 18:00:25.814,8.4866,8.49046,1.00,1.00
2016.02.15 18:00:25.984,8.48647,8.49046,1.00,1.00
2016.02.15 18:00:38.777,8.48617,8.4902,1.50,1.00
2016.02.15 18:00:38.878,8.48662,8.49046,1.00,1.00
2016.02.15 18:00:38.929,8.48662,8.49066,1.00,1.00
2016.02.15 18:00:38.980,8.487,8.49088,1.00,1.00
2016.02.15 18:00:39.031,8.487,8.49104,1.00,1.00
2016.02.15 18:00:43.969,8.48712,8.49104,1.00,1.00
2016.02.15 18:00:44.020,8.48732,8.49134,1.00,1.00
2016.02.15 18:00:44.453,8.48732,8.49127,1.00,1.00
2016.02.15 18:00:44.554,8.48734,8.49135,1.00,1.00
2016.02.15 18:00:46.366,8.48732,8.49135,1.00,1.00
2016.02.15 18:00:46.467,8.48742,8.49135,1.00,1.00
2016.02.15 18:00:46.518,8.48762,8.49166,1.00,1.00
2016.02.15 18:00:46.569,8.4878,8.49166,1.00,1.00
2016.02.15 18:00:46.619,8.488,8.49188,1.00,1.00
2016.02.15 18:00:46.758,8.488,8.49199,1.00,1.00
2016.02.15 18:00:47.804,8.488,8.49204,1.00,1.00
2016.02.15 18:00:49.212,8.4877,8.49167,1.00,1.00
2016.02.15 18:00:49.313,8.48796,8.49197,1.00,1.00
2016.02.15 18:00:52.505,8.48766,8.4916,1.00,1.00
2016.02.15 18:00:52.624,8.48787,8.49185,1.00,1.00
2016.02.15 18:00:53.298,8.48805,8.49191,1.00,1.00
2016.02.15 18:00:53.583,8.48825,8.49229,1.00,1.00
2016.02.15 18:00:56.600,8.48836,8.49229,1.00,1.00
2016.02.15 18:00:56.853,8.48824,8.49227,1.00,1.00
2016.02.15 18:00:56.983,8.48824,8.49209,1.00,1.00
2016.02.15 18:00:57.034,8.48786,8.49188,1.00,1.00
2016.02.15 18:00:58.306,8.48796,8.49188,1.00,1.00
2016.02.15 18:00:58.356,8.48816,8.49215,1.00,1.00
2016.02.15 18:00:58.733,8.48816,8.49219,1.00,1.00
2016.02.15 18:01:15.074,8.48816,8.4922,1.00,1.00
2016.02.15 18:01:17.735,8.48816,8.49171,1.00,1.00
2016.02.15 18:01:17.786,8.48787,8.49151,1.00,1.00
2016.02.15 18:01:17.837,8.48748,8.49125,1.00,1.00
2016.02.15 18:01:17.888,8.48707,8.49105,1.00,1.00
2016.02.15 18:01:18.193,8.48702,8.49105,1.00,1.00
2016.02.15 18:01:18.294,8.48682,8.49075,1.00,1.00
2016.02.15 18:01:18.346,8.48674,8.49075,1.69,1.00
2016.02.15 18:01:18.564,8.4868,8.49075,1.00,1.00
2016.02.15 18:01:18.867,8.4868,8.49045,1.00,1.00
2016.02.15 18:01:19.145,8.48641,8.49045,1.00,1.00
2016.02.15 18:01:21.549,8.48671,8.49075,1.00,1.00
2016.02.15 18:01:22.505,8.48702,8.49095,1.00,1.00
2016.02.15 18:01:22.555,8.48702,8.49105,1.00,1.00
2016.02.15 18:01:25.676,8.48682,8.49075,1.00,1.00
2016.02.15 18:01:25.781,8.48702,8.49105,1.00,1.00
2016.02.15 18:01:34.894,8.48702,8.49095,1.00,1.00
2016.02.15 18:01:34.945,8.48671,8.49075,1.00,1.00
2016.02.15 18:01:38.416,8.48661,8.49043,1.00,1.00
2016.02.15 18:01:38.467,8.48642,8.49043,1.00,1.00
2016.02.15 18:01:38.568,8.48652,8.49043,1.00,1.00
2016.02.15 18:01:38.619,8.48679,8.49082,1.00,1.00
2016.02.15 18:01:39.685,8.48679,8.49064,1.00,1.00
2016.02.15 18:01:39.736,8.48652,8.49044,1.00,1.00
2016.02.15 18:01:39.787,8.48659,8.49044,1.00,1.00
2016.02.15 18:01:39.838,8.48679,8.49082,1.00,1.00
2016.02.15 18:01:45.396,8.48679,8.49076,1.00,1.00
2016.02.15 18:01:45.447,8.48653,8.49056,1.00,1.00
2016.02.15 18:01:49.520,8.48653,8.49042,1.00,1.00
2016.02.15 18:01:49.571,8.48618,8.49022,1.00,1.00
2016.02.15 18:01:50.711,8.48618,8.49004,1.00,1.00
2016.02.15 18:01:50.761,8.4858,8.48984,1.00,1.00
2016.02.15 18:01:53.717,8.4858,8.48958,1.00,1.00
2016.02.15 18:01:53.883,8.4854,8.48938,1.00,1.00
2016.02.15 18:02:00.246,8.48573,8.48976,1.00,1.00
2016.02.15 18:02:05.292,8.48601,8.48998,1.00,1.00
2016.02.15 18:02:05.640,8.48601,8.49005,1.00,1.00
2016.02.15 18:02:09.396,8.48632,8.49016,1.00,1.00
2016.02.15 18:02:13.067,8.48612,8.49004,1.00,1.00
2016.02.15 18:02:13.215,8.48602,8.49004,1.00,1.00
2016.02.15 18:02:16.300,8.48632,8.49016,1.00,1.00
2016.02.15 18:02:16.350,8.48632,8.49035,1.00,1.00
2016.02.15 18:02:24.423,8.48664,8.49067,1.00,1.00
2016.02.15 18:02:24.805,8.48663,8.49029,1.00,1.00
2016.02.15 18:02:24.919,8.48626,8.49029,1.00,1.00
2016.02.15 18:02:25.502,8.48656,8.49056,1.00,1.00
2016.02.15 18:02:27.291,8.48656,8.49059,1.00,1.00
2016.02.15 18:02:35.002,8.48656,8.49046,1.00,1.00
2016.02.15 18:02:35.154,8.48664,8.49065,1.00,1.00
2016.02.15 18:02:35.265,8.48694,8.49065,1.00,1.00
2016.02.15 18:02:35.317,8.48694,8.49097,1.00,1.50
2016.02.15 18:02:36.914,8.48695,8.49097,1.00,1.00
2016.02.15 18:02:36.965,8.48724,8.49128,1.00,1.00
2016.02.15 18:02:37.117,8.48752,8.49123,1.00,1.00
2016.02.15 18:02:37.168,8.4877,8.49168,1.00,1.00
2016.02.15 18:02:41.543,8.48755,8.49148,1.00,1.00
2016.02.15 18:02:53.110,8.48777,8.49142,1.00,1.00
2016.02.15 18:02:56.797,8.48744,8.49147,1.00,1.00
2016.02.15 18:03:00.458,8.48737,8.4914,1.00,1.00
2016.02.15 18:03:04.500,8.48731,8.49109,1.00,1.00
2016.02.15 18:03:09.873,8.48736,8.49129,1.00,1.00
2016.02.15 18:03:09.924,8.48736,8.49139,1.00,1.00
2016.02.15 18:03:28.141,8.4874,8.49142,1.00,1.00
2016.02.15 18:03:34.992,8.4874,8.49106,1.00,1.00
2016.02.15 18:03:35.295,8.48654,8.48952,1.00,1.00
2016.02.15 18:03:35.397,8.48709,8.49028,1.00,1.00
2016.02.15 18:03:35.498,8.48709,8.49067,1.00,1.00
2016.02.15 18:03:35.549,8.48709,8.4912,1.00,1.00
2016.02.15 18:03:35.710,8.48689,8.49089,1.00,1.00
2016.02.15 18:03:35.809,8.48678,8.49089,1.50,1.00
2016.02.15 18:03:42.423,8.48678,8.49039,1.00,1.00
2016.02.15 18:03:42.524,8.48689,8.49059,1.50,1.00
2016.02.15 18:03:42.575,8.48689,8.49057,1.00,1.00
2016.02.15 18:03:42.768,8.48689,8.491,1.00,1.00
2016.02.15 18:03:42.869,8.48727,8.49131,1.00,1.00
2016.02.15 18:03:42.920,8.48727,8.49134,1.00,1.00
2016.02.15 18:03:55.037,8.48727,8.49043,1.00,1.00
2016.02.15 18:03:55.189,8.48717,8.49043,1.00,1.00
2016.02.15 18:03:55.240,8.48681,8.49092,1.00,1.00
2016.02.15 18:03:57.155,8.48712,8.49122,1.00,1.00
2016.02.15 18:04:00.748,8.48693,8.49096,1.00,1.00
2016.02.15 18:04:00.799,8.48685,8.49096,1.00,1.00
2016.02.15 18:04:18.272,8.4867,8.49081,1.00,1.00
2016.02.15 18:04:20.574,8.48696,8.49101,1.00,1.00
2016.02.15 18:04:20.625,8.48696,8.49107,1.00,1.00
2016.02.15 18:04:25.012,8.48667,8.49054,1.00,1.00
2016.02.15 18:04:25.113,8.48696,8.49107,1.00,1.00
2016.02.15 18:04:25.214,8.48666,8.49077,1.00,1.00
2016.02.15 18:04:26.084,8.48646,8.49031,1.00,1.00
2016.02.15 18:04:26.134,8.48623,8.49031,1.00,1.00
2016.02.15 18:04:26.387,8.48613,8.49001,1.69,1.00
2016.02.15 18:04:26.489,8.4859,8.49001,1.00,1.00
2016.02.15 18:04:26.539,8.48624,8.49001,1.00,1.00
2016.02.15 18:04:40.173,8.4859,8.49001,1.00,1.00
2016.02.15 18:04:40.338,8.48565,8.4897,1.00,1.00
2016.02.15 18:04:40.983,8.48559,8.4897,1.00,1.00
2016.02.15 18:04:51.220,8.48539,8.48928,1.00,1.00
2016.02.15 18:04:51.271,8.48534,8.48928,1.00,1.00
2016.02.15 18:04:51.763,8.48549,8.4896,1.00,1.00
2016.02.15 18:05:08.048,8.48546,8.48957,1.00,1.00
2016.02.15 18:05:09.219,8.48554,8.48957,1.00,1.00
2016.02.15 18:05:09.703,8.48584,8.48983,1.00,1.00
2016.02.15 18:05:11.955,8.48584,8.48995,1.00,1.00
2016.02.15 18:05:18.957,8.48589,8.48995,1.00,1.00
2016.02.15 18:05:19.567,8.4863,8.49015,1.00,1.00
2016.02.15 18:05:19.618,8.4863,8.4904,1.00,1.50
2016.02.15 18:05:21.998,8.48668,8.4906,1.00,1.00
2016.02.15 18:05:22.049,8.48668,8.49065,1.00,1.00
2016.02.15 18:05:24.887,8.48698,8.49099,1.00,1.50
2016.02.15 18:05:25.432,8.48704,8.491,1.00,1.00
2016.02.15 18:05:25.483,8.48704,8.49109,1.00,1.00
2016.02.15 18:05:35.040,8.48726,8.49026,1.00,1.00
2016.02.15 18:05:35.091,8.48726,8.49046,1.00,1.00
2016.02.15 18:05:35.142,8.48705,8.49038,1.00,1.00
2016.02.15 18:05:35.344,8.48699,8.49109,1.00,1.00
2016.02.15 18:05:56.900,8.48696,8.49062,1.00,1.00
2016.02.15 18:05:57.280,8.487,8.49062,1.00,1.00
2016.02.15 18:06:05.980,8.48724,8.49062,1.00,1.00
2016.02.15 18:06:06.081,8.48724,8.49077,1.00,1.00
2016.02.15 18:06:20.469,8.4872,8.49102,1.00,1.00
2016.02.15 18:06:27.791,8.4872,8.49107,1.00,1.00
2016.02.15 18:06:31.595,8.4873,8.49064,1.00,1.00
2016.02.15 18:06:31.898,8.48599,8.48835,1.00,1.00
2016.02.15 18:06:31.948,8.48518,8.48835,1.00,1.00
2016.02.15 18:06:31.999,8.48518,8.48864,1.00,1.00
2016.02.15 18:06:35.927,8.48518,8.48775,1.00,1.00
2016.02.15 18:06:35.978,8.48459,8.48775,1.00,1.00
2016.02.15 18:06:36.029,8.48453,8.48737,1.00,1.00
2016.02.15 18:06:36.178,8.48393,8.48717,1.07,1.00
2016.02.15 18:06:36.229,8.48413,8.48798,1.07,1.00
2016.02.15 18:06:36.280,8.48413,8.48756,1.00,1.00
2016.02.15 18:06:36.332,8.48382,8.48778,1.00,1.00
2016.02.15 18:06:36.433,8.48409,8.48778,1.00,1.00
2016.02.15 18:06:36.535,8.48428,8.48816,1.00,1.00
2016.02.15 18:06:36.586,8.48428,8.48839,1.00,1.00
2016.02.15 18:06:36.737,8.48428,8.48768,1.00,1.00
2016.02.15 18:06:36.889,8.48401,8.48748,1.00,1.00
2016.02.15 18:06:36.940,8.48421,8.48793,1.00,1.00
2016.02.15 18:06:36.991,8.48421,8.48831,1.00,1.00
2016.02.15 18:06:37.135,8.48451,8.48835,1.00,1.00
2016.02.15 18:06:37.242,8.48451,8.48862,1.00,1.00
2016.02.15 18:06:41.953,8.48451,8.48842,1.00,1.00
2016.02.15 18:06:42.054,8.48412,8.48822,1.00,1.00
2016.02.15 18:06:43.781,8.48412,8.48806,1.00,1.00
2016.02.15 18:06:43.832,8.48375,8.48786,1.07,1.00
2016.02.15 18:06:43.883,8.48375,8.48786,1.00,1.00
2016.02.15 18:06:48.971,8.48375,8.48776,1.00,1.00
2016.02.15 18:06:49.311,8.48345,8.48756,1.37,1.00
2016.02.15 18:06:49.564,8.48345,8.48756,1.00,1.00
2016.02.15 18:06:50.877,8.48345,8.48756,1.37,1.00
2016.02.15 18:06:51.317,8.48345,8.48756,1.00,1.00
2016.02.15 18:06:53.548,8.48354,8.48756,1.00,1.00
2016.02.15 18:06:53.692,8.48345,8.48756,1.00,1.00
2016.02.15 18:06:53.747,8.48353,8.48756,1.00,1.00
2016.02.15 18:06:54.497,8.4838,8.48756,1.00,1.00
2016.02.15 18:06:55.270,8.4838,8.48783,1.00,1.00
2016.02.15 18:06:58.787,8.48378,8.48783,1.00,1.00
2016.02.15 18:07:00.438,8.48419,8.48803,1.00,1.00
2016.02.15 18:07:00.489,8.48419,8.48828,1.00,1.00
2016.02.15 18:07:00.888,8.48419,8.48828,1.00,1.37
2016.02.15 18:07:05.468,8.48398,8.48803,1.00,1.07
2016.02.15 18:07:05.519,8.48393,8.48803,1.00,1.07
2016.02.15 18:07:09.503,8.48438,8.48803,1.00,1.07
2016.02.15 18:07:09.807,8.48513,8.48923,1.00,1.75
2016.02.15 18:07:09.858,8.48493,8.48856,1.00,1.37
2016.02.15 18:07:09.909,8.48447,8.48856,1.00,1.37
2016.02.15 18:07:11.060,8.48426,8.48811,1.00,1.07
2016.02.15 18:07:11.111,8.48412,8.48811,1.00,1.07
2016.02.15 18:07:11.276,8.48412,8.4878,1.00,1.00
2016.02.15 18:07:11.437,8.4839,8.4878,1.00,1.00
2016.02.15 18:07:12.547,8.4839,8.4878,1.00,1.07
2016.02.15 18:07:12.882,8.48368,8.48755,1.00,1.00
2016.02.15 18:07:12.933,8.48368,8.48765,1.00,1.07
2016.02.15 18:07:14.857,8.48368,8.48765,1.00,1.07
2016.02.15 18:07:17.047,8.48382,8.48765,1.00,1.07
2016.02.15 18:07:19.796,8.48376,8.48765,1.00,1.07
2016.02.15 18:07:21.776,8.48372,8.48765,1.00,1.07
2016.02.15 18:07:22.586,8.48356,8.48765,1.00,1.07
2016.02.15 18:07:25.736,8.48355,8.48765,1.00,1.07
2016.02.15 18:07:26.017,8.48348,8.48738,1.00,1.00
2016.02.15 18:07:26.956,8.48348,8.48738,1.00,1.07
2016.02.15 18:07:27.260,8.48348,8.48708,1.00,1.00
2016.02.15 18:07:28.281,8.48355,8.48708,1.00,1.00
2016.02.15 18:07:35.004,8.48362,8.48708,1.00,1.00
2016.02.15 18:07:35.105,8.48332,8.48708,1.00,1.00
2016.02.15 18:07:35.207,8.48309,8.48708,1.00,1.00
2016.02.15 18:07:42.928,8.48302,8.48708,1.00,1.00
2016.02.15 18:07:47.215,8.48317,8.48708,1.00,1.00
2016.02.15 18:07:48.107,8.48317,8.48706,1.00,1.00
2016.02.15 18:07:50.596,8.4831,8.48706,1.00,1.00
2016.02.15 18:07:52.907,8.48318,8.48706,1.00,1.00
2016.02.15 18:07:53.795,8.48295,8.48706,1.00,1.00
2016.02.15 18:07:53.846,8.48295,8.48706,1.07,1.00
2016.02.15 18:07:57.740,8.48334,8.48726,1.00,1.00
2016.02.15 18:07:57.791,8.48334,8.48745,1.00,1.00
2016.02.15 18:07:57.842,8.48314,8.48714,1.00,1.00
2016.02.15 18:07:57.893,8.48306,8.48714,1.07,1.00
2016.02.15 18:07:57.944,8.48334,8.48735,1.00,1.00
2016.02.15 18:07:57.995,8.48334,8.48745,1.00,1.00
2016.02.15 18:08:00.886,8.48354,8.48742,1.00,1.00
2016.02.15 18:08:01.050,8.48334,8.48745,1.00,1.00
2016.02.15 18:08:18.453,8.48315,8.48722,1.00,1.00
2016.02.15 18:08:18.554,8.48312,8.48722,1.00,1.00
2016.02.15 18:08:20.876,8.48312,8.48722,1.00,1.37
2016.02.15 18:08:21.179,8.48292,8.48678,1.00,1.75
2016.02.15 18:08:21.230,8.48268,8.48678,1.00,1.75
2016.02.15 18:08:23.869,8.48248,8.48633,1.00,1.37
2016.02.15 18:08:23.920,8.48245,8.48633,1.00,1.37
2016.02.15 18:08:24.858,8.48245,8.48625,1.00,1.37
2016.02.15 18:08:24.909,8.48222,8.48625,1.00,1.37
2016.02.15 18:08:25.268,8.48222,8.48633,1.00,1.37
2016.02.15 18:08:26.359,8.48236,8.48633,1.00,1.07
2016.02.15 18:08:26.409,8.48257,8.48653,1.00,1.37
2016.02.15 18:08:27.378,8.48238,8.48616,1.00,1.37
2016.02.15 18:08:27.428,8.48235,8.48616,1.00,1.37
2016.02.15 18:08:27.479,8.48253,8.48588,1.00,1.00
2016.02.15 18:08:27.783,8.48223,8.48545,1.69,1.00
2016.02.15 18:08:28.116,8.48196,8.48545,1.00,1.00
2016.02.15 18:08:30.365,8.48196,8.48537,1.00,1.00
2016.02.15 18:08:30.598,8.48196,8.48545,1.00,1.00
2016.02.15 18:08:31.846,8.48225,8.48545,1.00,1.00
2016.02.15 18:08:31.897,8.48225,8.48571,1.00,1.00
2016.02.15 18:08:32.085,8.48253,8.48592,1.00,1.00
2016.02.15 18:08:32.187,8.48279,8.48642,1.00,1.00
2016.02.15 18:08:32.383,8.48279,8.48662,1.00,1.07
2016.02.15 18:08:32.434,8.48308,8.48662,1.00,1.00
2016.02.15 18:08:32.485,8.48308,8.48668,1.00,1.00
2016.02.15 18:08:32.536,8.48308,8.48687,1.00,1.00
2016.02.15 18:08:32.587,8.48308,8.48697,1.00,1.00
2016.02.15 18:08:32.638,8.48308,8.48708,1.00,1.00
2016.02.15 18:08:32.688,8.4833,8.48706,1.00,1.00
2016.02.15 18:08:33.015,8.48339,8.48734,1.00,1.12
2016.02.15 18:08:33.339,8.48396,8.48768,1.00,1.00
2016.02.15 18:08:33.608,8.48365,8.48768,1.00,1.00
2016.02.15 18:08:34.045,8.48357,8.48768,1.00,1.00
2016.02.15 18:08:38.395,8.48357,8.48766,1.00,1.00
2016.02.15 18:08:38.706,8.48319,8.48729,1.37,1.00
2016.02.15 18:08:39.212,8.48299,8.48698,1.37,1.00
2016.02.15 18:08:45.825,8.48295,8.48698,1.07,1.00
2016.02.15 18:08:46.197,8.48295,8.48698,1.00,1.00
2016.02.15 18:08:49.717,8.48289,8.48698,1.00,1.00
2016.02.15 18:08:52.528,8.48256,8.48658,1.07,1.00
2016.02.15 18:08:54.226,8.48274,8.48685,1.00,1.50
2016.02.15 18:09:00.526,8.48254,8.48655,1.07,1.00
2016.02.15 18:09:04.959,8.48263,8.48655,1.00,1.00
2016.02.15 18:09:05.158,8.48283,8.48685,1.00,1.00
2016.02.15 18:09:05.259,8.48283,8.48692,1.00,1.00
2016.02.15 18:09:06.063,8.48283,8.48675,1.00,1.00
2016.02.15 18:09:06.266,8.48282,8.48693,1.00,1.00
2016.02.15 18:09:10.166,8.48282,8.48693,1.07,1.00
2016.02.15 18:09:19.696,8.48312,8.48723,1.00,1.00
2016.02.15 18:09:22.786,8.48292,8.48675,1.07,1.00
2016.02.15 18:09:31.598,8.48245,8.48653,1.50,1.00
2016.02.15 18:09:36.205,8.48229,8.48622,1.75,1.00
2016.02.15 18:09:36.357,8.48229,8.48622,1.07,1.00
2016.02.15 18:09:36.408,8.48229,8.48577,1.07,1.00
2016.02.15 18:09:37.024,8.48172,8.48546,1.75,1.00
2016.02.15 18:09:37.125,8.48167,8.48565,1.75,1.00
2016.02.15 18:09:37.176,8.48167,8.48576,1.75,1.00
2016.02.15 18:09:37.227,8.48146,8.48546,1.75,1.00
2016.02.15 18:09:37.328,8.48173,8.48566,1.75,1.00
2016.02.15 18:09:37.379,8.48173,8.48584,1.75,1.00
2016.02.15 18:09:39.114,8.48153,8.48538,1.75,1.00
2016.02.15 18:09:39.411,8.48128,8.48538,1.75,1.00
2016.02.15 18:09:39.913,8.48108,8.48508,1.75,1.00
2016.02.15 18:09:50.047,8.48077,8.4848,1.75,1.00
2016.02.15 18:09:50.098,8.48069,8.4848,1.75,1.00
2016.02.15 18:09:50.250,8.48099,8.485,1.75,1.00
2016.02.15 18:09:50.301,8.48099,8.4851,1.75,1.00
2016.02.15 18:09:50.402,8.4811,8.4851,1.75,1.00
2016.02.15 18:09:52.408,8.4811,8.4851,1.37,1.00
2016.02.15 18:09:52.610,8.4811,8.4851,1.75,1.00
2016.02.15 18:09:55.037,8.48168,8.4853,1.75,1.50
2016.02.15 18:09:55.148,8.48148,8.48525,1.75,1.00
2016.02.15 18:09:55.376,8.48115,8.48525,1.75,1.00
2016.02.15 18:09:56.146,8.48115,8.48525,1.75,1.00
2016.02.15 18:09:56.488,8.48115,8.48525,1.75,1.00
2016.02.15 18:10:06.333,8.48157,8.48545,1.75,1.00
2016.02.15 18:10:06.384,8.48157,8.48568,1.75,1.00
2016.02.15 18:10:08.585,8.48129,8.48538,1.75,1.00
2016.02.15 18:10:14.958,8.48203,8.48558,1.37,1.00
2016.02.15 18:10:15.009,8.48203,8.48568,1.37,1.00
2016.02.15 18:10:24.063,8.48157,8.48568,1.75,1.00
2016.02.15 18:10:33.321,8.48166,8.48577,1.75,1.00
2016.02.15 18:10:40.026,8.48196,8.48601,1.75,1.00
2016.02.15 18:10:40.127,8.48196,8.48607,1.75,1.00
2016.02.15 18:10:40.587,8.48221,8.48621,1.75,1.00
2016.02.15 18:10:45.597,8.48221,8.48632,1.75,1.00
2016.02.15 18:10:50.766,8.48221,8.48622,1.75,1.00
2016.02.15 18:10:50.917,8.48191,8.48602,1.37,1.00
2016.02.15 18:10:55.385,8.48191,8.48568,1.37,1.00
2016.02.15 18:10:55.446,8.4817,8.48547,1.37,1.00
2016.02.15 18:10:55.605,8.4817,8.4853,1.37,1.00
2016.02.15 18:10:55.939,8.48099,8.4851,1.75,1.00
2016.02.15 18:10:57.077,8.48099,8.4851,1.37,1.00
2016.02.15 18:11:13.602,8.48099,8.4851,1.75,1.00
2016.02.15 18:11:13.754,8.48129,8.4853,1.50,1.00
2016.02.15 18:11:13.805,8.48129,8.4854,1.50,1.00
2016.02.15 18:11:15.057,8.48198,8.48526,1.00,1.00
2016.02.15 18:11:15.108,8.48198,8.48589,1.00,1.00
2016.02.15 18:11:15.159,8.48178,8.48563,1.07,1.00
2016.02.15 18:11:16.937,8.48152,8.4855,1.37,1.00
2016.02.15 18:11:17.397,8.48124,8.48525,1.75,1.00
2016.02.15 18:11:17.764,8.48124,8.48525,1.75,1.00
2016.02.15 18:11:17.814,8.48114,8.48523,1.75,1.00
2016.02.15 18:11:18.364,8.48097,8.48494,1.75,1.00
2016.02.15 18:11:20.561,8.48112,8.48515,1.75,1.00
2016.02.15 18:11:20.612,8.48112,8.48523,1.75,1.50
2016.02.15 18:11:31.597,8.48112,8.48523,1.37,1.00
2016.02.15 18:11:31.954,8.48112,8.48523,1.07,1.00
2016.02.15 18:11:35.883,8.48112,8.48523,1.12,1.00
2016.02.15 18:11:36.331,8.48112,8.48523,1.37,1.00
2016.02.15 18:11:36.882,8.4812,8.48531,1.37,1.00
2016.02.15 18:11:39.672,8.4812,8.48531,1.75,1.00
2016.02.15 18:11:39.723,8.48167,8.48549,1.37,1.00
2016.02.15 18:11:39.774,8.48167,8.48558,1.37,1.00
2016.02.15 18:11:40.126,8.48167,8.48576,1.37,1.50
2016.02.15 18:11:41.384,8.48167,8.48576,1.37,1.50
2016.02.15 18:11:41.435,8.48138,8.48549,1.75,1.00
2016.02.15 18:12:00.565,8.48122,8.48533,1.75,1.00
2016.02.15 18:12:20.543,8.48124,8.48535,1.75,1.00
2016.02.15 18:12:40.166,8.48133,8.48542,1.75,1.00
2016.02.15 18:12:55.286,8.48118,8.48529,1.75,1.00
2016.02.15 18:13:21.629,8.48156,8.48549,1.37,1.00
2016.02.15 18:13:21.680,8.48156,8.48567,1.37,1.00
2016.02.15 18:13:21.781,8.48156,8.48557,1.37,1.00
2016.02.15 18:13:22.113,8.48126,8.48537,1.75,1.00
2016.02.15 18:13:22.265,8.48156,8.48567,1.37,1.00
2016.02.15 18:13:24.599,8.48156,8.48557,1.37,1.00
2016.02.15 18:13:25.046,8.48126,8.48537,1.75,1.00
2016.02.15 18:13:40.566,8.48115,8.48526,1.75,1.00
2016.02.15 18:14:05.952,8.48115,8.48503,1.37,1.00
2016.02.15 18:14:06.053,8.48075,8.48483,1.75,1.00
2016.02.15 18:14:28.071,8.48086,8.48495,1.75,1.00
2016.02.15 18:14:28.173,8.48086,8.48495,1.37,1.00
2016.02.15 18:14:28.410,8.48086,8.48495,1.00,1.00
2016.02.15 18:14:29.180,8.48086,8.48495,1.37,1.00
2016.02.15 18:14:29.673,8.48086,8.48495,1.75,1.00
2016.02.15 18:14:31.462,8.48086,8.48495,1.37,1.00
2016.02.15 18:14:31.710,8.48086,8.48495,1.00,1.00
2016.02.15 18:14:32.459,8.48086,8.48495,1.37,1.00
2016.02.15 18:14:32.975,8.48086,8.48495,1.75,1.00
2016.02.15 18:14:48.079,8.48111,8.48486,1.37,1.00
2016.02.15 18:15:08.231,8.48089,8.485,1.50,1.00
2016.02.15 18:15:23.543,8.48098,8.48509,1.37,1.00
2016.02.15 18:15:35.649,8.48128,8.48529,1.07,1.00
2016.02.15 18:15:35.750,8.48128,8.48535,1.07,1.00
2016.02.15 18:15:44.782,8.48128,8.48539,1.07,1.00
2016.02.15 18:15:58.980,8.48132,8.48541,1.07,1.00
2016.02.15 18:16:01.119,8.48132,8.48541,1.00,1.00
2016.02.15 18:16:01.222,8.48102,8.48513,1.07,1.00
2016.02.15 18:16:01.565,8.48154,8.48513,1.00,1.00
2016.02.15 18:16:10.039,8.48149,8.48513,1.00,1.00
2016.02.15 18:16:12.349,8.4816,8.48513,1.00,1.00
2016.02.15 18:16:18.304,8.48164,8.48513,1.00,1.00
2016.02.15 18:16:20.508,8.48164,8.48518,1.00,1.00
2016.02.15 18:16:20.559,8.48164,8.48528,1.00,1.00
2016.02.15 18:16:28.079,8.48166,8.48528,1.00,1.00
2016.02.15 18:16:36.875,8.48166,8.48566,1.00,1.07
2016.02.15 18:16:36.926,8.48179,8.48566,1.00,1.07
2016.02.15 18:16:37.089,8.48179,8.48566,1.00,1.00
2016.02.15 18:16:37.648,8.48198,8.48566,1.00,1.00
2016.02.15 18:16:40.547,8.48198,8.48586,1.00,1.00
2016.02.15 18:16:40.895,8.48198,8.48597,1.00,1.00
2016.02.15 18:16:41.614,8.4819,8.48597,1.00,1.00
2016.02.15 18:16:42.031,8.4819,8.48593,1.00,1.00
2016.02.15 18:16:48.098,8.48192,8.48593,1.00,1.00
2016.02.15 18:16:52.005,8.48192,8.48597,1.00,1.00
2016.02.15 18:16:55.302,8.48233,8.48633,1.00,1.37
2016.02.15 18:16:55.353,8.48233,8.48633,1.00,1.00
2016.02.15 18:16:55.454,8.48233,8.48644,1.00,1.00
2016.02.15 18:16:55.606,8.48286,8.48669,1.00,1.00
2016.02.15 18:16:55.758,8.4829,8.48697,1.00,1.07
2016.02.15 18:16:56.009,8.4829,8.48697,1.00,1.00
2016.02.15 18:16:56.690,8.48308,8.48697,1.00,1.00
2016.02.15 18:16:57.034,8.48331,8.48697,1.00,1.00
2016.02.15 18:16:57.778,8.48313,8.48697,1.00,1.00
2016.02.15 18:16:57.896,8.48316,8.48717,1.00,1.00
2016.02.15 18:16:57.947,8.48316,8.48727,1.00,1.07
2016.02.15 18:17:00.224,8.48331,8.48727,1.00,1.00
2016.02.15 18:17:02.629,8.48361,8.48727,1.00,1.00
2016.02.15 18:17:03.541,8.48361,8.48755,1.00,1.00
2016.02.15 18:17:07.797,8.48344,8.48755,1.00,1.00
2016.02.15 18:17:09.728,8.48341,8.48725,1.00,1.00
2016.02.15 18:17:10.208,8.48344,8.48725,1.00,1.00
2016.02.15 18:17:10.259,8.48344,8.48755,1.50,1.00
2016.02.15 18:17:19.585,8.48356,8.48755,1.00,1.00
2016.02.15 18:17:20.846,8.48356,8.48725,1.00,1.00
2016.02.15 18:17:23.980,8.48341,8.48725,1.00,1.00
2016.02.15 18:17:25.949,8.48333,8.48725,1.00,1.00
2016.02.15 18:17:26.101,8.48333,8.48694,1.00,1.00
2016.02.15 18:17:28.369,8.48313,8.48694,1.00,1.00
2016.02.15 18:17:37.400,8.48305,8.48694,1.00,1.00
2016.02.15 18:17:40.470,8.48312,8.48694,1.00,1.00
2016.02.15 18:17:43.207,8.48304,8.48694,1.00,1.00
2016.02.15 18:17:44.215,8.48304,8.48669,1.00,1.00
2016.02.15 18:17:44.418,8.48274,8.48669,1.00,1.00
2016.02.15 18:17:44.670,8.48274,8.48659,1.00,1.00
2016.02.15 18:17:44.980,8.48274,8.48639,1.00,1.00
2016.02.15 18:17:45.310,8.48251,8.48639,1.00,1.00
2016.02.15 18:17:45.969,8.48251,8.48628,1.00,1.00
2016.02.15 18:17:46.299,8.48251,8.48608,1.00,1.00
2016.02.15 18:17:46.695,8.48251,8.48639,1.00,1.00
2016.02.15 18:17:47.180,8.4827,8.48639,1.00,1.00
2016.02.15 18:17:47.534,8.48293,8.48639,1.00,1.00
2016.02.15 18:17:47.635,8.48316,8.48695,1.00,1.00
2016.02.15 18:17:47.760,8.48316,8.48699,1.00,1.00
2016.02.15 18:17:47.894,8.48316,8.4869,1.00,1.00
2016.02.15 18:17:47.945,8.48301,8.48682,1.00,1.00
2016.02.15 18:17:47.995,8.48301,8.48662,1.00,1.00
2016.02.15 18:17:49.724,8.48276,8.48662,1.00,1.00
2016.02.15 18:17:49.775,8.48276,8.48651,1.00,1.00
2016.02.15 18:17:49.827,8.48253,8.48631,1.00,1.50
2016.02.15 18:17:49.877,8.48253,8.48613,1.00,1.00
2016.02.15 18:17:50.227,8.48253,8.48593,1.00,1.00
2016.02.15 18:17:50.931,8.48238,8.48593,1.00,1.00
2016.02.15 18:17:51.032,8.48216,8.48593,1.00,1.00
2016.02.15 18:17:52.180,8.48216,8.48583,1.00,1.00
2016.02.15 18:17:52.520,8.48216,8.48563,1.00,1.00
2016.02.15 18:17:54.965,8.48216,8.48545,1.00,1.00
2016.02.15 18:17:55.119,8.48208,8.48555,1.00,1.00
2016.02.15 18:17:57.300,8.482,8.48545,1.00,1.00
2016.02.15 18:17:57.640,8.482,8.4857,1.00,1.00
2016.02.15 18:18:01.760,8.48192,8.4857,1.00,1.00
2016.02.15 18:18:05.878,8.48177,8.4857,1.00,1.00
2016.02.15 18:18:05.982,8.48223,8.4857,1.00,1.00
2016.02.15 18:18:06.134,8.48223,8.48596,1.00,1.00
2016.02.15 18:18:06.308,8.48246,8.48596,1.00,1.00
2016.02.15 18:18:07.628,8.48214,8.48596,1.00,1.00
2016.02.15 18:18:08.333,8.48291,8.48596,1.00,1.00
2016.02.15 18:18:08.434,8.48291,8.48649,1.00,1.00
2016.02.15 18:18:08.740,8.48291,8.48671,1.00,1.00
2016.02.15 18:18:10.391,8.48284,8.48671,1.00,1.00
2016.02.15 18:18:10.442,8.48284,8.48633,1.00,1.00
2016.02.15 18:18:10.851,8.48284,8.48664,1.00,1.00
2016.02.15 18:18:12.137,8.48314,8.48664,1.00,1.00
2016.02.15 18:18:14.117,8.48291,8.48664,1.00,1.00
2016.02.15 18:18:16.688,8.48322,8.48664,1.00,1.00
2016.02.15 18:18:21.389,8.48307,8.48664,1.00,1.00
2016.02.15 18:18:21.545,8.48307,8.48693,1.00,1.00
2016.02.15 18:18:28.128,8.48315,8.48693,1.00,1.00
2016.02.15 18:18:31.321,8.48338,8.48693,1.00,1.00
2016.02.15 18:18:32.046,8.48319,8.48693,1.00,1.00
2016.02.15 18:18:35.868,8.48319,8.48683,1.00,1.00
2016.02.15 18:18:35.919,8.48289,8.48663,1.00,1.00
2016.02.15 18:18:36.852,8.48289,8.48653,1.00,1.00
2016.02.15 18:18:37.177,8.48273,8.48633,1.00,1.00
2016.02.15 18:18:38.343,8.48253,8.48633,1.00,1.00
2016.02.15 18:18:38.497,8.48253,8.48603,1.00,1.00
2016.02.15 18:18:39.332,8.48223,8.48603,1.00,1.00
2016.02.15 18:18:39.383,8.48223,8.48557,1.00,1.00
2016.02.15 18:18:39.434,8.48192,8.48557,1.00,1.00
2016.02.15 18:18:39.746,8.48173,8.48557,1.00,1.00
2016.02.15 18:18:40.527,8.48173,8.48522,1.00,1.00
2016.02.15 18:18:41.367,8.48173,8.48489,1.00,1.00
2016.02.15 18:18:41.519,8.48138,8.48468,1.00,1.00
2016.02.15 18:18:43.071,8.48081,8.48457,1.00,1.00
2016.02.15 18:18:43.122,8.48081,8.48437,1.00,1.00
2016.02.15 18:18:46.043,8.48095,8.48437,1.00,1.00
2016.02.15 18:18:46.573,8.4814,8.48473,1.00,1.50
2016.02.15 18:18:48.988,8.4811,8.48473,1.00,1.50
2016.02.15 18:18:49.229,8.48133,8.48473,1.00,1.50
2016.02.15 18:18:57.326,8.48133,8.48435,1.00,1.00
2016.02.15 18:18:57.527,8.48133,8.48456,1.00,1.00
2016.02.15 18:18:57.628,8.48133,8.48466,1.00,1.00
2016.02.15 18:19:02.927,8.48133,8.4848,1.00,1.00
2016.02.15 18:19:02.978,8.48155,8.4848,1.00,1.00
2016.02.15 18:19:03.805,8.48155,8.48495,1.00,1.50
2016.02.15 18:19:04.065,8.48193,8.48515,1.00,1.00
2016.02.15 18:19:04.116,8.48193,8.48533,1.00,1.00
2016.02.15 18:19:06.697,8.48209,8.48533,1.00,1.00
2016.02.15 18:19:08.786,8.48218,8.48533,1.00,1.00
2016.02.15 18:19:08.892,8.48218,8.48553,1.00,1.00
2016.02.15 18:19:08.943,8.48218,8.48562,1.00,1.00
2016.02.15 18:19:13.075,8.48217,8.48562,1.00,1.00
2016.02.15 18:19:16.937,8.48224,8.48562,1.00,1.00
2016.02.15 18:19:17.351,8.48247,8.48562,1.00,1.00
2016.02.15 18:19:18.891,8.48247,8.48581,1.00,1.00
2016.02.15 18:19:19.126,8.48239,8.48581,1.00,1.00
2016.02.15 18:19:21.115,8.48247,8.48581,1.00,1.00
2016.02.15 18:19:23.606,8.48247,8.48567,1.00,1.00
2016.02.15 18:19:28.145,8.48245,8.48567,1.00,1.00
2016.02.15 18:19:32.106,8.48238,8.48567,1.00,1.00
2016.02.15 18:19:40.355,8.48236,8.48567,1.00,1.00
2016.02.15 18:19:40.616,8.48236,8.48574,1.00,1.00
2016.02.15 18:19:42.909,8.48244,8.48598,1.00,1.00
2016.02.15 18:19:43.049,8.48244,8.48589,1.00,1.00
2016.02.15 18:19:48.963,8.48251,8.48589,1.00,1.00
2016.02.15 18:19:49.182,8.48228,8.48571,1.00,1.00
2016.02.15 18:19:49.233,8.48228,8.48551,1.00,1.00
2016.02.15 18:19:51.908,8.48248,8.48551,1.00,1.00
2016.02.15 18:19:58.098,8.4826,8.48551,1.00,1.00
2016.02.15 18:20:08.076,8.48261,8.48551,1.00,1.00
2016.02.15 18:20:08.177,8.48261,8.48569,1.00,1.00
2016.02.15 18:20:14.836,8.48276,8.48569,1.00,1.00
2016.02.15 18:20:16.877,8.48269,8.48569,1.00,1.00
2016.02.15 18:20:22.377,8.48276,8.48569,1.00,1.00
2016.02.15 18:20:25.583,8.48291,8.48575,1.00,1.00
2016.02.15 18:20:25.783,8.48291,8.48593,1.00,1.00
2016.02.15 18:20:25.834,8.48291,8.48613,1.00,1.00
2016.02.15 18:20:28.205,8.48284,8.48613,1.00,1.00
2016.02.15 18:20:37.373,8.48276,8.48613,1.00,1.00
2016.02.15 18:20:44.609,8.48269,8.48613,1.00,1.00
2016.02.15 18:20:45.427,8.48269,8.48588,1.00,1.00
2016.02.15 18:20:54.910,8.48269,8.48608,1.00,1.00
2016.02.15 18:20:55.012,8.48269,8.48595,1.00,1.00
2016.02.15 18:20:55.941,8.48269,8.48613,1.00,1.00
2016.02.15 18:20:56.043,8.48284,8.48603,1.00,1.00
2016.02.15 18:20:59.471,8.48269,8.48603,1.00,1.00
2016.02.15 18:21:07.254,8.48275,8.48603,1.00,1.00
2016.02.15 18:21:12.546,8.48275,8.48606,1.00,1.00
2016.02.15 18:21:12.650,8.48285,8.48606,1.00,1.00
2016.02.15 18:21:21.377,8.48277,8.48606,1.00,1.00
2016.02.15 18:21:27.453,8.48285,8.48606,1.00,1.00
2016.02.15 18:21:28.167,8.48285,8.48601,1.00,1.00
2016.02.15 18:21:37.284,8.48286,8.48601,1.00,1.00
2016.02.15 18:21:43.929,8.48276,8.48601,1.00,1.00
2016.02.15 18:21:48.066,8.48284,8.48601,1.00,1.00
2016.02.15 18:21:54.271,8.48267,8.48601,1.00,1.00
2016.02.15 18:21:56.076,8.48267,8.48567,1.00,1.00
2016.02.15 18:21:56.127,8.48244,8.48547,1.00,1.00
2016.02.15 18:21:56.330,8.48229,8.48547,1.00,1.00
2016.02.15 18:21:56.433,8.48244,8.48608,1.00,1.00
2016.02.15 18:21:56.565,8.48244,8.48598,1.00,1.00
2016.02.15 18:21:56.898,8.48244,8.48578,1.00,1.00
2016.02.15 18:21:57.201,8.48229,8.48547,1.00,1.00
2016.02.15 18:22:06.035,8.48237,8.48547,1.00,1.00
2016.02.15 18:22:15.907,8.48235,8.48547,1.00,1.00
2016.02.15 18:22:20.561,8.48235,8.48557,1.00,1.00
2016.02.15 18:22:28.160,8.48234,8.48557,1.00,1.00
2016.02.15 18:22:39.653,8.48226,8.48557,1.00,1.00
2016.02.15 18:22:40.689,8.48226,8.48546,1.00,1.00
2016.02.15 18:22:43.093,8.48233,8.48546,1.00,1.00
2016.02.15 18:22:44.173,8.4821,8.48546,1.00,1.00
2016.02.15 18:22:44.823,8.48165,8.48546,1.00,1.00
2016.02.15 18:22:44.924,8.48135,8.48546,1.07,1.00
2016.02.15 18:22:54.684,8.48115,8.48516,1.37,1.00
2016.02.15 18:23:00.129,8.48105,8.48437,1.37,1.65
2016.02.15 18:23:00.382,8.48121,8.48468,1.12,1.00
2016.02.15 18:23:00.550,8.48105,8.48508,1.37,1.00
2016.02.15 18:23:01.122,8.48105,8.48508,1.00,1.00
2016.02.15 18:23:15.916,8.48178,8.48498,1.00,1.00
2016.02.15 18:23:15.967,8.48178,8.48533,1.00,1.00
2016.02.15 18:23:16.116,8.48154,8.48528,1.00,1.00
2016.02.15 18:23:16.224,8.48117,8.48528,1.00,1.00
2016.02.15 18:23:31.142,8.48133,8.48544,1.00,1.00
2016.02.15 18:23:44.339,8.48133,8.48533,1.00,1.00
2016.02.15 18:23:44.390,8.48102,8.48513,1.07,1.00
2016.02.15 18:23:55.867,8.48151,8.48513,1.00,1.00
2016.02.15 18:23:55.919,8.48172,8.4854,1.00,1.00
2016.02.15 18:23:55.970,8.48144,8.48498,1.00,1.00
2016.02.15 18:23:56.122,8.48087,8.48498,1.07,1.00
2016.02.15 18:24:08.700,8.48176,8.48516,1.00,1.00
2016.02.15 18:24:08.751,8.48176,8.48518,1.00,1.00
2016.02.15 18:24:08.802,8.4816,8.48488,1.00,1.00
2016.02.15 18:24:08.853,8.48156,8.48488,1.00,1.00
2016.02.15 18:24:08.904,8.48077,8.48488,1.07,1.00
2016.02.15 18:24:09.933,8.48108,8.48508,1.00,1.00
2016.02.15 18:24:09.984,8.48108,8.48516,1.00,1.00
2016.02.15 18:24:15.942,8.48207,8.48499,1.00,1.00
2016.02.15 18:24:15.993,8.48207,8.48559,1.00,1.00
2016.02.15 18:24:16.150,8.48115,8.48526,1.00,1.00
2016.02.15 18:24:23.724,8.48095,8.48497,1.07,1.00
2016.02.15 18:24:28.056,8.48103,8.48497,1.37,1.00
2016.02.15 18:24:28.259,8.48154,8.48565,1.00,1.00
2016.02.15 18:24:47.728,8.48166,8.4857,1.00,1.00
2016.02.15 18:24:49.582,8.48367,8.4857,1.00,1.00
2016.02.15 18:24:49.683,8.48367,8.48632,1.00,1.00
2016.02.15 18:24:49.835,8.48356,8.48675,1.00,1.00
2016.02.15 18:24:49.936,8.48321,8.487,1.00,1.37
2016.02.15 18:24:50.038,8.48309,8.48692,1.00,1.07
2016.02.15 18:24:50.089,8.48261,8.48672,1.00,1.10
2016.02.15 18:24:56.762,8.48268,8.48672,1.00,1.00
2016.02.15 18:24:56.813,8.48288,8.48699,1.00,1.00
2016.02.15 18:24:58.600,8.4842,8.48699,1.00,1.00
2016.02.15 18:24:58.802,8.48427,8.48749,1.00,1.00
2016.02.15 18:24:59.190,8.48427,8.48764,1.00,1.00
2016.02.15 18:24:59.756,8.48427,8.48791,1.00,1.00
2016.02.15 18:25:01.220,8.48438,8.48791,1.00,1.00
2016.02.15 18:25:09.054,8.48479,8.48791,1.00,1.00
2016.02.15 18:25:09.105,8.48479,8.4882,1.00,1.00
2016.02.15 18:25:09.256,8.48546,8.48864,1.00,1.00
2016.02.15 18:25:11.612,8.48528,8.48846,1.00,1.00
2016.02.15 18:25:11.817,8.48463,8.48839,1.00,1.50
2016.02.15 18:25:11.969,8.48463,8.48828,1.00,1.00
2016.02.15 18:25:12.301,8.48463,8.48808,1.00,1.00
2016.02.15 18:25:13.762,8.48442,8.48808,1.00,1.00
2016.02.15 18:25:16.842,8.4845,8.48808,1.00,1.00
2016.02.15 18:25:18.940,8.48442,8.48808,1.00,1.00
2016.02.15 18:25:22.154,8.4845,8.48808,1.00,1.00
2016.02.15 18:25:25.135,8.48397,8.48808,1.00,1.75
2016.02.15 18:25:25.236,8.48373,8.48773,1.69,1.37
2016.02.15 18:25:25.402,8.48362,8.48749,1.00,1.07
2016.02.15 18:25:25.453,8.48327,8.48729,1.00,1.00
2016.02.15 18:25:38.099,8.48318,8.48729,1.00,1.00
2016.02.15 18:25:38.150,8.4829,8.4869,1.00,1.00
2016.02.15 18:25:38.253,8.48309,8.4872,1.00,1.00
2016.02.15 18:25:52.425,8.48309,8.48703,1.00,1.00
2016.02.15 18:25:52.476,8.48272,8.48683,1.00,1.00
2016.02.15 18:25:52.621,8.48283,8.48683,1.00,1.00
2016.02.15 18:25:52.672,8.48303,8.48714,1.00,1.00
2016.02.15 18:26:05.590,8.48302,8.48679,1.00,1.00
2016.02.15 18:26:05.691,8.48302,8.48709,1.00,1.00
2016.02.15 18:26:08.752,8.48302,8.48701,1.00,1.00
2016.02.15 18:26:08.990,8.4827,8.48681,1.00,1.00
2016.02.15 18:26:15.030,8.48387,8.48681,1.00,1.00
2016.02.15 18:26:15.234,8.4842,8.48748,1.00,1.00
2016.02.15 18:26:15.285,8.48428,8.48748,1.00,1.00
2016.02.15 18:26:15.491,8.48428,8.4876,1.00,1.00
2016.02.15 18:26:18.770,8.48431,8.4876,1.00,1.00
2016.02.15 18:26:18.901,8.48431,8.48787,1.00,1.00
2016.02.15 18:26:19.521,8.48431,8.48803,1.00,1.00
2016.02.15 18:26:19.778,8.48431,8.48826,1.00,1.00
2016.02.15 18:26:24.941,8.48431,8.48825,1.00,1.00
2016.02.15 18:26:24.992,8.48457,8.48825,1.00,1.00
2016.02.15 18:26:27.048,8.4845,8.48825,1.00,1.00
2016.02.15 18:26:27.549,8.4845,8.48826,1.00,1.00
2016.02.15 18:26:28.068,8.4845,8.48822,1.00,1.00
2016.02.15 18:26:28.279,8.4845,8.48826,1.00,1.00
2016.02.15 18:26:29.770,8.4846,8.48826,1.00,1.00
2016.02.15 18:26:39.055,8.4846,8.48824,1.00,1.00
2016.02.15 18:26:44.024,8.4846,8.48822,1.00,1.00
2016.02.15 18:26:44.528,8.48464,8.48822,1.00,1.00
2016.02.15 18:26:48.280,8.48471,8.48822,1.00,1.00
2016.02.15 18:26:50.235,8.48475,8.48822,1.00,1.00
2016.02.15 18:26:56.094,8.48487,8.48822,1.00,1.00
2016.02.15 18:26:59.030,8.48472,8.48822,1.00,1.00
2016.02.15 18:26:59.186,8.48472,8.48845,1.00,1.00
2016.02.15 18:27:07.325,8.48471,8.48845,1.00,1.00
2016.02.15 18:27:12.999,8.48462,8.48845,1.00,1.00
2016.02.15 18:27:17.129,8.48462,8.48845,1.00,1.07
2016.02.15 18:27:19.959,8.48462,8.48845,1.00,1.00
2016.02.15 18:27:20.615,8.48462,8.4883,1.00,1.00
2016.02.15 18:27:29.638,8.48461,8.4883,1.00,1.00
2016.02.15 18:27:31.300,8.48445,8.488,1.00,1.00
2016.02.15 18:27:33.147,8.48416,8.488,1.00,1.00
2016.02.15 18:27:37.308,8.48433,8.488,1.00,1.00
2016.02.15 18:27:40.627,8.48433,8.48775,1.00,1.00
2016.02.15 18:27:42.609,8.48434,8.48775,1.00,1.00
2016.02.15 18:27:42.817,8.48421,8.48775,1.00,1.00
2016.02.15 18:27:42.918,8.48421,8.48735,1.00,1.00
2016.02.15 18:27:43.063,8.48353,8.48735,1.69,1.00
2016.02.15 18:27:43.115,8.48336,8.48735,1.00,1.00
2016.02.15 18:27:43.219,8.48313,8.48692,1.69,1.00
2016.02.15 18:27:43.958,8.48301,8.48692,1.00,1.00
2016.02.15 18:27:44.094,8.48301,8.48687,1.00,1.00
2016.02.15 18:27:44.378,8.48274,8.48667,1.00,1.00
2016.02.15 18:27:45.134,8.48274,8.48639,1.00,1.00
2016.02.15 18:27:48.088,8.4826,8.48639,1.00,1.00
2016.02.15 18:28:00.565,8.4826,8.48628,1.00,1.00
2016.02.15 18:28:07.481,8.48258,8.48628,1.00,1.00
2016.02.15 18:28:09.888,8.48217,8.48628,1.00,1.00
2016.02.15 18:28:13.328,8.48217,8.48603,1.00,1.00
2016.02.15 18:28:13.480,8.48188,8.48589,1.00,1.07
2016.02.15 18:28:13.633,8.48178,8.48589,1.00,1.37
2016.02.15 18:28:14.486,8.48173,8.48551,1.00,1.00
2016.02.15 18:28:14.968,8.48161,8.48551,1.00,1.07
2016.02.15 18:28:17.788,8.48149,8.48551,1.00,1.07
2016.02.15 18:28:19.899,8.48149,8.48551,1.00,1.00
2016.02.15 18:28:20.119,8.4814,8.48551,1.00,1.00
2016.02.15 18:28:40.068,8.4814,8.48551,1.37,1.00
2016.02.15 18:28:40.119,8.48162,8.48573,1.07,1.00
2016.02.15 18:28:50.711,8.48162,8.48573,1.00,1.00
2016.02.15 18:28:53.067,8.48162,8.48573,1.07,1.00
2016.02.15 18:28:57.295,8.48188,8.48599,1.00,1.00
2016.02.15 18:28:57.519,8.48157,8.48568,1.07,1.00
2016.02.15 18:28:58.280,8.48157,8.48568,1.07,1.00
2016.02.15 18:29:20.572,8.48182,8.48593,1.00,1.00
2016.02.15 18:29:40.600,8.48181,8.48592,1.00,1.00
2016.02.15 18:30:00.599,8.48176,8.48587,1.00,1.00
2016.02.15 18:30:04.198,8.48176,8.48587,1.07,1.00
2016.02.15 18:30:20.545,8.48164,8.48575,1.07,1.00
2016.02.15 18:30:39.010,8.48172,8.48583,1.07,1.00
2016.02.15 18:30:44.733,8.482,8.48603,1.00,1.00
2016.02.15 18:30:44.784,8.482,8.48611,1.00,1.00
2016.02.15 18:31:00.537,8.48193,8.48604,1.00,1.00
2016.02.15 18:31:17.232,8.48201,8.48612,1.00,1.00
2016.02.15 18:31:18.786,8.48201,8.48612,1.07,1.00
2016.02.15 18:31:18.938,8.48231,8.48642,1.00,1.00
2016.02.15 18:31:35.685,8.48249,8.48656,1.00,1.00
2016.02.15 18:31:44.817,8.48229,8.48633,1.00,1.00
2016.02.15 18:31:44.868,8.48222,8.48633,1.00,1.00
2016.02.15 18:32:00.515,8.48217,8.48628,1.00,1.00
2016.02.15 18:32:05.223,8.48211,8.48598,1.00,1.00
2016.02.15 18:32:05.273,8.48187,8.48598,1.07,1.00
2016.02.15 18:32:11.079,8.48187,8.48598,1.00,1.00
2016.02.15 18:32:20.546,8.48177,8.48585,1.07,1.00
2016.02.15 18:32:35.564,8.48197,8.48605,1.00,1.00
2016.02.15 18:32:35.615,8.48197,8.48608,1.00,1.00
2016.02.15 18:32:35.666,8.48228,8.48627,1.00,1.00
2016.02.15 18:32:41.073,8.48208,8.4859,1.00,1.00
2016.02.15 18:32:41.124,8.48179,8.4859,1.07,1.00
2016.02.15 18:32:43.787,8.4821,8.4861,1.00,1.00
2016.02.15 18:32:43.838,8.4821,8.48621,1.00,1.00
2016.02.15 18:33:00.629,8.48196,8.48607,1.07,1.00
2016.02.15 18:33:12.843,8.48196,8.48597,1.07,1.00
2016.02.15 18:33:13.220,8.48166,8.48577,1.37,1.00
2016.02.15 18:33:18.251,8.48196,8.48607,1.07,1.00
2016.02.15 18:33:35.375,8.4822,8.48631,1.00,1.00
2016.02.15 18:33:53.478,8.48223,8.48634,1.00,1.00
2016.02.15 18:34:08.709,8.48207,8.48614,1.00,1.00
2016.02.15 18:34:11.463,8.48215,8.48614,1.00,1.00
2016.02.15 18:34:11.514,8.48234,8.48645,1.00,1.00
2016.02.15 18:34:28.138,8.48216,8.48627,1.00,1.00
2016.02.15 18:34:28.863,8.48227,8.48627,1.00,1.00
2016.02.15 18:34:29.031,8.48248,8.48652,1.00,1.00
2016.02.15 18:34:35.945,8.48248,8.48657,1.00,1.00
2016.02.15 18:34:48.033,8.48236,8.48647,1.07,1.00
2016.02.15 18:34:56.797,8.48426,8.48647,1.00,1.00
2016.02.15 18:34:56.848,8.48426,8.48666,1.00,1.00
2016.02.15 18:34:56.899,8.48426,8.48723,1.00,1.00
2016.02.15 18:34:56.950,8.48429,8.48727,1.00,1.69
2016.02.15 18:34:57.000,8.48461,8.48727,1.00,1.69
2016.02.15 18:34:57.051,8.48461,8.48747,1.00,1.00
2016.02.15 18:34:57.194,8.48481,8.48809,1.00,1.00
2016.02.15 18:34:58.952,8.48493,8.48809,1.00,1.00
2016.02.15 18:34:59.281,8.48467,8.48809,1.00,1.00
2016.02.15 18:34:59.382,8.48433,8.48818,1.00,1.00
2016.02.15 18:34:59.493,8.48407,8.48818,1.00,1.00
2016.02.15 18:34:59.647,8.48407,8.488,1.00,1.00
2016.02.15 18:34:59.697,8.48364,8.48773,1.00,1.00
2016.02.15 18:35:00.494,8.48362,8.48773,1.00,1.00
2016.02.15 18:35:05.857,8.48362,8.48756,1.00,1.00
2016.02.15 18:35:05.908,8.48355,8.48763,1.00,1.00
2016.02.15 18:35:16.574,8.48401,8.48763,1.00,1.00
2016.02.15 18:35:16.726,8.48462,8.48835,1.00,1.00
2016.02.15 18:35:16.827,8.48462,8.48867,1.00,1.69
2016.02.15 18:35:17.714,8.48462,8.48873,1.00,1.00
2016.02.15 18:35:17.893,8.48492,8.48893,1.00,1.00
2016.02.15 18:35:17.944,8.48492,8.48897,1.00,1.00
2016.02.15 18:35:18.620,8.48492,8.48896,1.00,1.00
2016.02.15 18:35:24.092,8.48475,8.48873,1.07,1.00
2016.02.15 18:35:24.281,8.48492,8.48903,1.00,1.50
2016.02.15 18:35:24.864,8.48492,8.48896,1.00,1.00
2016.02.15 18:35:33.275,8.48492,8.48903,1.00,1.00
2016.02.15 18:35:40.506,8.48499,8.4891,1.00,1.00
2016.02.15 18:35:44.955,8.48479,8.48864,1.00,1.00
2016.02.15 18:35:45.006,8.48453,8.48864,1.00,1.00
2016.02.15 18:35:45.514,8.48484,8.48884,1.00,1.00
2016.02.15 18:35:45.564,8.48484,8.48891,1.00,1.00
2016.02.15 18:36:00.524,8.48484,8.48895,1.00,1.00
2016.02.15 18:36:00.574,8.48488,8.48899,1.00,1.00
2016.02.15 18:36:02.097,8.48488,8.48899,1.37,1.00
2016.02.15 18:36:02.444,8.48518,8.48919,1.00,1.00
2016.02.15 18:36:02.495,8.48518,8.48921,1.07,1.00
2016.02.15 18:36:20.562,8.48498,8.4891,1.37,1.00
2016.02.15 18:36:22.311,8.48498,8.48899,1.37,1.00
2016.02.15 18:36:22.662,8.48468,8.48879,1.37,1.00
2016.02.15 18:36:23.551,8.48468,8.48879,1.07,1.00
2016.02.15 18:36:25.931,8.48468,8.48879,1.00,1.00
2016.02.15 18:36:31.655,8.48468,8.48879,1.07,1.00
2016.02.15 18:36:37.414,8.48475,8.48887,1.10,1.00
2016.02.15 18:36:40.072,8.48616,8.48887,1.00,1.00
2016.02.15 18:36:40.224,8.48673,8.48961,1.00,1.00
2016.02.15 18:36:40.325,8.48673,8.48967,1.00,1.00
2016.02.15 18:36:40.376,8.48684,8.48967,1.00,1.00
2016.02.15 18:36:40.427,8.48684,8.49019,1.00,1.00
2016.02.15 18:36:41.491,8.48682,8.49019,1.00,1.00
2016.02.15 18:36:42.367,8.48644,8.49019,1.07,1.00
2016.02.15 18:36:42.471,8.48644,8.49019,1.00,1.00
2016.02.15 18:36:42.538,8.48644,8.49008,1.00,1.00
2016.02.15 18:36:42.653,8.48615,8.48986,1.00,1.00
2016.02.15 18:36:43.134,8.48577,8.48988,1.50,1.00
2016.02.15 18:36:43.342,8.48577,8.4897,1.50,1.00
2016.02.15 18:36:43.444,8.48539,8.4895,1.00,1.00
2016.02.15 18:36:45.362,8.48539,8.48943,1.00,1.00
2016.02.15 18:36:45.413,8.48513,8.48924,1.00,1.00
2016.02.15 18:36:53.484,8.48513,8.48897,1.00,1.00
2016.02.15 18:36:53.770,8.48513,8.48924,1.00,1.00
2016.02.15 18:37:00.574,8.48499,8.4891,1.07,1.00
2016.02.15 18:37:09.476,8.48499,8.48903,1.07,1.00
2016.02.15 18:37:09.855,8.48496,8.48883,1.07,1.00
2016.02.15 18:37:14.820,8.48496,8.48831,1.07,1.00
2016.02.15 18:37:15.022,8.48404,8.4875,1.00,1.00
2016.02.15 18:37:15.073,8.48404,8.48745,1.00,1.00
2016.02.15 18:37:15.124,8.48334,8.48745,1.07,1.00
2016.02.15 18:37:15.228,8.48334,8.48745,1.00,1.00
2016.02.15 18:37:17.042,8.48334,8.48742,1.00,1.00
2016.02.15 18:37:17.347,8.48307,8.48708,1.00,1.00
2016.02.15 18:37:40.452,8.48297,8.48708,1.00,1.00
2016.02.15 18:37:40.580,8.48295,8.48721,1.00,1.00
2016.02.15 18:37:49.626,8.48295,8.48711,1.00,1.00
2016.02.15 18:37:49.727,8.48273,8.48691,1.00,1.00
2016.02.15 18:37:57.594,8.48265,8.48691,1.07,1.00
2016.02.15 18:37:58.142,8.4827,8.48691,1.00,1.00
2016.02.15 18:38:01.688,8.48265,8.48691,1.07,1.00
2016.02.15 18:38:09.950,8.48265,8.48691,1.75,1.00
2016.02.15 18:38:10.051,8.48296,8.48723,1.75,1.50
2016.02.15 18:38:11.011,8.48321,8.48747,1.37,1.00
2016.02.15 18:38:19.139,8.48321,8.48747,1.00,1.00
2016.02.15 18:38:28.209,8.48318,8.48745,1.00,1.00
2016.02.15 18:38:48.128,8.4831,8.48736,1.00,1.00
2016.02.15 18:39:03.819,8.48326,8.4875,1.00,1.00
2016.02.15 18:39:20.545,8.48326,8.48753,1.00,1.00
2016.02.15 18:39:29.054,8.48357,8.48773,1.00,1.00
2016.02.15 18:39:29.205,8.48357,8.48783,1.00,1.00
2016.02.15 18:39:37.612,8.48358,8.48782,1.00,1.00
2016.02.15 18:39:42.379,8.48337,8.48749,1.00,1.00
2016.02.15 18:39:42.501,8.48353,8.48779,1.00,1.00
2016.02.15 18:39:49.083,8.48333,8.48734,1.00,1.00
2016.02.15 18:39:49.134,8.48308,8.48734,1.00,1.00
2016.02.15 18:39:49.185,8.48338,8.48754,1.00,1.00
2016.02.15 18:39:49.236,8.48338,8.48764,1.00,1.00
2016.02.15 18:40:03.404,8.48318,8.48728,1.00,1.00
2016.02.15 18:40:03.455,8.48302,8.48728,1.00,1.00
2016.02.15 18:40:03.506,8.48333,8.48748,1.00,1.00
2016.02.15 18:40:03.557,8.48333,8.48759,1.00,1.00
2016.02.15 18:40:20.447,8.48341,8.48765,1.00,1.00
2016.02.15 18:40:20.787,8.48303,8.48729,1.00,1.00
2016.02.15 18:40:20.839,8.48333,8.48749,1.00,1.00
2016.02.15 18:40:20.890,8.48333,8.48759,1.00,1.00
2016.02.15 18:40:37.078,8.48342,8.48766,1.00,1.00
2016.02.15 18:40:42.417,8.48299,8.48725,1.00,1.00
2016.02.15 18:40:43.503,8.48331,8.48755,1.00,1.50
2016.02.15 18:41:00.513,8.4833,8.48756,1.00,1.00
2016.02.15 18:41:12.343,8.48301,8.48724,1.00,1.00
2016.02.15 18:41:12.858,8.483,8.48724,1.00,1.00
2016.02.15 18:41:19.985,8.48269,8.48695,1.00,1.00
2016.02.15 18:41:20.087,8.48238,8.48664,1.00,1.00
2016.02.15 18:41:28.244,8.48252,8.48664,1.00,1.00
2016.02.15 18:41:28.295,8.48272,8.48698,1.00,1.00
2016.02.15 18:41:28.447,8.48272,8.48696,1.00,1.00
2016.02.15 18:41:28.498,8.48234,8.4866,1.00,1.00
2016.02.15 18:41:28.559,8.48241,8.4866,1.00,1.00
2016.02.15 18:41:28.610,8.48273,8.48697,1.00,1.00
2016.02.15 18:41:45.515,8.48269,8.48695,1.00,1.00
2016.02.15 18:41:49.109,8.48307,8.48707,1.00,1.00
2016.02.15 18:41:49.202,8.48307,8.48733,1.00,1.00
2016.02.15 18:41:57.238,8.48277,8.48695,1.00,1.00
2016.02.15 18:41:57.440,8.48269,8.48695,1.00,1.00
2016.02.15 18:42:04.806,8.48233,8.48658,1.69,1.00
2016.02.15 18:42:05.322,8.48232,8.48658,1.00,1.00
2016.02.15 18:42:09.231,8.48212,8.48613,1.00,1.00
2016.02.15 18:42:09.282,8.48202,8.48613,1.00,1.00
2016.02.15 18:42:13.857,8.48217,8.48633,1.00,1.00
2016.02.15 18:42:13.908,8.48217,8.48643,1.00,1.00
2016.02.15 18:42:29.897,8.48231,8.48657,1.00,1.00
2016.02.15 18:42:48.105,8.4822,8.48646,1.00,1.00
2016.02.15 18:42:53.615,8.48202,8.486,1.00,1.00
2016.02.15 18:42:53.665,8.48199,8.486,1.00,1.00
2016.02.15 18:42:53.773,8.48199,8.48582,1.00,1.00
2016.02.15 18:42:53.824,8.4819,8.48582,1.00,1.00
2016.02.15 18:42:53.875,8.4819,8.48607,1.00,1.00
2016.02.15 18:42:53.977,8.4819,8.48616,1.00,1.00
2016.02.15 18:43:02.857,8.48221,8.48636,1.00,1.00
2016.02.15 18:43:02.908,8.48221,8.48647,1.00,1.00
2016.02.15 18:43:03.239,8.48221,8.48643,1.00,1.00
2016.02.15 18:43:09.081,8.48221,8.48647,1.00,1.00
2016.02.15 18:43:20.551,8.48214,8.4864,1.00,1.00
2016.02.15 18:43:51.118,8.48244,8.4866,1.00,1.00
2016.02.15 18:43:51.169,8.48244,8.48671,1.00,1.00
2016.02.15 18:43:52.596,8.48276,8.48691,1.00,1.00
2016.02.15 18:43:52.697,8.48276,8.48693,1.00,1.00
2016.02.15 18:43:57.753,8.48255,8.48671,1.00,1.00
2016.02.15 18:43:57.868,8.48275,8.48693,1.00,1.00
2016.02.15 18:44:02.334,8.48323,8.48693,1.00,1.00
2016.02.15 18:44:02.435,8.48323,8.48726,1.00,1.00
2016.02.15 18:44:02.536,8.48323,8.48742,1.00,1.00
2016.02.15 18:44:02.739,8.48323,8.48749,1.00,1.00
2016.02.15 18:44:03.111,8.4836,8.48769,1.00,1.00
2016.02.15 18:44:03.212,8.4836,8.48787,1.00,1.00
2016.02.15 18:44:20.554,8.48396,8.48807,1.00,1.00
2016.02.15 18:44:20.605,8.48396,8.48819,1.00,1.00
2016.02.15 18:44:22.346,8.48396,8.4882,1.00,1.00
2016.02.15 18:44:31.652,8.48385,8.48839,1.07,1.00
2016.02.15 18:44:31.804,8.48384,8.48865,1.77,1.00
2016.02.15 18:44:31.905,8.48403,8.48865,1.69,1.00
2016.02.15 18:44:31.956,8.48403,8.48947,1.69,1.69
2016.02.15 18:44:32.057,8.48403,8.48947,2.07,1.69
2016.02.15 18:44:40.970,8.48403,8.48947,2.07,1.69
2016.02.15 18:44:56.883,8.48413,8.48957,2.07,1.69
2016.02.15 18:45:17.024,8.48393,8.48937,2.07,1.69
2016.02.15 18:45:39.973,8.48413,8.48946,2.07,1.00
2016.02.15 18:45:40.594,8.48413,8.48957,2.07,1.69
2016.02.15 18:45:47.693,8.48413,8.48957,2.07,1.69
2016.02.15 18:45:48.046,8.48393,8.48937,2.07,1.69
2016.02.15 18:45:48.947,8.48393,8.48937,2.07,1.69
2016.02.15 18:45:49.763,8.48413,8.48957,2.07,1.69
2016.02.15 18:45:50.588,8.4848,8.48957,1.00,1.69
2016.02.15 18:45:51.994,8.4848,8.48957,1.07,1.69
2016.02.15 18:46:06.973,8.48516,8.48957,1.00,1.69
2016.02.15 18:46:09.112,8.485,8.48957,1.00,1.69
2016.02.15 18:46:10.975,8.48476,8.48957,1.07,1.69
2016.02.15 18:46:11.026,8.48476,8.48957,1.00,1.69
2016.02.15 18:46:11.077,8.48427,8.48954,1.07,1.00
2016.02.15 18:46:11.128,8.48427,8.48916,1.07,1.69
2016.02.15 18:46:11.873,8.48427,8.48897,1.07,1.69
2016.02.15 18:46:15.024,8.48433,8.48897,1.00,1.69
2016.02.15 18:46:18.802,8.48433,8.48917,1.00,1.69
2016.02.15 18:46:20.110,8.48428,8.48917,1.07,1.69
2016.02.15 18:46:20.782,8.48428,8.48907,1.07,1.69
2016.02.15 18:46:21.199,8.48405,8.48905,1.37,1.00
2016.02.15 18:46:21.553,8.48418,8.48866,1.07,1.69
2016.02.15 18:46:22.312,8.48418,8.48867,1.07,1.69
2016.02.15 18:46:33.956,8.48345,8.48829,1.75,1.00
2016.02.15 18:46:34.057,8.48345,8.4886,1.75,1.00
2016.02.15 18:46:34.533,8.48335,8.48807,1.75,1.69
2016.02.15 18:46:54.728,8.48354,8.48807,1.75,1.69
2016.02.15 18:46:55.671,8.48354,8.48807,1.50,1.69
2016.02.15 18:46:56.981,8.48373,8.48857,1.37,1.69
2016.02.15 18:47:00.094,8.48394,8.48897,1.07,1.69
2016.02.15 18:47:00.246,8.48416,8.48897,1.00,1.69
2016.02.15 18:47:02.082,8.48401,8.48897,1.07,1.69
2016.02.15 18:47:09.969,8.484,8.48899,1.07,1.00
2016.02.15 18:47:13.209,8.4841,8.48899,1.37,1.00
2016.02.15 18:47:16.915,8.48423,8.48907,1.37,1.69
2016.02.15 18:47:34.742,8.48423,8.48907,1.37,1.69
2016.02.15 18:47:35.951,8.48455,8.48937,1.07,1.69
2016.02.15 18:47:37.181,8.48455,8.48937,1.37,1.69
2016.02.15 18:47:38.372,8.48444,8.48937,1.37,1.69
2016.02.15 18:47:39.047,8.48444,8.48947,1.37,1.69
2016.02.15 18:47:39.980,8.48442,8.48937,1.37,1.69
2016.02.15 18:47:40.970,8.48442,8.48926,1.37,1.69
2016.02.15 18:47:48.091,8.48445,8.48925,1.37,1.00
2016.02.15 18:47:48.649,8.48472,8.48926,1.07,1.69
2016.02.15 18:48:01.981,8.48487,8.48957,1.07,1.69
2016.02.15 18:48:09.636,8.48488,8.48957,1.07,1.69
2016.02.15 18:48:09.687,8.48488,8.48987,1.07,1.69
2016.02.15 18:48:09.738,8.48532,8.48987,1.00,1.69
2016.02.15 18:48:13.831,8.48542,8.48987,1.00,1.69
2016.02.15 18:48:14.741,8.48542,8.49027,1.00,1.69
2016.02.15 18:48:16.589,8.48559,8.49027,1.00,1.69
2016.02.15 18:48:17.902,8.48491,8.49027,1.37,2.44
2016.02.15 18:48:18.004,8.48491,8.49013,1.00,1.00
2016.02.15 18:48:18.054,8.48491,8.48987,1.00,1.69
2016.02.15 18:48:18.320,8.48467,8.48987,1.07,1.69
2016.02.15 18:48:19.053,8.48467,8.48976,1.07,1.69
2016.02.15 18:48:19.205,8.48451,8.48976,1.00,1.69
2016.02.15 18:48:21.390,8.48458,8.48976,1.00,1.69
2016.02.15 18:48:23.939,8.48466,8.48976,1.00,1.69
2016.02.15 18:48:28.350,8.48533,8.48976,1.00,1.69
2016.02.15 18:48:28.517,8.48533,8.49007,1.00,1.69
2016.02.15 18:48:29.479,8.48533,8.49017,1.00,1.69
2016.02.15 18:48:29.530,8.48473,8.48996,2.07,1.00
2016.02.15 18:48:29.779,8.48473,8.48996,1.77,1.00
2016.02.15 18:48:29.842,8.48473,8.48995,1.69,1.00
2016.02.15 18:48:30.469,8.48461,8.48957,1.00,1.69
2016.02.15 18:48:36.821,8.48454,8.48957,1.00,1.69
2016.02.15 18:48:39.924,8.48453,8.48957,1.00,1.69
2016.02.15 18:48:40.026,8.4845,8.48957,1.07,1.69
2016.02.15 18:48:45.947,8.48455,8.48915,1.07,1.00
2016.02.15 18:48:46.152,8.48455,8.48915,1.00,1.00
2016.02.15 18:48:46.203,8.48443,8.48895,1.00,1.00
2016.02.15 18:48:46.427,8.48452,8.4892,1.00,1.00
2016.02.15 18:48:48.500,8.48458,8.48886,1.00,1.00
2016.02.15 18:48:48.752,8.48423,8.48886,1.77,1.00
2016.02.15 18:48:50.022,8.48411,8.48886,1.00,1.00
2016.02.15 18:48:50.086,8.48384,8.48882,1.77,1.00
2016.02.15 18:48:51.788,8.48384,8.48882,1.69,1.07
2016.02.15 18:48:51.839,8.48379,8.48867,1.00,1.69
2016.02.15 18:48:59.866,8.48359,8.48848,1.00,1.00
2016.02.15 18:49:05.829,8.48359,8.48848,1.00,1.07
2016.02.15 18:49:08.701,8.48359,8.48848,1.00,1.00
2016.02.15 18:49:11.440,8.48363,8.48848,1.00,1.00
2016.02.15 18:49:12.232,8.48363,8.48847,1.50,1.00
2016.02.15 18:49:19.659,8.48362,8.48848,1.00,1.00
2016.02.15 18:49:26.880,8.4836,8.48848,1.00,1.00
2016.02.15 18:49:26.981,8.48396,8.48848,1.00,1.00
2016.02.15 18:49:27.183,8.48456,8.48934,1.00,1.07
2016.02.15 18:49:27.285,8.48458,8.48938,1.00,1.07
2016.02.15 18:49:29.264,8.48465,8.48938,1.00,1.07
2016.02.15 18:49:29.575,8.48456,8.48917,1.00,1.07
2016.02.15 18:49:31.016,8.48403,8.48892,1.69,1.00
2016.02.15 18:49:32.799,8.4842,8.48892,1.00,1.00
2016.02.15 18:49:33.127,8.48443,8.48894,1.00,1.07
2016.02.15 18:50:33.022,8.48418,8.48937,1.00,1.37
2016.02.15 18:50:33.732,8.4841,8.48936,1.00,1.37
2016.02.15 18:50:35.638,8.48493,8.48936,1.00,1.37
2016.02.15 18:50:55.566,8.48483,8.48923,1.00,1.37
2016.02.15 18:51:15.606,8.48493,8.48916,1.00,1.07
2016.02.15 18:51:22.738,8.48493,8.48916,1.00,1.07
2016.02.15 18:51:25.644,8.48483,8.48916,1.00,1.07
2016.02.15 18:51:35.568,8.48493,8.48916,1.00,1.07
2016.02.15 18:51:45.608,8.48463,8.48906,1.00,1.07
2016.02.15 18:51:55.616,8.48474,8.48906,1.00,1.07
2016.02.15 18:52:01.063,8.48474,8.48879,1.00,1.00
2016.02.15 18:52:05.641,8.48483,8.48879,1.00,1.00
2016.02.15 18:52:15.651,8.48503,8.48879,1.00,1.00
2016.02.15 18:52:25.567,8.48483,8.48879,1.00,1.00
2016.02.15 18:52:35.583,8.48504,8.48879,1.00,1.00
2016.02.15 18:52:37.070,8.48504,8.48899,1.00,1.07
2016.02.15 18:52:45.609,8.48503,8.48899,1.00,1.07
2016.02.15 18:52:55.695,8.48493,8.48899,1.00,1.07
2016.02.15 18:53:05.638,8.48503,8.48899,1.00,1.07
2016.02.15 18:53:15.654,8.48513,8.48899,1.00,1.07
2016.02.15 18:53:35.580,8.48503,8.48899,1.00,1.07
2016.02.15 18:53:55.618,8.48493,8.48947,1.00,2.07
2016.02.15 18:54:09.915,8.48493,8.48937,1.00,1.10
2016.02.15 18:54:15.654,8.48503,8.48937,1.00,1.57
2016.02.15 18:54:17.495,8.48503,8.48937,1.00,1.37
2016.02.15 18:54:22.698,8.48453,8.48872,1.00,1.00
2016.02.15 18:54:22.749,8.48453,8.48847,1.00,1.00
2016.02.15 18:54:23.011,8.48453,8.48864,1.00,1.00
2016.02.15 18:54:23.113,8.48453,8.48887,1.00,1.77
2016.02.15 18:54:23.570,8.48453,8.48889,1.00,1.00
2016.02.15 18:54:26.884,8.48453,8.4884,1.00,1.00
2016.02.15 18:54:26.986,8.48393,8.48826,1.00,1.00
2016.02.15 18:54:27.594,8.48393,8.48826,1.00,1.37
2016.02.15 18:54:29.133,8.48394,8.48819,1.00,1.12
2016.02.15 18:54:29.455,8.48393,8.48763,1.00,1.00
2016.02.15 18:54:30.810,8.48394,8.48763,1.00,1.00
2016.02.15 18:54:31.528,8.48354,8.48763,1.00,1.00
2016.02.15 18:54:33.445,8.48354,8.48754,1.00,1.00
2016.02.15 18:54:33.496,8.48354,8.48784,1.00,1.00
2016.02.15 18:54:33.598,8.48353,8.48815,1.00,1.00
2016.02.15 18:54:33.750,8.48383,8.48837,1.00,1.69
2016.02.15 18:54:34.013,8.48383,8.48842,1.00,1.00
2016.02.15 18:54:36.422,8.48383,8.48779,1.00,1.00
2016.02.15 18:54:36.795,8.48386,8.48842,1.00,1.00
2016.02.15 18:54:36.846,8.48386,8.48873,1.00,1.00
2016.02.15 18:54:36.897,8.48417,8.48873,1.00,1.00
2016.02.15 18:54:37.049,8.48417,8.48892,1.00,1.07
2016.02.15 18:54:38.377,8.48386,8.48889,1.00,1.07
2016.02.15 18:54:38.486,8.48418,8.48889,1.00,1.07
2016.02.15 18:54:39.914,8.48418,8.48889,1.00,1.00
2016.02.15 18:54:40.304,8.48418,8.48857,1.00,1.00
2016.02.15 18:54:40.654,8.48394,8.48829,1.07,1.00
2016.02.15 18:54:40.705,8.48394,8.48877,1.00,1.00
2016.02.15 18:54:43.295,8.48394,8.48798,1.00,1.00
2016.02.15 18:54:43.443,8.48383,8.48798,1.00,1.00
2016.02.15 18:54:43.494,8.4838,8.48818,1.00,1.00
2016.02.15 18:54:43.596,8.4838,8.48846,1.00,1.00
2016.02.15 18:54:43.799,8.48409,8.48846,1.00,1.00
2016.02.15 18:54:45.809,8.48393,8.48846,1.00,1.00
2016.02.15 18:54:45.909,8.48409,8.48846,1.00,1.00
2016.02.15 18:54:47.398,8.48393,8.48846,1.00,1.00
2016.02.15 18:54:47.553,8.48409,8.48846,1.00,1.00
2016.02.15 18:54:52.682,8.48393,8.48796,1.07,1.00
2016.02.15 18:54:52.734,8.48393,8.48842,1.07,1.00
2016.02.15 18:54:52.836,8.48409,8.4886,1.00,1.00
2016.02.15 18:54:52.937,8.48409,8.48893,1.00,1.00
2016.02.15 18:54:52.988,8.48455,8.48893,1.00,1.00
2016.02.15 18:54:53.488,8.48455,8.48886,1.00,1.00
2016.02.15 18:54:53.872,8.48455,8.48886,1.07,1.00
2016.02.15 18:54:54.079,8.48455,8.4895,1.07,1.07
2016.02.15 18:54:55.033,8.48455,8.48892,1.07,1.00
2016.02.15 18:54:57.981,8.48455,8.4892,1.07,1.00
2016.02.15 18:54:59.792,8.48455,8.4888,1.07,1.00
2016.02.15 18:55:04.315,8.48524,8.4888,1.00,1.00
2016.02.15 18:55:04.716,8.48524,8.48939,1.00,1.00
2016.02.15 18:55:14.320,8.48513,8.48939,1.00,1.00
2016.02.15 18:55:17.116,8.48513,8.48939,1.00,1.37
2016.02.15 18:55:17.417,8.48513,8.48907,1.00,1.69
2016.02.15 18:55:20.277,8.48464,8.48893,1.00,1.00
2016.02.15 18:55:20.327,8.48464,8.48877,1.00,1.69
2016.02.15 18:55:20.904,8.48464,8.48875,1.00,1.00
2016.02.15 18:55:27.353,8.48464,8.48855,1.00,1.00
2016.02.15 18:55:30.278,8.48423,8.48855,1.00,1.00
2016.02.15 18:55:40.297,8.48443,8.48855,1.00,1.00
2016.02.15 18:55:44.586,8.48443,8.48896,1.00,2.44
2016.02.15 18:55:49.831,8.48443,8.48877,1.00,1.00
2016.02.15 18:55:49.882,8.48443,8.48894,1.00,1.00
2016.02.15 18:55:49.990,8.48443,8.48867,1.00,1.00
2016.02.15 18:56:00.331,8.48464,8.48867,1.00,1.00
2016.02.15 18:56:07.957,8.48464,8.48924,1.00,1.07
2016.02.15 18:56:08.241,8.48464,8.48875,1.00,1.00
2016.02.15 18:56:08.617,8.48464,8.48927,1.00,1.69
2016.02.15 18:56:08.721,8.48464,8.48927,1.07,1.69
2016.02.15 18:56:09.071,8.48473,8.48927,1.00,1.69
2016.02.15 18:56:09.495,8.48473,8.48932,1.00,1.00
2016.02.15 18:56:13.025,8.48473,8.48927,1.00,1.00
2016.02.15 18:56:13.288,8.48473,8.48932,1.00,1.00
2016.02.15 18:56:17.525,8.48473,8.48927,1.00,1.69
2016.02.15 18:56:18.867,8.48503,8.48927,1.00,1.69
2016.02.15 18:56:19.306,8.48503,8.48932,1.00,1.00
2016.02.15 18:56:19.874,8.48503,8.48927,1.00,1.69
2016.02.15 18:56:22.808,8.48453,8.48927,1.00,1.69
2016.02.15 18:56:22.860,8.48453,8.48905,1.00,1.00
2016.02.15 18:56:23.240,8.48453,8.48897,1.00,1.00
2016.02.15 18:56:23.377,8.48453,8.48905,1.00,1.00
2016.02.15 18:56:26.023,8.48453,8.48887,1.00,1.69
2016.02.15 18:56:41.239,8.48453,8.48883,1.00,1.00
2016.02.15 18:56:42.807,8.48443,8.48883,1.00,1.00
2016.02.15 18:56:46.491,8.48443,8.48887,1.00,1.69
2016.02.15 18:56:48.434,8.48443,8.48887,1.07,1.69
2016.02.15 18:56:49.247,8.48443,8.48907,1.07,2.44
2016.02.15 18:56:52.829,8.48503,8.48907,1.00,1.00
2016.02.15 18:57:02.750,8.48523,8.48907,1.00,1.00
2016.02.15 18:57:12.162,8.48474,8.48907,1.00,1.00
2016.02.15 18:57:14.890,8.48474,8.48897,1.00,1.00
2016.02.15 18:57:14.991,8.48474,8.48907,1.00,1.00
2016.02.15 18:57:22.178,8.48493,8.48907,1.00,1.00
2016.02.15 18:57:24.393,8.48493,8.48907,1.00,1.07
2016.02.15 18:57:30.906,8.48493,8.48907,1.00,1.00
2016.02.15 18:57:32.194,8.48503,8.48907,1.00,1.00
2016.02.15 18:57:42.208,8.48523,8.48907,1.00,1.00
2016.02.15 18:57:46.757,8.48523,8.48937,1.00,2.07
2016.02.15 18:57:52.127,8.48493,8.48937,1.00,2.82
2016.02.15 18:58:07.071,8.48493,8.48937,1.00,2.52
2016.02.15 18:58:10.292,8.48493,8.48927,1.00,1.00
2016.02.15 18:58:12.162,8.48513,8.48927,1.00,1.00
2016.02.15 18:58:12.821,8.48513,8.48917,1.00,1.00
2016.02.15 18:58:13.041,8.48513,8.48926,1.00,1.00
2016.02.15 18:58:13.401,8.48513,8.48897,1.00,1.00
2016.02.15 18:58:17.372,8.48513,8.48906,1.00,1.00
2016.02.15 18:58:17.693,8.48519,8.48898,1.00,1.00
2016.02.15 18:58:18.723,8.48513,8.48901,1.00,1.00
2016.02.15 18:58:20.575,8.48463,8.48901,1.00,1.00
2016.02.15 18:58:22.761,8.48463,8.48897,1.00,1.00
2016.02.15 18:58:22.863,8.48463,8.48901,1.00,1.00
2016.02.15 18:58:26.761,8.48463,8.48901,1.07,1.00
2016.02.15 18:58:30.595,8.48493,8.48901,1.00,1.00
2016.02.15 18:58:35.463,8.48493,8.48901,1.07,1.00
2016.02.15 18:58:38.835,8.48514,8.48901,1.00,1.00
2016.02.15 18:58:39.183,8.48513,8.48947,1.00,1.69
2016.02.15 18:58:40.761,8.48513,8.48937,1.00,1.00
2016.02.15 18:58:40.873,8.48513,8.48947,1.00,1.69
2016.02.15 18:58:45.721,8.48514,8.48947,1.00,1.69
2016.02.15 18:58:46.224,8.48513,8.48947,1.00,1.69
2016.02.15 18:58:46.275,8.48513,8.48947,1.07,1.69
2016.02.15 18:58:47.381,8.48513,8.48972,1.07,1.00
2016.02.15 18:58:50.300,8.48533,8.48972,1.00,1.07
2016.02.15 18:58:54.354,8.48534,8.48967,1.00,1.77
2016.02.15 18:58:54.657,8.48533,8.48937,1.00,1.69
2016.02.15 18:58:54.858,8.48533,8.48947,1.00,1.69
2016.02.15 18:59:08.766,8.48553,8.48947,1.00,1.69
2016.02.15 18:59:12.437,8.48553,8.48972,1.00,1.00
2016.02.15 18:59:17.426,8.48553,8.48936,1.00,1.00
2016.02.15 18:59:17.729,8.48579,8.48931,1.00,1.00
2016.02.15 18:59:17.878,8.48553,8.48939,1.00,1.00
2016.02.15 18:59:18.095,8.48553,8.48947,1.00,1.00
2016.02.15 18:59:18.785,8.48573,8.48947,1.00,1.00
2016.02.15 18:59:28.810,8.48543,8.48947,1.00,1.00
2016.02.15 18:59:29.912,8.48543,8.48968,1.00,1.00
2016.02.15 18:59:30.394,8.48543,8.48987,1.00,2.44
2016.02.15 18:59:30.495,8.48543,8.48987,1.07,1.00
2016.02.15 18:59:30.813,8.48543,8.48977,1.07,1.00
2016.02.15 18:59:32.161,8.48543,8.48987,1.07,1.50
2016.02.15 18:59:33.150,8.48543,8.48977,1.07,1.00
2016.02.15 18:59:33.560,8.48543,8.48987,1.07,1.50
2016.02.15 18:59:33.610,8.48596,8.48962,1.00,1.00
2016.02.15 18:59:36.831,8.48596,8.48962,1.37,1.00
2016.02.15 18:59:37.190,8.48645,8.48961,1.00,1.00
2016.02.15 18:59:40.266,8.48662,8.48981,1.00,1.00
2016.02.15 18:59:41.901,8.48688,8.49006,1.00,1.00
2016.02.15 18:59:50.640,8.48707,8.49025,1.00,1.00
2016.02.15 18:59:52.405,8.48685,8.49003,1.00,1.00
