2018.02.22 15:00:00.242,8.11441,8.11578,1.00,1.00
2018.02.22 15:00:00.543,8.11457,8.11577,1.00,1.00
2018.02.22 15:00:00.609,8.11437,8.11577,1.37,1.00
2018.02.22 15:00:00.663,8.11466,8.11577,1.00,1.00
2018.02.22 15:00:00.764,8.11466,8.11593,1.00,1.00
2018.02.22 15:00:00.866,8.11447,8.11593,1.37,1.00
2018.02.22 15:00:01.006,8.11464,8.11593,1.00,1.00
2018.02.22 15:00:01.094,8.11464,8.11596,1.00,1.00
2018.02.22 15:00:01.146,8.11443,8.11577,1.37,1.00
2018.02.22 15:00:01.494,8.11419,8.11537,1.00,1.00
2018.02.22 15:00:01.999,8.11418,8.11537,1.00,1.00
2018.02.22 15:00:02.255,8.11418,8.11539,1.00,1.00
2018.02.22 15:00:02.678,8.11396,8.11523,1.00,1.00
2018.02.22 15:00:02.779,8.11384,8.11523,1.00,1.00
2018.02.22 15:00:02.830,8.11384,8.115,1.00,1.00
2018.02.22 15:00:02.881,8.11376,8.115,1.37,1.00
2018.02.22 15:00:03.085,8.11363,8.11501,1.00,1.00
2018.02.22 15:00:03.729,8.11363,8.11498,1.00,1.00
2018.02.22 15:00:04.047,8.11363,8.11494,1.00,1.00
2018.02.22 15:00:04.454,8.11363,8.11492,1.00,1.00
2018.02.22 15:00:04.816,8.11363,8.11489,1.00,1.00
2018.02.22 15:00:05.434,8.11363,8.1149,1.00,1.00
2018.02.22 15:00:05.536,8.11363,8.1151,1.00,1.00
2018.02.22 15:00:05.588,8.11389,8.11516,1.00,1.00
2018.02.22 15:00:05.640,8.11378,8.11516,1.00,1.00
2018.02.22 15:00:06.263,8.11363,8.11517,1.50,1.00
2018.02.22 15:00:06.313,8.11363,8.11515,1.50,1.00
2018.02.22 15:00:06.622,8.11328,8.11474,1.00,1.00
2018.02.22 15:00:07.235,8.11328,8.11468,1.00,1.00
2018.02.22 15:00:07.778,8.11328,8.11467,1.00,1.00
2018.02.22 15:00:07.830,8.11328,8.1147,1.00,1.00
2018.02.22 15:00:08.123,8.11328,8.11467,1.00,1.00
2018.02.22 15:00:08.423,8.11328,8.1147,1.00,1.00
2018.02.22 15:00:08.909,8.11341,8.1147,1.00,1.00
2018.02.22 15:00:09.160,8.11341,8.11481,1.00,1.00
2018.02.22 15:00:09.726,8.11341,8.1148,1.00,1.00
2018.02.22 15:00:10.060,8.11343,8.11484,1.00,1.00
2018.02.22 15:00:10.111,8.11348,8.11484,1.00,1.00
2018.02.22 15:00:10.214,8.11341,8.11481,1.00,1.00
2018.02.22 15:00:10.266,8.11341,8.11475,1.00,1.00
2018.02.22 15:00:10.621,8.11341,8.11473,1.00,1.00
2018.02.22 15:00:11.154,8.11331,8.11474,1.00,1.50
2018.02.22 15:00:11.360,8.11337,8.11493,1.00,1.00
2018.02.22 15:00:11.411,8.11334,8.11493,1.00,1.00
2018.02.22 15:00:11.462,8.11364,8.11493,1.00,1.00
2018.02.22 15:00:11.650,8.11364,8.11505,1.00,1.00
2018.02.22 15:00:11.879,8.1138,8.11509,1.00,1.00
2018.02.22 15:00:13.036,8.1138,8.11499,1.00,1.00
2018.02.22 15:00:13.410,8.1138,8.11496,1.00,1.00
2018.02.22 15:00:13.593,8.11376,8.11496,1.00,1.00
2018.02.22 15:00:13.695,8.11376,8.11505,1.00,1.50
2018.02.22 15:00:13.812,8.11357,8.11505,1.00,1.50
2018.02.22 15:00:13.972,8.11357,8.115,1.00,1.00
2018.02.22 15:00:14.336,8.11357,8.11497,1.00,1.00
2018.02.22 15:00:14.881,8.11357,8.11496,1.00,1.00
2018.02.22 15:00:15.255,8.11357,8.11498,1.00,1.00
2018.02.22 15:00:15.509,8.11357,8.115,1.00,1.00
2018.02.22 15:00:15.595,8.11376,8.115,1.00,1.00
2018.02.22 15:00:15.646,8.11357,8.115,1.00,1.00
2018.02.22 15:00:15.782,8.11376,8.115,1.00,1.00
2018.02.22 15:00:16.259,8.11394,8.11522,1.00,1.00
2018.02.22 15:00:16.694,8.11394,8.1152,1.00,1.00
2018.02.22 15:00:17.021,8.11357,8.11492,1.00,1.00
2018.02.22 15:00:17.137,8.1134,8.11491,1.00,1.00
2018.02.22 15:00:17.430,8.1134,8.11483,1.00,1.00
2018.02.22 15:00:17.734,8.11358,8.115,1.00,1.00
2018.02.22 15:00:17.864,8.11358,8.11502,1.00,1.00
2018.02.22 15:00:18.180,8.11404,8.11541,1.00,1.50
2018.02.22 15:00:18.488,8.11409,8.11555,1.00,1.00
2018.02.22 15:00:18.902,8.11409,8.11543,1.00,1.00
2018.02.22 15:00:19.213,8.11409,8.11528,1.00,1.00
2018.02.22 15:00:19.507,8.11389,8.11528,1.00,1.00
2018.02.22 15:00:19.712,8.11389,8.11524,1.00,1.00
2018.02.22 15:00:20.457,8.11389,8.11528,1.00,1.00
2018.02.22 15:00:20.971,8.11389,8.11518,1.00,1.00
2018.02.22 15:00:21.278,8.11373,8.11497,1.00,1.00
2018.02.22 15:00:21.432,8.11357,8.115,1.00,1.00
2018.02.22 15:00:21.599,8.11352,8.11498,1.00,1.00
2018.02.22 15:00:21.650,8.11357,8.11507,1.00,1.00
2018.02.22 15:00:21.701,8.11357,8.11505,1.00,1.00
2018.02.22 15:00:22.006,8.11395,8.11532,1.00,1.00
2018.02.22 15:00:22.195,8.11408,8.11558,1.00,1.00
2018.02.22 15:00:22.969,8.11408,8.11544,1.00,1.00
2018.02.22 15:00:23.020,8.11386,8.11535,1.00,1.00
2018.02.22 15:00:23.071,8.11386,8.11524,1.00,1.00
2018.02.22 15:00:23.375,8.1132,8.11469,1.00,1.00
2018.02.22 15:00:23.426,8.1132,8.11447,1.00,1.00
2018.02.22 15:00:23.477,8.11289,8.11447,1.37,1.00
2018.02.22 15:00:23.600,8.11289,8.11447,1.00,1.00
2018.02.22 15:00:23.651,8.11285,8.11439,1.00,1.00
2018.02.22 15:00:23.966,8.11349,8.11434,1.00,1.00
2018.02.22 15:00:24.018,8.11305,8.11434,1.00,1.00
2018.02.22 15:00:24.069,8.11308,8.11441,1.00,1.00
2018.02.22 15:00:24.276,8.11327,8.11451,1.00,1.00
2018.02.22 15:00:24.361,8.11327,8.11461,1.00,1.00
2018.02.22 15:00:24.566,8.11327,8.11469,1.00,1.00
2018.02.22 15:00:24.668,8.11327,8.11461,1.00,1.00
2018.02.22 15:00:24.719,8.11327,8.11463,1.00,1.00
2018.02.22 15:00:24.820,8.11308,8.1145,1.00,1.00
2018.02.22 15:00:24.871,8.11308,8.11426,1.00,1.00
2018.02.22 15:00:24.923,8.11284,8.11423,1.37,1.00
2018.02.22 15:00:25.080,8.11298,8.11428,1.00,1.00
2018.02.22 15:00:25.131,8.11281,8.11452,1.00,1.37
2018.02.22 15:00:25.233,8.11314,8.11445,1.00,1.37
2018.02.22 15:00:25.335,8.11327,8.1146,1.00,1.00
2018.02.22 15:00:25.386,8.11327,8.11464,1.00,1.00
2018.02.22 15:00:25.487,8.11327,8.11467,1.00,1.00
2018.02.22 15:00:26.101,8.11327,8.11468,1.00,1.00
2018.02.22 15:00:26.203,8.11327,8.11473,1.00,1.01
2018.02.22 15:00:26.723,8.11327,8.11475,1.00,1.37
2018.02.22 15:00:26.774,8.11315,8.11461,1.00,1.00
2018.02.22 15:00:26.826,8.11311,8.11466,1.00,1.00
2018.02.22 15:00:26.876,8.11313,8.11466,1.00,1.00
2018.02.22 15:00:27.181,8.11334,8.11489,1.00,1.75
2018.02.22 15:00:27.356,8.11334,8.11489,1.00,1.00
2018.02.22 15:00:27.407,8.11359,8.11498,1.00,1.00
2018.02.22 15:00:27.575,8.11359,8.11503,1.00,1.50
2018.02.22 15:00:28.379,8.11359,8.1149,1.00,1.00
2018.02.22 15:00:28.715,8.11359,8.11478,1.00,1.00
2018.02.22 15:00:29.067,8.1136,8.1149,1.00,1.00
2018.02.22 15:00:29.120,8.11357,8.1149,1.00,1.00
2018.02.22 15:00:29.176,8.11357,8.11495,1.00,1.00
2018.02.22 15:00:29.227,8.11357,8.11504,1.00,1.00
2018.02.22 15:00:29.393,8.11375,8.11512,1.00,1.00
2018.02.22 15:00:29.445,8.11375,8.11518,1.00,1.00
2018.02.22 15:00:29.496,8.11375,8.11525,1.00,1.00
2018.02.22 15:00:29.918,8.11395,8.11525,1.00,1.00
2018.02.22 15:00:30.524,8.11395,8.11531,1.00,1.00
2018.02.22 15:00:30.798,8.11395,8.11533,1.00,1.00
2018.02.22 15:00:31.000,8.11395,8.11523,1.00,1.00
2018.02.22 15:00:31.051,8.11373,8.11519,1.00,1.00
2018.02.22 15:00:31.102,8.11373,8.11513,1.00,1.00
2018.02.22 15:00:31.429,8.11339,8.11483,1.00,1.00
2018.02.22 15:00:31.555,8.11356,8.11491,1.00,1.00
2018.02.22 15:00:31.859,8.11417,8.11536,1.00,1.00
2018.02.22 15:00:31.910,8.11399,8.11525,1.00,1.00
2018.02.22 15:00:31.960,8.11419,8.11524,1.00,1.00
2018.02.22 15:00:32.676,8.11419,8.11534,1.00,1.00
2018.02.22 15:00:33.216,8.11419,8.11539,1.00,1.00
2018.02.22 15:00:33.502,8.11419,8.11524,1.00,1.00
2018.02.22 15:00:33.553,8.11397,8.11516,1.00,1.00
2018.02.22 15:00:33.655,8.11397,8.11523,1.00,1.50
2018.02.22 15:00:33.850,8.11397,8.11525,1.00,1.50
2018.02.22 15:00:33.901,8.11397,8.11513,1.00,1.00
2018.02.22 15:00:34.205,8.11397,8.11506,1.00,1.00
2018.02.22 15:00:34.255,8.11397,8.11522,1.00,1.00
2018.02.22 15:00:34.449,8.11415,8.11522,1.00,1.00
2018.02.22 15:00:34.500,8.11415,8.11535,1.00,1.00
2018.02.22 15:00:34.810,8.11415,8.11544,1.00,1.00
2018.02.22 15:00:34.860,8.11415,8.11532,1.00,1.00
2018.02.22 15:00:35.108,8.11436,8.11556,1.00,1.00
2018.02.22 15:00:35.565,8.11436,8.11563,1.00,1.00
2018.02.22 15:00:35.617,8.11436,8.11559,1.00,1.00
2018.02.22 15:00:35.874,8.11436,8.11566,1.00,1.00
2018.02.22 15:00:35.976,8.11478,8.1159,1.00,1.00
2018.02.22 15:00:36.027,8.11459,8.11602,1.00,1.37
2018.02.22 15:00:36.078,8.11491,8.11602,1.00,1.00
2018.02.22 15:00:36.180,8.11491,8.11633,1.00,1.00
2018.02.22 15:00:36.802,8.11491,8.11629,1.00,1.00
2018.02.22 15:00:37.148,8.11491,8.11621,1.00,1.00
2018.02.22 15:00:37.405,8.11491,8.11634,1.00,1.00
2018.02.22 15:00:37.509,8.11513,8.11634,1.00,1.00
2018.02.22 15:00:37.783,8.11524,8.11652,1.00,1.00
2018.02.22 15:00:37.837,8.11524,8.11638,1.00,1.00
2018.02.22 15:00:38.235,8.11522,8.11638,1.00,1.00
2018.02.22 15:00:38.286,8.11522,8.11647,1.00,1.00
2018.02.22 15:00:38.337,8.11541,8.11649,1.00,1.00
2018.02.22 15:00:38.489,8.11539,8.11658,1.00,1.00
2018.02.22 15:00:38.651,8.11539,8.1166,1.00,1.00
2018.02.22 15:00:38.703,8.11539,8.11655,1.00,1.00
2018.02.22 15:00:38.933,8.11539,8.11662,1.00,1.00
2018.02.22 15:00:38.984,8.11539,8.11667,1.00,1.00
2018.02.22 15:00:39.165,8.11539,8.11675,1.00,1.00
2018.02.22 15:00:39.268,8.11539,8.11665,1.00,1.00
2018.02.22 15:00:39.611,8.11563,8.11677,1.00,1.00
2018.02.22 15:00:39.820,8.11563,8.11683,1.00,1.00
2018.02.22 15:00:39.872,8.11563,8.1168,1.00,1.00
2018.02.22 15:00:40.428,8.11563,8.11679,1.00,1.00
2018.02.22 15:00:40.855,8.11563,8.11672,1.00,1.00
2018.02.22 15:00:40.996,8.11547,8.11652,1.00,1.00
2018.02.22 15:00:41.047,8.11523,8.11645,1.00,1.00
2018.02.22 15:00:41.148,8.11523,8.11626,1.00,1.00
2018.02.22 15:00:41.798,8.11523,8.11618,1.00,1.00
2018.02.22 15:00:41.849,8.11505,8.11608,1.00,1.00
2018.02.22 15:00:41.901,8.11505,8.11598,1.00,1.00
2018.02.22 15:00:42.004,8.11505,8.11603,1.00,1.00
2018.02.22 15:00:42.274,8.11476,8.11581,1.00,1.00
2018.02.22 15:00:42.959,8.11458,8.11581,1.00,1.00
2018.02.22 15:00:43.061,8.11479,8.11581,1.00,1.00
2018.02.22 15:00:43.113,8.11479,8.11599,1.00,1.00
2018.02.22 15:00:43.165,8.11479,8.11608,1.00,1.00
2018.02.22 15:00:43.267,8.11501,8.11612,1.00,1.00
2018.02.22 15:00:44.364,8.11501,8.11607,1.00,1.00
2018.02.22 15:00:45.138,8.11482,8.11607,1.00,1.00
2018.02.22 15:00:45.919,8.11463,8.11588,1.00,1.00
2018.02.22 15:00:46.072,8.11481,8.11607,1.00,1.00
2018.02.22 15:00:46.526,8.11481,8.11609,1.00,1.00
2018.02.22 15:00:47.246,8.11481,8.1161,1.00,1.00
2018.02.22 15:00:47.349,8.11481,8.11615,1.00,1.00
2018.02.22 15:00:47.402,8.11511,8.11634,1.00,1.00
2018.02.22 15:00:47.710,8.11511,8.11638,1.00,1.00
2018.02.22 15:00:47.824,8.11511,8.11642,1.00,1.00
2018.02.22 15:00:48.228,8.11535,8.11661,1.00,1.00
2018.02.22 15:00:48.280,8.11535,8.11675,1.00,1.00
2018.02.22 15:00:48.331,8.11535,8.11666,1.00,1.00
2018.02.22 15:00:48.647,8.11535,8.11663,1.00,1.00
2018.02.22 15:00:48.697,8.11507,8.1165,1.37,1.00
2018.02.22 15:00:48.799,8.11507,8.11656,1.37,1.00
2018.02.22 15:00:48.850,8.11524,8.11656,1.00,1.00
2018.02.22 15:00:49.338,8.1153,8.1167,1.00,1.00
2018.02.22 15:00:49.389,8.11543,8.1167,1.00,1.00
2018.02.22 15:00:49.517,8.11543,8.11686,1.00,1.00
2018.02.22 15:00:49.618,8.1154,8.11683,1.00,1.00
2018.02.22 15:00:49.923,8.1154,8.11679,1.00,1.00
2018.02.22 15:00:50.231,8.1154,8.11668,1.00,1.00
2018.02.22 15:00:50.754,8.11537,8.11656,1.00,1.00
2018.02.22 15:00:51.857,8.11537,8.11652,1.00,1.00
2018.02.22 15:00:52.424,8.11537,8.11651,1.00,1.00
2018.02.22 15:00:52.688,8.11515,8.11633,1.00,1.00
2018.02.22 15:00:52.789,8.11515,8.11643,1.00,1.00
2018.02.22 15:00:52.840,8.11498,8.1162,1.75,1.00
2018.02.22 15:00:52.891,8.11516,8.11647,1.00,1.00
2018.02.22 15:00:52.942,8.11516,8.11645,1.00,1.00
2018.02.22 15:00:54.317,8.115,8.11617,1.00,1.00
2018.02.22 15:00:54.618,8.11502,8.11617,1.00,1.00
2018.02.22 15:00:55.193,8.11482,8.11617,1.37,1.00
2018.02.22 15:00:55.244,8.11482,8.11612,1.37,1.00
2018.02.22 15:00:55.704,8.11482,8.11612,1.00,1.00
2018.02.22 15:00:55.755,8.11463,8.11604,1.37,1.00
2018.02.22 15:00:56.713,8.11463,8.11601,1.37,1.00
2018.02.22 15:00:57.018,8.11483,8.11605,1.00,1.00
2018.02.22 15:00:57.351,8.11483,8.11603,1.00,1.00
2018.02.22 15:00:59.283,8.11471,8.11569,1.00,1.00
2018.02.22 15:00:59.437,8.11433,8.1154,1.00,1.00
2018.02.22 15:00:59.489,8.11433,8.11556,1.00,1.00
2018.02.22 15:00:59.614,8.11433,8.11553,1.00,1.00
2018.02.22 15:00:59.919,8.11454,8.11554,1.00,1.00
2018.02.22 15:00:59.970,8.11424,8.11554,1.00,1.00
2018.02.22 15:01:00.022,8.11442,8.11563,1.00,1.00
2018.02.22 15:01:00.073,8.11442,8.11571,1.00,1.00
2018.02.22 15:01:00.297,8.11442,8.11562,1.00,1.00
2018.02.22 15:01:00.500,8.11423,8.11544,1.00,1.00
2018.02.22 15:01:01.051,8.11403,8.11544,1.00,1.00
2018.02.22 15:01:01.323,8.11403,8.11534,1.00,1.00
2018.02.22 15:01:01.373,8.11403,8.11538,1.00,1.00
2018.02.22 15:01:01.954,8.11403,8.11534,1.00,1.00
2018.02.22 15:01:02.274,8.11403,8.11518,1.00,1.00
2018.02.22 15:01:02.427,8.11403,8.1153,1.00,1.00
2018.02.22 15:01:02.479,8.11403,8.11533,1.00,1.00
2018.02.22 15:01:02.530,8.11381,8.1148,1.00,1.00
2018.02.22 15:01:02.673,8.11376,8.1148,1.00,1.00
2018.02.22 15:01:02.828,8.11376,8.11491,1.00,1.00
2018.02.22 15:01:02.940,8.11376,8.11495,1.00,1.00
2018.02.22 15:01:02.992,8.11376,8.11498,1.00,1.00
2018.02.22 15:01:03.444,8.11374,8.11511,1.00,1.00
2018.02.22 15:01:03.495,8.11374,8.11508,1.00,1.00
2018.02.22 15:01:03.597,8.11353,8.11495,1.00,1.00
2018.02.22 15:01:03.648,8.11356,8.115,1.00,1.00
2018.02.22 15:01:04.227,8.11355,8.11497,1.00,1.00
2018.02.22 15:01:04.582,8.11348,8.11488,1.37,1.00
2018.02.22 15:01:04.915,8.11348,8.11483,1.37,1.00
2018.02.22 15:01:04.967,8.11348,8.11483,1.00,1.00
2018.02.22 15:01:05.113,8.11351,8.11483,1.00,1.00
2018.02.22 15:01:05.165,8.11351,8.11494,1.00,1.00
2018.02.22 15:01:06.492,8.1135,8.11494,1.00,1.00
2018.02.22 15:01:06.733,8.11349,8.11496,1.00,1.00
2018.02.22 15:01:07.736,8.11349,8.11496,1.60,1.00
2018.02.22 15:01:07.787,8.11372,8.11512,1.00,1.00
2018.02.22 15:01:07.838,8.11372,8.11499,1.00,1.00
2018.02.22 15:01:07.890,8.11356,8.11494,1.00,1.00
2018.02.22 15:01:08.044,8.11356,8.11486,1.00,1.00
2018.02.22 15:01:08.323,8.11354,8.11487,1.00,1.00
2018.02.22 15:01:09.355,8.11326,8.11475,1.00,1.00
2018.02.22 15:01:09.408,8.1133,8.11474,1.00,1.00
2018.02.22 15:01:09.617,8.11326,8.11475,1.00,1.00
2018.02.22 15:01:09.777,8.11328,8.1147,1.00,1.00
2018.02.22 15:01:09.828,8.11335,8.11479,1.00,1.00
2018.02.22 15:01:09.880,8.11344,8.11488,1.50,1.00
2018.02.22 15:01:10.393,8.11344,8.1146,1.00,1.00
2018.02.22 15:01:10.445,8.11299,8.11448,1.00,1.00
2018.02.22 15:01:10.547,8.11297,8.11444,1.00,1.00
2018.02.22 15:01:10.856,8.11345,8.11472,1.00,1.00
2018.02.22 15:01:11.379,8.11345,8.11473,1.00,1.00
2018.02.22 15:01:12.065,8.11377,8.11483,1.00,1.00
2018.02.22 15:01:12.117,8.11377,8.11503,1.00,1.00
2018.02.22 15:01:12.168,8.11377,8.11509,1.00,1.00
2018.02.22 15:01:12.219,8.11377,8.11512,1.00,1.00
2018.02.22 15:01:12.431,8.11387,8.11531,1.00,1.00
2018.02.22 15:01:12.482,8.11403,8.11527,1.00,1.00
2018.02.22 15:01:12.534,8.11403,8.11535,1.00,1.00
2018.02.22 15:01:12.686,8.11405,8.11535,1.00,1.00
2018.02.22 15:01:13.280,8.11405,8.11527,1.00,1.00
2018.02.22 15:01:13.331,8.11405,8.11534,1.00,1.00
2018.02.22 15:01:14.025,8.11405,8.11532,1.00,1.00
2018.02.22 15:01:14.232,8.11408,8.11539,1.00,1.00
2018.02.22 15:01:14.415,8.11408,8.11549,1.00,1.00
2018.02.22 15:01:14.519,8.11408,8.11543,1.00,1.00
2018.02.22 15:01:14.864,8.11408,8.11536,1.00,1.00
2018.02.22 15:01:15.303,8.11427,8.11536,1.00,1.00
2018.02.22 15:01:15.445,8.11427,8.11554,1.00,1.00
2018.02.22 15:01:15.497,8.11427,8.11557,1.00,1.00
2018.02.22 15:01:15.702,8.11454,8.11575,1.00,1.00
2018.02.22 15:01:16.029,8.11475,8.11595,1.00,1.00
2018.02.22 15:01:16.132,8.11475,8.11603,1.00,1.00
2018.02.22 15:01:16.184,8.11475,8.11612,1.00,1.00
2018.02.22 15:01:16.235,8.11493,8.11612,1.00,1.00
2018.02.22 15:01:16.286,8.11493,8.11616,1.00,1.00
2018.02.22 15:01:16.338,8.11493,8.11625,1.00,1.00
2018.02.22 15:01:16.389,8.11511,8.11625,1.00,1.00
2018.02.22 15:01:16.672,8.11511,8.11634,1.00,1.00
2018.02.22 15:01:16.725,8.11508,8.11643,1.00,1.00
2018.02.22 15:01:16.777,8.11528,8.11642,1.00,1.00
2018.02.22 15:01:16.829,8.11528,8.11652,1.00,1.00
2018.02.22 15:01:16.880,8.11543,8.11654,1.00,1.00
2018.02.22 15:01:16.932,8.11543,8.11657,1.00,1.00
2018.02.22 15:01:17.283,8.11543,8.1166,1.00,1.00
2018.02.22 15:01:17.342,8.11543,8.11667,1.00,1.00
2018.02.22 15:01:17.842,8.11543,8.11682,1.00,1.00
2018.02.22 15:01:17.945,8.11575,8.11692,1.00,1.00
2018.02.22 15:01:18.049,8.11575,8.11699,1.00,1.00
2018.02.22 15:01:18.101,8.11575,8.11707,1.00,1.00
2018.02.22 15:01:18.255,8.11575,8.11698,1.00,1.00
2018.02.22 15:01:18.577,8.11575,8.11693,1.00,1.00
2018.02.22 15:01:19.122,8.11575,8.11688,1.00,1.00
2018.02.22 15:01:19.388,8.11556,8.11688,1.00,1.00
2018.02.22 15:01:19.491,8.1158,8.11715,1.00,1.00
2018.02.22 15:01:19.542,8.1158,8.11708,1.00,1.00
2018.02.22 15:01:19.632,8.1158,8.11717,1.00,1.00
2018.02.22 15:01:19.683,8.11583,8.11727,1.00,1.00
2018.02.22 15:01:20.111,8.11602,8.11733,1.00,1.00
2018.02.22 15:01:20.454,8.11614,8.11728,1.00,1.00
2018.02.22 15:01:20.504,8.1159,8.11728,1.00,1.00
2018.02.22 15:01:20.707,8.11608,8.11728,1.00,1.00
2018.02.22 15:01:21.139,8.11608,8.11723,1.00,1.00
2018.02.22 15:01:21.644,8.11608,8.11719,1.00,1.00
2018.02.22 15:01:21.849,8.11608,8.11725,1.00,1.00
2018.02.22 15:01:23.297,8.11581,8.11725,1.00,1.00
2018.02.22 15:01:23.400,8.11578,8.11715,1.00,1.00
2018.02.22 15:01:23.740,8.11514,8.11654,1.37,1.00
2018.02.22 15:01:24.440,8.1152,8.11659,1.87,1.00
2018.02.22 15:01:24.491,8.11523,8.11657,1.00,1.00
2018.02.22 15:01:24.542,8.11523,8.11644,1.00,1.00
2018.02.22 15:01:24.645,8.11501,8.11628,1.00,1.00
2018.02.22 15:01:24.696,8.11501,8.11643,1.50,1.00
2018.02.22 15:01:25.150,8.11501,8.1163,1.00,1.00
2018.02.22 15:01:25.504,8.11501,8.11627,1.00,1.00
2018.02.22 15:01:25.669,8.11482,8.11619,1.00,1.00
2018.02.22 15:01:25.723,8.11484,8.11621,1.00,1.00
2018.02.22 15:01:25.876,8.11504,8.11644,1.00,1.00
2018.02.22 15:01:25.927,8.11506,8.11645,1.00,1.00
2018.02.22 15:01:25.978,8.11506,8.1165,1.00,1.00
2018.02.22 15:01:26.080,8.11504,8.11642,1.00,1.00
2018.02.22 15:01:26.131,8.11507,8.11651,1.00,1.00
2018.02.22 15:01:26.181,8.1151,8.11654,1.00,1.00
2018.02.22 15:01:26.533,8.11523,8.11654,1.00,1.00
2018.02.22 15:01:29.322,8.11523,8.11661,1.00,1.00
2018.02.22 15:01:29.425,8.11523,8.11663,1.00,1.00
2018.02.22 15:01:29.630,8.11523,8.11659,1.00,1.00
2018.02.22 15:01:29.682,8.11523,8.11663,1.00,1.00
2018.02.22 15:01:29.784,8.11523,8.1166,1.00,1.00
2018.02.22 15:01:30.097,8.11523,8.11662,1.00,1.00
2018.02.22 15:01:30.921,8.11523,8.11659,1.00,1.00
2018.02.22 15:01:31.026,8.11523,8.11663,1.00,1.00
2018.02.22 15:01:31.178,8.11546,8.11676,1.00,1.00
2018.02.22 15:01:31.228,8.11551,8.11693,1.00,1.00
2018.02.22 15:01:31.279,8.11558,8.11693,1.00,1.00
2018.02.22 15:01:31.431,8.11558,8.11695,1.00,1.00
2018.02.22 15:01:31.482,8.11558,8.11692,1.00,1.00
2018.02.22 15:01:31.584,8.11558,8.11697,1.00,1.00
2018.02.22 15:01:31.759,8.11558,8.11693,1.00,1.00
2018.02.22 15:01:31.931,8.11558,8.11702,1.50,1.00
2018.02.22 15:01:31.982,8.11558,8.11698,1.00,1.00
2018.02.22 15:01:32.033,8.11559,8.11703,1.00,1.00
2018.02.22 15:01:32.084,8.11563,8.11706,1.00,1.00
2018.02.22 15:01:32.431,8.11607,8.11751,1.00,1.00
2018.02.22 15:01:32.482,8.11623,8.11758,1.37,1.00
2018.02.22 15:01:32.533,8.11623,8.11763,1.37,1.00
2018.02.22 15:01:32.869,8.11633,8.11772,1.00,1.00
2018.02.22 15:01:32.920,8.11645,8.11772,1.00,1.00
2018.02.22 15:01:33.129,8.11645,8.1178,1.00,1.00
2018.02.22 15:01:34.077,8.11648,8.11786,1.00,1.00
2018.02.22 15:01:34.128,8.11645,8.11782,1.00,1.00
2018.02.22 15:01:34.179,8.11645,8.11784,1.00,1.00
2018.02.22 15:01:34.230,8.11645,8.11754,1.00,1.00
2018.02.22 15:01:34.281,8.11614,8.11752,1.00,1.00
2018.02.22 15:01:34.383,8.11626,8.1177,1.00,1.00
2018.02.22 15:01:34.434,8.11635,8.11779,1.00,1.00
2018.02.22 15:01:35.498,8.11627,8.11771,1.37,1.00
2018.02.22 15:01:35.701,8.11631,8.11775,1.50,1.00
2018.02.22 15:01:35.752,8.11635,8.11779,1.00,1.00
2018.02.22 15:01:36.062,8.11646,8.1179,1.00,1.00
2018.02.22 15:01:36.853,8.11642,8.11786,1.00,1.00
2018.02.22 15:01:37.223,8.11643,8.11783,1.00,1.00
2018.02.22 15:01:37.325,8.11599,8.11741,1.50,1.00
2018.02.22 15:01:37.377,8.11599,8.11732,1.00,1.00
2018.02.22 15:01:37.480,8.11589,8.11732,1.00,1.00
2018.02.22 15:01:37.533,8.1157,8.11708,1.00,1.00
2018.02.22 15:01:37.635,8.11555,8.11708,1.00,1.00
2018.02.22 15:01:37.737,8.11553,8.11708,1.00,1.00
2018.02.22 15:01:37.845,8.11534,8.11696,1.37,1.00
2018.02.22 15:01:38.175,8.11536,8.1168,1.37,1.00
2018.02.22 15:01:38.519,8.11534,8.11673,1.37,1.00
2018.02.22 15:01:38.826,8.11534,8.11656,1.00,1.00
2018.02.22 15:01:38.969,8.11509,8.11653,1.37,1.00
2018.02.22 15:01:39.023,8.11503,8.11647,2.25,1.00
2018.02.22 15:01:39.328,8.11503,8.11639,1.75,1.00
2018.02.22 15:01:40.643,8.11503,8.11639,1.12,1.00
2018.02.22 15:01:41.809,8.11497,8.1164,1.00,1.00
2018.02.22 15:01:42.114,8.11497,8.1162,1.00,1.00
2018.02.22 15:01:42.166,8.11479,8.1162,1.37,1.00
2018.02.22 15:01:42.421,8.11474,8.11618,1.37,1.00
2018.02.22 15:01:42.756,8.11474,8.1162,1.37,1.00
2018.02.22 15:01:43.055,8.11474,8.1162,1.00,1.00
2018.02.22 15:01:43.294,8.11474,8.11622,1.00,1.00
2018.02.22 15:01:43.629,8.11474,8.11629,1.00,1.00
2018.02.22 15:01:43.952,8.11472,8.11629,1.00,1.00
2018.02.22 15:01:44.004,8.11481,8.11629,1.00,1.00
2018.02.22 15:01:44.209,8.11482,8.1164,1.00,1.00
2018.02.22 15:01:44.261,8.11485,8.11643,1.00,1.00
2018.02.22 15:01:44.621,8.11506,8.11662,1.00,1.00
2018.02.22 15:01:44.774,8.11507,8.11667,1.00,1.00
2018.02.22 15:01:44.932,8.11526,8.11676,1.00,1.00
2018.02.22 15:01:45.087,8.11526,8.11679,1.00,1.00
2018.02.22 15:01:46.046,8.11526,8.11675,1.00,1.00
2018.02.22 15:01:46.097,8.11526,8.11679,1.00,1.00
2018.02.22 15:01:46.200,8.11526,8.11681,1.00,1.00
2018.02.22 15:01:46.364,8.11526,8.11676,1.00,1.00
2018.02.22 15:01:47.345,8.11526,8.11672,1.00,1.00
2018.02.22 15:01:48.588,8.11526,8.11669,1.00,1.00
2018.02.22 15:01:48.706,8.11526,8.11672,1.00,1.00
2018.02.22 15:01:48.898,8.11526,8.11669,1.00,1.00
2018.02.22 15:01:50.659,8.11526,8.11673,1.00,1.00
2018.02.22 15:01:50.913,8.11526,8.11669,1.00,1.00
2018.02.22 15:01:51.067,8.11526,8.11671,1.00,1.00
2018.02.22 15:01:51.206,8.11526,8.11669,1.00,1.00
2018.02.22 15:01:51.308,8.11526,8.11675,1.00,1.00
2018.02.22 15:01:51.359,8.11526,8.11669,1.00,1.00
2018.02.22 15:01:51.410,8.11526,8.11672,1.00,1.00
2018.02.22 15:01:51.461,8.11526,8.11669,1.00,1.00
2018.02.22 15:01:51.563,8.11526,8.11672,1.00,1.00
2018.02.22 15:01:51.614,8.11526,8.11684,1.50,1.00
2018.02.22 15:01:52.153,8.11527,8.11684,1.00,1.00
2018.02.22 15:01:52.423,8.11531,8.11684,1.00,1.00
2018.02.22 15:01:52.843,8.11526,8.11684,1.50,1.50
2018.02.22 15:01:53.914,8.11526,8.11676,1.00,1.00
2018.02.22 15:01:54.320,8.11526,8.11657,1.00,1.00
2018.02.22 15:01:55.425,8.11526,8.1165,1.00,1.00
2018.02.22 15:01:55.477,8.11501,8.11643,1.00,1.00
2018.02.22 15:01:55.528,8.11501,8.11652,1.00,1.00
2018.02.22 15:01:55.615,8.11501,8.11656,1.00,1.00
2018.02.22 15:01:55.994,8.11502,8.11659,1.00,1.00
2018.02.22 15:01:56.051,8.11501,8.11657,1.00,1.00
2018.02.22 15:01:56.412,8.11535,8.11644,1.00,1.00
2018.02.22 15:01:56.463,8.1156,8.11679,1.00,1.00
2018.02.22 15:01:56.515,8.1156,8.11696,1.00,1.00
2018.02.22 15:01:56.566,8.11578,8.11704,1.00,1.00
2018.02.22 15:01:56.617,8.11578,8.11707,1.00,1.00
2018.02.22 15:01:56.770,8.11596,8.11715,1.00,1.00
2018.02.22 15:01:56.872,8.11596,8.11718,1.00,1.00
2018.02.22 15:01:57.102,8.11596,8.11721,1.00,1.00
2018.02.22 15:01:57.153,8.11596,8.11725,1.00,1.00
2018.02.22 15:01:59.194,8.11596,8.11731,1.00,1.00
2018.02.22 15:01:59.299,8.11596,8.11723,1.00,1.00
2018.02.22 15:01:59.404,8.11596,8.11729,1.00,1.00
2018.02.22 15:01:59.751,8.11596,8.11725,1.00,1.00
2018.02.22 15:02:00.087,8.11591,8.11729,1.00,1.00
2018.02.22 15:02:00.139,8.11591,8.11731,1.00,1.00
2018.02.22 15:02:00.619,8.11607,8.11739,1.00,1.00
2018.02.22 15:02:00.671,8.11602,8.11735,1.00,1.00
2018.02.22 15:02:01.009,8.11602,8.11733,1.00,1.00
2018.02.22 15:02:01.129,8.1161,8.11754,1.00,1.00
2018.02.22 15:02:01.182,8.11614,8.11758,1.00,1.00
2018.02.22 15:02:01.559,8.11607,8.11751,1.00,1.00
2018.02.22 15:02:02.190,8.11614,8.11758,1.00,1.00
2018.02.22 15:02:02.494,8.11618,8.11749,1.00,1.00
2018.02.22 15:02:02.545,8.11605,8.11749,1.00,1.00
2018.02.22 15:02:02.719,8.11615,8.11749,1.00,1.00
2018.02.22 15:02:03.339,8.11615,8.11737,1.00,1.00
2018.02.22 15:02:03.705,8.11615,8.11734,1.00,1.00
2018.02.22 15:02:04.376,8.11596,8.11734,1.37,1.00
2018.02.22 15:02:04.557,8.11634,8.11734,1.00,1.00
2018.02.22 15:02:04.609,8.11634,8.11748,1.00,1.00
2018.02.22 15:02:04.660,8.11634,8.11753,1.00,1.00
2018.02.22 15:02:04.864,8.11634,8.11756,1.00,1.00
2018.02.22 15:02:05.839,8.11634,8.11748,1.00,1.00
2018.02.22 15:02:06.617,8.11634,8.11747,1.00,1.00
2018.02.22 15:02:07.149,8.11634,8.11754,1.00,1.00
2018.02.22 15:02:07.200,8.11634,8.11751,1.00,1.00
2018.02.22 15:02:07.473,8.11634,8.11753,1.00,1.00
2018.02.22 15:02:07.524,8.11634,8.11763,1.00,1.00
2018.02.22 15:02:07.575,8.11634,8.11767,1.00,1.00
2018.02.22 15:02:08.023,8.11634,8.11772,1.00,1.00
2018.02.22 15:02:08.074,8.11661,8.11778,1.00,1.00
2018.02.22 15:02:08.125,8.11661,8.11795,1.00,1.00
2018.02.22 15:02:08.176,8.11661,8.11801,1.00,1.00
2018.02.22 15:02:08.379,8.11661,8.11797,1.00,1.00
2018.02.22 15:02:08.729,8.11644,8.11771,1.00,1.00
2018.02.22 15:02:08.933,8.11644,8.11785,1.00,1.00
2018.02.22 15:02:08.984,8.11653,8.11788,1.00,1.00
2018.02.22 15:02:09.034,8.11653,8.11797,1.00,1.00
2018.02.22 15:02:09.136,8.11666,8.11797,1.00,1.00
2018.02.22 15:02:09.465,8.11666,8.118,1.00,1.00
2018.02.22 15:02:09.516,8.11685,8.118,1.00,1.00
2018.02.22 15:02:09.869,8.11685,8.11795,1.00,1.00
2018.02.22 15:02:10.501,8.11685,8.11791,1.00,1.00
2018.02.22 15:02:10.838,8.11685,8.11782,1.00,1.00
2018.02.22 15:02:11.294,8.11685,8.11778,1.00,1.00
2018.02.22 15:02:11.345,8.11662,8.11774,1.00,1.00
2018.02.22 15:02:11.481,8.11662,8.11788,1.00,1.00
2018.02.22 15:02:11.532,8.11662,8.11795,1.00,1.00
2018.02.22 15:02:11.633,8.11662,8.11792,1.00,1.00
2018.02.22 15:02:12.048,8.11662,8.11782,1.00,1.00
2018.02.22 15:02:12.320,8.11662,8.11785,1.00,1.00
2018.02.22 15:02:12.896,8.11662,8.11786,1.00,1.00
2018.02.22 15:02:13.480,8.11662,8.11779,1.00,1.00
2018.02.22 15:02:13.640,8.11662,8.11784,1.00,1.00
2018.02.22 15:02:13.743,8.11662,8.11779,1.00,1.00
2018.02.22 15:02:13.797,8.11662,8.11784,1.00,1.00
2018.02.22 15:02:14.438,8.11662,8.1179,1.00,1.00
2018.02.22 15:02:14.490,8.11662,8.11777,1.00,1.00
2018.02.22 15:02:14.745,8.11643,8.11767,1.00,1.00
2018.02.22 15:02:14.797,8.11643,8.11761,1.00,1.00
2018.02.22 15:02:15.140,8.1161,8.1171,1.00,1.00
2018.02.22 15:02:15.393,8.11572,8.1168,1.00,1.00
2018.02.22 15:02:15.604,8.11577,8.11703,1.00,1.00
2018.02.22 15:02:15.707,8.11577,8.11693,1.00,1.00
2018.02.22 15:02:16.019,8.11577,8.11681,1.00,1.00
2018.02.22 15:02:16.070,8.11577,8.11685,1.00,1.00
2018.02.22 15:02:16.121,8.11577,8.11659,1.00,1.00
2018.02.22 15:02:16.172,8.1156,8.11655,1.00,1.00
2018.02.22 15:02:16.223,8.11539,8.1163,1.00,1.00
2018.02.22 15:02:16.562,8.11539,8.11617,1.00,1.00
2018.02.22 15:02:16.766,8.11516,8.11601,1.00,1.00
2018.02.22 15:02:16.817,8.11516,8.11596,1.00,1.00
2018.02.22 15:02:16.919,8.11498,8.11587,1.00,1.00
2018.02.22 15:02:17.080,8.11498,8.11591,1.00,1.00
2018.02.22 15:02:17.202,8.11498,8.11601,1.00,1.00
2018.02.22 15:02:17.253,8.11522,8.11617,1.00,1.00
2018.02.22 15:02:17.304,8.11522,8.11628,1.00,1.00
2018.02.22 15:02:17.405,8.11519,8.11626,1.00,1.00
2018.02.22 15:02:17.507,8.11519,8.11614,1.00,1.00
2018.02.22 15:02:17.609,8.115,8.11599,1.00,1.00
2018.02.22 15:02:17.660,8.115,8.11613,1.00,1.00
2018.02.22 15:02:17.763,8.115,8.11616,1.00,1.00
2018.02.22 15:02:17.921,8.11498,8.11631,1.00,1.00
2018.02.22 15:02:17.972,8.11517,8.1165,1.00,1.00
2018.02.22 15:02:18.219,8.11519,8.11653,1.00,1.00
2018.02.22 15:02:18.270,8.11543,8.1166,1.00,1.00
2018.02.22 15:02:18.320,8.11543,8.11664,1.00,1.00
2018.02.22 15:02:18.371,8.11543,8.1166,1.00,1.00
2018.02.22 15:02:18.675,8.11543,8.11652,1.00,1.00
2018.02.22 15:02:18.945,8.11558,8.11683,1.00,1.00
2018.02.22 15:02:18.996,8.11558,8.11692,1.00,1.00
2018.02.22 15:02:19.047,8.11582,8.11704,1.00,1.00
2018.02.22 15:02:19.352,8.11601,8.11717,1.00,1.00
2018.02.22 15:02:19.663,8.11604,8.11717,1.00,1.00
2018.02.22 15:02:19.970,8.11604,8.11713,1.00,1.00
2018.02.22 15:02:20.021,8.11604,8.11717,1.00,1.00
2018.02.22 15:02:20.123,8.11604,8.11726,1.00,1.00
2018.02.22 15:02:20.252,8.11605,8.11749,1.00,1.00
2018.02.22 15:02:20.303,8.11608,8.11752,1.50,1.00
2018.02.22 15:02:20.607,8.11619,8.11734,1.00,1.00
2018.02.22 15:02:20.976,8.11619,8.11729,1.00,1.00
2018.02.22 15:02:22.149,8.11619,8.11732,1.00,1.00
2018.02.22 15:02:22.666,8.11619,8.11733,1.00,1.00
2018.02.22 15:02:22.827,8.11619,8.11736,1.00,1.00
2018.02.22 15:02:23.193,8.11639,8.11758,1.00,1.00
2018.02.22 15:02:23.348,8.11622,8.11741,1.00,1.00
2018.02.22 15:02:23.449,8.11642,8.11762,1.00,1.00
2018.02.22 15:02:23.552,8.11642,8.11757,1.00,1.00
2018.02.22 15:02:23.746,8.11642,8.11769,1.00,1.00
2018.02.22 15:02:23.852,8.11642,8.11764,1.00,1.00
2018.02.22 15:02:24.173,8.11665,8.11766,1.00,1.00
2018.02.22 15:02:24.490,8.11665,8.11759,1.00,1.00
2018.02.22 15:02:24.854,8.11665,8.11763,1.00,1.00
2018.02.22 15:02:25.000,8.11665,8.11766,1.00,1.00
2018.02.22 15:02:25.391,8.11665,8.11775,1.00,1.00
2018.02.22 15:02:25.442,8.11665,8.11783,1.00,1.00
2018.02.22 15:02:25.603,8.11661,8.11772,1.00,1.00
2018.02.22 15:02:25.758,8.11661,8.11778,1.00,1.00
2018.02.22 15:02:25.809,8.11661,8.11782,1.00,1.00
2018.02.22 15:02:25.862,8.11658,8.11792,1.00,1.00
2018.02.22 15:02:26.015,8.11658,8.11787,1.00,1.00
2018.02.22 15:02:26.411,8.11681,8.11787,1.00,1.00
2018.02.22 15:02:26.462,8.11681,8.11795,1.00,1.00
2018.02.22 15:02:26.514,8.11681,8.11813,1.00,1.00
2018.02.22 15:02:26.565,8.11697,8.11815,1.00,1.00
2018.02.22 15:02:26.721,8.11694,8.11816,1.00,1.00
2018.02.22 15:02:26.772,8.11694,8.11822,1.00,1.00
2018.02.22 15:02:26.823,8.11694,8.11825,1.00,1.00
2018.02.22 15:02:27.195,8.11694,8.11828,1.00,1.00
2018.02.22 15:02:27.502,8.11694,8.11837,1.00,1.00
2018.02.22 15:02:28.082,8.11697,8.11841,1.00,1.00
2018.02.22 15:02:28.133,8.11713,8.11841,1.00,1.00
2018.02.22 15:02:28.460,8.11713,8.11835,1.00,1.00
2018.02.22 15:02:28.934,8.11713,8.11846,1.00,1.00
2018.02.22 15:02:29.123,8.11711,8.11852,1.00,1.00
2018.02.22 15:02:29.176,8.11735,8.11863,1.00,1.00
2018.02.22 15:02:29.230,8.11735,8.11897,1.00,1.00
2018.02.22 15:02:29.489,8.11735,8.11861,1.00,1.00
2018.02.22 15:02:29.782,8.11661,8.11791,1.00,1.00
2018.02.22 15:02:29.833,8.11683,8.11803,1.00,1.00
2018.02.22 15:02:30.059,8.11648,8.11771,1.00,1.00
2018.02.22 15:02:30.161,8.11648,8.11781,1.00,1.00
2018.02.22 15:02:30.317,8.11648,8.11785,1.00,1.00
2018.02.22 15:02:30.369,8.11672,8.11785,1.00,1.00
2018.02.22 15:02:30.674,8.11672,8.11763,1.00,1.00
2018.02.22 15:02:30.726,8.11653,8.11751,1.00,1.00
2018.02.22 15:02:30.777,8.11653,8.11738,1.00,1.00
2018.02.22 15:02:30.828,8.11636,8.11732,1.00,1.00
2018.02.22 15:02:30.880,8.11636,8.11723,1.00,1.00
2018.02.22 15:02:31.009,8.11616,8.11716,1.00,1.00
2018.02.22 15:02:31.061,8.1162,8.11711,1.00,1.00
2018.02.22 15:02:31.112,8.1162,8.11732,1.00,1.00
2018.02.22 15:02:31.163,8.1162,8.11728,1.00,1.00
2018.02.22 15:02:31.467,8.1162,8.11712,1.00,1.00
2018.02.22 15:02:31.517,8.1162,8.11716,1.00,1.00
2018.02.22 15:02:31.722,8.1162,8.1171,1.00,1.00
2018.02.22 15:02:31.824,8.1162,8.11723,1.00,1.00
2018.02.22 15:02:31.876,8.11639,8.11734,1.00,1.00
2018.02.22 15:02:32.581,8.11639,8.11743,1.00,1.00
2018.02.22 15:02:32.919,8.11639,8.11737,1.00,1.00
2018.02.22 15:02:32.970,8.11661,8.1176,1.00,1.00
2018.02.22 15:02:33.021,8.11661,8.11765,1.00,1.00
2018.02.22 15:02:33.071,8.11661,8.1175,1.00,1.00
2018.02.22 15:02:33.122,8.11661,8.11757,1.00,1.00
2018.02.22 15:02:33.173,8.11661,8.11767,1.00,1.00
2018.02.22 15:02:33.737,8.11644,8.11759,1.00,1.00
2018.02.22 15:02:33.788,8.11644,8.11751,1.00,1.00
2018.02.22 15:02:33.839,8.11644,8.11759,1.00,1.00
2018.02.22 15:02:33.890,8.11644,8.11755,1.00,1.00
2018.02.22 15:02:34.239,8.11622,8.11743,1.00,1.00
2018.02.22 15:02:34.391,8.11622,8.11728,1.00,1.00
2018.02.22 15:02:34.786,8.11622,8.11721,1.00,1.00
2018.02.22 15:02:34.939,8.11577,8.11688,1.00,1.00
2018.02.22 15:02:34.990,8.11577,8.11676,1.00,1.00
2018.02.22 15:02:35.041,8.11558,8.11681,1.00,1.00
2018.02.22 15:02:35.092,8.11585,8.11703,1.00,1.00
2018.02.22 15:02:35.142,8.11585,8.11716,1.00,1.00
2018.02.22 15:02:35.193,8.11585,8.11707,1.00,1.00
2018.02.22 15:02:35.400,8.11576,8.11704,1.00,1.00
2018.02.22 15:02:35.451,8.11584,8.11704,1.00,1.00
2018.02.22 15:02:35.553,8.11584,8.11712,1.00,1.00
2018.02.22 15:02:35.604,8.11603,8.11708,1.00,1.00
2018.02.22 15:02:35.655,8.11603,8.11716,1.00,1.00
2018.02.22 15:02:35.706,8.11603,8.11694,1.00,1.00
2018.02.22 15:02:35.760,8.11584,8.11697,1.00,1.00
2018.02.22 15:02:35.886,8.11584,8.1169,1.00,1.00
2018.02.22 15:02:36.220,8.11602,8.11729,1.00,1.50
2018.02.22 15:02:36.271,8.11602,8.1171,1.00,1.00
2018.02.22 15:02:36.801,8.11602,8.1172,1.00,1.00
2018.02.22 15:02:36.852,8.11602,8.11715,1.00,1.00
2018.02.22 15:02:37.153,8.11602,8.11712,1.00,1.00
2018.02.22 15:02:37.255,8.11602,8.11725,1.00,1.00
2018.02.22 15:02:37.306,8.11602,8.11712,1.00,1.00
2018.02.22 15:02:37.408,8.11602,8.11724,1.00,1.00
2018.02.22 15:02:37.510,8.11602,8.11715,1.00,1.00
2018.02.22 15:02:37.769,8.11616,8.11749,1.00,1.00
2018.02.22 15:02:37.820,8.11616,8.11753,1.00,1.00
2018.02.22 15:02:37.871,8.11616,8.11751,1.00,1.00
2018.02.22 15:02:38.238,8.11634,8.11726,1.00,1.00
2018.02.22 15:02:38.289,8.11615,8.11733,1.00,1.00
2018.02.22 15:02:39.115,8.11615,8.11726,1.00,1.00
2018.02.22 15:02:39.709,8.11615,8.11721,1.00,1.00
2018.02.22 15:02:40.707,8.11615,8.11713,1.00,1.00
2018.02.22 15:02:40.898,8.11593,8.11713,1.00,1.00
2018.02.22 15:02:41.051,8.11593,8.11722,1.00,1.00
2018.02.22 15:02:41.103,8.11621,8.11753,1.37,1.75
2018.02.22 15:02:41.155,8.11612,8.1174,1.00,1.00
2018.02.22 15:02:41.207,8.11632,8.11771,1.00,1.75
2018.02.22 15:02:41.595,8.11632,8.11739,1.00,1.00
2018.02.22 15:02:41.646,8.11615,8.11739,1.00,1.00
2018.02.22 15:02:41.697,8.11595,8.11739,1.00,1.00
2018.02.22 15:02:41.851,8.11595,8.11753,1.00,1.37
2018.02.22 15:02:42.054,8.11595,8.11728,1.00,1.00
2018.02.22 15:02:42.426,8.11595,8.1172,1.00,1.37
2018.02.22 15:02:42.975,8.11579,8.11714,1.00,1.00
2018.02.22 15:02:43.077,8.11579,8.1171,1.00,1.00
2018.02.22 15:02:43.281,8.11614,8.11766,1.00,1.00
2018.02.22 15:02:43.332,8.11614,8.11756,1.00,1.00
2018.02.22 15:02:43.651,8.11602,8.11716,1.00,1.00
2018.02.22 15:02:43.753,8.11581,8.11701,1.00,1.00
2018.02.22 15:02:43.855,8.11581,8.1171,1.00,1.00
2018.02.22 15:02:43.907,8.11591,8.11719,1.00,1.00
2018.02.22 15:02:43.958,8.11591,8.11728,1.00,1.00
2018.02.22 15:02:44.009,8.11591,8.11722,1.00,1.00
2018.02.22 15:02:44.181,8.11592,8.11739,1.00,1.00
2018.02.22 15:02:44.244,8.11595,8.11743,1.00,1.00
2018.02.22 15:02:44.398,8.11592,8.11735,1.00,1.00
2018.02.22 15:02:44.729,8.11592,8.11704,1.00,1.00
2018.02.22 15:02:44.781,8.11597,8.11734,1.00,1.00
2018.02.22 15:02:44.833,8.11611,8.11734,1.00,1.75
2018.02.22 15:02:44.937,8.11628,8.11755,1.00,1.37
2018.02.22 15:02:44.989,8.11609,8.11755,1.00,1.00
2018.02.22 15:02:45.040,8.11609,8.11762,1.00,1.00
2018.02.22 15:02:45.091,8.11615,8.11764,1.00,1.00
2018.02.22 15:02:45.328,8.1158,8.11738,1.00,1.37
2018.02.22 15:02:46.013,8.1158,8.11721,1.00,1.00
2018.02.22 15:02:46.322,8.1158,8.1171,1.00,1.00
2018.02.22 15:02:46.749,8.11559,8.11699,1.00,1.00
2018.02.22 15:02:46.800,8.11559,8.11693,1.00,1.00
2018.02.22 15:02:46.851,8.11559,8.11698,1.00,1.00
2018.02.22 15:02:46.954,8.11559,8.11698,1.00,1.37
2018.02.22 15:02:47.273,8.11536,8.11694,1.00,1.37
2018.02.22 15:02:48.182,8.11536,8.11686,1.00,1.00
2018.02.22 15:02:48.284,8.11536,8.11689,1.00,1.00
2018.02.22 15:02:48.394,8.11536,8.11691,1.00,1.00
2018.02.22 15:02:49.011,8.11536,8.11684,1.00,1.00
2018.02.22 15:02:49.584,8.11536,8.11683,1.00,1.37
2018.02.22 15:02:49.877,8.11514,8.11666,1.00,1.00
2018.02.22 15:02:49.985,8.11514,8.11669,1.00,1.00
2018.02.22 15:02:50.037,8.1151,8.11669,1.00,1.00
2018.02.22 15:02:50.139,8.1151,8.11677,1.00,1.00
2018.02.22 15:02:50.562,8.11526,8.11678,1.00,1.00
2018.02.22 15:02:50.908,8.11526,8.11678,1.00,1.37
2018.02.22 15:02:51.250,8.11554,8.11721,1.00,1.37
2018.02.22 15:02:51.301,8.11576,8.11727,1.00,1.75
2018.02.22 15:02:52.424,8.11576,8.11734,1.00,1.37
2018.02.22 15:02:53.667,8.11576,8.11734,1.00,1.75
2018.02.22 15:02:54.124,8.11594,8.1175,1.00,1.75
2018.02.22 15:02:54.778,8.11594,8.1175,1.00,1.37
2018.02.22 15:02:55.488,8.1162,8.11778,1.00,1.00
2018.02.22 15:02:56.500,8.1162,8.11778,1.00,1.75
2018.02.22 15:02:58.727,8.11594,8.11752,1.00,1.87
2018.02.22 15:02:58.779,8.11578,8.11736,1.00,1.00
2018.02.22 15:02:58.830,8.11578,8.11734,1.00,1.75
2018.02.22 15:02:59.912,8.11578,8.11734,1.00,1.75
2018.02.22 15:03:00.233,8.11578,8.11736,1.00,1.00
2018.02.22 15:03:00.410,8.11578,8.11736,1.00,1.75
2018.02.22 15:03:01.737,8.11578,8.11734,1.00,1.37
2018.02.22 15:03:02.120,8.11578,8.11714,1.00,1.00
2018.02.22 15:03:02.400,8.11578,8.11716,1.00,1.00
2018.02.22 15:03:02.614,8.1158,8.11716,1.00,1.00
2018.02.22 15:03:02.966,8.11622,8.11771,1.00,1.50
2018.02.22 15:03:03.918,8.11622,8.1178,1.00,1.87
2018.02.22 15:03:06.123,8.11622,8.1178,1.00,1.37
2018.02.22 15:03:07.040,8.11622,8.11763,1.00,1.00
2018.02.22 15:03:07.404,8.11606,8.11757,1.00,1.00
2018.02.22 15:03:07.615,8.11606,8.11761,1.00,1.00
2018.02.22 15:03:07.768,8.11606,8.1176,1.00,1.37
2018.02.22 15:03:09.174,8.11629,8.11769,1.00,1.75
2018.02.22 15:03:09.764,8.11629,8.11786,1.00,1.37
2018.02.22 15:03:11.492,8.11629,8.11785,1.00,1.75
2018.02.22 15:03:13.241,8.11629,8.11785,1.00,1.37
2018.02.22 15:03:13.890,8.11629,8.11768,1.00,1.00
2018.02.22 15:03:14.238,8.11629,8.11755,1.00,1.00
2018.02.22 15:03:14.838,8.11629,8.11756,1.00,1.00
2018.02.22 15:03:15.176,8.11608,8.11756,1.00,1.37
2018.02.22 15:03:15.971,8.11622,8.11762,1.00,1.37
2018.02.22 15:03:16.073,8.11622,8.11775,1.00,1.37
2018.02.22 15:03:17.662,8.11622,8.11755,1.00,1.00
2018.02.22 15:03:17.713,8.11622,8.11762,1.00,1.37
2018.02.22 15:03:18.807,8.11622,8.11762,1.00,1.37
2018.02.22 15:03:19.912,8.11622,8.11762,1.00,1.37
2018.02.22 15:03:20.632,8.116,8.11734,1.00,1.00
2018.02.22 15:03:20.684,8.116,8.11731,1.00,1.00
2018.02.22 15:03:20.887,8.11581,8.1173,1.00,1.00
2018.02.22 15:03:21.279,8.11581,8.11727,1.00,1.00
2018.02.22 15:03:22.034,8.11581,8.11727,1.00,1.37
2018.02.22 15:03:22.237,8.11597,8.11741,1.00,1.00
2018.02.22 15:03:22.288,8.11597,8.11739,1.00,1.00
2018.02.22 15:03:22.593,8.11618,8.11765,1.00,1.37
2018.02.22 15:03:22.915,8.11637,8.11766,1.00,1.37
2018.02.22 15:03:23.089,8.11639,8.11792,1.00,1.12
2018.02.22 15:03:23.140,8.11661,8.11797,1.00,1.37
2018.02.22 15:03:24.621,8.11678,8.11816,1.00,1.00
2018.02.22 15:03:24.674,8.11678,8.11819,1.00,1.37
2018.02.22 15:03:24.916,8.11703,8.11826,1.00,1.37
2018.02.22 15:03:25.578,8.11699,8.11818,1.00,1.12
2018.02.22 15:03:25.736,8.11699,8.11811,1.00,1.00
2018.02.22 15:03:25.788,8.11676,8.11806,1.00,1.00
2018.02.22 15:03:25.839,8.11676,8.11827,1.00,1.37
2018.02.22 15:03:25.941,8.11681,8.11834,1.00,1.75
2018.02.22 15:03:25.992,8.11692,8.11838,1.00,1.00
2018.02.22 15:03:26.137,8.11695,8.11847,1.00,1.00
2018.02.22 15:03:26.192,8.11706,8.11855,1.00,1.37
2018.02.22 15:03:26.540,8.11706,8.11846,1.00,1.00
2018.02.22 15:03:26.892,8.11706,8.11838,1.00,1.00
2018.02.22 15:03:26.943,8.11706,8.11841,1.00,1.00
2018.02.22 15:03:27.132,8.11706,8.11837,1.00,1.00
2018.02.22 15:03:27.648,8.11706,8.11838,1.00,1.00
2018.02.22 15:03:28.541,8.11706,8.11847,1.00,1.00
2018.02.22 15:03:28.655,8.11706,8.11858,1.00,1.00
2018.02.22 15:03:28.708,8.1171,8.11861,1.00,1.12
2018.02.22 15:03:29.233,8.11706,8.1185,1.00,1.00
2018.02.22 15:03:29.546,8.11706,8.11843,1.00,1.00
2018.02.22 15:03:29.870,8.11706,8.11839,1.00,1.00
2018.02.22 15:03:31.450,8.11706,8.11817,1.00,1.00
2018.02.22 15:03:31.502,8.11673,8.11804,1.00,1.00
2018.02.22 15:03:31.605,8.11673,8.11801,1.00,1.00
2018.02.22 15:03:32.367,8.11673,8.11811,1.00,1.37
2018.02.22 15:03:32.418,8.1169,8.11842,1.00,1.75
2018.02.22 15:03:32.571,8.11726,8.11861,1.00,1.37
2018.02.22 15:03:32.624,8.11732,8.11861,1.00,1.37
2018.02.22 15:03:32.728,8.11758,8.11897,1.00,1.37
2018.02.22 15:03:32.911,8.11783,8.11924,1.00,1.75
2018.02.22 15:03:32.962,8.11783,8.11932,1.00,1.00
2018.02.22 15:03:33.013,8.118,8.11932,1.00,1.00
2018.02.22 15:03:33.114,8.1179,8.11932,1.00,1.00
2018.02.22 15:03:33.165,8.11802,8.11932,1.00,1.00
2018.02.22 15:03:33.217,8.11802,8.11941,1.00,1.00
2018.02.22 15:03:33.848,8.11802,8.11937,1.00,1.00
2018.02.22 15:03:33.950,8.11802,8.11945,1.00,1.37
2018.02.22 15:03:34.001,8.11814,8.11963,1.00,1.00
2018.02.22 15:03:34.067,8.11814,8.11965,1.00,1.00
2018.02.22 15:03:34.119,8.11814,8.11961,1.00,1.00
2018.02.22 15:03:34.271,8.11796,8.11949,1.00,1.00
2018.02.22 15:03:34.323,8.11815,8.11951,1.00,1.00
2018.02.22 15:03:34.897,8.11815,8.11943,1.00,1.00
2018.02.22 15:03:35.448,8.11815,8.11944,1.00,1.00
2018.02.22 15:03:35.827,8.11795,8.11948,1.00,1.00
2018.02.22 15:03:36.071,8.11793,8.11935,1.00,1.00
2018.02.22 15:03:36.173,8.11793,8.11937,1.50,1.00
2018.02.22 15:03:36.381,8.11793,8.11933,1.00,1.00
2018.02.22 15:03:36.747,8.11772,8.11916,1.00,1.00
2018.02.22 15:03:36.798,8.11765,8.11907,1.00,1.00
2018.02.22 15:03:37.118,8.11744,8.11878,1.00,1.00
2018.02.22 15:03:37.374,8.1172,8.11864,1.00,1.00
2018.02.22 15:03:37.426,8.11736,8.11864,1.00,1.00
2018.02.22 15:03:37.743,8.11736,8.11861,1.00,1.00
2018.02.22 15:03:38.073,8.11736,8.11851,1.00,1.00
2018.02.22 15:03:38.124,8.11707,8.11851,1.00,1.00
2018.02.22 15:03:38.856,8.11702,8.11846,1.00,1.00
2018.02.22 15:03:39.179,8.11698,8.11836,1.00,1.00
2018.02.22 15:03:39.314,8.11698,8.1184,1.00,1.00
2018.02.22 15:03:39.366,8.11719,8.1184,1.00,1.00
2018.02.22 15:03:39.571,8.11719,8.11847,1.00,1.00
2018.02.22 15:03:39.622,8.11735,8.11857,1.00,1.00
2018.02.22 15:03:39.933,8.11735,8.11855,1.00,1.00
2018.02.22 15:03:40.154,8.11735,8.11857,1.00,1.00
2018.02.22 15:03:40.206,8.11735,8.1185,1.00,1.00
2018.02.22 15:03:40.266,8.11735,8.11855,1.00,1.00
2018.02.22 15:03:40.318,8.11735,8.11861,1.00,1.00
2018.02.22 15:03:40.585,8.11735,8.11869,1.00,1.12
2018.02.22 15:03:41.517,8.11735,8.11867,1.00,1.00
2018.02.22 15:03:41.858,8.11735,8.11847,1.00,1.00
2018.02.22 15:03:41.910,8.11717,8.11844,1.00,1.00
2018.02.22 15:03:42.383,8.11717,8.11849,1.00,1.00
2018.02.22 15:03:42.485,8.11717,8.11844,1.00,1.00
2018.02.22 15:03:43.063,8.11717,8.11841,1.00,1.00
2018.02.22 15:03:44.562,8.11717,8.11845,1.00,1.00
2018.02.22 15:03:44.614,8.11717,8.11858,1.00,1.37
2018.02.22 15:03:45.721,8.11717,8.11854,1.00,1.00
2018.02.22 15:03:46.762,8.11717,8.11858,1.00,1.00
2018.02.22 15:03:47.041,8.11718,8.11862,1.00,1.00
2018.02.22 15:03:47.092,8.11717,8.11853,1.00,1.00
2018.02.22 15:03:47.144,8.11717,8.11856,1.00,1.00
2018.02.22 15:03:47.299,8.11735,8.11844,1.00,1.00
2018.02.22 15:03:47.485,8.11735,8.11853,1.00,1.00
2018.02.22 15:03:47.814,8.11735,8.11847,1.00,1.00
2018.02.22 15:03:48.144,8.11735,8.11841,1.00,1.00
2018.02.22 15:03:48.807,8.11735,8.11831,1.00,1.00
2018.02.22 15:03:48.858,8.11719,8.11827,1.00,1.00
2018.02.22 15:03:50.790,8.11719,8.11849,1.00,1.00
2018.02.22 15:03:50.841,8.11719,8.11847,1.00,1.00
2018.02.22 15:03:51.013,8.11742,8.11872,1.00,1.00
2018.02.22 15:03:51.073,8.11742,8.1187,1.00,1.00
2018.02.22 15:03:51.615,8.11742,8.11865,1.00,1.00
2018.02.22 15:03:51.919,8.11742,8.11853,1.00,1.00
2018.02.22 15:03:52.440,8.11742,8.11858,1.00,1.00
2018.02.22 15:03:52.844,8.11742,8.11854,1.00,1.00
2018.02.22 15:03:53.546,8.11742,8.11858,1.00,1.00
2018.02.22 15:03:53.601,8.11742,8.11863,1.00,1.00
2018.02.22 15:03:53.874,8.11742,8.1186,1.00,1.00
2018.02.22 15:03:54.887,8.11742,8.1185,1.00,1.00
2018.02.22 15:03:55.080,8.1172,8.11844,1.00,1.00
2018.02.22 15:03:55.339,8.1172,8.11849,1.00,1.00
2018.02.22 15:03:55.392,8.11723,8.11852,1.00,1.00
2018.02.22 15:03:55.830,8.11723,8.11845,1.00,1.00
2018.02.22 15:03:56.086,8.11723,8.1185,1.00,1.00
2018.02.22 15:03:56.137,8.11723,8.11846,1.00,1.00
2018.02.22 15:03:56.466,8.11728,8.11837,1.00,1.00
2018.02.22 15:03:57.874,8.11695,8.11806,1.00,1.00
2018.02.22 15:03:57.925,8.11671,8.11797,1.00,1.00
2018.02.22 15:03:58.277,8.11671,8.11795,1.00,1.00
2018.02.22 15:03:58.583,8.1169,8.11812,1.00,1.00
2018.02.22 15:03:59.388,8.1169,8.11824,1.00,1.00
2018.02.22 15:03:59.535,8.11708,8.11832,1.00,1.37
2018.02.22 15:04:00.196,8.11708,8.11832,1.00,1.00
2018.02.22 15:04:00.859,8.11708,8.11836,1.00,1.00
2018.02.22 15:04:01.169,8.11727,8.11859,1.00,1.12
2018.02.22 15:04:02.293,8.11727,8.1186,1.00,1.00
2018.02.22 15:04:02.650,8.11727,8.11855,1.00,1.00
2018.02.22 15:04:04.508,8.11727,8.11841,1.00,1.00
2018.02.22 15:04:04.881,8.11727,8.1183,1.00,1.00
2018.02.22 15:04:04.933,8.1171,8.11823,1.00,1.00
2018.02.22 15:04:05.138,8.1171,8.11819,1.00,1.00
2018.02.22 15:04:05.343,8.1171,8.11823,1.00,1.00
2018.02.22 15:04:05.718,8.1171,8.11814,1.00,1.00
2018.02.22 15:04:05.769,8.11691,8.1181,1.00,1.00
2018.02.22 15:04:05.923,8.11691,8.11806,1.00,1.00
2018.02.22 15:04:06.273,8.11691,8.11803,1.00,1.00
2018.02.22 15:04:07.440,8.11691,8.11799,1.00,1.00
2018.02.22 15:04:07.492,8.11662,8.11799,1.00,1.00
2018.02.22 15:04:07.872,8.11662,8.11803,1.00,1.00
2018.02.22 15:04:09.406,8.11662,8.11799,1.00,1.00
2018.02.22 15:04:09.709,8.11662,8.11803,1.00,1.00
2018.02.22 15:04:09.761,8.11685,8.11803,1.00,1.00
2018.02.22 15:04:09.813,8.11667,8.11803,1.00,1.00
2018.02.22 15:04:10.246,8.11667,8.11806,1.00,1.00
2018.02.22 15:04:11.623,8.1167,8.11812,1.00,1.37
2018.02.22 15:04:11.675,8.11667,8.11807,1.00,1.00
2018.02.22 15:04:11.726,8.11667,8.11803,1.00,1.00
2018.02.22 15:04:12.063,8.11667,8.11799,1.00,1.00
2018.02.22 15:04:12.373,8.11667,8.11795,1.00,1.00
2018.02.22 15:04:12.475,8.11632,8.1177,1.00,1.00
2018.02.22 15:04:12.526,8.11632,8.11768,1.00,1.00
2018.02.22 15:04:12.862,8.11632,8.11762,1.00,1.00
2018.02.22 15:04:14.746,8.11608,8.11738,1.00,1.00
2018.02.22 15:04:15.050,8.11608,8.11736,1.00,1.00
2018.02.22 15:04:15.152,8.11608,8.1174,1.00,1.00
2018.02.22 15:04:15.543,8.11608,8.1173,1.00,1.00
2018.02.22 15:04:17.660,8.11608,8.11733,1.00,1.00
2018.02.22 15:04:19.319,8.11608,8.11718,1.00,1.00
2018.02.22 15:04:19.370,8.11585,8.11705,1.00,1.00
2018.02.22 15:04:19.428,8.11585,8.11691,1.00,1.00
2018.02.22 15:04:19.479,8.11568,8.11687,1.00,1.00
2018.02.22 15:04:19.531,8.11568,8.11684,1.00,1.00
2018.02.22 15:04:19.582,8.11565,8.11689,1.00,1.00
2018.02.22 15:04:19.751,8.11565,8.11696,1.00,1.00
2018.02.22 15:04:19.817,8.11565,8.11676,1.00,1.00
2018.02.22 15:04:20.032,8.11565,8.11681,1.00,1.00
2018.02.22 15:04:20.233,8.11565,8.11678,1.00,1.00
2018.02.22 15:04:20.387,8.1154,8.11672,1.00,1.00
2018.02.22 15:04:20.439,8.1154,8.11667,1.00,1.00
2018.02.22 15:04:20.752,8.1154,8.11665,1.00,1.00
2018.02.22 15:04:21.445,8.1154,8.11663,1.00,1.00
2018.02.22 15:04:22.259,8.1154,8.11659,1.00,1.00
2018.02.22 15:04:22.312,8.11515,8.11645,1.00,1.00
2018.02.22 15:04:22.372,8.11503,8.11638,1.00,1.00
2018.02.22 15:04:22.424,8.11498,8.11629,1.00,1.00
2018.02.22 15:04:22.476,8.11484,8.11628,1.50,1.00
2018.02.22 15:04:22.527,8.11487,8.11631,1.00,1.12
2018.02.22 15:04:22.863,8.11509,8.11653,1.00,1.75
2018.02.22 15:04:23.017,8.11523,8.11666,1.00,1.00
2018.02.22 15:04:23.071,8.1152,8.11664,1.00,1.00
2018.02.22 15:04:23.804,8.1153,8.11673,1.00,1.37
2018.02.22 15:04:23.987,8.11526,8.1167,1.00,1.12
2018.02.22 15:04:24.189,8.11532,8.11676,1.00,1.37
2018.02.22 15:04:24.443,8.11557,8.11696,1.00,1.00
2018.02.22 15:04:24.585,8.11578,8.11722,1.00,1.37
2018.02.22 15:04:24.893,8.11596,8.11719,1.00,1.37
2018.02.22 15:04:25.739,8.11596,8.11723,1.00,1.00
2018.02.22 15:04:25.790,8.11596,8.11719,1.00,1.00
2018.02.22 15:04:26.420,8.11597,8.11719,1.00,1.00
2018.02.22 15:04:27.259,8.11597,8.11721,1.00,1.00
2018.02.22 15:04:27.515,8.11597,8.11737,1.00,1.00
2018.02.22 15:04:27.567,8.11598,8.1174,1.00,1.12
2018.02.22 15:04:27.670,8.11597,8.11737,1.00,1.00
2018.02.22 15:04:28.020,8.11604,8.11747,1.00,1.37
2018.02.22 15:04:28.377,8.11622,8.11757,1.00,1.00
2018.02.22 15:04:28.791,8.11644,8.11775,1.00,1.00
2018.02.22 15:04:29.098,8.11648,8.11778,1.00,1.00
2018.02.22 15:04:29.449,8.11648,8.11762,1.00,1.00
2018.02.22 15:04:29.550,8.11648,8.11765,1.00,1.00
2018.02.22 15:04:29.602,8.11648,8.11786,1.00,1.00
2018.02.22 15:04:29.653,8.11666,8.11788,1.00,1.00
2018.02.22 15:04:30.265,8.11666,8.11776,1.00,1.00
2018.02.22 15:04:30.420,8.11666,8.11786,1.00,1.00
2018.02.22 15:04:30.522,8.11666,8.11781,1.00,1.00
2018.02.22 15:04:30.575,8.11648,8.11765,1.00,1.00
2018.02.22 15:04:30.626,8.11648,8.1176,1.00,1.00
2018.02.22 15:04:30.779,8.11648,8.11786,1.00,1.00
2018.02.22 15:04:30.993,8.11669,8.11786,1.00,1.00
2018.02.22 15:04:31.485,8.11669,8.11792,1.00,1.00
2018.02.22 15:04:31.536,8.11685,8.11809,1.00,1.37
2018.02.22 15:04:31.588,8.11685,8.11817,1.00,1.00
2018.02.22 15:04:31.736,8.11685,8.11801,1.00,1.00
2018.02.22 15:04:31.804,8.11685,8.11805,1.00,1.00
2018.02.22 15:04:31.906,8.11685,8.11793,1.00,1.00
2018.02.22 15:04:32.210,8.11666,8.11781,1.00,1.00
2018.02.22 15:04:32.358,8.11666,8.11777,1.00,1.00
2018.02.22 15:04:32.730,8.11666,8.11783,1.00,1.00
2018.02.22 15:04:32.930,8.11666,8.11787,1.00,1.00
2018.02.22 15:04:33.115,8.11666,8.1178,1.00,1.00
2018.02.22 15:04:33.473,8.11666,8.11777,1.00,1.00
2018.02.22 15:04:33.831,8.11666,8.11789,1.00,1.37
2018.02.22 15:04:34.196,8.11666,8.11775,1.00,1.00
2018.02.22 15:04:34.628,8.11666,8.11773,1.00,1.00
2018.02.22 15:04:34.680,8.11666,8.11782,1.00,1.00
2018.02.22 15:04:35.373,8.11666,8.11805,1.00,1.37
2018.02.22 15:04:35.528,8.11688,8.11818,1.00,1.00
2018.02.22 15:04:35.580,8.11688,8.11821,1.00,1.00
2018.02.22 15:04:35.632,8.11688,8.11825,1.00,1.37
2018.02.22 15:04:35.882,8.11688,8.11819,1.00,1.00
2018.02.22 15:04:36.455,8.11688,8.11828,1.00,1.37
2018.02.22 15:04:36.694,8.11688,8.11828,1.00,1.00
2018.02.22 15:04:36.748,8.117,8.11844,1.00,1.00
2018.02.22 15:04:36.799,8.11697,8.11841,1.00,1.00
2018.02.22 15:04:37.119,8.11689,8.11833,1.00,1.00
2018.02.22 15:04:37.500,8.11695,8.11839,1.00,1.00
2018.02.22 15:04:38.769,8.11702,8.11845,1.00,1.37
2018.02.22 15:04:39.326,8.1172,8.11861,1.00,1.75
2018.02.22 15:04:39.858,8.11703,8.11842,1.00,1.00
2018.02.22 15:04:39.910,8.11703,8.11836,1.00,1.00
2018.02.22 15:04:40.317,8.11703,8.1183,1.00,1.00
2018.02.22 15:04:40.679,8.11703,8.11827,1.00,1.00
2018.02.22 15:04:41.017,8.11703,8.11817,1.00,1.00
2018.02.22 15:04:41.198,8.11683,8.11804,1.00,1.00
2018.02.22 15:04:41.250,8.11683,8.11795,1.00,1.00
2018.02.22 15:04:41.301,8.1166,8.1179,1.00,1.00
2018.02.22 15:04:41.353,8.1166,8.11793,1.00,1.00
2018.02.22 15:04:42.159,8.1166,8.11796,1.00,1.00
2018.02.22 15:04:43.514,8.1166,8.11772,1.00,1.00
2018.02.22 15:04:43.565,8.11639,8.11761,1.00,1.00
2018.02.22 15:04:43.621,8.11623,8.11741,1.00,1.00
2018.02.22 15:04:43.722,8.11607,8.1173,1.00,1.00
2018.02.22 15:04:43.773,8.11607,8.11746,1.00,1.00
2018.02.22 15:04:43.825,8.11624,8.11746,1.00,1.00
2018.02.22 15:04:44.171,8.11624,8.11759,1.00,1.37
2018.02.22 15:04:44.502,8.1164,8.11764,1.00,1.75
2018.02.22 15:04:44.778,8.11657,8.11782,1.00,1.37
2018.02.22 15:04:44.880,8.11657,8.11774,1.00,1.00
2018.02.22 15:04:45.214,8.11657,8.11772,1.00,1.00
2018.02.22 15:04:45.266,8.11657,8.11776,1.00,1.00
2018.02.22 15:04:45.425,8.11657,8.1178,1.00,1.12
2018.02.22 15:04:45.476,8.11674,8.11791,1.00,1.37
2018.02.22 15:04:45.908,8.11674,8.11805,1.00,1.00
2018.02.22 15:04:45.959,8.11674,8.11802,1.00,1.00
2018.02.22 15:04:46.308,8.11674,8.11797,1.00,1.00
2018.02.22 15:04:48.002,8.11674,8.1181,1.00,1.37
2018.02.22 15:04:48.054,8.11695,8.11824,1.00,1.50
2018.02.22 15:04:48.105,8.11695,8.11836,1.00,1.00
2018.02.22 15:04:48.245,8.11718,8.11856,1.00,1.37
2018.02.22 15:04:48.548,8.11737,8.11861,1.00,1.37
2018.02.22 15:04:49.478,8.11737,8.11861,1.00,1.00
2018.02.22 15:04:49.946,8.11737,8.11856,1.00,1.00
2018.02.22 15:04:50.284,8.11732,8.11843,1.00,1.00
2018.02.22 15:04:50.519,8.11732,8.11853,1.00,1.00
2018.02.22 15:04:50.621,8.11729,8.11854,1.00,1.00
2018.02.22 15:04:51.131,8.11729,8.11851,1.00,1.00
2018.02.22 15:04:51.267,8.11709,8.11833,1.00,1.00
2018.02.22 15:04:51.419,8.11709,8.1183,1.00,1.00
2018.02.22 15:04:51.470,8.11691,8.11818,1.00,1.00
2018.02.22 15:04:51.571,8.11694,8.11809,1.00,1.00
2018.02.22 15:04:51.622,8.11673,8.11805,1.00,1.00
2018.02.22 15:04:52.551,8.11673,8.11806,1.00,1.00
2018.02.22 15:04:52.706,8.11678,8.11806,1.00,1.00
2018.02.22 15:04:53.078,8.11678,8.11801,1.00,1.00
2018.02.22 15:04:54.381,8.11678,8.11797,1.00,1.00
2018.02.22 15:04:56.864,8.11678,8.11785,1.00,1.00
2018.02.22 15:04:56.968,8.11657,8.11769,1.00,1.00
2018.02.22 15:04:57.070,8.11657,8.11765,1.00,1.00
2018.02.22 15:04:57.363,8.1164,8.11753,1.00,1.00
2018.02.22 15:04:57.416,8.1164,8.11745,1.00,1.00
2018.02.22 15:04:57.467,8.1164,8.11756,1.00,1.00
2018.02.22 15:04:57.569,8.1164,8.11752,1.00,1.00
2018.02.22 15:04:57.832,8.11579,8.117,1.00,1.00
2018.02.22 15:04:57.886,8.11574,8.11675,1.00,1.00
2018.02.22 15:04:57.937,8.11555,8.11675,1.00,1.00
2018.02.22 15:04:57.988,8.11555,8.11686,1.00,1.00
2018.02.22 15:04:58.038,8.11552,8.11683,1.00,1.00
2018.02.22 15:04:58.176,8.11551,8.11695,1.00,1.37
2018.02.22 15:04:58.227,8.11551,8.11697,1.50,1.00
2018.02.22 15:04:58.328,8.11551,8.11699,1.50,1.00
2018.02.22 15:04:58.430,8.11553,8.117,1.00,1.00
2018.02.22 15:04:58.846,8.11551,8.11696,1.00,1.00
2018.02.22 15:04:58.897,8.11553,8.11699,1.00,1.00
2018.02.22 15:04:59.851,8.1158,8.11727,1.00,1.37
2018.02.22 15:05:00.157,8.11575,8.1171,1.00,1.00
2018.02.22 15:05:00.310,8.11575,8.11723,1.50,1.00
2018.02.22 15:05:00.361,8.11577,8.11723,1.00,1.00
2018.02.22 15:05:00.665,8.11575,8.11708,1.00,1.00
2018.02.22 15:05:00.973,8.11511,8.11655,1.00,1.00
2018.02.22 15:05:01.024,8.11525,8.11647,1.00,1.00
2018.02.22 15:05:01.075,8.11511,8.11657,1.00,1.00
2018.02.22 15:05:01.126,8.11493,8.11637,1.00,1.00
2018.02.22 15:05:01.431,8.11478,8.11604,1.00,1.00
2018.02.22 15:05:01.852,8.11478,8.11621,1.00,1.00
2018.02.22 15:05:01.903,8.1149,8.11634,1.00,1.00
2018.02.22 15:05:01.954,8.11498,8.11644,1.00,1.37
2018.02.22 15:05:02.280,8.11489,8.11628,1.00,1.00
2018.02.22 15:05:02.331,8.11511,8.11655,1.00,1.37
2018.02.22 15:05:02.382,8.11519,8.11665,1.00,1.37
2018.02.22 15:05:02.793,8.11519,8.11665,1.00,1.00
2018.02.22 15:05:02.843,8.11522,8.11665,1.00,1.00
2018.02.22 15:05:03.152,8.1156,8.11697,1.00,1.37
2018.02.22 15:05:03.602,8.11576,8.11722,1.00,1.37
2018.02.22 15:05:03.660,8.11584,8.1173,1.00,1.37
2018.02.22 15:05:03.711,8.1158,8.11726,1.00,1.37
2018.02.22 15:05:03.762,8.11578,8.11708,1.00,1.00
2018.02.22 15:05:04.018,8.11561,8.11697,1.00,1.00
2018.02.22 15:05:04.760,8.11564,8.117,1.00,1.00
2018.02.22 15:05:05.347,8.11565,8.117,1.00,1.00
2018.02.22 15:05:05.662,8.11567,8.117,1.00,1.00
2018.02.22 15:05:06.079,8.1157,8.117,1.00,1.00
2018.02.22 15:05:06.620,8.11569,8.117,1.00,1.00
2018.02.22 15:05:07.214,8.11568,8.117,1.00,1.00
2018.02.22 15:05:07.560,8.1157,8.11705,1.00,1.00
2018.02.22 15:05:07.611,8.11566,8.11705,1.00,1.00
2018.02.22 15:05:08.150,8.11567,8.11705,1.00,1.00
2018.02.22 15:05:08.891,8.1157,8.11705,1.00,1.00
2018.02.22 15:05:09.232,8.11573,8.11705,1.00,1.00
2018.02.22 15:05:09.462,8.11575,8.11709,1.00,1.00
2018.02.22 15:05:10.805,8.11575,8.11713,1.00,1.00
2018.02.22 15:05:10.856,8.11563,8.11699,1.00,1.00
2018.02.22 15:05:11.150,8.11512,8.1165,1.00,1.00
2018.02.22 15:05:11.201,8.11512,8.1164,1.00,1.00
2018.02.22 15:05:11.353,8.11498,8.1164,1.00,1.00
2018.02.22 15:05:11.573,8.11496,8.11624,1.00,1.00
2018.02.22 15:05:11.624,8.11496,8.11632,1.00,1.00
2018.02.22 15:05:11.777,8.11518,8.11655,1.00,1.37
2018.02.22 15:05:12.523,8.1152,8.11656,1.00,1.37
2018.02.22 15:05:13.069,8.1152,8.11656,1.00,1.00
2018.02.22 15:05:14.052,8.1152,8.11653,1.00,1.00
2018.02.22 15:05:14.561,8.1152,8.11657,1.00,1.00
2018.02.22 15:05:14.697,8.11539,8.11683,1.00,1.37
2018.02.22 15:05:14.861,8.11506,8.11652,1.50,1.00
2018.02.22 15:05:14.912,8.11506,8.11639,1.00,1.00
2018.02.22 15:05:15.014,8.11506,8.11645,1.00,1.00
2018.02.22 15:05:15.069,8.11506,8.11633,1.00,1.00
2018.02.22 15:05:15.172,8.11493,8.11626,1.50,1.00
2018.02.22 15:05:15.381,8.11493,8.11617,1.50,1.00
2018.02.22 15:05:16.541,8.11493,8.11614,1.00,1.00
2018.02.22 15:05:16.783,8.11493,8.11619,1.00,1.00
2018.02.22 15:05:16.935,8.11493,8.1161,1.00,1.00
2018.02.22 15:05:17.414,8.11493,8.11614,1.00,1.00
2018.02.22 15:05:17.465,8.11493,8.11623,1.00,1.00
2018.02.22 15:05:17.517,8.11493,8.11627,1.00,1.00
2018.02.22 15:05:17.568,8.11493,8.11631,1.00,1.00
2018.02.22 15:05:17.619,8.11493,8.11626,1.00,1.00
2018.02.22 15:05:17.972,8.11493,8.11632,1.00,1.00
2018.02.22 15:05:18.286,8.11495,8.11641,1.00,1.37
2018.02.22 15:05:18.541,8.11519,8.11661,1.00,1.00
2018.02.22 15:05:18.593,8.11524,8.1167,1.00,1.00
2018.02.22 15:05:18.645,8.11534,8.11678,1.50,1.37
2018.02.22 15:05:18.851,8.11517,8.11657,1.00,1.00
2018.02.22 15:05:18.953,8.11515,8.11657,1.00,1.00
2018.02.22 15:05:19.056,8.11521,8.11667,1.00,1.00
2018.02.22 15:05:19.211,8.11515,8.11658,1.00,1.00
2018.02.22 15:05:20.082,8.11519,8.11665,1.00,1.00
2018.02.22 15:05:20.392,8.11515,8.11661,1.50,1.00
2018.02.22 15:05:20.726,8.11526,8.11672,1.00,1.37
2018.02.22 15:05:21.284,8.11527,8.11673,1.00,1.37
2018.02.22 15:05:21.722,8.11536,8.11682,1.00,1.37
2018.02.22 15:05:21.774,8.11549,8.11682,1.00,1.00
2018.02.22 15:05:21.899,8.11549,8.1169,1.00,1.00
2018.02.22 15:05:22.458,8.11554,8.1169,1.00,1.00
2018.02.22 15:05:22.708,8.11554,8.11695,1.00,1.00
2018.02.22 15:05:22.759,8.11558,8.11695,1.50,1.00
2018.02.22 15:05:22.811,8.1156,8.11706,1.00,1.37
2018.02.22 15:05:22.965,8.11565,8.11711,1.00,1.37
2018.02.22 15:05:23.120,8.11576,8.11722,1.00,1.00
2018.02.22 15:05:23.172,8.11579,8.11725,1.00,1.00
2018.02.22 15:05:23.513,8.1158,8.11723,1.00,1.00
2018.02.22 15:05:23.939,8.11582,8.11723,1.00,1.00
2018.02.22 15:05:24.252,8.11585,8.11723,1.00,1.00
2018.02.22 15:05:24.559,8.11588,8.11728,1.00,1.00
2018.02.22 15:05:24.922,8.11591,8.11728,1.00,1.00
2018.02.22 15:05:25.265,8.11589,8.11712,1.00,1.00
2018.02.22 15:05:25.494,8.11577,8.11712,1.00,1.00
2018.02.22 15:05:25.802,8.1158,8.11712,1.00,1.00
2018.02.22 15:05:26.076,8.11574,8.11712,1.50,1.00
2018.02.22 15:05:27.044,8.11578,8.11694,1.00,1.00
2018.02.22 15:05:27.369,8.11578,8.11684,1.00,1.00
2018.02.22 15:05:27.430,8.11531,8.11666,1.00,1.00
2018.02.22 15:05:27.482,8.11531,8.11657,1.00,1.00
2018.02.22 15:05:27.788,8.11519,8.11645,1.00,1.00
2018.02.22 15:05:28.205,8.11521,8.11649,1.00,1.00
2018.02.22 15:05:28.260,8.11521,8.11636,1.00,1.00
2018.02.22 15:05:28.361,8.11499,8.11624,1.00,1.00
2018.02.22 15:05:28.514,8.11493,8.11617,1.00,1.00
2018.02.22 15:05:28.856,8.11493,8.11615,1.00,1.00
2018.02.22 15:05:29.129,8.11493,8.11625,1.00,1.00
2018.02.22 15:05:29.181,8.11504,8.11625,1.00,1.00
2018.02.22 15:05:29.232,8.11504,8.11633,1.00,1.00
2018.02.22 15:05:29.442,8.11504,8.11639,1.00,1.00
2018.02.22 15:05:30.053,8.11504,8.11647,1.00,1.37
2018.02.22 15:05:30.154,8.11508,8.11647,1.00,1.37
2018.02.22 15:05:30.655,8.11508,8.11641,1.00,1.00
2018.02.22 15:05:31.264,8.11525,8.11659,1.00,1.00
2018.02.22 15:05:31.709,8.11527,8.11659,1.00,1.00
2018.02.22 15:05:32.110,8.11544,8.11663,1.00,1.00
2018.02.22 15:05:32.280,8.11559,8.11681,1.00,1.00
2018.02.22 15:05:32.542,8.11561,8.11704,1.00,1.37
2018.02.22 15:05:32.594,8.11576,8.11709,1.00,1.37
2018.02.22 15:05:32.846,8.11593,8.11721,1.00,1.00
2018.02.22 15:05:32.918,8.11593,8.11725,1.00,1.00
2018.02.22 15:05:32.998,8.11593,8.11719,1.00,1.00
2018.02.22 15:05:33.445,8.116,8.11719,1.00,1.00
2018.02.22 15:05:34.041,8.116,8.11711,1.00,1.00
2018.02.22 15:05:34.356,8.11585,8.11701,1.00,1.00
2018.02.22 15:05:34.513,8.11589,8.11722,1.00,1.00
2018.02.22 15:05:34.759,8.11589,8.11718,1.00,1.00
2018.02.22 15:05:35.117,8.11595,8.11718,1.00,1.00
2018.02.22 15:05:35.536,8.11597,8.11718,1.00,1.00
2018.02.22 15:05:35.833,8.11592,8.11714,1.00,1.00
2018.02.22 15:05:35.936,8.11592,8.11706,1.00,1.00
2018.02.22 15:05:36.399,8.11589,8.11703,1.00,1.00
2018.02.22 15:05:36.740,8.11589,8.11697,1.00,1.00
2018.02.22 15:05:37.343,8.1159,8.11703,1.00,1.00
2018.02.22 15:05:37.395,8.1159,8.11729,1.00,1.37
2018.02.22 15:05:37.446,8.1161,8.11729,1.00,1.00
2018.02.22 15:05:37.754,8.11609,8.11726,1.00,1.00
2018.02.22 15:05:38.069,8.1161,8.11731,1.00,1.00
2018.02.22 15:05:38.321,8.11608,8.11731,1.00,1.00
2018.02.22 15:05:38.818,8.11608,8.11722,1.00,1.00
2018.02.22 15:05:39.075,8.11606,8.11723,1.00,1.00
2018.02.22 15:05:39.608,8.11606,8.11712,1.00,1.00
2018.02.22 15:05:39.659,8.11591,8.11708,1.00,1.00
2018.02.22 15:05:39.713,8.11591,8.11701,1.00,1.00
2018.02.22 15:05:39.967,8.11585,8.11701,1.00,1.00
2018.02.22 15:05:40.353,8.11585,8.11695,1.00,1.00
2018.02.22 15:05:40.579,8.11562,8.11691,1.00,1.00
2018.02.22 15:05:40.630,8.11564,8.11691,1.00,1.00
2018.02.22 15:05:40.937,8.11565,8.11688,1.00,1.00
2018.02.22 15:05:41.408,8.11564,8.11692,1.00,1.00
2018.02.22 15:05:41.683,8.11564,8.11688,1.00,1.00
2018.02.22 15:05:42.168,8.11562,8.11675,1.00,1.00
2018.02.22 15:05:42.219,8.11562,8.11695,1.00,1.00
2018.02.22 15:05:42.423,8.11562,8.117,1.00,1.00
2018.02.22 15:05:42.577,8.11573,8.117,1.00,1.00
2018.02.22 15:05:43.176,8.11566,8.117,1.00,1.00
2018.02.22 15:05:43.349,8.11566,8.11695,1.00,1.00
2018.02.22 15:05:43.755,8.11564,8.11695,1.00,1.00
2018.02.22 15:05:44.072,8.11566,8.11695,1.00,1.00
2018.02.22 15:05:44.376,8.11563,8.11694,1.00,1.00
2018.02.22 15:05:47.203,8.11563,8.11696,1.00,1.00
2018.02.22 15:05:47.305,8.11563,8.11698,1.00,1.00
2018.02.22 15:05:47.838,8.11563,8.117,1.00,1.00
2018.02.22 15:05:48.394,8.11563,8.11696,1.00,1.00
2018.02.22 15:05:48.560,8.11563,8.117,1.00,1.00
2018.02.22 15:05:49.369,8.11563,8.11704,1.00,1.00
2018.02.22 15:05:49.543,8.11563,8.11707,1.00,1.00
2018.02.22 15:05:49.849,8.11576,8.11721,1.00,1.37
2018.02.22 15:05:50.184,8.11587,8.11734,1.00,1.37
2018.02.22 15:05:50.236,8.11585,8.11725,1.00,1.37
2018.02.22 15:05:50.340,8.11584,8.11717,1.00,1.00
2018.02.22 15:05:50.585,8.11584,8.11721,1.00,1.37
2018.02.22 15:05:50.637,8.11587,8.11719,1.00,1.12
2018.02.22 15:05:50.823,8.11581,8.11733,1.00,1.00
2018.02.22 15:05:50.874,8.11581,8.11697,1.00,1.00
2018.02.22 15:05:50.976,8.11581,8.11703,1.00,1.00
2018.02.22 15:05:51.229,8.11581,8.11694,1.00,1.00
2018.02.22 15:05:51.279,8.11554,8.1169,1.00,1.00
2018.02.22 15:05:51.330,8.11554,8.11683,1.00,1.00
2018.02.22 15:05:51.664,8.11554,8.11693,1.00,1.00
2018.02.22 15:05:51.973,8.11549,8.11684,1.00,1.00
2018.02.22 15:05:52.678,8.11549,8.1168,1.00,1.00
2018.02.22 15:05:52.985,8.1157,8.11704,1.00,1.00
2018.02.22 15:05:53.037,8.1157,8.11726,1.00,1.37
2018.02.22 15:05:53.237,8.1157,8.11706,1.00,1.00
2018.02.22 15:05:53.540,8.1157,8.11696,1.00,1.00
2018.02.22 15:05:53.785,8.1157,8.11699,1.00,1.00
2018.02.22 15:05:54.164,8.1157,8.11695,1.00,1.00
2018.02.22 15:05:55.338,8.1157,8.11699,1.00,1.00
2018.02.22 15:05:55.684,8.1157,8.11726,1.00,1.37
2018.02.22 15:05:55.945,8.11572,8.11726,1.00,1.37
2018.02.22 15:05:56.303,8.11606,8.11764,1.00,1.75
2018.02.22 15:05:56.736,8.11624,8.11768,1.00,1.75
2018.02.22 15:05:56.788,8.11624,8.11768,1.00,1.37
2018.02.22 15:05:58.019,8.11624,8.11772,1.00,1.00
2018.02.22 15:05:58.154,8.11624,8.11776,1.00,1.37
2018.02.22 15:05:58.362,8.11631,8.1178,1.00,1.37
2018.02.22 15:05:58.670,8.11647,8.11777,1.00,1.00
2018.02.22 15:05:58.726,8.11642,8.11773,1.00,1.00
2018.02.22 15:05:58.884,8.11642,8.11776,1.00,1.00
2018.02.22 15:05:58.935,8.11642,8.11771,1.00,1.00
2018.02.22 15:05:59.239,8.11642,8.11758,1.00,1.00
2018.02.22 15:05:59.319,8.11638,8.11758,1.00,1.00
2018.02.22 15:05:59.863,8.11638,8.11767,1.00,1.00
2018.02.22 15:06:00.016,8.11638,8.11765,1.00,1.00
2018.02.22 15:06:00.273,8.11638,8.11769,1.00,1.00
2018.02.22 15:06:00.936,8.11638,8.11772,1.00,1.00
2018.02.22 15:06:01.207,8.11622,8.11757,1.00,1.00
2018.02.22 15:06:01.310,8.11627,8.11757,1.00,1.00
2018.02.22 15:06:01.682,8.11627,8.11749,1.00,1.00
2018.02.22 15:06:01.963,8.11603,8.11749,1.00,1.00
2018.02.22 15:06:02.021,8.11599,8.11739,1.00,1.00
2018.02.22 15:06:02.072,8.11583,8.11739,1.00,1.00
2018.02.22 15:06:02.122,8.11581,8.11713,1.00,1.00
2018.02.22 15:06:02.173,8.11561,8.11704,1.00,1.00
2018.02.22 15:06:02.224,8.11561,8.11702,1.00,1.00
2018.02.22 15:06:02.540,8.11561,8.11692,1.00,1.00
2018.02.22 15:06:02.890,8.11561,8.11694,1.00,1.00
2018.02.22 15:06:03.046,8.11561,8.11692,1.00,1.00
2018.02.22 15:06:03.097,8.11546,8.11692,1.00,1.00
2018.02.22 15:06:03.179,8.11542,8.11682,1.00,1.00
2018.02.22 15:06:04.359,8.11561,8.11682,1.00,1.00
2018.02.22 15:06:04.489,8.11561,8.11703,1.00,1.37
2018.02.22 15:06:04.623,8.11539,8.11697,1.00,1.00
2018.02.22 15:06:04.690,8.11526,8.11682,1.00,1.37
2018.02.22 15:06:04.996,8.11541,8.11676,1.00,1.37
2018.02.22 15:06:05.958,8.11541,8.11663,1.00,1.00
2018.02.22 15:06:06.334,8.11541,8.11659,1.00,1.00
2018.02.22 15:06:06.972,8.11541,8.11678,1.00,1.37
2018.02.22 15:06:07.023,8.11541,8.11674,1.00,1.00
2018.02.22 15:06:07.334,8.11541,8.11668,1.00,1.00
2018.02.22 15:06:07.883,8.11523,8.11665,1.00,1.00
2018.02.22 15:06:07.935,8.11523,8.11659,1.00,1.00
2018.02.22 15:06:08.112,8.11523,8.11664,1.00,1.00
2018.02.22 15:06:08.431,8.11523,8.11669,1.50,1.00
2018.02.22 15:06:09.033,8.11527,8.11673,1.00,1.00
2018.02.22 15:06:09.342,8.1155,8.117,1.00,1.37
2018.02.22 15:06:09.751,8.1155,8.11664,1.00,1.00
2018.02.22 15:06:10.280,8.1155,8.11666,1.00,1.00
2018.02.22 15:06:10.331,8.1155,8.1167,1.00,1.00
2018.02.22 15:06:10.882,8.11528,8.1167,1.00,1.00
2018.02.22 15:06:11.624,8.11516,8.1166,1.00,1.00
2018.02.22 15:06:11.726,8.11511,8.11653,1.00,1.00
2018.02.22 15:06:12.045,8.11511,8.11645,1.00,1.00
2018.02.22 15:06:12.171,8.11511,8.11649,1.00,1.00
2018.02.22 15:06:12.288,8.11511,8.11652,1.00,1.00
2018.02.22 15:06:12.339,8.11511,8.11644,1.00,1.00
2018.02.22 15:06:12.766,8.11511,8.11649,1.00,1.00
2018.02.22 15:06:12.817,8.11511,8.11653,1.00,1.00
2018.02.22 15:06:12.963,8.11511,8.11649,1.00,1.00
2018.02.22 15:06:13.116,8.11512,8.11656,1.00,1.00
2018.02.22 15:06:13.167,8.11526,8.11656,1.00,1.00
2018.02.22 15:06:13.369,8.11544,8.11702,1.00,2.25
2018.02.22 15:06:13.644,8.11562,8.11702,1.00,1.75
2018.02.22 15:06:13.696,8.11562,8.11696,1.00,1.00
2018.02.22 15:06:13.971,8.11562,8.11693,1.00,1.00
2018.02.22 15:06:14.478,8.11562,8.11698,1.00,1.00
2018.02.22 15:06:15.158,8.11577,8.1172,1.00,1.37
2018.02.22 15:06:15.309,8.11587,8.11723,1.00,1.37
2018.02.22 15:06:16.477,8.11587,8.11723,1.00,1.00
2018.02.22 15:06:16.893,8.11607,8.11753,1.50,1.37
2018.02.22 15:06:17.047,8.11607,8.11747,1.00,1.00
2018.02.22 15:06:17.353,8.11607,8.11735,1.00,1.00
2018.02.22 15:06:17.725,8.11607,8.11732,1.00,1.00
2018.02.22 15:06:18.191,8.11607,8.1174,1.00,1.00
2018.02.22 15:06:19.118,8.11607,8.11745,1.00,1.00
2018.02.22 15:06:19.169,8.11607,8.11748,1.00,1.00
2018.02.22 15:06:19.221,8.11607,8.11739,1.00,1.00
2018.02.22 15:06:19.354,8.11607,8.11744,1.00,1.00
2018.02.22 15:06:19.406,8.11607,8.11733,1.00,1.00
2018.02.22 15:06:19.611,8.11607,8.11743,1.00,1.00
2018.02.22 15:06:19.832,8.11607,8.11747,1.00,1.37
2018.02.22 15:06:20.178,8.11607,8.11733,1.00,1.00
2018.02.22 15:06:20.504,8.11607,8.11729,1.00,1.00
2018.02.22 15:06:20.805,8.11607,8.11737,1.00,1.37
2018.02.22 15:06:21.336,8.11607,8.11746,1.00,1.00
2018.02.22 15:06:21.590,8.11607,8.11749,1.00,1.00
2018.02.22 15:06:22.741,8.11607,8.11754,1.50,1.00
2018.02.22 15:06:22.884,8.11607,8.11739,1.00,1.00
2018.02.22 15:06:23.196,8.11607,8.11725,1.00,1.00
2018.02.22 15:06:23.246,8.11589,8.11722,1.00,1.00
2018.02.22 15:06:23.399,8.11589,8.11729,1.00,1.00
2018.02.22 15:06:23.449,8.11589,8.11723,1.00,1.00
2018.02.22 15:06:23.501,8.11589,8.11729,1.00,1.00
2018.02.22 15:06:23.695,8.11589,8.11724,1.00,1.00
2018.02.22 15:06:24.364,8.11589,8.11721,1.00,1.00
2018.02.22 15:06:26.920,8.11589,8.11711,1.00,1.00
2018.02.22 15:06:26.990,8.11567,8.11702,1.00,1.00
2018.02.22 15:06:27.042,8.11549,8.11705,1.00,1.00
2018.02.22 15:06:27.195,8.11533,8.11667,1.00,1.00
2018.02.22 15:06:27.247,8.11531,8.11667,1.00,1.00
2018.02.22 15:06:27.400,8.11531,8.1166,1.00,1.00
2018.02.22 15:06:27.806,8.11531,8.11657,1.00,1.00
2018.02.22 15:06:28.200,8.11531,8.11654,1.00,1.00
2018.02.22 15:06:28.568,8.11531,8.1165,1.00,1.00
2018.02.22 15:06:28.626,8.11509,8.11641,1.00,1.00
2018.02.22 15:06:28.677,8.11509,8.11635,1.00,1.00
2018.02.22 15:06:28.779,8.11486,8.11626,1.00,1.00
2018.02.22 15:06:28.957,8.11501,8.11626,1.00,1.00
2018.02.22 15:06:29.009,8.11501,8.11635,1.00,1.00
2018.02.22 15:06:29.061,8.11501,8.11659,1.00,1.00
2018.02.22 15:06:29.112,8.11501,8.11641,1.00,1.00
2018.02.22 15:06:29.528,8.11519,8.11645,1.00,1.00
2018.02.22 15:06:29.685,8.11491,8.11626,1.00,1.00
2018.02.22 15:06:31.478,8.11491,8.11623,1.00,1.00
2018.02.22 15:06:31.530,8.11491,8.11643,1.00,1.37
2018.02.22 15:06:31.882,8.11498,8.11658,1.00,1.37
2018.02.22 15:06:32.229,8.11525,8.11658,1.00,1.37
2018.02.22 15:06:32.665,8.11507,8.11647,1.00,1.00
2018.02.22 15:06:32.716,8.11507,8.1165,1.00,1.00
2018.02.22 15:06:32.769,8.11507,8.11653,1.00,1.00
2018.02.22 15:06:32.820,8.11507,8.1165,1.00,1.00
2018.02.22 15:06:32.921,8.11508,8.11652,1.00,1.00
2018.02.22 15:06:33.019,8.11507,8.11646,1.00,1.00
2018.02.22 15:06:33.190,8.11521,8.11665,1.00,1.12
2018.02.22 15:06:33.524,8.11527,8.11666,1.00,1.37
2018.02.22 15:06:33.909,8.11527,8.11657,1.00,1.00
2018.02.22 15:06:33.960,8.11513,8.11659,1.00,1.00
2018.02.22 15:06:34.227,8.11513,8.11656,1.00,1.00
2018.02.22 15:06:34.596,8.11513,8.11652,1.00,1.00
2018.02.22 15:06:34.922,8.11513,8.1165,1.00,1.50
2018.02.22 15:06:35.255,8.11513,8.11645,1.00,1.00
2018.02.22 15:06:35.621,8.11513,8.11644,1.00,1.37
2018.02.22 15:06:37.134,8.11513,8.11649,1.00,1.00
2018.02.22 15:06:37.236,8.11517,8.11653,1.00,1.00
2018.02.22 15:06:37.287,8.11519,8.11657,1.00,1.00
2018.02.22 15:06:37.440,8.11513,8.11646,1.00,1.00
2018.02.22 15:06:37.543,8.11518,8.11655,1.00,1.00
2018.02.22 15:06:37.710,8.11522,8.11659,1.00,1.00
2018.02.22 15:06:38.023,8.11533,8.11659,1.00,1.00
2018.02.22 15:06:38.517,8.11535,8.11672,1.00,1.37
2018.02.22 15:06:38.593,8.11535,8.11672,1.00,1.00
2018.02.22 15:06:40.177,8.11552,8.1169,1.00,1.37
2018.02.22 15:06:40.235,8.11565,8.11691,1.00,1.00
2018.02.22 15:06:40.285,8.11565,8.11685,1.00,1.00
2018.02.22 15:06:41.326,8.11548,8.11685,1.00,1.00
2018.02.22 15:06:41.844,8.11554,8.11691,1.00,1.00
2018.02.22 15:06:42.830,8.11547,8.11685,1.50,1.00
2018.02.22 15:06:43.207,8.11556,8.11694,1.00,1.00
2018.02.22 15:06:43.462,8.11548,8.11696,1.00,1.00
2018.02.22 15:06:43.718,8.11548,8.11681,1.00,1.00
2018.02.22 15:06:45.336,8.11548,8.11687,1.00,1.12
2018.02.22 15:06:45.387,8.11548,8.11683,1.00,1.00
2018.02.22 15:06:45.732,8.11524,8.11673,1.00,1.75
2018.02.22 15:06:46.316,8.11526,8.11663,1.00,1.50
2018.02.22 15:06:46.570,8.11524,8.11659,1.00,1.37
2018.02.22 15:06:46.734,8.11526,8.11663,1.00,1.00
2018.02.22 15:06:46.785,8.11524,8.11659,1.00,1.00
2018.02.22 15:06:47.099,8.11524,8.11656,1.00,1.00
2018.02.22 15:06:47.729,8.11527,8.11665,1.00,1.00
2018.02.22 15:06:48.962,8.11524,8.11656,1.00,1.00
2018.02.22 15:06:49.550,8.11524,8.11657,1.00,1.50
2018.02.22 15:06:50.787,8.11524,8.11645,1.00,1.00
2018.02.22 15:06:51.707,8.11524,8.11654,1.00,1.37
2018.02.22 15:06:51.759,8.11531,8.11654,1.00,1.37
2018.02.22 15:06:51.915,8.11556,8.11697,1.00,1.37
2018.02.22 15:06:52.172,8.11538,8.11676,1.00,1.00
2018.02.22 15:06:52.223,8.11529,8.11676,1.00,1.00
2018.02.22 15:06:52.274,8.11529,8.11666,1.50,1.00
2018.02.22 15:06:52.815,8.11529,8.11665,1.00,1.00
2018.02.22 15:06:53.117,8.11531,8.11667,1.00,1.00
2018.02.22 15:06:53.319,8.11535,8.11672,1.00,1.00
2018.02.22 15:06:53.895,8.11532,8.1167,1.00,1.00
2018.02.22 15:06:54.864,8.11529,8.1165,1.00,1.00
2018.02.22 15:06:55.221,8.11529,8.11671,1.00,1.00
2018.02.22 15:06:55.342,8.11529,8.11647,1.00,1.00
2018.02.22 15:06:55.395,8.11529,8.11671,1.00,1.00
2018.02.22 15:06:55.534,8.11529,8.1166,1.00,1.00
2018.02.22 15:06:55.688,8.11529,8.11678,1.00,1.37
2018.02.22 15:06:55.988,8.11529,8.11674,1.00,1.37
2018.02.22 15:06:59.066,8.11529,8.11676,1.00,1.37
2018.02.22 15:06:59.327,8.11529,8.11668,1.00,1.00
2018.02.22 15:06:59.633,8.11529,8.11666,1.00,1.00
2018.02.22 15:06:59.955,8.11565,8.11708,1.00,1.75
2018.02.22 15:07:00.065,8.11569,8.11708,1.00,1.00
2018.02.22 15:07:00.116,8.11604,8.1174,1.00,1.75
2018.02.22 15:07:00.169,8.11601,8.11736,1.00,1.00
2018.02.22 15:07:00.372,8.11597,8.11727,1.00,1.00
2018.02.22 15:07:00.423,8.1158,8.11716,1.00,1.00
2018.02.22 15:07:00.474,8.1158,8.11701,1.00,1.00
2018.02.22 15:07:00.525,8.1158,8.11704,1.00,1.00
2018.02.22 15:07:00.908,8.1158,8.11699,1.00,1.00
2018.02.22 15:07:01.101,8.1158,8.11708,1.00,1.00
2018.02.22 15:07:01.152,8.1158,8.11703,1.00,1.00
2018.02.22 15:07:01.482,8.11576,8.11702,1.00,1.00
2018.02.22 15:07:01.534,8.11576,8.11696,1.00,1.00
2018.02.22 15:07:01.635,8.1156,8.11682,1.00,1.00
2018.02.22 15:07:01.737,8.1156,8.11691,1.00,1.00
2018.02.22 15:07:01.788,8.1156,8.11687,1.00,1.00
2018.02.22 15:07:02.101,8.1156,8.11685,1.00,1.00
2018.02.22 15:07:02.909,8.1156,8.11694,1.00,1.37
2018.02.22 15:07:03.994,8.1156,8.11694,1.00,1.00
2018.02.22 15:07:06.073,8.11576,8.11717,1.00,1.37
2018.02.22 15:07:06.374,8.11586,8.11718,1.00,1.37
2018.02.22 15:07:06.772,8.11595,8.11732,1.00,1.00
2018.02.22 15:07:06.824,8.11601,8.11732,1.00,1.00
2018.02.22 15:07:07.849,8.11601,8.1174,1.00,1.37
2018.02.22 15:07:08.159,8.11601,8.11735,1.00,1.00
2018.02.22 15:07:10.447,8.11601,8.11739,1.00,1.00
2018.02.22 15:07:12.234,8.11601,8.11724,1.00,1.00
2018.02.22 15:07:12.285,8.11581,8.11711,1.00,1.00
2018.02.22 15:07:12.336,8.11581,8.11705,1.00,1.00
2018.02.22 15:07:12.517,8.11565,8.11697,1.00,1.00
2018.02.22 15:07:12.568,8.11565,8.11699,1.00,1.00
2018.02.22 15:07:12.619,8.11565,8.11704,1.00,1.00
2018.02.22 15:07:12.821,8.11565,8.11711,1.00,1.50
2018.02.22 15:07:12.872,8.11565,8.11698,1.00,1.00
2018.02.22 15:07:13.180,8.11565,8.11675,1.00,1.00
2018.02.22 15:07:13.396,8.11565,8.11684,1.00,1.00
2018.02.22 15:07:13.785,8.11537,8.11675,1.50,1.00
2018.02.22 15:07:13.836,8.11537,8.11668,1.00,1.00
2018.02.22 15:07:14.527,8.11537,8.11659,1.00,1.00
2018.02.22 15:07:15.078,8.11537,8.11663,1.00,1.00
2018.02.22 15:07:16.311,8.11514,8.11651,1.50,1.00
2018.02.22 15:07:16.362,8.11519,8.11656,1.00,1.00
2018.02.22 15:07:17.335,8.11521,8.11656,1.00,1.00
2018.02.22 15:07:17.970,8.11524,8.11664,1.00,1.00
2018.02.22 15:07:21.639,8.11528,8.11668,1.00,1.00
2018.02.22 15:07:22.157,8.11518,8.11658,1.00,1.00
2018.02.22 15:07:22.508,8.11504,8.11641,1.00,1.00
2018.02.22 15:07:22.817,8.11494,8.11615,1.00,1.00
2018.02.22 15:07:22.938,8.11494,8.11623,1.00,1.00
2018.02.22 15:07:22.989,8.11494,8.11614,1.00,1.00
2018.02.22 15:07:23.662,8.11494,8.11606,1.00,1.00
2018.02.22 15:07:23.911,8.11494,8.1162,1.00,1.00
2018.02.22 15:07:24.402,8.11494,8.11629,1.00,1.00
2018.02.22 15:07:24.806,8.11494,8.11598,1.00,1.00
2018.02.22 15:07:24.961,8.11511,8.1165,1.00,1.00
2018.02.22 15:07:25.014,8.11531,8.11661,1.00,1.00
2018.02.22 15:07:25.065,8.11531,8.11684,1.00,1.37
2018.02.22 15:07:25.117,8.11508,8.11649,1.00,1.00
2018.02.22 15:07:25.454,8.11484,8.11611,1.50,1.00
2018.02.22 15:07:25.607,8.11497,8.11632,1.00,1.00
2018.02.22 15:07:25.659,8.11515,8.11632,1.00,1.00
2018.02.22 15:07:25.710,8.11515,8.11647,1.00,1.87
2018.02.22 15:07:25.761,8.11515,8.11628,1.00,1.00
2018.02.22 15:07:25.814,8.11515,8.11637,1.00,1.37
2018.02.22 15:07:26.015,8.11516,8.11641,1.00,1.00
2018.02.22 15:07:26.066,8.11516,8.11647,1.00,1.00
2018.02.22 15:07:26.217,8.11534,8.11644,1.00,1.00
2018.02.22 15:07:26.318,8.11534,8.11655,1.00,1.00
2018.02.22 15:07:26.369,8.11556,8.11664,1.00,1.00
2018.02.22 15:07:26.570,8.11556,8.1169,1.00,1.00
2018.02.22 15:07:26.621,8.11574,8.11683,1.00,1.00
2018.02.22 15:07:26.673,8.11557,8.11683,1.00,1.00
2018.02.22 15:07:26.724,8.11557,8.11677,1.00,1.00
2018.02.22 15:07:27.080,8.11557,8.11672,1.00,1.00
2018.02.22 15:07:27.189,8.11557,8.1168,1.00,1.00
2018.02.22 15:07:27.547,8.11557,8.11685,1.00,1.00
2018.02.22 15:07:27.658,8.11557,8.11689,1.00,1.00
2018.02.22 15:07:28.366,8.11557,8.11697,1.00,1.00
2018.02.22 15:07:28.417,8.11561,8.11701,1.00,1.00
2018.02.22 15:07:28.468,8.11563,8.11705,1.00,1.00
2018.02.22 15:07:29.671,8.11585,8.11715,1.00,1.00
2018.02.22 15:07:30.005,8.11582,8.11709,1.00,1.00
2018.02.22 15:07:30.326,8.11582,8.11705,1.00,1.00
2018.02.22 15:07:30.706,8.11582,8.11697,1.00,1.00
2018.02.22 15:07:31.041,8.1156,8.11687,1.00,1.00
2018.02.22 15:07:31.511,8.1156,8.11677,1.00,1.00
2018.02.22 15:07:32.184,8.1156,8.11682,1.00,1.00
2018.02.22 15:07:32.236,8.11541,8.11673,1.00,1.00
2018.02.22 15:07:32.485,8.11541,8.11677,1.00,1.00
2018.02.22 15:07:32.747,8.11543,8.11687,1.00,1.00
2018.02.22 15:07:32.798,8.11557,8.1169,1.00,1.00
2018.02.22 15:07:33.136,8.11557,8.11674,1.00,1.00
2018.02.22 15:07:33.238,8.11535,8.11666,1.00,1.00
2018.02.22 15:07:33.289,8.11535,8.1166,1.00,1.00
2018.02.22 15:07:33.340,8.11519,8.11652,1.00,1.00
2018.02.22 15:07:33.391,8.11519,8.1165,1.00,1.00
2018.02.22 15:07:34.668,8.11519,8.11647,1.00,1.00
2018.02.22 15:07:34.973,8.11519,8.11638,1.00,1.00
2018.02.22 15:07:35.651,8.11519,8.11643,1.00,1.00
2018.02.22 15:07:35.752,8.11519,8.11645,1.00,1.00
2018.02.22 15:07:36.540,8.11519,8.11641,1.00,1.00
2018.02.22 15:07:36.913,8.11519,8.11639,1.00,1.00
2018.02.22 15:07:37.615,8.11519,8.11627,1.00,1.00
2018.02.22 15:07:39.906,8.11498,8.11599,1.00,1.00
2018.02.22 15:07:40.209,8.11498,8.11603,1.00,1.00
2018.02.22 15:07:40.260,8.11498,8.11612,1.00,1.00
2018.02.22 15:07:40.931,8.11498,8.1162,1.00,1.00
2018.02.22 15:07:41.424,8.11498,8.11624,1.00,1.00
2018.02.22 15:07:41.629,8.11512,8.11632,1.00,1.00
2018.02.22 15:07:41.976,8.11512,8.1163,1.00,1.00
2018.02.22 15:07:42.080,8.11512,8.11636,1.00,1.00
2018.02.22 15:07:42.258,8.11516,8.11646,1.00,1.00
2018.02.22 15:07:42.964,8.11516,8.11642,1.00,1.00
2018.02.22 15:07:43.270,8.11512,8.11629,1.00,1.00
2018.02.22 15:07:43.372,8.11512,8.11638,1.00,1.00
2018.02.22 15:07:43.424,8.11512,8.11632,1.00,1.00
2018.02.22 15:07:43.747,8.11514,8.11633,1.00,1.00
2018.02.22 15:07:44.079,8.11514,8.11627,1.00,1.00
2018.02.22 15:07:44.435,8.11514,8.11637,1.00,1.00
2018.02.22 15:07:45.243,8.11514,8.11645,1.00,1.00
2018.02.22 15:07:46.123,8.11514,8.1164,1.00,1.00
2018.02.22 15:07:46.175,8.11514,8.11643,1.00,1.00
2018.02.22 15:07:46.388,8.11514,8.11648,1.00,1.00
2018.02.22 15:07:46.490,8.11514,8.11652,1.50,1.00
2018.02.22 15:07:46.541,8.11518,8.11655,1.00,1.00
2018.02.22 15:07:46.885,8.11535,8.1166,1.00,1.00
2018.02.22 15:07:47.381,8.11535,8.11664,1.00,1.00
2018.02.22 15:07:47.483,8.11535,8.11659,1.00,1.00
2018.02.22 15:07:47.827,8.11535,8.1165,1.00,1.00
2018.02.22 15:07:48.032,8.11535,8.11654,1.00,1.00
2018.02.22 15:07:48.301,8.11535,8.11648,1.00,1.00
2018.02.22 15:07:48.352,8.11523,8.11654,1.00,1.00
2018.02.22 15:07:48.403,8.11523,8.1165,1.00,1.00
2018.02.22 15:07:48.707,8.11523,8.11642,1.00,1.00
2018.02.22 15:07:49.071,8.11523,8.11631,1.00,1.00
2018.02.22 15:07:49.444,8.11507,8.11631,1.00,1.00
2018.02.22 15:07:49.726,8.11507,8.1164,1.00,1.00
2018.02.22 15:07:49.875,8.11514,8.1166,1.00,1.00
2018.02.22 15:07:49.926,8.11534,8.11663,1.00,1.00
2018.02.22 15:07:50.129,8.11534,8.11671,1.00,1.00
2018.02.22 15:07:50.350,8.11534,8.11668,1.00,1.00
2018.02.22 15:07:50.695,8.11534,8.1167,1.00,1.00
2018.02.22 15:07:50.746,8.11534,8.11667,1.00,1.00
2018.02.22 15:07:51.056,8.11534,8.11671,1.00,1.00
2018.02.22 15:07:52.151,8.11534,8.11662,1.00,1.00
2018.02.22 15:07:52.471,8.11534,8.11654,1.00,1.00
2018.02.22 15:07:52.787,8.11534,8.11646,1.00,1.00
2018.02.22 15:07:53.564,8.11509,8.11637,1.00,1.00
2018.02.22 15:07:53.720,8.11509,8.11619,1.00,1.00
2018.02.22 15:07:53.779,8.11493,8.11606,1.00,1.00
2018.02.22 15:07:53.983,8.11493,8.1161,1.00,1.00
2018.02.22 15:07:54.087,8.11493,8.11604,1.00,1.00
2018.02.22 15:07:54.715,8.11493,8.11615,1.00,1.00
2018.02.22 15:07:54.920,8.11493,8.11624,1.00,1.00
2018.02.22 15:07:56.019,8.1151,8.1165,1.00,1.00
2018.02.22 15:07:56.070,8.1151,8.11629,1.00,1.00
2018.02.22 15:07:56.121,8.1151,8.11638,1.00,1.00
2018.02.22 15:07:56.171,8.1151,8.11631,1.00,1.00
2018.02.22 15:07:57.677,8.1151,8.11625,1.00,1.00
2018.02.22 15:07:58.224,8.1151,8.11634,1.00,1.00
2018.02.22 15:07:58.772,8.1151,8.11633,1.00,1.00
2018.02.22 15:08:00.209,8.11545,8.11669,1.00,1.00
2018.02.22 15:08:00.419,8.1157,8.11692,1.00,1.00
2018.02.22 15:08:00.470,8.1157,8.11695,1.00,1.00
2018.02.22 15:08:00.572,8.1157,8.1169,1.00,1.00
2018.02.22 15:08:01.092,8.1157,8.11679,1.00,1.00
2018.02.22 15:08:01.227,8.1157,8.11688,1.00,1.00
2018.02.22 15:08:01.686,8.1157,8.1168,1.00,1.00
2018.02.22 15:08:01.737,8.11548,8.1167,1.00,1.00
2018.02.22 15:08:01.888,8.11529,8.1167,1.00,1.00
2018.02.22 15:08:02.190,8.11535,8.11681,1.00,1.00
2018.02.22 15:08:02.241,8.11545,8.11687,1.00,1.00
2018.02.22 15:08:02.545,8.11551,8.11678,1.00,1.00
2018.02.22 15:08:02.879,8.11551,8.11665,1.00,1.00
2018.02.22 15:08:03.201,8.11551,8.11657,1.00,1.00
2018.02.22 15:08:03.381,8.11514,8.11649,1.00,1.00
2018.02.22 15:08:03.483,8.11514,8.11647,1.00,1.00
2018.02.22 15:08:03.711,8.11514,8.11652,1.00,1.00
2018.02.22 15:08:03.764,8.11514,8.11658,1.00,1.00
2018.02.22 15:08:03.815,8.11531,8.11662,1.00,1.00
2018.02.22 15:08:04.125,8.11531,8.11646,1.00,1.00
2018.02.22 15:08:04.454,8.11531,8.11643,1.00,1.00
2018.02.22 15:08:04.556,8.11515,8.11643,1.00,1.00
2018.02.22 15:08:04.778,8.11515,8.11648,1.00,1.00
2018.02.22 15:08:04.829,8.11515,8.11643,1.00,1.00
2018.02.22 15:08:05.215,8.11515,8.11633,1.00,1.00
2018.02.22 15:08:06.898,8.11515,8.11638,1.00,1.00
2018.02.22 15:08:07.000,8.11515,8.11631,1.00,1.00
2018.02.22 15:08:07.688,8.11515,8.11662,1.00,1.00
2018.02.22 15:08:07.740,8.11515,8.11666,1.00,1.00
2018.02.22 15:08:07.794,8.11536,8.11668,1.00,1.00
2018.02.22 15:08:08.141,8.11536,8.11664,1.00,1.00
2018.02.22 15:08:08.447,8.11536,8.1166,1.00,1.00
2018.02.22 15:08:08.553,8.11536,8.11663,1.00,1.00
2018.02.22 15:08:08.901,8.11536,8.11658,1.00,1.00
2018.02.22 15:08:09.221,8.11518,8.11637,1.00,1.00
2018.02.22 15:08:09.324,8.11518,8.11645,1.00,1.00
2018.02.22 15:08:09.432,8.11518,8.11643,1.00,1.00
2018.02.22 15:08:09.804,8.11518,8.11639,1.00,1.00
2018.02.22 15:08:10.227,8.11518,8.11642,1.00,1.00
2018.02.22 15:08:10.278,8.11518,8.11646,1.00,1.00
2018.02.22 15:08:10.381,8.11534,8.11655,1.00,1.00
2018.02.22 15:08:10.582,8.11517,8.11646,1.00,1.00
2018.02.22 15:08:10.633,8.11517,8.11642,1.00,1.00
2018.02.22 15:08:10.835,8.11517,8.11645,1.00,1.00
2018.02.22 15:08:10.886,8.11517,8.11642,1.00,1.00
2018.02.22 15:08:10.937,8.11517,8.11645,1.00,1.00
2018.02.22 15:08:11.038,8.11517,8.11647,1.00,1.00
2018.02.22 15:08:11.582,8.11517,8.11648,1.00,1.00
2018.02.22 15:08:11.736,8.11517,8.11661,1.00,1.00
2018.02.22 15:08:12.332,8.11534,8.11661,1.00,1.00
2018.02.22 15:08:12.591,8.11534,8.11664,1.00,1.00
2018.02.22 15:08:13.130,8.11534,8.11665,1.00,1.00
2018.02.22 15:08:15.616,8.11552,8.11657,1.00,1.00
2018.02.22 15:08:15.668,8.11552,8.1166,1.00,1.00
2018.02.22 15:08:15.719,8.11552,8.11664,1.00,1.00
2018.02.22 15:08:15.770,8.11534,8.11659,1.50,1.00
2018.02.22 15:08:15.822,8.11534,8.11653,1.50,1.00
2018.02.22 15:08:15.976,8.11534,8.11658,1.50,1.00
2018.02.22 15:08:16.313,8.11534,8.11663,1.50,1.00
2018.02.22 15:08:16.383,8.11534,8.11667,1.50,1.00
2018.02.22 15:08:16.434,8.11534,8.11664,1.50,1.00
2018.02.22 15:08:16.689,8.11534,8.11668,1.50,1.00
2018.02.22 15:08:17.474,8.11534,8.11666,1.50,1.00
2018.02.22 15:08:17.802,8.11534,8.11662,1.50,1.00
2018.02.22 15:08:18.124,8.11534,8.11666,1.50,1.00
2018.02.22 15:08:18.454,8.11534,8.11671,1.50,1.00
2018.02.22 15:08:18.891,8.11534,8.11667,1.50,1.00
2018.02.22 15:08:19.244,8.11555,8.11678,1.00,1.00
2018.02.22 15:08:19.343,8.11555,8.11683,1.00,1.00
2018.02.22 15:08:19.394,8.11555,8.11689,1.00,1.00
2018.02.22 15:08:19.597,8.11555,8.11679,1.00,1.00
2018.02.22 15:08:19.648,8.11555,8.11686,1.00,1.00
2018.02.22 15:08:20.688,8.11555,8.11693,1.50,1.00
2018.02.22 15:08:20.790,8.1157,8.11708,1.00,1.00
2018.02.22 15:08:21.130,8.11567,8.1168,1.00,1.00
2018.02.22 15:08:22.108,8.11567,8.11685,1.00,1.00
2018.02.22 15:08:22.210,8.11567,8.11688,1.00,1.00
2018.02.22 15:08:22.950,8.11567,8.11689,1.00,1.00
2018.02.22 15:08:23.445,8.11567,8.11683,1.00,1.00
2018.02.22 15:08:24.040,8.11567,8.11682,1.00,1.00
2018.02.22 15:08:27.137,8.11567,8.11692,1.00,1.00
2018.02.22 15:08:27.676,8.11567,8.11691,1.00,1.00
2018.02.22 15:08:27.839,8.11567,8.11687,1.00,1.00
2018.02.22 15:08:30.083,8.11546,8.11678,1.00,1.00
2018.02.22 15:08:31.432,8.11546,8.11666,1.00,1.00
2018.02.22 15:08:31.483,8.11541,8.11666,1.00,1.00
2018.02.22 15:08:32.012,8.11542,8.11666,1.00,1.00
2018.02.22 15:08:32.063,8.11568,8.11678,1.00,1.00
2018.02.22 15:08:32.114,8.11568,8.11705,1.50,1.00
2018.02.22 15:08:32.165,8.11568,8.11698,1.00,1.00
2018.02.22 15:08:32.511,8.11568,8.11689,1.00,1.00
2018.02.22 15:08:32.562,8.11568,8.11697,1.00,1.00
2018.02.22 15:08:32.668,8.11572,8.11709,1.00,1.00
2018.02.22 15:08:32.851,8.11591,8.11709,1.00,1.00
2018.02.22 15:08:33.896,8.11591,8.11718,1.00,1.00
2018.02.22 15:08:34.980,8.11591,8.11717,1.00,1.00
2018.02.22 15:08:35.184,8.11591,8.11723,1.00,1.00
2018.02.22 15:08:37.980,8.11591,8.11728,1.50,1.00
2018.02.22 15:08:38.671,8.11595,8.1173,1.00,1.00
2018.02.22 15:08:38.773,8.11591,8.11727,1.00,1.00
2018.02.22 15:08:38.957,8.11591,8.11713,1.00,1.00
2018.02.22 15:08:39.009,8.11573,8.11699,1.00,1.00
2018.02.22 15:08:39.112,8.11564,8.11699,1.12,1.00
2018.02.22 15:08:39.215,8.11579,8.11705,1.00,1.00
2018.02.22 15:08:39.266,8.11579,8.11713,1.00,1.00
2018.02.22 15:08:39.407,8.11579,8.11716,1.50,1.00
2018.02.22 15:08:39.592,8.11579,8.11708,1.00,1.00
2018.02.22 15:08:40.590,8.11579,8.11719,1.00,1.00
2018.02.22 15:08:40.693,8.11598,8.11735,1.00,1.00
2018.02.22 15:08:40.999,8.11575,8.11701,1.00,1.00
2018.02.22 15:08:41.807,8.11564,8.11701,1.00,1.00
2018.02.22 15:08:42.532,8.11556,8.11693,1.50,1.00
2018.02.22 15:08:43.047,8.11556,8.11692,1.00,1.00
2018.02.22 15:08:44.090,8.11538,8.11675,1.00,1.00
2018.02.22 15:08:45.077,8.1152,8.11658,1.50,1.00
2018.02.22 15:08:45.179,8.1152,8.11649,1.00,1.00
2018.02.22 15:08:46.023,8.1152,8.11641,1.00,1.00
2018.02.22 15:08:46.728,8.11498,8.11641,1.00,1.00
2018.02.22 15:08:46.830,8.11498,8.11632,1.00,1.00
2018.02.22 15:08:47.512,8.11498,8.11631,1.00,1.00
2018.02.22 15:08:47.710,8.11498,8.11634,1.00,1.00
2018.02.22 15:08:48.223,8.11498,8.11632,1.00,1.00
2018.02.22 15:08:48.557,8.11498,8.11622,1.00,1.00
2018.02.22 15:08:50.515,8.11518,8.11633,1.00,1.00
2018.02.22 15:08:50.566,8.115,8.11637,1.00,1.00
2018.02.22 15:08:50.869,8.115,8.11628,1.00,1.00
2018.02.22 15:08:51.204,8.115,8.11618,1.00,1.00
2018.02.22 15:08:52.143,8.115,8.11609,1.00,1.00
2018.02.22 15:08:52.194,8.11493,8.11609,1.00,1.00
2018.02.22 15:08:53.009,8.11493,8.1161,1.00,1.00
2018.02.22 15:08:55.173,8.11493,8.11604,1.00,1.00
2018.02.22 15:08:55.565,8.11493,8.11607,1.00,1.00
2018.02.22 15:08:56.244,8.11493,8.11616,1.00,1.00
2018.02.22 15:08:56.295,8.11493,8.11608,1.00,1.00
2018.02.22 15:08:57.345,8.11493,8.11609,1.00,1.00
2018.02.22 15:08:57.396,8.11493,8.11618,1.00,1.00
2018.02.22 15:08:57.447,8.11493,8.1161,1.00,1.00
2018.02.22 15:08:57.972,8.11493,8.11615,1.00,1.00
2018.02.22 15:08:58.251,8.11493,8.11621,1.00,1.00
2018.02.22 15:08:58.429,8.11493,8.11627,1.00,1.37
2018.02.22 15:08:58.481,8.11503,8.11641,1.00,1.37
2018.02.22 15:08:58.533,8.11494,8.11627,1.00,1.00
2018.02.22 15:08:58.589,8.11498,8.11633,1.00,1.00
2018.02.22 15:08:58.641,8.11494,8.11625,1.00,1.00
2018.02.22 15:08:58.970,8.11494,8.1161,1.50,1.00
2018.02.22 15:08:59.021,8.11494,8.11614,1.50,1.00
2018.02.22 15:08:59.621,8.11494,8.11607,1.50,1.00
2018.02.22 15:08:59.948,8.11494,8.11601,1.00,1.00
2018.02.22 15:09:00.102,8.11494,8.11605,1.00,1.00
2018.02.22 15:09:00.369,8.11494,8.11602,1.00,1.00
2018.02.22 15:09:00.544,8.11494,8.11612,1.00,1.00
2018.02.22 15:09:00.595,8.11494,8.11615,1.00,1.00
2018.02.22 15:09:00.646,8.11494,8.1162,1.00,1.00
2018.02.22 15:09:00.803,8.11494,8.11616,1.00,1.00
2018.02.22 15:09:01.120,8.11494,8.11612,1.00,1.00
2018.02.22 15:09:02.022,8.11494,8.11609,1.00,1.00
2018.02.22 15:09:02.546,8.11494,8.11611,1.00,1.00
2018.02.22 15:09:03.300,8.11494,8.11614,1.00,1.00
2018.02.22 15:09:03.622,8.11494,8.11612,1.00,1.00
2018.02.22 15:09:04.178,8.11493,8.11612,1.00,1.00
2018.02.22 15:09:04.384,8.11493,8.11621,1.50,1.00
2018.02.22 15:09:05.072,8.11493,8.11613,1.50,1.00
2018.02.22 15:09:05.377,8.11493,8.11601,1.00,1.00
2018.02.22 15:09:05.428,8.11493,8.11604,1.00,1.00
2018.02.22 15:09:05.479,8.11493,8.11608,1.00,1.37
2018.02.22 15:09:05.900,8.11493,8.11604,1.00,1.00
2018.02.22 15:09:06.224,8.11493,8.11608,1.00,1.37
2018.02.22 15:09:06.770,8.11493,8.11608,1.00,1.00
2018.02.22 15:09:06.837,8.11493,8.11604,1.00,1.00
2018.02.22 15:09:07.711,8.11493,8.11616,1.00,1.37
2018.02.22 15:09:08.040,8.11493,8.11612,1.00,1.00
2018.02.22 15:09:08.938,8.11493,8.11605,1.00,1.00
2018.02.22 15:09:09.852,8.11493,8.116,1.00,1.00
2018.02.22 15:09:10.021,8.11493,8.11605,1.00,1.00
2018.02.22 15:09:11.400,8.11493,8.116,1.00,1.00
2018.02.22 15:09:11.502,8.11482,8.11591,1.00,1.00
2018.02.22 15:09:11.553,8.11482,8.11576,1.00,1.00
2018.02.22 15:09:12.046,8.11482,8.11571,1.00,1.00
2018.02.22 15:09:12.098,8.11482,8.11587,1.00,1.37
2018.02.22 15:09:13.350,8.11482,8.11593,1.00,1.00
2018.02.22 15:09:13.737,8.11481,8.11615,1.00,1.37
2018.02.22 15:09:14.630,8.11481,8.11614,1.00,1.37
2018.02.22 15:09:15.623,8.11481,8.11622,1.00,1.00
2018.02.22 15:09:15.674,8.11481,8.11622,1.00,1.37
2018.02.22 15:09:18.127,8.11481,8.11625,1.00,1.37
2018.02.22 15:09:19.186,8.11481,8.11612,1.00,1.00
2018.02.22 15:09:19.352,8.11481,8.11612,1.00,1.37
2018.02.22 15:09:19.690,8.11468,8.11574,1.00,1.37
2018.02.22 15:09:19.895,8.11457,8.11587,1.00,1.75
2018.02.22 15:09:21.038,8.11457,8.1157,1.00,1.12
2018.02.22 15:09:21.159,8.11448,8.1157,1.00,1.12
2018.02.22 15:09:22.066,8.11448,8.11567,1.00,1.00
2018.02.22 15:09:23.172,8.11448,8.11571,1.00,1.37
2018.02.22 15:09:23.694,8.11448,8.11562,1.00,1.00
2018.02.22 15:09:23.746,8.11448,8.11564,1.00,1.00
2018.02.22 15:09:23.797,8.11433,8.11567,1.00,1.00
2018.02.22 15:09:23.848,8.11439,8.11558,1.00,1.00
2018.02.22 15:09:24.155,8.11439,8.11548,1.00,1.00
2018.02.22 15:09:24.209,8.11439,8.11552,1.00,1.00
2018.02.22 15:09:24.377,8.11439,8.11549,1.00,1.00
2018.02.22 15:09:25.094,8.11439,8.11554,1.00,1.00
2018.02.22 15:09:25.549,8.11443,8.11571,1.00,1.37
2018.02.22 15:09:25.651,8.11463,8.11571,1.00,1.00
2018.02.22 15:09:25.753,8.11463,8.11582,1.00,1.00
2018.02.22 15:09:25.804,8.11463,8.11579,1.00,1.00
2018.02.22 15:09:26.842,8.11463,8.11581,1.00,1.00
2018.02.22 15:09:26.894,8.11463,8.11588,1.00,1.00
2018.02.22 15:09:26.945,8.11469,8.11595,1.00,1.00
2018.02.22 15:09:26.997,8.11474,8.11608,1.00,1.00
2018.02.22 15:09:27.094,8.11485,8.11613,1.00,1.00
2018.02.22 15:09:27.407,8.11493,8.11616,1.00,1.00
2018.02.22 15:09:27.714,8.11485,8.11587,1.00,1.00
2018.02.22 15:09:28.287,8.11471,8.11586,1.00,1.00
2018.02.22 15:09:28.339,8.11471,8.11582,1.00,1.00
2018.02.22 15:09:28.652,8.11474,8.11615,1.00,1.37
2018.02.22 15:09:28.804,8.11494,8.11615,1.00,1.37
2018.02.22 15:09:28.907,8.11483,8.11615,1.00,1.37
2018.02.22 15:09:29.247,8.11486,8.11623,1.00,1.75
2018.02.22 15:09:29.401,8.11483,8.11618,1.50,1.00
2018.02.22 15:09:29.707,8.11485,8.11623,1.00,1.00
2018.02.22 15:09:29.858,8.11483,8.11619,1.00,1.00
2018.02.22 15:09:30.183,8.11483,8.11615,1.00,1.00
2018.02.22 15:09:30.491,8.11483,8.11587,1.00,1.00
2018.02.22 15:09:30.543,8.11465,8.11587,1.00,1.00
2018.02.22 15:09:31.165,8.11465,8.11578,1.00,1.00
2018.02.22 15:09:31.217,8.11465,8.11586,1.00,1.00
2018.02.22 15:09:31.319,8.11465,8.1159,1.00,1.00
2018.02.22 15:09:31.696,8.11465,8.11593,1.00,1.00
2018.02.22 15:09:32.396,8.11465,8.1159,1.00,1.00
2018.02.22 15:09:32.870,8.11475,8.1159,1.00,1.00
2018.02.22 15:09:33.264,8.11475,8.11587,1.00,1.00
2018.02.22 15:09:34.324,8.11465,8.11587,1.00,1.00
2018.02.22 15:09:34.702,8.11465,8.11582,1.00,1.00
2018.02.22 15:09:35.994,8.11461,8.11571,1.00,1.00
2018.02.22 15:09:36.046,8.11455,8.11574,1.00,1.00
2018.02.22 15:09:36.097,8.11455,8.11578,1.00,1.00
2018.02.22 15:09:37.169,8.11464,8.11581,1.00,1.00
2018.02.22 15:09:37.220,8.11464,8.11585,1.00,1.00
2018.02.22 15:09:37.655,8.11464,8.1159,1.00,1.12
2018.02.22 15:09:37.706,8.11476,8.1159,1.00,1.12
2018.02.22 15:09:38.676,8.11476,8.11598,1.00,1.00
2018.02.22 15:09:38.922,8.11476,8.11601,1.00,1.00
2018.02.22 15:09:39.347,8.11481,8.11601,1.00,1.00
2018.02.22 15:09:40.393,8.11481,8.11589,1.00,1.00
2018.02.22 15:09:40.495,8.11481,8.11592,1.00,1.00
2018.02.22 15:09:40.546,8.11476,8.11592,1.00,1.00
2018.02.22 15:09:40.775,8.11476,8.11586,1.00,1.00
2018.02.22 15:09:41.791,8.11476,8.11599,1.00,1.00
2018.02.22 15:09:42.048,8.11476,8.11601,1.00,1.00
2018.02.22 15:09:42.099,8.11476,8.11599,1.00,1.00
2018.02.22 15:09:42.313,8.11476,8.11601,1.00,1.00
2018.02.22 15:09:42.364,8.11476,8.11598,1.00,1.00
2018.02.22 15:09:44.290,8.11476,8.11594,1.00,1.00
2018.02.22 15:09:44.934,8.11476,8.1159,1.00,1.00
2018.02.22 15:09:45.134,8.11461,8.11586,1.00,1.00
2018.02.22 15:09:45.291,8.11461,8.11595,1.00,1.00
2018.02.22 15:09:45.698,8.1147,8.11595,1.00,1.00
2018.02.22 15:09:46.156,8.1147,8.11599,1.00,1.00
2018.02.22 15:09:46.207,8.11472,8.11609,1.50,1.00
2018.02.22 15:09:47.125,8.11476,8.11613,1.00,1.00
2018.02.22 15:09:48.270,8.11477,8.11614,1.00,1.00
2018.02.22 15:09:49.154,8.11483,8.11614,1.00,1.00
2018.02.22 15:09:49.549,8.11483,8.11606,1.00,1.00
2018.02.22 15:09:49.895,8.11483,8.11611,1.00,1.00
2018.02.22 15:09:49.946,8.1149,8.11614,1.00,1.00
2018.02.22 15:09:49.998,8.1149,8.11626,1.00,1.00
2018.02.22 15:09:50.049,8.1149,8.11629,1.00,1.00
2018.02.22 15:09:50.249,8.1149,8.11623,1.00,1.00
2018.02.22 15:09:50.637,8.11483,8.11622,1.00,1.00
2018.02.22 15:09:50.890,8.11483,8.11629,1.00,1.00
2018.02.22 15:09:51.087,8.11483,8.11629,1.00,1.37
2018.02.22 15:09:52.657,8.11483,8.11622,1.00,1.00
2018.02.22 15:09:53.181,8.11483,8.11621,1.00,1.00
2018.02.22 15:09:53.514,8.11492,8.11621,1.00,1.00
2018.02.22 15:09:53.565,8.11492,8.11625,1.00,1.00
2018.02.22 15:09:53.718,8.11492,8.11643,1.00,1.37
2018.02.22 15:09:54.006,8.11492,8.11631,1.00,1.00
2018.02.22 15:09:54.317,8.11492,8.11617,1.00,1.00
2018.02.22 15:09:54.857,8.11492,8.11615,1.00,1.00
2018.02.22 15:09:55.227,8.11492,8.11619,1.00,1.00
2018.02.22 15:09:55.605,8.11492,8.11621,1.00,1.00
2018.02.22 15:09:56.130,8.11492,8.11633,1.00,1.12
2018.02.22 15:09:56.736,8.11492,8.11632,1.00,1.00
2018.02.22 15:09:56.890,8.11492,8.11647,1.00,1.00
2018.02.22 15:09:57.467,8.11494,8.11647,1.00,1.00
2018.02.22 15:09:57.889,8.1151,8.11649,1.00,1.00
2018.02.22 15:09:58.091,8.1151,8.11659,1.00,1.37
2018.02.22 15:09:58.298,8.11526,8.11659,1.00,1.00
2018.02.22 15:09:58.349,8.11533,8.11677,1.00,1.00
2018.02.22 15:09:58.503,8.11545,8.11677,1.00,1.00
2018.02.22 15:09:58.659,8.11545,8.11692,1.00,1.37
2018.02.22 15:09:59.793,8.11547,8.11694,1.00,1.37
2018.02.22 15:09:59.844,8.11552,8.11701,1.00,1.00
2018.02.22 15:09:59.896,8.11571,8.11714,1.00,1.00
2018.02.22 15:10:00.121,8.11571,8.11719,1.00,1.00
2018.02.22 15:10:00.173,8.11567,8.11719,1.00,1.00
2018.02.22 15:10:00.752,8.11567,8.1172,1.00,1.00
2018.02.22 15:10:01.164,8.11567,8.11722,1.00,1.00
2018.02.22 15:10:01.427,8.11567,8.11719,1.00,1.00
2018.02.22 15:10:01.951,8.11567,8.11719,1.00,1.37
2018.02.22 15:10:03.434,8.11567,8.11723,1.00,1.00
2018.02.22 15:10:04.894,8.11573,8.11734,1.00,1.37
2018.02.22 15:10:05.298,8.11582,8.11727,1.00,1.37
2018.02.22 15:10:05.451,8.11573,8.11718,1.00,1.00
2018.02.22 15:10:05.552,8.11573,8.11703,1.00,1.00
2018.02.22 15:10:05.603,8.11563,8.11703,1.00,1.00
2018.02.22 15:10:05.704,8.11563,8.11711,1.00,1.00
2018.02.22 15:10:06.937,8.11563,8.11713,1.00,1.00
2018.02.22 15:10:07.162,8.11563,8.11719,1.00,1.37
2018.02.22 15:10:07.485,8.11563,8.11715,1.00,1.00
2018.02.22 15:10:07.791,8.11544,8.11684,1.00,1.00
2018.02.22 15:10:08.094,8.11542,8.11676,1.00,1.00
2018.02.22 15:10:08.400,8.11542,8.11669,1.00,1.00
2018.02.22 15:10:09.490,8.11524,8.11654,1.00,1.00
2018.02.22 15:10:09.541,8.11514,8.11649,1.00,1.00
2018.02.22 15:10:09.593,8.11503,8.11649,1.00,1.00
2018.02.22 15:10:09.844,8.11503,8.11642,1.00,1.00
2018.02.22 15:10:10.227,8.11506,8.11633,1.00,1.37
2018.02.22 15:10:11.112,8.11506,8.11633,1.00,1.12
2018.02.22 15:10:11.909,8.11488,8.11633,1.00,1.12
2018.02.22 15:10:12.820,8.11488,8.11636,1.00,1.00
2018.02.22 15:10:13.413,8.11488,8.11615,1.00,1.00
2018.02.22 15:10:13.761,8.11488,8.11611,1.00,1.00
2018.02.22 15:10:14.289,8.11488,8.11612,1.00,1.00
2018.02.22 15:10:14.784,8.11488,8.11608,1.00,1.00
2018.02.22 15:10:15.261,8.11488,8.11605,1.00,1.00
2018.02.22 15:10:15.313,8.11488,8.11617,1.00,1.00
2018.02.22 15:10:15.554,8.11488,8.11629,1.00,1.37
2018.02.22 15:10:16.382,8.11493,8.11635,1.00,1.37
2018.02.22 15:10:16.706,8.11493,8.11635,1.00,1.00
2018.02.22 15:10:17.217,8.11493,8.11626,1.00,1.00
2018.02.22 15:10:17.729,8.11493,8.11627,1.00,1.00
2018.02.22 15:10:18.216,8.11493,8.11625,1.00,1.00
2018.02.22 15:10:18.721,8.11493,8.11626,1.00,1.00
2018.02.22 15:10:19.390,8.11488,8.11623,1.00,1.00
2018.02.22 15:10:19.492,8.11483,8.11618,1.00,1.00
2018.02.22 15:10:19.908,8.11483,8.11616,1.00,1.00
2018.02.22 15:10:20.558,8.11483,8.11615,1.00,1.00
2018.02.22 15:10:21.072,8.11483,8.11604,1.00,1.00
2018.02.22 15:10:21.123,8.11483,8.11608,1.00,1.00
2018.02.22 15:10:22.127,8.11483,8.11613,1.00,1.00
2018.02.22 15:10:22.349,8.11483,8.11626,1.00,1.37
2018.02.22 15:10:23.420,8.11485,8.1163,1.00,1.00
2018.02.22 15:10:23.474,8.11485,8.11627,1.00,1.00
2018.02.22 15:10:23.766,8.11485,8.11634,1.00,1.12
2018.02.22 15:10:24.147,8.11503,8.11635,1.00,1.37
2018.02.22 15:10:24.377,8.11485,8.11643,1.00,1.37
2018.02.22 15:10:25.358,8.11485,8.11643,1.00,1.00
2018.02.22 15:10:27.286,8.11501,8.11654,2.10,1.00
2018.02.22 15:10:27.617,8.11527,8.11665,1.00,1.00
2018.02.22 15:10:27.907,8.11527,8.11672,1.00,1.00
2018.02.22 15:10:28.416,8.11527,8.11671,1.00,1.00
2018.02.22 15:10:28.467,8.11527,8.11658,1.00,1.00
2018.02.22 15:10:29.128,8.11527,8.11659,1.00,1.00
2018.02.22 15:10:29.539,8.11527,8.11673,1.00,1.37
2018.02.22 15:10:30.466,8.11527,8.11668,1.00,1.00
2018.02.22 15:10:31.003,8.11527,8.11667,1.00,1.00
2018.02.22 15:10:31.320,8.11527,8.11669,1.00,1.00
2018.02.22 15:10:31.892,8.11527,8.11668,1.00,1.00
2018.02.22 15:10:32.028,8.11527,8.11666,1.00,1.00
2018.02.22 15:10:32.355,8.11527,8.11668,1.00,1.00
2018.02.22 15:10:32.616,8.11527,8.11665,1.00,1.00
2018.02.22 15:10:32.943,8.1151,8.11645,1.00,1.00
2018.02.22 15:10:33.224,8.1149,8.11633,1.00,1.00
2018.02.22 15:10:33.376,8.1149,8.11627,1.00,1.00
2018.02.22 15:10:33.998,8.1149,8.1163,1.00,1.00
2018.02.22 15:10:34.339,8.1149,8.11626,1.00,1.00
2018.02.22 15:10:35.242,8.1149,8.11613,1.00,1.00
2018.02.22 15:10:35.577,8.11471,8.11594,1.00,1.00
2018.02.22 15:10:35.817,8.11471,8.11598,1.00,1.00
2018.02.22 15:10:35.868,8.11483,8.11598,1.00,1.00
2018.02.22 15:10:35.920,8.11483,8.11603,1.00,1.00
2018.02.22 15:10:37.260,8.11483,8.11611,1.00,1.00
2018.02.22 15:10:37.363,8.11483,8.11615,1.00,1.00
2018.02.22 15:10:38.221,8.11483,8.11624,1.00,1.00
2018.02.22 15:10:39.919,8.11483,8.1161,1.00,1.00
2018.02.22 15:10:40.282,8.11483,8.11613,1.00,1.00
2018.02.22 15:10:40.333,8.11472,8.11614,1.00,1.00
2018.02.22 15:10:40.384,8.11472,8.11608,1.00,1.00
2018.02.22 15:10:40.869,8.11472,8.11605,1.00,1.00
2018.02.22 15:10:41.450,8.11472,8.116,1.00,1.00
2018.02.22 15:10:41.822,8.11472,8.11595,1.00,1.50
2018.02.22 15:10:42.899,8.11472,8.11597,1.00,1.50
2018.02.22 15:10:44.549,8.11472,8.11599,1.00,1.00
2018.02.22 15:10:44.837,8.11472,8.11591,1.00,1.00
2018.02.22 15:10:45.186,8.11467,8.1158,1.00,1.00
2018.02.22 15:10:45.237,8.11467,8.11587,1.00,1.00
2018.02.22 15:10:45.287,8.11467,8.11582,1.00,1.00
2018.02.22 15:10:45.575,8.11467,8.11588,1.00,1.00
2018.02.22 15:10:45.979,8.11467,8.11592,1.00,1.00
2018.02.22 15:10:46.512,8.11467,8.1159,1.00,1.00
2018.02.22 15:10:46.833,8.11467,8.11583,1.00,1.00
2018.02.22 15:10:46.936,8.11467,8.11589,1.00,1.00
2018.02.22 15:10:46.987,8.11467,8.11584,1.00,1.00
2018.02.22 15:10:47.090,8.11469,8.11592,1.00,1.00
2018.02.22 15:10:47.141,8.11469,8.11584,1.00,1.00
2018.02.22 15:10:47.790,8.11469,8.11587,1.00,1.00
2018.02.22 15:10:47.979,8.11467,8.11578,1.00,1.00
2018.02.22 15:10:48.030,8.11467,8.11584,1.00,1.00
2018.02.22 15:10:48.081,8.11467,8.11588,1.00,1.00
2018.02.22 15:10:48.229,8.11467,8.11584,1.00,1.00
2018.02.22 15:10:48.602,8.11467,8.1158,1.00,1.00
2018.02.22 15:10:49.878,8.11467,8.11576,1.00,1.00
2018.02.22 15:10:50.650,8.11452,8.11576,1.00,1.00
2018.02.22 15:10:50.701,8.11477,8.11592,1.00,1.37
2018.02.22 15:10:51.672,8.11477,8.11596,1.00,1.00
2018.02.22 15:10:51.979,8.11477,8.116,1.00,1.00
2018.02.22 15:10:52.513,8.11478,8.116,1.00,1.00
2018.02.22 15:10:52.649,8.11478,8.11604,1.00,1.00
2018.02.22 15:10:52.794,8.11478,8.11607,1.00,1.00
2018.02.22 15:10:53.250,8.11478,8.1161,1.00,1.00
2018.02.22 15:10:55.261,8.11489,8.1161,1.00,1.00
2018.02.22 15:10:55.414,8.11489,8.11614,1.00,1.00
2018.02.22 15:10:55.470,8.11509,8.11628,1.00,1.00
2018.02.22 15:10:55.521,8.11509,8.11643,1.00,1.37
2018.02.22 15:10:55.624,8.11509,8.11651,1.00,1.00
2018.02.22 15:10:55.675,8.11509,8.11647,1.00,1.00
2018.02.22 15:10:56.067,8.11509,8.11651,1.00,1.00
2018.02.22 15:10:56.118,8.11509,8.11653,1.00,1.00
2018.02.22 15:10:56.740,8.11509,8.11648,1.00,1.00
2018.02.22 15:10:57.391,8.11509,8.11652,1.00,1.00
2018.02.22 15:10:57.443,8.11522,8.11652,1.00,1.00
2018.02.22 15:10:57.587,8.11522,8.1166,1.00,1.00
2018.02.22 15:10:57.914,8.11527,8.1167,1.00,1.37
2018.02.22 15:10:58.494,8.11527,8.11671,1.00,1.00
2018.02.22 15:10:59.505,8.11528,8.11671,1.00,1.00
2018.02.22 15:10:59.663,8.11528,8.11669,1.00,1.00
2018.02.22 15:11:00.247,8.11528,8.11672,1.00,1.00
2018.02.22 15:11:00.299,8.11541,8.11672,1.00,1.00
2018.02.22 15:11:01.369,8.11524,8.11644,1.00,1.00
2018.02.22 15:11:01.420,8.11506,8.11654,1.00,1.00
2018.02.22 15:11:01.523,8.11494,8.11646,1.00,1.00
2018.02.22 15:11:01.624,8.11488,8.11617,1.00,1.00
2018.02.22 15:11:01.958,8.11483,8.11605,1.00,1.00
2018.02.22 15:11:02.741,8.11483,8.11607,1.00,1.00
2018.02.22 15:11:02.922,8.11483,8.11602,1.00,1.00
2018.02.22 15:11:03.265,8.11483,8.11609,1.00,1.00
2018.02.22 15:11:04.088,8.11483,8.11613,1.00,1.00
2018.02.22 15:11:04.244,8.11483,8.11604,1.00,1.00
2018.02.22 15:11:04.356,8.11483,8.11608,1.00,1.00
2018.02.22 15:11:05.079,8.11483,8.11611,1.00,1.00
2018.02.22 15:11:05.130,8.11483,8.11614,1.00,1.00
2018.02.22 15:11:05.256,8.11483,8.1161,1.00,1.00
2018.02.22 15:11:05.441,8.11483,8.11621,1.00,1.00
2018.02.22 15:11:06.068,8.11484,8.11638,1.00,1.37
2018.02.22 15:11:07.578,8.11484,8.11642,1.00,1.37
2018.02.22 15:11:08.097,8.11484,8.11617,1.00,1.00
2018.02.22 15:11:08.249,8.11513,8.11657,1.00,1.00
2018.02.22 15:11:08.300,8.11527,8.11678,1.00,1.37
2018.02.22 15:11:08.351,8.1151,8.11665,1.00,1.00
2018.02.22 15:11:08.402,8.11517,8.11661,1.00,1.00
2018.02.22 15:11:08.731,8.11524,8.11644,1.00,1.00
2018.02.22 15:11:09.498,8.11503,8.11636,1.00,1.00
2018.02.22 15:11:09.559,8.11503,8.11634,1.00,1.00
2018.02.22 15:11:09.920,8.11503,8.11636,1.00,1.00
2018.02.22 15:11:10.218,8.11513,8.11636,1.00,1.00
2018.02.22 15:11:10.661,8.11513,8.11609,1.00,1.00
2018.02.22 15:11:10.713,8.11498,8.11609,1.00,1.00
2018.02.22 15:11:10.764,8.11498,8.11588,1.00,1.00
2018.02.22 15:11:12.726,8.11486,8.11563,1.00,1.00
2018.02.22 15:11:12.829,8.11472,8.11563,1.00,1.00
2018.02.22 15:11:14.215,8.11458,8.11538,1.00,1.00
2018.02.22 15:11:14.322,8.11458,8.11561,1.00,1.00
2018.02.22 15:11:14.680,8.11479,8.11561,1.00,1.00
2018.02.22 15:11:16.300,8.11469,8.11561,1.00,1.00
2018.02.22 15:11:16.804,8.11459,8.11561,1.00,1.00
2018.02.22 15:11:16.975,8.11459,8.11544,1.00,1.00
2018.02.22 15:11:17.591,8.11459,8.11565,1.00,1.00
2018.02.22 15:11:17.643,8.11473,8.11565,1.00,1.00
2018.02.22 15:11:19.600,8.11473,8.11583,1.00,1.00
2018.02.22 15:11:19.904,8.11462,8.11583,1.00,1.00
2018.02.22 15:11:20.556,8.11462,8.11566,1.00,1.00
2018.02.22 15:11:22.009,8.11462,8.11584,1.00,1.00
2018.02.22 15:11:22.061,8.11462,8.11566,1.00,1.00
2018.02.22 15:11:22.367,8.11452,8.11532,1.00,1.00
2018.02.22 15:11:22.418,8.1144,8.11532,1.00,1.00
2018.02.22 15:11:25.964,8.11454,8.11532,1.00,1.00
2018.02.22 15:11:26.306,8.11483,8.11552,1.00,1.00
2018.02.22 15:11:29.766,8.11468,8.11552,1.00,1.00
2018.02.22 15:11:33.466,8.11458,8.11552,1.00,1.00
2018.02.22 15:11:33.520,8.11458,8.11534,1.00,1.00
2018.02.22 15:11:33.845,8.11458,8.11551,1.00,1.00
2018.02.22 15:11:39.188,8.11471,8.1157,1.00,1.00
2018.02.22 15:11:39.239,8.11494,8.1157,1.00,1.00
2018.02.22 15:11:39.290,8.1149,8.11592,1.00,1.00
2018.02.22 15:11:39.342,8.11493,8.11592,1.00,1.00
2018.02.22 15:11:39.496,8.11494,8.11614,1.00,1.00
2018.02.22 15:11:39.547,8.11502,8.11614,1.00,1.00
2018.02.22 15:11:39.892,8.11454,8.11538,1.00,1.00
2018.02.22 15:11:39.994,8.11437,8.11538,1.00,1.00
2018.02.22 15:11:40.702,8.11436,8.11538,1.00,1.00
2018.02.22 15:11:42.651,8.11455,8.11538,1.00,1.00
2018.02.22 15:11:49.497,8.11455,8.11568,1.00,1.00
2018.02.22 15:11:50.612,8.11482,8.11568,1.00,1.00
2018.02.22 15:11:51.848,8.11482,8.11592,1.00,1.00
2018.02.22 15:11:51.899,8.11482,8.11558,1.00,1.00
2018.02.22 15:11:53.074,8.11482,8.11578,1.00,1.00
2018.02.22 15:11:53.175,8.11482,8.11561,1.00,1.00
2018.02.22 15:11:53.441,8.11456,8.11561,1.00,1.00
2018.02.22 15:11:53.735,8.11456,8.11543,1.00,1.00
2018.02.22 15:11:54.146,8.11479,8.11543,1.00,1.00
2018.02.22 15:11:56.566,8.11479,8.11567,1.00,1.00
2018.02.22 15:11:58.018,8.11468,8.11567,1.00,1.00
2018.02.22 15:11:58.838,8.11483,8.11567,1.00,1.00
2018.02.22 15:12:02.419,8.11483,8.11526,1.00,1.00
2018.02.22 15:12:02.476,8.11451,8.11544,1.00,1.50
2018.02.22 15:12:02.527,8.11429,8.11525,1.00,1.00
2018.02.22 15:12:02.579,8.11468,8.11557,1.00,1.00
2018.02.22 15:12:02.631,8.11459,8.11557,1.00,1.00
2018.02.22 15:12:02.685,8.11449,8.11557,1.00,1.00
2018.02.22 15:12:02.809,8.11452,8.11557,1.00,1.00
2018.02.22 15:12:03.125,8.11529,8.11627,1.00,1.00
2018.02.22 15:12:03.175,8.11523,8.11627,1.00,1.00
2018.02.22 15:12:03.226,8.11492,8.11607,1.00,1.00
2018.02.22 15:12:03.277,8.11491,8.11589,1.00,1.00
2018.02.22 15:12:03.328,8.11482,8.11589,1.00,1.00
2018.02.22 15:12:03.430,8.1148,8.11589,1.00,1.00
2018.02.22 15:12:03.481,8.11472,8.11589,1.00,1.00
2018.02.22 15:12:03.618,8.11463,8.11571,1.00,1.00
2018.02.22 15:12:04.130,8.1145,8.11571,1.00,1.00
2018.02.22 15:12:04.437,8.11447,8.11571,1.00,1.00
2018.02.22 15:12:04.488,8.11472,8.11571,1.00,1.00
2018.02.22 15:12:04.658,8.11517,8.1162,1.00,1.00
2018.02.22 15:12:04.715,8.11494,8.1162,1.00,1.00
2018.02.22 15:12:05.342,8.11493,8.1162,1.00,1.00
2018.02.22 15:12:05.817,8.11481,8.11588,1.00,1.00
2018.02.22 15:12:05.919,8.11471,8.11588,1.00,1.00
2018.02.22 15:12:07.896,8.11483,8.11588,1.00,1.00
2018.02.22 15:12:09.499,8.11483,8.11606,1.00,1.00
2018.02.22 15:12:10.913,8.11468,8.11605,1.00,1.00
2018.02.22 15:12:10.964,8.11468,8.11599,1.00,1.00
2018.02.22 15:12:11.270,8.11457,8.11584,1.00,1.00
2018.02.22 15:12:11.755,8.11473,8.11584,1.00,1.00
2018.02.22 15:12:11.818,8.11464,8.11584,1.00,1.00
2018.02.22 15:12:12.138,8.11464,8.11597,1.00,1.00
2018.02.22 15:12:12.963,8.11464,8.11582,1.00,1.00
2018.02.22 15:12:13.629,8.11483,8.11582,1.00,1.00
2018.02.22 15:12:13.680,8.11483,8.11597,1.00,1.00
2018.02.22 15:12:13.770,8.11483,8.11601,1.00,1.00
2018.02.22 15:12:20.591,8.11483,8.11616,1.00,1.00
2018.02.22 15:12:20.643,8.11483,8.11623,1.50,1.00
2018.02.22 15:12:21.616,8.11489,8.11623,1.00,1.00
2018.02.22 15:12:22.488,8.11483,8.11623,1.00,1.00
2018.02.22 15:12:24.693,8.11483,8.11616,1.00,1.00
2018.02.22 15:12:24.745,8.11487,8.11623,1.00,1.00
2018.02.22 15:12:24.848,8.11483,8.11623,1.50,1.00
2018.02.22 15:12:25.052,8.11487,8.11623,1.00,1.00
2018.02.22 15:12:25.293,8.11483,8.11623,1.00,1.00
2018.02.22 15:12:25.612,8.11483,8.116,1.00,1.00
2018.02.22 15:12:27.581,8.11483,8.11599,1.00,1.00
2018.02.22 15:12:28.093,8.11483,8.116,1.00,1.00
2018.02.22 15:12:28.166,8.11483,8.11608,1.00,1.00
2018.02.22 15:12:28.218,8.11483,8.11599,1.00,1.50
2018.02.22 15:12:29.943,8.1149,8.11615,1.00,1.00
2018.02.22 15:12:30.045,8.1149,8.11632,1.00,1.00
2018.02.22 15:12:30.217,8.11493,8.11632,1.00,1.00
2018.02.22 15:12:30.526,8.11483,8.11612,1.00,1.00
2018.02.22 15:12:30.829,8.11483,8.11607,1.00,1.00
2018.02.22 15:12:30.880,8.11483,8.11612,1.00,1.50
2018.02.22 15:12:30.982,8.11483,8.11609,1.00,1.00
2018.02.22 15:12:31.146,8.11483,8.11611,1.00,1.00
2018.02.22 15:12:31.691,8.11493,8.11633,1.00,1.00
2018.02.22 15:12:32.187,8.11505,8.11633,1.00,1.00
2018.02.22 15:12:33.051,8.11505,8.11628,1.00,1.00
2018.02.22 15:12:33.317,8.11483,8.11617,1.00,1.00
2018.02.22 15:12:33.520,8.11483,8.11612,1.00,1.00
2018.02.22 15:12:33.600,8.11483,8.11617,1.00,1.00
2018.02.22 15:12:33.651,8.11483,8.11615,1.00,1.00
2018.02.22 15:12:34.909,8.11483,8.11617,1.00,1.00
2018.02.22 15:12:35.231,8.11483,8.11613,1.00,1.00
2018.02.22 15:12:35.821,8.11483,8.11617,1.00,1.50
2018.02.22 15:12:39.631,8.11483,8.11604,1.00,1.00
2018.02.22 15:12:40.006,8.11483,8.11601,1.00,1.00
2018.02.22 15:12:40.828,8.11483,8.11595,1.00,1.00
2018.02.22 15:12:41.064,8.11483,8.11601,1.00,1.00
2018.02.22 15:12:41.268,8.11494,8.11609,1.00,1.00
2018.02.22 15:12:41.738,8.11494,8.11617,1.00,1.00
2018.02.22 15:12:41.992,8.11498,8.11617,1.00,1.00
2018.02.22 15:12:42.093,8.11514,8.11634,1.00,1.00
2018.02.22 15:12:42.495,8.11514,8.11637,1.00,1.00
2018.02.22 15:12:42.690,8.11492,8.11614,1.00,1.00
2018.02.22 15:12:42.741,8.11492,8.11626,1.00,1.00
2018.02.22 15:12:42.842,8.11512,8.11626,1.00,1.00
2018.02.22 15:12:42.893,8.11512,8.11631,1.00,1.00
2018.02.22 15:12:42.944,8.11512,8.1164,1.00,1.00
2018.02.22 15:12:44.585,8.11512,8.11636,1.00,1.00
2018.02.22 15:12:45.007,8.11512,8.11616,1.00,1.00
2018.02.22 15:12:45.058,8.11495,8.11611,1.00,1.00
2018.02.22 15:12:45.110,8.11495,8.11606,1.00,1.00
2018.02.22 15:12:45.417,8.11495,8.11603,1.00,1.00
2018.02.22 15:12:45.748,8.11495,8.11601,1.00,1.00
2018.02.22 15:12:47.646,8.11495,8.11608,1.00,1.00
2018.02.22 15:12:47.980,8.11495,8.11611,1.00,1.00
2018.02.22 15:12:48.133,8.11483,8.11598,1.00,1.00
2018.02.22 15:12:48.184,8.11471,8.11598,1.00,1.00
2018.02.22 15:12:48.236,8.11471,8.11589,1.00,1.00
2018.02.22 15:12:48.338,8.11462,8.11589,1.00,1.00
2018.02.22 15:12:48.711,8.11462,8.1158,1.00,1.00
2018.02.22 15:12:49.030,8.11471,8.1158,1.00,1.00
2018.02.22 15:12:51.736,8.11471,8.1159,1.00,1.00
2018.02.22 15:12:51.788,8.11483,8.11599,1.00,1.00
2018.02.22 15:12:51.839,8.11483,8.11608,1.00,1.00
2018.02.22 15:12:52.040,8.11471,8.11589,1.00,1.00
2018.02.22 15:12:52.370,8.11471,8.11583,1.00,1.00
2018.02.22 15:12:53.530,8.11471,8.11588,1.00,1.00
2018.02.22 15:12:54.769,8.11471,8.11586,1.00,1.00
2018.02.22 15:12:56.609,8.11471,8.11582,1.00,1.00
2018.02.22 15:12:56.660,8.11471,8.11584,1.00,1.00
2018.02.22 15:12:56.711,8.11471,8.11581,1.00,1.00
2018.02.22 15:12:56.813,8.11459,8.11574,1.00,1.00
2018.02.22 15:12:57.123,8.11459,8.11569,1.00,1.00
2018.02.22 15:12:57.175,8.11442,8.1156,1.00,1.00
2018.02.22 15:12:57.435,8.11442,8.11555,1.00,1.00
2018.02.22 15:12:58.151,8.11442,8.11553,1.00,1.00
2018.02.22 15:12:58.355,8.11442,8.11555,1.00,1.00
2018.02.22 15:12:58.406,8.11442,8.11559,1.00,1.00
2018.02.22 15:12:59.722,8.11442,8.11562,1.00,1.00
2018.02.22 15:13:00.729,8.11443,8.11571,1.00,1.00
2018.02.22 15:13:02.891,8.11443,8.11576,1.00,1.00
2018.02.22 15:13:02.942,8.11443,8.1157,1.00,1.00
2018.02.22 15:13:03.263,8.11443,8.1156,1.00,1.00
2018.02.22 15:13:03.364,8.11443,8.11569,1.00,1.00
2018.02.22 15:13:03.415,8.11443,8.11573,1.00,1.00
2018.02.22 15:13:03.719,8.11443,8.11556,1.00,1.00
2018.02.22 15:13:06.164,8.11443,8.11553,1.00,1.00
2018.02.22 15:13:06.266,8.11402,8.11524,1.00,1.00
2018.02.22 15:13:06.317,8.11402,8.11518,1.00,1.00
2018.02.22 15:13:06.639,8.11393,8.11494,1.00,1.00
2018.02.22 15:13:07.388,8.11393,8.1149,1.00,1.00
2018.02.22 15:13:08.282,8.11393,8.11495,1.00,1.00
2018.02.22 15:13:08.335,8.11393,8.11516,1.00,1.00
2018.02.22 15:13:08.387,8.11393,8.1152,1.00,1.00
2018.02.22 15:13:08.541,8.11393,8.11524,1.00,1.00
2018.02.22 15:13:08.695,8.11393,8.11515,1.00,1.00
2018.02.22 15:13:08.841,8.11393,8.11521,1.00,1.00
2018.02.22 15:13:08.944,8.11395,8.11522,1.00,1.00
2018.02.22 15:13:09.851,8.11401,8.11522,1.00,1.00
2018.02.22 15:13:10.131,8.11399,8.11522,1.00,1.00
2018.02.22 15:13:10.182,8.11399,8.11528,1.00,1.00
2018.02.22 15:13:10.426,8.11402,8.11528,1.00,1.00
2018.02.22 15:13:10.943,8.11401,8.11528,1.00,1.00
2018.02.22 15:13:11.377,8.11399,8.11528,1.00,1.00
2018.02.22 15:13:12.077,8.114,8.11528,1.00,1.00
2018.02.22 15:13:12.260,8.11395,8.11528,1.00,1.00
2018.02.22 15:13:12.403,8.11395,8.11531,1.00,1.00
2018.02.22 15:13:12.774,8.11411,8.11544,1.00,1.00
2018.02.22 15:13:12.826,8.11411,8.11548,1.00,1.00
2018.02.22 15:13:13.382,8.11411,8.11549,1.00,1.00
2018.02.22 15:13:13.433,8.11411,8.11545,1.00,1.00
2018.02.22 15:13:13.763,8.11411,8.11531,1.00,1.00
2018.02.22 15:13:14.069,8.11411,8.11528,1.00,1.00
2018.02.22 15:13:16.354,8.11411,8.11543,1.00,1.00
2018.02.22 15:13:16.407,8.11414,8.11543,1.00,1.00
2018.02.22 15:13:16.952,8.11406,8.11543,1.00,1.00
2018.02.22 15:13:17.003,8.11395,8.11518,1.00,1.00
2018.02.22 15:13:18.084,8.11395,8.1152,1.50,1.00
2018.02.22 15:13:18.176,8.11398,8.1152,1.00,1.00
2018.02.22 15:13:18.491,8.11395,8.11507,1.00,1.00
2018.02.22 15:13:18.722,8.11395,8.11514,1.00,1.00
2018.02.22 15:13:19.179,8.11395,8.11521,1.00,1.00
2018.02.22 15:13:19.230,8.11395,8.11514,1.00,1.00
2018.02.22 15:13:23.600,8.11395,8.11516,1.00,1.00
2018.02.22 15:13:24.599,8.11395,8.11499,1.00,1.00
2018.02.22 15:13:24.906,8.11393,8.11484,1.00,1.00
2018.02.22 15:13:24.957,8.11393,8.11493,1.00,1.00
2018.02.22 15:13:25.008,8.11393,8.11505,1.00,1.00
2018.02.22 15:13:25.299,8.11393,8.1149,1.00,1.00
2018.02.22 15:13:25.629,8.11393,8.11485,1.00,1.00
2018.02.22 15:13:27.476,8.11393,8.11497,1.00,1.00
2018.02.22 15:13:27.527,8.11393,8.11492,1.00,1.00
2018.02.22 15:13:28.627,8.11393,8.11488,1.00,1.00
2018.02.22 15:13:28.997,8.11393,8.11485,1.00,1.00
2018.02.22 15:13:31.031,8.11393,8.1149,1.00,1.00
2018.02.22 15:13:32.780,8.11372,8.1149,1.00,1.00
2018.02.22 15:13:32.882,8.11372,8.11476,1.00,1.00
2018.02.22 15:13:32.934,8.11361,8.11476,1.00,1.00
2018.02.22 15:13:33.070,8.11361,8.11478,1.00,1.00
2018.02.22 15:13:33.210,8.11358,8.11478,1.00,1.00
2018.02.22 15:13:33.477,8.11358,8.11472,1.00,1.00
2018.02.22 15:13:33.579,8.11349,8.11465,1.00,1.00
2018.02.22 15:13:33.853,8.11357,8.11464,1.00,1.00
2018.02.22 15:13:34.125,8.11352,8.11464,1.00,1.00
2018.02.22 15:13:34.724,8.11353,8.11464,1.00,1.00
2018.02.22 15:13:35.202,8.11352,8.11471,1.00,1.00
2018.02.22 15:13:35.587,8.11349,8.11471,1.00,1.00
2018.02.22 15:13:35.699,8.11349,8.11467,1.00,1.00
2018.02.22 15:13:35.825,8.11349,8.11472,1.00,1.00
2018.02.22 15:13:36.297,8.11347,8.11472,1.00,1.00
2018.02.22 15:13:36.610,8.1135,8.11472,1.00,1.00
2018.02.22 15:13:37.210,8.11353,8.11472,1.00,1.00
2018.02.22 15:13:37.759,8.11354,8.11472,1.00,1.00
2018.02.22 15:13:37.814,8.11354,8.11476,1.00,1.00
2018.02.22 15:13:38.091,8.11356,8.11476,1.00,1.00
2018.02.22 15:13:38.402,8.11359,8.11476,1.00,1.00
2018.02.22 15:13:38.693,8.11368,8.11481,1.00,1.00
2018.02.22 15:13:38.745,8.11368,8.11496,1.00,1.00
2018.02.22 15:13:38.796,8.11368,8.11491,1.00,1.00
2018.02.22 15:13:39.156,8.11381,8.11482,1.00,1.00
2018.02.22 15:13:39.348,8.11377,8.11482,1.00,1.00
2018.02.22 15:13:39.585,8.11379,8.11482,1.00,1.00
2018.02.22 15:13:39.866,8.11371,8.11482,1.00,1.00
2018.02.22 15:13:39.964,8.11371,8.11487,1.00,1.00
2018.02.22 15:13:40.116,8.11371,8.11482,1.00,1.00
2018.02.22 15:13:40.268,8.11377,8.11491,1.00,1.00
2018.02.22 15:13:40.425,8.11393,8.1149,1.00,1.00
2018.02.22 15:13:40.476,8.11393,8.11494,1.00,1.00
2018.02.22 15:13:40.884,8.11393,8.11489,1.00,1.00
2018.02.22 15:13:41.231,8.11393,8.11493,1.00,1.00
2018.02.22 15:13:41.700,8.11393,8.11488,1.00,1.00
2018.02.22 15:13:41.751,8.11393,8.11494,1.00,1.00
2018.02.22 15:13:41.802,8.11393,8.11501,1.00,1.00
2018.02.22 15:13:42.062,8.11407,8.11515,1.00,1.00
2018.02.22 15:13:42.113,8.11414,8.11532,1.00,1.00
2018.02.22 15:13:42.245,8.11428,8.11542,1.00,1.00
2018.02.22 15:13:42.947,8.11429,8.11546,1.00,1.00
2018.02.22 15:13:43.618,8.11428,8.11546,1.00,1.00
2018.02.22 15:13:43.897,8.11428,8.11544,1.00,1.00
2018.02.22 15:13:48.033,8.11428,8.11566,1.00,1.00
2018.02.22 15:13:48.134,8.11436,8.11563,1.00,1.00
2018.02.22 15:13:48.774,8.11436,8.11558,1.00,1.00
2018.02.22 15:13:49.237,8.11445,8.11558,1.00,1.00
2018.02.22 15:13:49.811,8.11465,8.11589,1.00,1.00
2018.02.22 15:13:49.914,8.11476,8.11589,1.00,1.00
2018.02.22 15:13:50.815,8.11492,8.11589,1.00,1.00
2018.02.22 15:13:50.866,8.11492,8.11613,1.00,1.00
2018.02.22 15:13:50.918,8.11492,8.11622,1.00,1.00
2018.02.22 15:13:50.969,8.11492,8.1163,1.00,1.00
2018.02.22 15:13:51.492,8.11493,8.1163,1.00,1.00
2018.02.22 15:13:51.869,8.11504,8.1163,1.00,1.00
2018.02.22 15:13:52.098,8.11504,8.11634,1.00,1.00
2018.02.22 15:13:52.586,8.11497,8.11625,1.00,1.00
2018.02.22 15:13:52.688,8.11493,8.11625,1.50,1.00
2018.02.22 15:13:52.872,8.11493,8.11621,1.50,1.00
2018.02.22 15:13:53.239,8.11474,8.11588,1.00,1.00
2018.02.22 15:13:53.559,8.11473,8.11583,1.00,1.00
2018.02.22 15:13:53.875,8.11473,8.11577,1.00,1.00
2018.02.22 15:13:54.002,8.11461,8.11577,1.00,1.00
2018.02.22 15:13:54.586,8.1146,8.11577,1.50,1.00
2018.02.22 15:13:54.839,8.11476,8.11577,1.00,1.00
2018.02.22 15:13:55.510,8.11476,8.11586,1.00,1.00
2018.02.22 15:13:55.612,8.11466,8.11586,1.00,1.00
2018.02.22 15:13:56.071,8.11466,8.11581,1.00,1.00
2018.02.22 15:13:56.394,8.11456,8.11573,1.00,1.00
2018.02.22 15:13:56.445,8.1145,8.11568,1.00,1.00
2018.02.22 15:13:57.413,8.1145,8.11567,1.00,1.00
2018.02.22 15:13:57.516,8.1145,8.11572,1.00,1.00
2018.02.22 15:13:57.936,8.11441,8.11564,1.00,1.00
2018.02.22 15:13:58.595,8.11441,8.11557,1.00,1.00
2018.02.22 15:13:58.647,8.11431,8.11558,1.50,1.00
2018.02.22 15:13:58.802,8.11435,8.11572,1.00,1.00
2018.02.22 15:13:58.904,8.11435,8.11567,1.00,1.00
2018.02.22 15:13:59.227,8.11437,8.11567,1.00,1.00
2018.02.22 15:13:59.435,8.11437,8.1157,1.00,1.00
2018.02.22 15:13:59.487,8.11443,8.11567,1.00,1.00
2018.02.22 15:14:00.185,8.11443,8.11569,1.00,1.00
2018.02.22 15:14:00.286,8.11431,8.11568,1.00,1.00
2018.02.22 15:14:00.529,8.11431,8.11572,1.00,1.00
2018.02.22 15:14:00.580,8.11434,8.11572,1.00,1.00
2018.02.22 15:14:00.902,8.11431,8.11567,1.00,1.00
2018.02.22 15:14:01.445,8.11425,8.11561,1.00,1.00
2018.02.22 15:14:01.496,8.11411,8.11561,1.00,1.00
2018.02.22 15:14:01.650,8.11411,8.11545,1.00,1.00
2018.02.22 15:14:02.178,8.11428,8.11545,1.00,1.00
2018.02.22 15:14:02.389,8.11428,8.1155,1.00,1.00
2018.02.22 15:14:03.151,8.11428,8.11552,1.00,1.00
2018.02.22 15:14:03.203,8.11428,8.11547,1.00,1.00
2018.02.22 15:14:03.883,8.11428,8.11542,1.00,1.00
2018.02.22 15:14:04.185,8.11428,8.11533,1.00,1.00
2018.02.22 15:14:04.857,8.11428,8.11528,1.00,1.00
2018.02.22 15:14:05.209,8.11428,8.11524,1.00,1.00
2018.02.22 15:14:05.531,8.11409,8.11511,1.00,1.00
2018.02.22 15:14:05.634,8.11409,8.11515,1.00,1.00
2018.02.22 15:14:05.992,8.11409,8.11518,1.00,1.00
2018.02.22 15:14:06.481,8.11409,8.11516,1.00,1.00
2018.02.22 15:14:06.826,8.11409,8.11531,1.00,1.00
2018.02.22 15:14:07.666,8.11409,8.11529,1.00,1.00
2018.02.22 15:14:08.000,8.11409,8.11525,1.00,1.00
2018.02.22 15:14:08.688,8.11409,8.11519,1.00,1.00
2018.02.22 15:14:09.425,8.11409,8.11517,1.00,1.00
2018.02.22 15:14:09.476,8.11409,8.1152,1.00,1.00
2018.02.22 15:14:10.075,8.11409,8.11511,1.00,1.00
2018.02.22 15:14:10.279,8.11409,8.11526,1.00,1.00
2018.02.22 15:14:13.315,8.11409,8.11507,1.00,1.00
2018.02.22 15:14:13.369,8.11409,8.11517,1.00,1.00
2018.02.22 15:14:13.573,8.11419,8.11544,1.00,1.00
2018.02.22 15:14:13.625,8.11448,8.11555,1.00,1.00
2018.02.22 15:14:13.986,8.11448,8.11551,1.00,1.00
2018.02.22 15:14:14.791,8.1143,8.11551,1.00,1.00
2018.02.22 15:14:14.843,8.1143,8.11536,1.00,1.00
2018.02.22 15:14:15.017,8.1143,8.11546,1.00,1.00
2018.02.22 15:14:16.343,8.1143,8.11535,1.00,1.00
2018.02.22 15:14:16.783,8.1143,8.11532,1.00,1.00
2018.02.22 15:14:16.977,8.11414,8.11524,1.00,1.00
2018.02.22 15:14:17.080,8.11414,8.11521,1.00,1.00
2018.02.22 15:14:17.234,8.11414,8.11524,1.00,1.00
2018.02.22 15:14:17.285,8.11414,8.11517,1.00,1.00
2018.02.22 15:14:17.337,8.11393,8.11509,1.00,1.00
2018.02.22 15:14:17.851,8.11393,8.11498,1.00,1.00
2018.02.22 15:14:17.903,8.11393,8.11511,1.00,1.00
2018.02.22 15:14:17.955,8.11393,8.11502,1.00,1.00
2018.02.22 15:14:18.006,8.11393,8.11509,1.00,1.00
2018.02.22 15:14:18.395,8.11393,8.11512,1.00,1.00
2018.02.22 15:14:18.446,8.11393,8.11508,1.00,1.00
2018.02.22 15:14:18.777,8.11393,8.11504,1.00,1.00
2018.02.22 15:14:19.104,8.11384,8.11483,1.00,1.00
2018.02.22 15:14:19.454,8.11384,8.1148,1.00,1.00
2018.02.22 15:14:19.802,8.11384,8.11478,1.00,1.00
2018.02.22 15:14:20.348,8.11384,8.11477,1.00,1.00
2018.02.22 15:14:20.897,8.11384,8.11476,1.00,1.00
2018.02.22 15:14:21.383,8.114,8.11496,1.00,1.00
2018.02.22 15:14:21.435,8.114,8.11508,1.00,1.00
2018.02.22 15:14:21.486,8.114,8.11517,1.00,1.00
2018.02.22 15:14:21.537,8.1142,8.11517,1.00,1.00
2018.02.22 15:14:21.821,8.1142,8.11526,1.00,1.00
2018.02.22 15:14:21.873,8.11438,8.11534,1.00,1.00
2018.02.22 15:14:22.185,8.11438,8.11544,1.00,1.00
2018.02.22 15:14:22.834,8.11438,8.11553,1.00,1.00
2018.02.22 15:14:23.265,8.11459,8.11553,1.00,1.00
2018.02.22 15:14:23.316,8.11459,8.11565,1.00,1.00
2018.02.22 15:14:23.584,8.11459,8.11576,1.00,1.00
2018.02.22 15:14:24.155,8.11477,8.11594,1.00,1.00
2018.02.22 15:14:24.209,8.11477,8.11599,1.00,1.00
2018.02.22 15:14:24.817,8.11477,8.11608,1.00,1.00
2018.02.22 15:14:24.929,8.11493,8.11608,1.00,1.00
2018.02.22 15:14:25.890,8.11493,8.11625,1.00,1.00
2018.02.22 15:14:25.944,8.1151,8.11631,1.00,1.00
2018.02.22 15:14:26.247,8.11506,8.11621,1.00,1.00
2018.02.22 15:14:26.622,8.11506,8.11617,1.00,1.00
2018.02.22 15:14:27.288,8.11513,8.11657,1.00,1.00
2018.02.22 15:14:27.388,8.1154,8.11666,1.00,1.00
2018.02.22 15:14:27.439,8.1154,8.11676,1.00,1.00
2018.02.22 15:14:27.540,8.1154,8.1168,1.00,1.00
2018.02.22 15:14:27.642,8.11537,8.1168,1.00,1.00
2018.02.22 15:14:27.693,8.11553,8.1168,1.00,1.00
2018.02.22 15:14:27.744,8.11553,8.11689,1.00,1.00
2018.02.22 15:14:28.141,8.11563,8.11689,1.00,1.00
2018.02.22 15:14:28.452,8.11563,8.11686,1.00,1.00
2018.02.22 15:14:29.115,8.11563,8.11681,1.00,1.00
2018.02.22 15:14:29.311,8.11552,8.11681,1.00,1.00
2018.02.22 15:14:31.539,8.11581,8.11704,1.00,1.00
2018.02.22 15:14:31.851,8.11569,8.11686,1.00,1.00
2018.02.22 15:14:32.159,8.11569,8.11682,1.00,1.00
2018.02.22 15:14:33.000,8.11558,8.11682,1.00,1.00
2018.02.22 15:14:33.913,8.11558,8.11675,1.00,1.00
2018.02.22 15:14:35.267,8.11582,8.11689,1.00,1.00
2018.02.22 15:14:35.318,8.11554,8.11682,1.00,1.00
2018.02.22 15:14:35.369,8.11554,8.11674,1.00,1.00
2018.02.22 15:14:36.285,8.11554,8.1165,1.00,1.00
2018.02.22 15:14:36.337,8.11528,8.1164,1.00,1.00
2018.02.22 15:14:36.975,8.11528,8.11643,1.00,1.00
2018.02.22 15:14:38.466,8.11528,8.11639,1.00,1.00
2018.02.22 15:14:39.759,8.11528,8.11666,1.00,1.00
2018.02.22 15:14:39.810,8.11552,8.11673,1.00,1.00
2018.02.22 15:14:40.116,8.11576,8.11687,1.00,1.00
2018.02.22 15:14:40.479,8.11576,8.11697,1.00,1.00
2018.02.22 15:14:40.805,8.11576,8.11701,1.00,1.00
2018.02.22 15:14:40.857,8.11576,8.11707,1.00,1.00
2018.02.22 15:14:40.917,8.11576,8.11701,1.00,1.00
2018.02.22 15:14:41.273,8.11576,8.11698,1.00,1.00
2018.02.22 15:14:41.860,8.11576,8.11707,1.00,1.00
2018.02.22 15:14:41.911,8.11576,8.11711,1.00,1.00
2018.02.22 15:14:42.248,8.11576,8.11708,1.00,1.00
2018.02.22 15:14:43.679,8.11576,8.11702,1.00,1.00
2018.02.22 15:14:44.235,8.11576,8.11699,1.00,1.00
2018.02.22 15:14:44.951,8.11594,8.11699,1.00,1.00
2018.02.22 15:14:45.280,8.11572,8.11671,1.00,1.00
2018.02.22 15:14:45.592,8.11572,8.11667,1.00,1.00
2018.02.22 15:14:46.325,8.11572,8.11662,1.00,1.00
2018.02.22 15:14:47.462,8.11572,8.11666,1.00,1.00
2018.02.22 15:14:47.687,8.11572,8.11662,1.00,1.00
2018.02.22 15:14:47.788,8.11572,8.11667,1.00,1.00
2018.02.22 15:14:47.940,8.11572,8.11662,1.00,1.00
2018.02.22 15:14:48.305,8.11572,8.11659,1.00,1.00
2018.02.22 15:14:48.357,8.11545,8.11655,1.00,1.00
2018.02.22 15:14:48.675,8.11545,8.11651,1.00,1.00
2018.02.22 15:14:49.222,8.11545,8.11652,1.00,1.00
2018.02.22 15:14:49.555,8.11545,8.11641,1.00,1.00
2018.02.22 15:14:51.918,8.11547,8.11641,1.00,1.00
2018.02.22 15:14:52.781,8.11547,8.11648,1.00,1.00
2018.02.22 15:14:53.943,8.11547,8.11653,1.00,1.00
2018.02.22 15:14:54.045,8.11547,8.11657,1.00,1.00
2018.02.22 15:14:54.204,8.11547,8.11654,1.00,1.00
2018.02.22 15:14:57.065,8.11547,8.11663,1.00,1.00
2018.02.22 15:14:57.117,8.11573,8.11687,1.00,1.00
2018.02.22 15:14:57.562,8.11573,8.11691,1.00,1.00
2018.02.22 15:14:57.613,8.11573,8.11697,1.00,1.00
2018.02.22 15:14:57.715,8.11573,8.11704,1.00,1.00
2018.02.22 15:14:57.968,8.11573,8.11712,1.00,1.00
2018.02.22 15:14:58.258,8.11583,8.11712,1.00,1.00
2018.02.22 15:14:58.597,8.11583,8.1171,1.00,1.00
2018.02.22 15:14:58.943,8.11592,8.1171,1.00,1.00
2018.02.22 15:14:59.749,8.11592,8.11719,1.00,1.00
2018.02.22 15:14:59.800,8.1161,8.11719,1.00,1.00
2018.02.22 15:15:00.060,8.1161,8.11731,1.00,1.00
2018.02.22 15:15:00.116,8.11626,8.1174,1.00,1.00
2018.02.22 15:15:00.435,8.11626,8.11748,1.00,1.00
2018.02.22 15:15:00.486,8.11625,8.11733,1.00,1.00
2018.02.22 15:15:00.789,8.11604,8.11705,1.00,1.00
2018.02.22 15:15:00.840,8.11604,8.11714,1.00,1.00
2018.02.22 15:15:01.161,8.11604,8.11715,1.00,1.00
2018.02.22 15:15:01.475,8.11604,8.11724,1.00,1.00
2018.02.22 15:15:01.974,8.11609,8.11716,1.00,1.00
2018.02.22 15:15:02.026,8.11604,8.11715,1.00,1.00
2018.02.22 15:15:02.077,8.11604,8.11713,1.00,1.00
2018.02.22 15:15:02.128,8.11588,8.11711,1.00,1.00
2018.02.22 15:15:02.179,8.11588,8.11707,1.00,1.00
2018.02.22 15:15:02.230,8.11588,8.11714,1.00,1.00
2018.02.22 15:15:02.282,8.11588,8.11709,1.00,1.00
2018.02.22 15:15:02.419,8.11588,8.11725,1.00,1.00
2018.02.22 15:15:02.522,8.11597,8.11725,1.00,1.00
2018.02.22 15:15:02.624,8.11597,8.1173,1.00,1.00
2018.02.22 15:15:02.675,8.11604,8.11738,1.00,1.00
2018.02.22 15:15:02.828,8.11604,8.11725,1.00,1.00
2018.02.22 15:15:02.879,8.11588,8.11714,1.00,1.00
2018.02.22 15:15:03.057,8.11588,8.11711,1.00,1.00
2018.02.22 15:15:03.901,8.11588,8.11704,1.00,1.00
2018.02.22 15:15:04.087,8.11588,8.11708,1.00,1.00
2018.02.22 15:15:04.139,8.11588,8.11712,1.00,1.00
2018.02.22 15:15:04.191,8.11605,8.11727,1.00,1.00
2018.02.22 15:15:04.242,8.11605,8.11729,1.00,1.00
2018.02.22 15:15:05.574,8.11605,8.11731,1.00,1.00
2018.02.22 15:15:06.484,8.11605,8.11753,1.00,1.00
2018.02.22 15:15:06.537,8.11641,8.11771,1.00,1.00
2018.02.22 15:15:06.841,8.11648,8.11768,1.00,1.00
2018.02.22 15:15:07.405,8.11648,8.11767,1.00,1.00
2018.02.22 15:15:08.744,8.11648,8.11763,1.00,1.00
2018.02.22 15:15:08.898,8.11648,8.11766,1.00,1.00
2018.02.22 15:15:09.123,8.11648,8.11773,1.00,1.00
2018.02.22 15:15:09.659,8.11648,8.11775,1.00,1.00
2018.02.22 15:15:09.715,8.11667,8.11788,1.00,1.00
2018.02.22 15:15:10.085,8.11667,8.11784,1.00,1.00
2018.02.22 15:15:10.136,8.11667,8.11788,1.00,1.00
2018.02.22 15:15:10.187,8.11667,8.11791,1.00,1.00
2018.02.22 15:15:10.937,8.11667,8.1178,1.00,1.00
2018.02.22 15:15:11.133,8.11667,8.11784,1.00,1.00
2018.02.22 15:15:12.508,8.11667,8.11781,1.00,1.00
2018.02.22 15:15:13.406,8.11667,8.11785,1.00,1.00
2018.02.22 15:15:15.221,8.11667,8.11781,1.00,1.00
2018.02.22 15:15:15.517,8.11667,8.11784,1.00,1.00
2018.02.22 15:15:18.101,8.11667,8.11791,1.00,1.00
2018.02.22 15:15:18.152,8.11667,8.11786,1.00,1.00
2018.02.22 15:15:18.478,8.11667,8.11772,1.00,1.00
2018.02.22 15:15:18.839,8.11667,8.11768,1.00,1.00
2018.02.22 15:15:18.941,8.11642,8.11767,1.00,1.00
2018.02.22 15:15:20.386,8.11642,8.11762,1.00,1.00
2018.02.22 15:15:20.536,8.11633,8.11759,1.00,1.00
2018.02.22 15:15:21.766,8.11633,8.11766,1.00,1.00
2018.02.22 15:15:22.259,8.11633,8.11763,1.00,1.00
2018.02.22 15:15:22.714,8.11633,8.11766,1.00,1.00
2018.02.22 15:15:25.509,8.11633,8.1177,1.00,1.00
2018.02.22 15:15:26.836,8.11633,8.11774,1.00,1.00
2018.02.22 15:15:27.288,8.11633,8.11768,1.00,1.00
2018.02.22 15:15:27.898,8.11635,8.11764,1.00,1.00
2018.02.22 15:15:28.449,8.11635,8.11762,1.00,1.00
2018.02.22 15:15:29.636,8.11652,8.11766,1.00,1.00
2018.02.22 15:15:30.080,8.11668,8.11775,1.00,1.00
2018.02.22 15:15:30.296,8.11668,8.11786,1.00,1.00
2018.02.22 15:15:33.096,8.11668,8.11777,1.00,1.00
2018.02.22 15:15:33.409,8.11668,8.11773,1.00,1.00
2018.02.22 15:15:33.987,8.11668,8.11771,1.00,1.00
2018.02.22 15:15:34.856,8.11668,8.11773,1.00,1.00
2018.02.22 15:15:35.651,8.11651,8.11773,1.00,1.00
2018.02.22 15:15:36.187,8.1163,8.11746,1.00,1.00
2018.02.22 15:15:36.238,8.1163,8.11754,1.00,1.00
2018.02.22 15:15:36.290,8.1163,8.1176,1.00,1.00
2018.02.22 15:15:36.342,8.1163,8.11769,1.00,1.00
2018.02.22 15:15:36.394,8.11648,8.1177,1.00,1.00
2018.02.22 15:15:36.720,8.11652,8.1177,1.00,1.00
2018.02.22 15:15:37.955,8.11652,8.11777,1.00,1.00
2018.02.22 15:15:38.391,8.11652,8.11766,1.00,1.00
2018.02.22 15:15:39.821,8.11652,8.11762,1.00,1.00
2018.02.22 15:15:39.872,8.11639,8.11762,1.00,1.00
2018.02.22 15:15:41.180,8.11639,8.11758,1.00,1.00
2018.02.22 15:15:41.559,8.11639,8.11751,1.00,1.00
2018.02.22 15:15:42.001,8.11639,8.11758,1.00,1.00
2018.02.22 15:15:42.103,8.11639,8.11751,1.00,1.00
2018.02.22 15:15:42.598,8.11656,8.11758,1.00,1.00
2018.02.22 15:15:42.654,8.11656,8.11763,1.00,1.00
2018.02.22 15:15:43.207,8.11656,8.11764,1.00,1.00
2018.02.22 15:15:43.576,8.11656,8.11773,1.00,1.00
2018.02.22 15:15:43.974,8.11684,8.11785,1.00,1.00
2018.02.22 15:15:44.024,8.11684,8.11796,1.00,1.00
2018.02.22 15:15:44.075,8.11684,8.118,1.00,1.00
2018.02.22 15:15:44.452,8.11706,8.11819,1.00,1.00
2018.02.22 15:15:44.757,8.11706,8.11804,1.00,1.00
2018.02.22 15:15:44.861,8.11706,8.11807,1.00,1.00
2018.02.22 15:15:45.671,8.11706,8.11802,1.00,1.00
2018.02.22 15:15:46.766,8.11706,8.11799,1.00,1.00
2018.02.22 15:15:46.818,8.11684,8.11798,1.00,1.00
2018.02.22 15:15:47.415,8.11684,8.11799,1.00,1.00
2018.02.22 15:15:51.902,8.11684,8.11802,1.00,1.00
2018.02.22 15:15:52.103,8.11684,8.11807,1.00,1.00
2018.02.22 15:15:52.999,8.11684,8.11803,1.00,1.00
2018.02.22 15:15:53.874,8.11684,8.11793,1.00,1.00
2018.02.22 15:15:55.449,8.11684,8.11788,1.00,1.00
2018.02.22 15:15:57.001,8.11684,8.11784,1.00,1.00
2018.02.22 15:15:57.060,8.11667,8.11784,1.00,1.00
2018.02.22 15:15:58.523,8.11667,8.11786,1.00,1.00
2018.02.22 15:16:00.326,8.11667,8.11772,1.00,1.00
2018.02.22 15:16:00.378,8.11646,8.11767,1.00,1.00
2018.02.22 15:16:00.531,8.11646,8.11763,1.00,1.00
2018.02.22 15:16:02.089,8.11646,8.11761,1.00,1.00
2018.02.22 15:16:02.670,8.11646,8.11763,1.00,1.00
2018.02.22 15:16:03.541,8.11646,8.11759,1.00,1.00
2018.02.22 15:16:04.020,8.11646,8.11752,1.00,1.00
2018.02.22 15:16:04.072,8.11646,8.1176,1.00,1.00
2018.02.22 15:16:04.863,8.11646,8.11758,1.00,1.00
2018.02.22 15:16:05.209,8.11646,8.11747,1.00,1.00
2018.02.22 15:16:08.674,8.11646,8.11739,1.00,1.00
2018.02.22 15:16:15.313,8.11646,8.11748,1.00,1.00
2018.02.22 15:16:15.466,8.11646,8.11757,1.00,1.00
2018.02.22 15:16:16.027,8.11646,8.11765,1.00,1.00
2018.02.22 15:16:16.182,8.11653,8.11765,1.00,1.00
2018.02.22 15:16:16.335,8.11646,8.11765,1.00,1.00
2018.02.22 15:16:17.609,8.11658,8.11767,1.00,1.00
2018.02.22 15:16:17.712,8.11646,8.11766,1.50,1.00
2018.02.22 15:16:17.764,8.11646,8.11759,1.50,1.00
2018.02.22 15:16:17.815,8.11646,8.11765,1.00,1.00
2018.02.22 15:16:17.917,8.11652,8.11765,1.00,1.00
2018.02.22 15:16:18.070,8.11646,8.11765,1.00,1.00
2018.02.22 15:16:19.092,8.11646,8.1177,1.00,1.00
2018.02.22 15:16:19.385,8.11666,8.11776,1.00,1.00
2018.02.22 15:16:20.926,8.11712,8.11776,1.00,1.00
2018.02.22 15:16:20.977,8.11712,8.11811,1.00,1.00
2018.02.22 15:16:21.028,8.11712,8.1187,1.00,1.12
2018.02.22 15:16:21.079,8.11712,8.11815,1.00,1.00
2018.02.22 15:16:21.231,8.11712,8.11817,1.00,1.00
2018.02.22 15:16:21.384,8.11712,8.11821,1.00,1.00
2018.02.22 15:16:21.667,8.11712,8.11818,1.00,1.00
2018.02.22 15:16:21.925,8.11712,8.11821,1.00,1.00
2018.02.22 15:16:22.468,8.11712,8.11818,1.00,1.00
2018.02.22 15:16:22.979,8.11712,8.11808,1.00,1.00
2018.02.22 15:16:23.030,8.11712,8.11814,1.00,1.00
2018.02.22 15:16:23.132,8.11712,8.11805,1.00,1.00
2018.02.22 15:16:23.637,8.11712,8.11804,1.00,1.00
2018.02.22 15:16:24.041,8.11712,8.1181,1.00,1.00
2018.02.22 15:16:24.850,8.11753,8.11866,1.00,1.00
2018.02.22 15:16:24.901,8.11753,8.11877,1.00,1.00
2018.02.22 15:16:24.952,8.11753,8.11883,1.00,1.00
2018.02.22 15:16:25.004,8.11771,8.11894,1.00,1.00
2018.02.22 15:16:25.308,8.11771,8.11903,1.00,1.00
2018.02.22 15:16:25.358,8.11793,8.11911,1.00,1.00
2018.02.22 15:16:25.409,8.11793,8.11916,1.00,1.00
2018.02.22 15:16:25.460,8.11808,8.11924,1.00,1.00
2018.02.22 15:16:25.511,8.11795,8.11939,1.00,1.00
2018.02.22 15:16:25.561,8.11806,8.11939,1.00,1.00
2018.02.22 15:16:25.814,8.11827,8.11971,1.50,1.00
2018.02.22 15:16:25.935,8.11849,8.1197,1.00,1.00
2018.02.22 15:16:25.986,8.1187,8.11996,1.00,1.00
2018.02.22 15:16:26.087,8.1187,8.12021,1.00,1.00
2018.02.22 15:16:26.139,8.11876,8.12021,1.00,1.00
2018.02.22 15:16:26.190,8.11876,8.1203,1.00,1.00
2018.02.22 15:16:26.242,8.11904,8.12038,1.00,1.00
2018.02.22 15:16:27.276,8.11904,8.12049,1.00,1.00
2018.02.22 15:16:27.328,8.11901,8.12046,1.00,1.00
2018.02.22 15:16:27.637,8.1188,8.12037,1.37,1.00
2018.02.22 15:16:27.790,8.1188,8.12029,1.00,1.00
2018.02.22 15:16:27.841,8.11857,8.12017,1.00,1.00
2018.02.22 15:16:28.090,8.11857,8.12002,1.00,1.00
2018.02.22 15:16:28.619,8.11839,8.12001,1.00,1.00
2018.02.22 15:16:28.671,8.11839,8.11989,1.00,1.00
2018.02.22 15:16:28.978,8.11839,8.11977,1.00,1.00
2018.02.22 15:16:29.029,8.11828,8.1197,1.00,1.00
2018.02.22 15:16:29.577,8.11828,8.11964,1.00,1.00
2018.02.22 15:16:29.864,8.11799,8.11943,1.50,1.00
2018.02.22 15:16:29.917,8.11799,8.11933,1.00,1.00
2018.02.22 15:16:30.050,8.11784,8.11934,1.00,1.00
2018.02.22 15:16:30.205,8.11784,8.11924,1.00,1.00
2018.02.22 15:16:30.257,8.11779,8.11924,1.00,1.00
2018.02.22 15:16:30.308,8.11767,8.11924,1.00,1.00
2018.02.22 15:16:30.360,8.11767,8.11922,1.00,1.00
2018.02.22 15:16:30.667,8.11751,8.11897,1.00,1.00
2018.02.22 15:16:31.047,8.11747,8.11888,1.00,1.37
2018.02.22 15:16:31.150,8.11724,8.1187,1.00,1.00
2018.02.22 15:16:31.202,8.11724,8.11861,1.00,1.00
2018.02.22 15:16:31.253,8.11707,8.11853,1.00,1.00
2018.02.22 15:16:31.366,8.11707,8.11851,1.00,1.00
2018.02.22 15:16:31.520,8.11685,8.11834,1.00,1.00
2018.02.22 15:16:31.571,8.11685,8.11824,1.00,1.00
2018.02.22 15:16:31.883,8.11685,8.11816,1.00,1.00
2018.02.22 15:16:32.089,8.11673,8.11808,1.00,1.00
2018.02.22 15:16:34.059,8.11673,8.11799,1.00,1.00
2018.02.22 15:16:34.110,8.1165,8.11799,1.00,1.00
2018.02.22 15:16:34.276,8.11668,8.11809,1.00,1.00
2018.02.22 15:16:34.580,8.11689,8.11826,1.00,1.00
2018.02.22 15:16:34.885,8.11689,8.11835,1.00,1.00
2018.02.22 15:16:35.191,8.11689,8.11835,1.00,1.75
2018.02.22 15:16:35.770,8.11689,8.11845,1.00,1.37
2018.02.22 15:16:35.972,8.11705,8.11854,1.00,1.37
2018.02.22 15:16:36.152,8.11705,8.11862,1.00,1.00
2018.02.22 15:16:36.203,8.11727,8.11862,1.00,1.00
2018.02.22 15:16:36.365,8.11727,8.11876,1.00,1.00
2018.02.22 15:16:36.416,8.11747,8.11876,1.00,1.00
2018.02.22 15:16:36.467,8.11747,8.11892,1.00,1.50
2018.02.22 15:16:36.672,8.11747,8.11896,1.00,1.00
2018.02.22 15:16:36.804,8.11769,8.11896,1.00,1.00
2018.02.22 15:16:36.855,8.11769,8.11908,1.00,1.00
2018.02.22 15:16:37.030,8.11769,8.11917,1.00,1.00
2018.02.22 15:16:37.183,8.11785,8.11925,1.00,1.00
2018.02.22 15:16:37.493,8.11785,8.11923,1.00,1.00
2018.02.22 15:16:38.100,8.118,8.11924,1.00,1.00
2018.02.22 15:16:38.973,8.118,8.11925,1.00,1.00
2018.02.22 15:16:39.188,8.118,8.11929,1.00,1.00
2018.02.22 15:16:39.759,8.118,8.11921,1.00,1.00
2018.02.22 15:16:40.415,8.118,8.1192,1.00,1.00
2018.02.22 15:16:41.361,8.11799,8.1192,1.00,1.00
2018.02.22 15:16:41.889,8.11799,8.11926,1.00,1.00
2018.02.22 15:16:41.941,8.11816,8.11939,1.00,1.00
2018.02.22 15:16:42.248,8.11864,8.11981,1.00,1.00
2018.02.22 15:16:42.350,8.11838,8.11976,1.00,1.00
2018.02.22 15:16:42.402,8.11838,8.11961,1.00,1.00
2018.02.22 15:16:42.764,8.11818,8.1194,1.37,1.00
2018.02.22 15:16:42.918,8.11818,8.11948,1.37,1.00
2018.02.22 15:16:43.174,8.11818,8.11955,1.37,1.00
2018.02.22 15:16:43.226,8.11818,8.11961,1.00,1.00
2018.02.22 15:16:44.135,8.11833,8.11961,1.00,1.00
2018.02.22 15:16:44.186,8.11815,8.11951,1.00,1.00
2018.02.22 15:16:44.288,8.11815,8.11939,1.00,1.00
2018.02.22 15:16:45.144,8.11815,8.1193,1.00,1.00
2018.02.22 15:16:45.400,8.11793,8.1193,1.00,1.00
2018.02.22 15:16:45.502,8.11792,8.1192,1.00,1.00
2018.02.22 15:16:45.879,8.11792,8.11912,1.00,1.00
2018.02.22 15:16:46.617,8.11792,8.11919,1.00,1.00
2018.02.22 15:16:46.718,8.11792,8.11922,1.00,1.00
2018.02.22 15:16:46.819,8.11792,8.11918,1.00,1.00
2018.02.22 15:16:46.921,8.11792,8.11924,1.00,1.00
2018.02.22 15:16:46.971,8.11792,8.119,1.00,1.00
2018.02.22 15:16:47.022,8.1176,8.11888,1.00,1.00
2018.02.22 15:16:47.073,8.11742,8.11872,1.00,1.00
2018.02.22 15:16:47.124,8.11742,8.11869,1.00,1.00
2018.02.22 15:16:47.402,8.11722,8.11867,1.00,1.00
2018.02.22 15:16:47.713,8.11706,8.11839,1.00,1.00
2018.02.22 15:16:48.018,8.11671,8.11794,1.00,1.00
2018.02.22 15:16:48.160,8.11671,8.11799,1.00,1.00
2018.02.22 15:16:48.211,8.11671,8.11808,1.00,1.00
2018.02.22 15:16:48.262,8.11671,8.11812,1.00,1.00
2018.02.22 15:16:48.579,8.11671,8.11802,1.00,1.00
2018.02.22 15:16:48.882,8.11668,8.11781,1.00,1.00
2018.02.22 15:16:50.820,8.11668,8.11776,1.00,1.00
2018.02.22 15:16:51.517,8.11649,8.11776,1.00,1.00
2018.02.22 15:16:52.063,8.11649,8.11783,1.00,1.00
2018.02.22 15:16:52.379,8.11626,8.11757,1.00,1.00
2018.02.22 15:16:52.739,8.11626,8.11752,1.00,1.00
2018.02.22 15:16:53.422,8.11626,8.11747,1.00,1.00
2018.02.22 15:16:53.994,8.11626,8.11752,1.00,1.00
2018.02.22 15:17:00.481,8.11626,8.11769,1.00,1.00
2018.02.22 15:17:00.750,8.11626,8.11763,1.00,1.00
2018.02.22 15:17:01.129,8.11626,8.11756,1.00,1.00
2018.02.22 15:17:01.684,8.11626,8.11766,1.00,1.00
2018.02.22 15:17:01.785,8.11626,8.11772,1.50,1.12
2018.02.22 15:17:02.298,8.11626,8.11777,1.50,1.12
2018.02.22 15:17:02.824,8.11628,8.11777,1.00,1.12
2018.02.22 15:17:03.523,8.11629,8.11777,1.00,1.12
2018.02.22 15:17:03.597,8.11627,8.11777,1.00,1.12
2018.02.22 15:17:03.835,8.11596,8.11688,1.00,1.00
2018.02.22 15:17:03.887,8.1159,8.11688,1.00,1.00
2018.02.22 15:17:03.939,8.11571,8.11675,1.00,1.87
2018.02.22 15:17:03.990,8.11556,8.11654,1.00,1.00
2018.02.22 15:17:04.154,8.11538,8.11654,1.20,1.00
2018.02.22 15:17:04.208,8.11486,8.1164,1.00,1.37
2018.02.22 15:17:04.362,8.11505,8.11649,1.00,1.75
2018.02.22 15:17:04.722,8.11523,8.11649,1.00,1.75
2018.02.22 15:17:05.181,8.11506,8.11649,1.00,1.75
2018.02.22 15:17:05.232,8.11523,8.11649,1.00,1.75
2018.02.22 15:17:05.284,8.11505,8.11649,1.00,1.00
2018.02.22 15:17:05.386,8.11524,8.11649,1.00,1.00
2018.02.22 15:17:05.898,8.11505,8.11649,1.00,1.00
2018.02.22 15:17:06.376,8.11505,8.1164,1.00,1.00
2018.02.22 15:17:07.203,8.11505,8.11644,1.00,1.00
2018.02.22 15:17:07.305,8.11505,8.11634,1.00,1.00
2018.02.22 15:17:07.484,8.11471,8.11625,1.00,1.37
2018.02.22 15:17:07.537,8.11471,8.11608,1.00,1.00
2018.02.22 15:17:07.741,8.11471,8.11619,1.00,1.00
2018.02.22 15:17:08.096,8.11471,8.11629,1.00,1.37
2018.02.22 15:17:08.950,8.11471,8.11629,1.00,1.12
2018.02.22 15:17:09.001,8.11471,8.11626,1.00,1.00
2018.02.22 15:17:09.309,8.11466,8.116,1.00,1.00
2018.02.22 15:17:09.933,8.11466,8.11604,1.00,1.00
2018.02.22 15:17:10.433,8.11466,8.1161,1.00,1.00
2018.02.22 15:17:10.647,8.11466,8.11619,1.00,1.37
2018.02.22 15:17:11.745,8.11466,8.11614,1.00,1.00
2018.02.22 15:17:11.905,8.11466,8.11618,1.00,1.00
2018.02.22 15:17:12.940,8.11466,8.11614,1.00,1.00
2018.02.22 15:17:12.991,8.11466,8.11617,1.00,1.00
2018.02.22 15:17:14.163,8.11466,8.11614,1.00,1.00
2018.02.22 15:17:15.535,8.11466,8.11601,1.00,1.00
2018.02.22 15:17:16.026,8.11466,8.11596,1.00,1.00
2018.02.22 15:17:17.778,8.11441,8.11586,1.00,1.00
2018.02.22 15:17:19.477,8.11441,8.11577,1.00,1.00
2018.02.22 15:17:20.292,8.11441,8.11572,1.00,1.00
2018.02.22 15:17:20.475,8.11423,8.1156,1.00,1.00
2018.02.22 15:17:20.527,8.11444,8.11573,1.00,1.00
2018.02.22 15:17:21.580,8.11445,8.11573,1.00,1.00
2018.02.22 15:17:21.913,8.11462,8.11573,1.00,1.00
2018.02.22 15:17:23.770,8.11441,8.11573,1.00,1.00
2018.02.22 15:17:24.021,8.11444,8.11573,1.00,1.00
2018.02.22 15:17:24.355,8.11461,8.11579,1.00,1.00
2018.02.22 15:17:24.406,8.11446,8.11573,1.00,1.00
2018.02.22 15:17:24.509,8.11446,8.11568,1.00,1.00
2018.02.22 15:17:24.851,8.11441,8.11553,1.50,1.00
2018.02.22 15:17:25.004,8.11441,8.11556,1.00,1.00
2018.02.22 15:17:25.177,8.11441,8.11561,1.00,1.00
2018.02.22 15:17:25.228,8.11443,8.11564,1.00,1.00
2018.02.22 15:17:25.547,8.11445,8.11564,1.00,1.00
2018.02.22 15:17:25.894,8.11448,8.11564,1.00,1.00
2018.02.22 15:17:26.207,8.11447,8.11569,1.00,1.00
2018.02.22 15:17:26.400,8.11442,8.11569,1.00,1.00
2018.02.22 15:17:26.899,8.11442,8.11572,1.00,1.00
2018.02.22 15:17:26.950,8.11442,8.11578,1.00,1.00
2018.02.22 15:17:27.052,8.11443,8.11576,1.00,1.00
2018.02.22 15:17:27.585,8.11444,8.11576,1.00,1.00
2018.02.22 15:17:28.449,8.11443,8.11576,1.00,1.00
2018.02.22 15:17:28.757,8.11441,8.1157,1.00,1.00
2018.02.22 15:17:30.256,8.11449,8.11586,1.00,1.00
2018.02.22 15:17:30.358,8.11452,8.11586,1.00,1.00
2018.02.22 15:17:30.664,8.11463,8.11586,1.00,1.00
2018.02.22 15:17:30.715,8.11465,8.11602,1.00,1.00
2018.02.22 15:17:30.767,8.11497,8.11599,1.00,1.00
2018.02.22 15:17:30.967,8.11497,8.11612,1.00,1.00
2018.02.22 15:17:31.019,8.11497,8.11594,1.00,1.00
2018.02.22 15:17:31.224,8.11472,8.11578,1.00,1.00
2018.02.22 15:17:31.378,8.11464,8.11578,1.00,1.00
2018.02.22 15:17:31.430,8.11472,8.11578,1.00,1.00
2018.02.22 15:17:32.022,8.11472,8.11579,1.00,1.00
2018.02.22 15:17:32.659,8.11472,8.11574,1.00,1.00
2018.02.22 15:17:33.317,8.11472,8.11583,1.00,1.00
2018.02.22 15:17:33.566,8.11472,8.11575,1.00,1.00
2018.02.22 15:17:33.900,8.11452,8.11552,1.00,1.00
2018.02.22 15:17:34.201,8.11452,8.1155,1.00,1.00
2018.02.22 15:17:34.387,8.11434,8.1155,1.00,1.00
2018.02.22 15:17:35.228,8.11434,8.11548,1.00,1.00
2018.02.22 15:17:39.097,8.11434,8.11549,1.00,1.00
2018.02.22 15:17:40.401,8.11434,8.11557,1.00,1.00
2018.02.22 15:17:40.698,8.11434,8.11559,1.00,1.00
2018.02.22 15:17:40.749,8.11416,8.11535,1.00,1.00
2018.02.22 15:17:41.002,8.11437,8.11564,1.00,1.00
2018.02.22 15:17:41.053,8.11462,8.11564,1.00,1.00
2018.02.22 15:17:41.363,8.11462,8.11573,1.00,1.00
2018.02.22 15:17:41.704,8.11462,8.11582,1.00,1.00
2018.02.22 15:17:42.187,8.11462,8.11584,1.00,1.00
2018.02.22 15:17:42.811,8.11464,8.11575,1.00,1.00
2018.02.22 15:17:43.123,8.11464,8.11566,1.00,1.00
2018.02.22 15:17:43.174,8.11464,8.11569,1.00,1.00
2018.02.22 15:17:43.225,8.11464,8.11566,1.00,1.00
2018.02.22 15:17:43.723,8.11464,8.11568,1.00,1.00
2018.02.22 15:17:49.288,8.11464,8.11566,1.00,1.00
2018.02.22 15:17:50.912,8.11467,8.11587,1.00,1.00
2018.02.22 15:17:51.634,8.11467,8.11604,1.00,1.00
2018.02.22 15:17:51.685,8.1149,8.11616,1.00,1.00
2018.02.22 15:17:51.736,8.11494,8.11622,1.00,1.00
2018.02.22 15:17:52.142,8.11494,8.11617,1.00,1.00
2018.02.22 15:17:54.127,8.11523,8.11623,1.00,1.00
2018.02.22 15:17:54.630,8.11523,8.1162,1.00,1.00
2018.02.22 15:17:54.781,8.11541,8.11661,1.00,1.00
2018.02.22 15:17:54.885,8.11541,8.11634,1.00,1.00
2018.02.22 15:17:54.936,8.11523,8.11641,1.00,1.00
2018.02.22 15:17:54.986,8.11527,8.11641,1.00,1.00
2018.02.22 15:17:56.633,8.11527,8.11637,1.00,1.00
2018.02.22 15:17:57.505,8.11527,8.11625,1.00,1.00
2018.02.22 15:17:57.889,8.11505,8.11625,1.00,1.00
2018.02.22 15:17:58.673,8.11505,8.11621,1.00,1.00
2018.02.22 15:17:59.025,8.11505,8.11633,1.00,1.37
2018.02.22 15:17:59.077,8.11505,8.11628,1.00,1.00
2018.02.22 15:17:59.386,8.11528,8.11641,1.00,1.37
2018.02.22 15:18:00.226,8.11528,8.11643,1.00,1.00
2018.02.22 15:18:00.281,8.11528,8.11653,1.00,1.12
2018.02.22 15:18:03.647,8.11528,8.11654,1.00,1.00
2018.02.22 15:18:04.260,8.11528,8.11651,1.00,1.00
2018.02.22 15:18:05.844,8.11528,8.11657,1.00,1.00
2018.02.22 15:18:06.147,8.11528,8.11662,1.00,1.00
2018.02.22 15:18:06.199,8.11543,8.11673,1.00,1.37
2018.02.22 15:18:06.700,8.11543,8.11667,1.00,1.00
2018.02.22 15:18:07.547,8.11543,8.11663,1.00,1.00
2018.02.22 15:18:07.722,8.11543,8.1167,1.00,1.00
2018.02.22 15:18:07.825,8.11543,8.11674,1.00,1.00
2018.02.22 15:18:08.259,8.11543,8.11665,1.00,1.00
2018.02.22 15:18:10.259,8.11543,8.11653,1.00,1.00
2018.02.22 15:18:10.615,8.11543,8.11646,1.00,1.00
2018.02.22 15:18:11.806,8.11543,8.1164,1.00,1.00
2018.02.22 15:18:12.645,8.1152,8.1164,1.00,1.00
2018.02.22 15:18:12.822,8.11499,8.1161,1.00,1.00
2018.02.22 15:18:13.169,8.11499,8.11604,1.00,1.00
2018.02.22 15:18:16.426,8.11499,8.11614,1.00,1.00
2018.02.22 15:18:18.639,8.11499,8.11613,1.00,1.00
2018.02.22 15:18:33.033,8.11499,8.1163,1.00,1.37
2018.02.22 15:18:34.573,8.11499,8.11615,1.00,1.00
2018.02.22 15:18:34.876,8.11481,8.11603,1.00,1.00
2018.02.22 15:18:35.164,8.11481,8.11607,1.00,1.00
2018.02.22 15:18:35.266,8.11481,8.1161,1.00,1.00
2018.02.22 15:18:35.755,8.11481,8.1161,1.00,1.37
2018.02.22 15:18:36.104,8.11501,8.11618,1.00,1.37
2018.02.22 15:18:36.979,8.11501,8.11613,1.00,1.00
2018.02.22 15:18:37.253,8.11501,8.11616,1.00,1.37
2018.02.22 15:18:38.477,8.11501,8.1162,1.00,1.37
2018.02.22 15:18:40.217,8.11501,8.11619,1.00,1.00
2018.02.22 15:18:40.599,8.11501,8.11622,1.00,1.00
2018.02.22 15:18:43.647,8.11501,8.11619,1.00,1.00
2018.02.22 15:18:44.079,8.11501,8.11615,1.00,1.00
2018.02.22 15:18:45.729,8.11501,8.11606,1.00,1.00
2018.02.22 15:18:46.966,8.11501,8.11602,1.00,1.00
2018.02.22 15:18:47.189,8.11468,8.11571,1.00,1.00
2018.02.22 15:18:47.241,8.11445,8.11556,1.00,1.00
2018.02.22 15:18:48.041,8.11445,8.11539,1.00,1.00
2018.02.22 15:18:49.381,8.11445,8.11545,1.00,1.00
2018.02.22 15:18:50.701,8.11445,8.11554,1.00,1.00
2018.02.22 15:18:50.803,8.11445,8.11557,1.00,1.00
2018.02.22 15:18:51.335,8.11445,8.11566,1.00,1.37
2018.02.22 15:18:51.386,8.11464,8.11576,1.00,1.37
2018.02.22 15:18:52.523,8.11464,8.11582,1.00,1.00
2018.02.22 15:18:53.024,8.11464,8.11593,1.00,1.37
2018.02.22 15:18:54.368,8.11464,8.11592,1.00,1.00
2018.02.22 15:18:56.106,8.11464,8.11595,1.00,1.00
2018.02.22 15:18:56.209,8.11488,8.11603,1.00,1.00
2018.02.22 15:18:57.432,8.11488,8.11594,1.00,1.00
2018.02.22 15:18:57.483,8.11488,8.11603,1.00,1.00
2018.02.22 15:18:58.140,8.11488,8.11599,1.00,1.00
2018.02.22 15:18:58.494,8.11488,8.11597,1.00,1.00
2018.02.22 15:18:58.832,8.11488,8.1159,1.00,1.00
2018.02.22 15:18:59.159,8.11472,8.11569,1.00,1.00
2018.02.22 15:18:59.210,8.11456,8.11569,1.00,1.00
2018.02.22 15:18:59.436,8.11456,8.11558,1.00,1.00
2018.02.22 15:18:59.919,8.11435,8.11537,1.00,1.00
2018.02.22 15:18:59.971,8.11435,8.11543,1.00,1.00
2018.02.22 15:19:00.022,8.11435,8.11551,1.00,1.00
2018.02.22 15:19:00.073,8.11435,8.11555,1.00,1.00
2018.02.22 15:19:03.066,8.11435,8.11559,1.00,1.00
2018.02.22 15:19:03.738,8.11435,8.11557,1.00,1.00
2018.02.22 15:19:04.380,8.11435,8.11556,1.00,1.00
2018.02.22 15:19:05.799,8.11435,8.11562,1.00,1.00
2018.02.22 15:19:05.850,8.11471,8.11583,1.00,1.37
2018.02.22 15:19:06.482,8.11471,8.11583,1.00,1.00
2018.02.22 15:19:06.942,8.11471,8.1159,1.00,1.37
2018.02.22 15:19:07.256,8.11493,8.11597,1.00,1.37
2018.02.22 15:19:07.787,8.11493,8.11602,1.00,1.00
2018.02.22 15:19:08.206,8.11493,8.11604,1.00,1.00
2018.02.22 15:19:09.287,8.11493,8.1161,1.00,1.37
2018.02.22 15:19:10.306,8.11493,8.11601,1.00,1.00
2018.02.22 15:19:10.752,8.11493,8.11597,1.00,1.00
2018.02.22 15:19:11.286,8.11493,8.11594,1.00,1.00
2018.02.22 15:19:11.593,8.11493,8.11589,1.00,1.00
2018.02.22 15:19:13.922,8.11493,8.11588,1.00,1.00
2018.02.22 15:19:14.911,8.11493,8.11568,1.00,1.00
2018.02.22 15:19:14.963,8.11473,8.11559,1.00,1.00
2018.02.22 15:19:15.014,8.11473,8.11565,1.00,1.00
2018.02.22 15:19:15.124,8.11473,8.1157,1.00,1.00
2018.02.22 15:19:15.176,8.11473,8.11579,1.00,1.00
2018.02.22 15:19:15.280,8.11473,8.11575,1.00,1.00
2018.02.22 15:19:15.954,8.11473,8.1158,1.00,1.00
2018.02.22 15:19:17.079,8.11473,8.11583,1.00,1.00
2018.02.22 15:19:17.130,8.11491,8.11583,1.00,1.00
2018.02.22 15:19:19.085,8.11491,8.11587,1.00,1.00
2018.02.22 15:19:19.138,8.11491,8.11606,1.00,1.37
2018.02.22 15:19:19.436,8.11529,8.11617,1.00,1.37
2018.02.22 15:19:20.180,8.1155,8.11642,1.00,1.37
2018.02.22 15:19:20.580,8.1155,8.11634,1.00,1.00
2018.02.22 15:19:20.909,8.1155,8.11632,1.00,1.00
2018.02.22 15:19:20.964,8.1155,8.11641,1.00,1.37
2018.02.22 15:19:21.665,8.11568,8.11659,1.00,1.00
2018.02.22 15:19:21.716,8.11568,8.11655,1.00,1.00
2018.02.22 15:19:21.819,8.11568,8.11664,1.00,1.37
2018.02.22 15:19:21.922,8.1158,8.11664,1.00,1.37
2018.02.22 15:19:22.178,8.11564,8.11659,1.00,1.00
2018.02.22 15:19:22.379,8.11545,8.11643,1.00,1.00
2018.02.22 15:19:22.483,8.11545,8.11632,1.00,1.00
2018.02.22 15:19:24.321,8.11545,8.11638,1.00,1.00
2018.02.22 15:19:24.415,8.11545,8.11636,1.00,1.00
2018.02.22 15:19:24.568,8.11529,8.11625,1.00,1.00
2018.02.22 15:19:24.620,8.11529,8.1162,1.00,1.00
2018.02.22 15:19:25.486,8.11532,8.1162,1.00,1.00
2018.02.22 15:19:25.866,8.11532,8.11628,1.00,1.00
2018.02.22 15:19:26.477,8.11532,8.11629,1.00,1.00
2018.02.22 15:19:26.529,8.11532,8.11641,1.00,1.00
2018.02.22 15:19:26.581,8.11532,8.11645,1.00,1.00
2018.02.22 15:19:26.786,8.11532,8.1165,1.00,1.00
2018.02.22 15:19:27.732,8.11532,8.11641,1.00,1.00
2018.02.22 15:19:28.941,8.11532,8.1164,1.00,1.00
2018.02.22 15:19:29.146,8.11513,8.11632,1.00,1.00
2018.02.22 15:19:29.450,8.11513,8.11623,1.00,1.00
2018.02.22 15:19:29.769,8.11493,8.11611,1.00,1.00
2018.02.22 15:19:29.822,8.11493,8.11582,1.00,1.00
2018.02.22 15:19:29.874,8.11469,8.11582,1.00,1.00
2018.02.22 15:19:31.037,8.11469,8.11575,1.00,1.00
2018.02.22 15:19:31.190,8.11445,8.11566,1.00,1.00
2018.02.22 15:19:31.291,8.11445,8.11558,1.00,1.00
2018.02.22 15:19:32.509,8.11427,8.11546,1.00,1.00
2018.02.22 15:19:33.027,8.11427,8.11538,1.00,1.00
2018.02.22 15:19:33.342,8.11422,8.1153,1.00,1.00
2018.02.22 15:19:33.891,8.11422,8.11531,1.00,1.00
2018.02.22 15:19:34.231,8.11422,8.11524,1.00,1.00
2018.02.22 15:19:34.359,8.11422,8.11528,1.00,1.00
2018.02.22 15:19:34.410,8.11422,8.11524,1.00,1.00
2018.02.22 15:19:35.807,8.11422,8.11531,1.00,1.00
2018.02.22 15:19:36.946,8.11422,8.11557,1.00,1.37
2018.02.22 15:19:36.997,8.11422,8.11539,1.00,1.00
2018.02.22 15:19:37.441,8.11422,8.11557,1.00,1.37
2018.02.22 15:19:38.584,8.11422,8.11557,1.00,1.37
2018.02.22 15:19:40.355,8.11422,8.11549,1.00,1.00
2018.02.22 15:19:42.633,8.11422,8.11539,1.00,1.37
2018.02.22 15:19:42.684,8.11407,8.11539,1.00,1.37
2018.02.22 15:19:42.736,8.11425,8.11543,1.00,1.37
2018.02.22 15:19:43.106,8.11425,8.11521,1.00,1.00
2018.02.22 15:19:43.670,8.11425,8.11514,1.00,1.00
2018.02.22 15:19:43.721,8.11404,8.11506,1.00,1.00
2018.02.22 15:19:43.772,8.11404,8.11504,1.00,1.00
2018.02.22 15:19:43.939,8.11404,8.11512,1.00,1.00
2018.02.22 15:19:43.994,8.11404,8.1151,1.00,1.00
2018.02.22 15:19:44.097,8.11404,8.11529,1.00,1.00
2018.02.22 15:19:44.200,8.11404,8.11524,1.00,1.00
2018.02.22 15:19:44.357,8.11404,8.11527,1.00,1.00
2018.02.22 15:19:44.409,8.11426,8.1155,1.00,1.50
2018.02.22 15:19:45.103,8.11426,8.11548,1.00,1.37
2018.02.22 15:19:45.578,8.11449,8.11544,1.00,1.12
2018.02.22 15:19:45.922,8.11425,8.11544,1.00,1.12
2018.02.22 15:19:45.973,8.11444,8.11553,1.00,1.37
2018.02.22 15:19:47.048,8.11444,8.11553,1.00,1.00
2018.02.22 15:19:47.610,8.11444,8.11562,1.00,1.37
2018.02.22 15:19:48.429,8.11444,8.11562,1.00,1.00
2018.02.22 15:19:48.583,8.11461,8.11562,1.00,1.00
2018.02.22 15:19:48.634,8.11461,8.1157,1.00,1.37
2018.02.22 15:19:49.593,8.11461,8.11581,1.00,1.00
2018.02.22 15:19:50.139,8.11461,8.11588,1.00,1.37
2018.02.22 15:19:50.778,8.11461,8.11588,1.00,1.00
2018.02.22 15:19:50.829,8.11461,8.11598,1.00,1.12
2018.02.22 15:19:51.038,8.11477,8.11598,1.00,1.12
2018.02.22 15:19:51.589,8.11477,8.11589,1.00,1.00
2018.02.22 15:19:52.799,8.11477,8.11586,1.00,1.00
2018.02.22 15:19:52.910,8.11477,8.1159,1.00,1.00
2018.02.22 15:19:53.069,8.11477,8.11584,1.00,1.00
2018.02.22 15:19:54.336,8.11477,8.11583,1.00,1.00
2018.02.22 15:19:54.666,8.11494,8.11598,1.00,1.12
2018.02.22 15:19:56.165,8.11494,8.11602,1.00,1.00
2018.02.22 15:19:57.268,8.11494,8.11607,1.00,1.00
2018.02.22 15:19:57.320,8.11494,8.11613,1.00,1.00
2018.02.22 15:19:57.373,8.11511,8.11608,1.00,1.00
2018.02.22 15:19:57.701,8.11497,8.11589,1.00,1.00
2018.02.22 15:19:58.442,8.11471,8.11585,1.00,1.00
2018.02.22 15:19:58.774,8.11471,8.11575,1.00,1.00
2018.02.22 15:19:58.927,8.11471,8.11582,1.00,1.00
2018.02.22 15:19:59.029,8.11471,8.11584,1.00,1.00
2018.02.22 15:19:59.697,8.11471,8.11588,1.00,1.00
2018.02.22 15:19:59.920,8.11471,8.11588,1.00,1.37
2018.02.22 15:20:01.208,8.11471,8.11586,1.00,1.37
2018.02.22 15:20:01.881,8.11494,8.11627,1.00,1.75
2018.02.22 15:20:01.931,8.11494,8.11635,1.00,1.37
2018.02.22 15:20:01.983,8.11515,8.11635,1.00,1.37
2018.02.22 15:20:02.190,8.11531,8.11659,1.00,1.37
2018.02.22 15:20:02.241,8.11531,8.11623,1.00,1.00
2018.02.22 15:20:02.664,8.11531,8.11632,1.00,1.00
2018.02.22 15:20:03.633,8.11531,8.1162,1.00,1.00
2018.02.22 15:20:03.684,8.11512,8.11615,1.00,1.00
2018.02.22 15:20:03.736,8.11512,8.11665,1.00,1.75
2018.02.22 15:20:04.957,8.11512,8.11665,1.00,1.75
2018.02.22 15:20:05.453,8.11543,8.11665,1.00,1.75
2018.02.22 15:20:06.018,8.11543,8.11665,1.00,1.75
2018.02.22 15:20:06.393,8.11525,8.11642,1.00,1.00
2018.02.22 15:20:06.445,8.11525,8.11638,1.00,1.00
2018.02.22 15:20:06.496,8.11521,8.11638,1.00,1.00
2018.02.22 15:20:06.695,8.11521,8.11641,1.00,1.00
2018.02.22 15:20:06.747,8.11526,8.11637,1.00,1.00
2018.02.22 15:20:06.850,8.11526,8.11641,1.00,1.00
2018.02.22 15:20:07.000,8.11526,8.11637,1.00,1.00
2018.02.22 15:20:07.303,8.11526,8.11637,1.00,1.75
2018.02.22 15:20:07.356,8.11507,8.11626,1.00,1.37
2018.02.22 15:20:07.760,8.11507,8.11613,1.00,1.00
2018.02.22 15:20:07.812,8.11488,8.11599,1.00,1.00
2018.02.22 15:20:07.864,8.11488,8.11599,1.00,1.75
2018.02.22 15:20:10.634,8.11488,8.11592,1.00,1.00
2018.02.22 15:20:10.684,8.11488,8.11592,1.00,1.75
2018.02.22 15:20:11.801,8.11488,8.1159,1.00,1.37
2018.02.22 15:20:12.675,8.11472,8.11577,1.00,1.37
2018.02.22 15:20:13.385,8.11439,8.11574,1.00,1.75
2018.02.22 15:20:14.531,8.11439,8.11574,1.00,1.50
2018.02.22 15:20:16.638,8.11439,8.11575,1.00,1.37
2018.02.22 15:20:17.171,8.11476,8.11588,1.00,1.75
2018.02.22 15:20:17.222,8.11476,8.11584,1.00,1.00
2018.02.22 15:20:17.374,8.11476,8.11584,1.00,1.37
2018.02.22 15:20:18.600,8.11476,8.11575,1.00,1.37
2018.02.22 15:20:21.995,8.11456,8.11548,1.00,1.00
2018.02.22 15:20:22.237,8.11456,8.11529,1.00,1.00
2018.02.22 15:20:22.288,8.11436,8.11529,1.00,1.37
2018.02.22 15:20:22.908,8.11419,8.11518,1.00,1.00
2018.02.22 15:20:23.088,8.11419,8.11523,1.00,1.37
2018.02.22 15:20:23.241,8.1144,8.11537,1.00,1.37
2018.02.22 15:20:24.191,8.1144,8.11542,1.00,1.37
2018.02.22 15:20:25.495,8.1144,8.11546,1.00,1.37
2018.02.22 15:20:25.621,8.1144,8.11558,1.00,1.00
2018.02.22 15:20:25.673,8.1144,8.11555,1.00,1.00
2018.02.22 15:20:27.065,8.1144,8.1154,1.00,1.00
2018.02.22 15:20:27.407,8.1144,8.11536,1.00,1.00
2018.02.22 15:20:29.912,8.1144,8.1154,1.00,1.00
2018.02.22 15:20:30.221,8.1144,8.11536,1.00,1.00
2018.02.22 15:20:31.159,8.1144,8.11541,1.00,1.00
2018.02.22 15:20:31.222,8.1144,8.11538,1.00,1.00
2018.02.22 15:20:31.273,8.1144,8.11541,1.00,1.00
2018.02.22 15:20:31.374,8.1144,8.11537,1.00,1.00
2018.02.22 15:20:32.004,8.1144,8.11542,1.00,1.00
2018.02.22 15:20:33.929,8.1144,8.11538,1.00,1.00
2018.02.22 15:20:34.571,8.1144,8.11532,1.00,1.00
2018.02.22 15:20:34.902,8.11419,8.11508,1.00,1.00
2018.02.22 15:20:35.468,8.11401,8.11503,1.00,1.00
2018.02.22 15:20:35.671,8.11401,8.11513,1.00,1.00
2018.02.22 15:20:36.453,8.11401,8.11508,1.00,1.00
2018.02.22 15:20:36.504,8.11401,8.11513,1.00,1.00
2018.02.22 15:20:37.696,8.11401,8.11509,1.00,1.00
2018.02.22 15:20:38.477,8.11401,8.11505,1.00,1.00
2018.02.22 15:20:39.185,8.11401,8.11509,1.00,1.00
2018.02.22 15:20:39.457,8.11401,8.11506,1.00,1.00
2018.02.22 15:20:39.938,8.11401,8.11503,1.00,1.00
2018.02.22 15:20:41.581,8.11401,8.115,1.00,1.00
2018.02.22 15:20:42.255,8.11401,8.11487,1.00,1.00
2018.02.22 15:20:42.458,8.11401,8.11497,1.00,1.00
2018.02.22 15:20:42.510,8.11401,8.11487,1.00,1.00
2018.02.22 15:20:42.815,8.11401,8.11484,1.00,1.00
2018.02.22 15:20:42.866,8.11401,8.11486,1.00,1.00
2018.02.22 15:20:43.006,8.11401,8.11514,1.00,1.00
2018.02.22 15:20:43.413,8.11431,8.1152,1.00,1.00
2018.02.22 15:20:43.464,8.11431,8.11524,1.00,1.00
2018.02.22 15:20:43.515,8.11413,8.11524,1.00,1.00
2018.02.22 15:20:43.784,8.11431,8.11533,1.00,1.00
2018.02.22 15:20:43.886,8.11431,8.11545,1.00,1.00
2018.02.22 15:20:43.938,8.11431,8.11542,1.00,1.00
2018.02.22 15:20:44.093,8.11431,8.11551,1.00,1.00
2018.02.22 15:20:44.195,8.11431,8.11554,1.00,1.00
2018.02.22 15:20:44.433,8.11434,8.11571,1.00,1.00
2018.02.22 15:20:44.568,8.11459,8.11571,1.00,1.00
2018.02.22 15:20:44.904,8.11459,8.11567,1.00,1.00
2018.02.22 15:20:45.241,8.11459,8.11563,1.00,1.00
2018.02.22 15:20:46.009,8.11459,8.11558,1.00,1.00
2018.02.22 15:20:46.060,8.11459,8.11562,1.00,1.00
2018.02.22 15:20:46.650,8.11459,8.11574,1.00,1.00
2018.02.22 15:20:46.906,8.11459,8.11584,1.00,1.00
2018.02.22 15:20:47.279,8.11459,8.11593,1.00,1.00
2018.02.22 15:20:47.432,8.11488,8.11593,1.00,1.00
2018.02.22 15:20:47.689,8.11488,8.11601,1.00,1.00
2018.02.22 15:20:47.939,8.11488,8.11616,1.00,1.00
2018.02.22 15:20:47.991,8.11488,8.11618,1.00,1.00
2018.02.22 15:20:48.042,8.11506,8.11618,1.00,1.00
2018.02.22 15:20:48.939,8.11506,8.1162,1.00,1.00
2018.02.22 15:20:49.147,8.11506,8.11597,1.00,1.00
2018.02.22 15:20:49.199,8.11484,8.11592,1.00,1.00
2018.02.22 15:20:49.251,8.11484,8.11588,1.00,1.00
2018.02.22 15:20:49.431,8.11484,8.11591,1.00,1.00
2018.02.22 15:20:49.482,8.11484,8.11586,1.00,1.00
2018.02.22 15:20:49.590,8.11484,8.11592,1.00,1.00
2018.02.22 15:20:49.812,8.11484,8.11584,1.00,1.00
2018.02.22 15:20:50.229,8.11484,8.11575,1.00,1.00
2018.02.22 15:20:50.856,8.11484,8.11571,1.00,1.00
2018.02.22 15:20:51.295,8.11465,8.11571,1.00,1.00
2018.02.22 15:20:51.347,8.11465,8.11566,1.00,1.00
2018.02.22 15:20:51.903,8.11465,8.11567,1.00,1.00
2018.02.22 15:20:52.289,8.11465,8.11559,1.00,1.00
2018.02.22 15:20:52.393,8.11446,8.11545,1.00,1.00
2018.02.22 15:20:52.500,8.11446,8.11557,1.00,1.00
2018.02.22 15:20:52.654,8.11465,8.1157,1.00,1.00
2018.02.22 15:20:53.002,8.11465,8.11565,1.00,1.00
2018.02.22 15:20:53.333,8.11465,8.11569,1.00,1.00
2018.02.22 15:20:53.385,8.11481,8.11587,1.00,1.00
2018.02.22 15:20:53.436,8.11466,8.11576,1.00,1.00
2018.02.22 15:20:53.989,8.11466,8.11599,1.00,1.00
2018.02.22 15:20:54.144,8.11482,8.11613,1.00,1.00
2018.02.22 15:20:54.471,8.11482,8.11607,1.00,1.00
2018.02.22 15:20:55.482,8.11482,8.116,1.00,1.00
2018.02.22 15:20:55.785,8.11482,8.11596,1.00,1.00
2018.02.22 15:20:56.897,8.115,8.11596,1.00,1.00
2018.02.22 15:20:57.530,8.115,8.11597,1.00,1.00
2018.02.22 15:20:58.952,8.11477,8.11568,1.00,1.00
2018.02.22 15:20:59.273,8.11436,8.11525,1.00,1.00
2018.02.22 15:20:59.723,8.11407,8.1152,1.00,1.00
2018.02.22 15:20:59.935,8.11407,8.11517,1.00,1.00
2018.02.22 15:21:00.746,8.11407,8.11521,1.00,1.00
2018.02.22 15:21:01.309,8.11407,8.11514,1.00,1.00
2018.02.22 15:21:01.708,8.11407,8.11518,1.00,1.00
2018.02.22 15:21:02.476,8.11407,8.11525,1.00,1.00
2018.02.22 15:21:02.577,8.11407,8.11534,1.00,1.00
2018.02.22 15:21:03.176,8.11407,8.1153,1.00,1.00
2018.02.22 15:21:03.482,8.11407,8.11526,1.00,1.00
2018.02.22 15:21:03.795,8.11407,8.11522,1.00,1.00
2018.02.22 15:21:03.997,8.11407,8.11532,1.00,1.00
2018.02.22 15:21:04.049,8.11425,8.11542,1.00,1.00
2018.02.22 15:21:04.356,8.11347,8.11457,1.00,1.00
2018.02.22 15:21:04.484,8.11344,8.11457,1.00,1.00
2018.02.22 15:21:04.537,8.11344,8.11449,1.00,1.00
2018.02.22 15:21:04.848,8.11344,8.11441,1.00,1.00
2018.02.22 15:21:04.901,8.11303,8.11418,1.00,1.00
2018.02.22 15:21:04.953,8.11303,8.11413,1.00,1.00
2018.02.22 15:21:05.119,8.11302,8.11417,1.00,1.00
2018.02.22 15:21:05.170,8.11302,8.11424,1.00,1.00
2018.02.22 15:21:05.639,8.11302,8.11413,1.00,1.00
2018.02.22 15:21:05.793,8.11302,8.11423,1.00,1.00
2018.02.22 15:21:05.900,8.11302,8.11426,1.00,1.00
2018.02.22 15:21:06.352,8.11302,8.11415,1.00,1.00
2018.02.22 15:21:06.623,8.11302,8.11427,1.00,1.00
2018.02.22 15:21:06.967,8.11302,8.11432,1.00,1.00
2018.02.22 15:21:07.017,8.11302,8.11429,1.00,1.00
2018.02.22 15:21:07.325,8.11302,8.11423,1.00,1.00
2018.02.22 15:21:07.844,8.11284,8.11387,1.00,1.00
2018.02.22 15:21:07.997,8.11267,8.11397,1.00,1.00
2018.02.22 15:21:08.049,8.11267,8.11401,1.00,1.00
2018.02.22 15:21:08.100,8.11267,8.11393,1.00,1.00
2018.02.22 15:21:08.415,8.11262,8.11379,1.00,1.00
2018.02.22 15:21:08.785,8.11262,8.11372,1.00,1.00
2018.02.22 15:21:08.837,8.1124,8.11358,1.00,1.00
2018.02.22 15:21:08.889,8.1124,8.11353,1.00,1.00
2018.02.22 15:21:09.229,8.1124,8.1136,1.00,1.00
2018.02.22 15:21:09.281,8.1124,8.11369,1.00,1.00
2018.02.22 15:21:09.333,8.1124,8.11378,1.00,1.00
2018.02.22 15:21:09.437,8.1124,8.11374,1.00,1.00
2018.02.22 15:21:09.490,8.1124,8.11381,1.00,1.00
2018.02.22 15:21:09.775,8.1124,8.11392,1.00,1.00
2018.02.22 15:21:09.825,8.11257,8.11392,1.00,1.00
2018.02.22 15:21:11.021,8.11257,8.11384,1.00,1.00
2018.02.22 15:21:11.328,8.11237,8.11361,1.00,1.00
2018.02.22 15:21:14.212,8.11237,8.11359,1.00,1.00
2018.02.22 15:21:14.819,8.11237,8.11354,1.00,1.00
2018.02.22 15:21:15.049,8.11215,8.11334,1.00,1.00
2018.02.22 15:21:15.101,8.11215,8.11325,1.00,1.00
2018.02.22 15:21:15.403,8.11215,8.11333,1.00,1.00
2018.02.22 15:21:15.579,8.11215,8.11343,1.00,1.00
2018.02.22 15:21:15.631,8.11215,8.11345,1.00,1.00
2018.02.22 15:21:15.682,8.11215,8.11347,1.00,1.00
2018.02.22 15:21:16.260,8.11188,8.11297,1.00,1.00
2018.02.22 15:21:16.311,8.11134,8.11255,1.00,1.00
2018.02.22 15:21:16.363,8.11134,8.1123,1.00,1.00
2018.02.22 15:21:16.414,8.11109,8.11221,1.00,1.00
2018.02.22 15:21:16.466,8.11109,8.11241,1.00,1.00
2018.02.22 15:21:16.569,8.11109,8.11225,1.00,1.00
2018.02.22 15:21:16.620,8.11091,8.11216,1.00,1.00
2018.02.22 15:21:16.769,8.11091,8.11222,1.00,1.00
2018.02.22 15:21:16.982,8.11091,8.11216,1.00,1.00
2018.02.22 15:21:17.187,8.11056,8.11184,1.00,1.00
2018.02.22 15:21:17.239,8.1106,8.11223,1.00,1.37
2018.02.22 15:21:17.401,8.1106,8.11177,1.00,1.00
2018.02.22 15:21:17.452,8.11045,8.11177,1.00,1.00
2018.02.22 15:21:17.504,8.11045,8.11172,1.00,1.00
2018.02.22 15:21:17.555,8.11026,8.11161,1.00,1.00
2018.02.22 15:21:17.607,8.11024,8.11173,1.00,1.00
2018.02.22 15:21:17.674,8.11041,8.11173,1.00,1.00
2018.02.22 15:21:17.726,8.11041,8.11176,1.00,1.00
2018.02.22 15:21:17.859,8.11041,8.11188,1.00,1.00
2018.02.22 15:21:17.910,8.11074,8.11205,1.00,1.00
2018.02.22 15:21:18.221,8.11089,8.11188,1.00,1.00
2018.02.22 15:21:18.354,8.11089,8.112,1.00,1.00
2018.02.22 15:21:18.455,8.11089,8.11211,1.00,1.00
2018.02.22 15:21:18.506,8.11089,8.11214,1.00,1.00
2018.02.22 15:21:18.557,8.11089,8.1122,1.00,1.00
2018.02.22 15:21:18.658,8.11091,8.1124,1.00,1.00
2018.02.22 15:21:18.709,8.11091,8.11246,1.00,1.00
2018.02.22 15:21:18.760,8.11091,8.11248,1.00,1.00
2018.02.22 15:21:18.889,8.11109,8.11234,1.00,1.00
2018.02.22 15:21:18.940,8.11109,8.11251,1.00,1.00
2018.02.22 15:21:18.992,8.11109,8.11257,1.00,1.00
2018.02.22 15:21:19.043,8.11109,8.11239,1.00,1.00
2018.02.22 15:21:19.145,8.11109,8.11256,1.00,1.00
2018.02.22 15:21:19.246,8.11109,8.11251,1.00,1.00
2018.02.22 15:21:19.575,8.11137,8.11251,1.00,1.00
2018.02.22 15:21:19.829,8.11123,8.11244,1.00,1.00
2018.02.22 15:21:19.880,8.11123,8.11251,1.00,1.00
2018.02.22 15:21:20.205,8.11123,8.11255,1.00,1.00
2018.02.22 15:21:20.429,8.11148,8.11252,1.00,1.00
2018.02.22 15:21:20.758,8.11103,8.11168,1.00,1.00
2018.02.22 15:21:20.809,8.11084,8.11194,1.00,1.00
2018.02.22 15:21:20.861,8.11098,8.11194,1.00,1.00
2018.02.22 15:21:20.939,8.11099,8.11217,1.00,1.00
2018.02.22 15:21:20.990,8.11112,8.11241,1.00,1.00
2018.02.22 15:21:21.042,8.11112,8.1125,1.00,1.00
2018.02.22 15:21:21.094,8.11123,8.11264,1.00,1.00
2018.02.22 15:21:21.226,8.11123,8.11274,1.00,1.00
2018.02.22 15:21:21.278,8.11134,8.11256,1.00,1.00
2018.02.22 15:21:21.544,8.11134,8.11267,1.00,1.00
2018.02.22 15:21:21.596,8.11134,8.11262,1.00,1.00
2018.02.22 15:21:21.698,8.11134,8.11266,1.00,1.00
2018.02.22 15:21:21.750,8.11134,8.11275,1.00,1.00
2018.02.22 15:21:21.808,8.11134,8.11267,1.00,1.00
2018.02.22 15:21:22.141,8.11158,8.11276,1.00,1.00
2018.02.22 15:21:22.397,8.11158,8.1128,1.00,1.00
2018.02.22 15:21:22.449,8.11175,8.11305,1.00,1.00
2018.02.22 15:21:22.597,8.11175,8.11309,1.00,1.00
2018.02.22 15:21:22.754,8.11175,8.11305,1.00,1.00
2018.02.22 15:21:23.058,8.11167,8.11274,1.00,1.00
2018.02.22 15:21:23.177,8.11146,8.11274,1.00,1.00
2018.02.22 15:21:23.228,8.11146,8.11279,1.00,1.00
2018.02.22 15:21:23.287,8.11166,8.11324,1.00,1.00
2018.02.22 15:21:23.440,8.11166,8.11298,1.00,1.00
2018.02.22 15:21:23.942,8.11166,8.11293,1.00,1.00
2018.02.22 15:21:24.246,8.11156,8.11269,1.00,1.00
2018.02.22 15:21:24.494,8.11143,8.11269,1.00,1.00
2018.02.22 15:21:24.933,8.11123,8.11247,1.87,1.00
2018.02.22 15:21:25.038,8.11105,8.11236,1.00,1.00
2018.02.22 15:21:25.140,8.11105,8.11244,1.00,1.00
2018.02.22 15:21:25.252,8.11113,8.11244,1.00,1.00
2018.02.22 15:21:25.303,8.11113,8.11246,1.00,1.00
2018.02.22 15:21:25.458,8.11123,8.11246,1.00,1.00
2018.02.22 15:21:25.760,8.11124,8.11258,1.00,1.00
2018.02.22 15:21:25.812,8.11128,8.1127,1.37,1.00
2018.02.22 15:21:25.932,8.11128,8.11275,1.37,1.00
2018.02.22 15:21:25.984,8.11149,8.11275,1.00,1.00
2018.02.22 15:21:26.239,8.11149,8.11277,1.00,1.00
2018.02.22 15:21:26.290,8.11149,8.11275,1.00,1.00
2018.02.22 15:21:26.614,8.11163,8.11303,1.37,1.00
2018.02.22 15:21:26.665,8.1117,8.11287,1.00,1.00
2018.02.22 15:21:26.969,8.11143,8.1127,1.75,1.00
2018.02.22 15:21:27.198,8.11141,8.11267,1.00,1.00
2018.02.22 15:21:27.313,8.11141,8.11249,1.00,1.00
2018.02.22 15:21:27.365,8.11108,8.11223,1.00,1.00
2018.02.22 15:21:27.419,8.11089,8.11223,1.00,1.00
2018.02.22 15:21:27.763,8.11089,8.11227,1.00,1.00
2018.02.22 15:21:28.152,8.11097,8.11227,1.00,1.00
2018.02.22 15:21:28.698,8.11097,8.11225,1.00,1.00
2018.02.22 15:21:29.207,8.11105,8.11246,1.00,1.00
2018.02.22 15:21:29.259,8.11105,8.11242,1.00,1.00
2018.02.22 15:21:29.569,8.11105,8.11223,1.00,1.00
2018.02.22 15:21:29.812,8.11105,8.11226,1.00,1.00
2018.02.22 15:21:30.196,8.11089,8.1121,1.37,1.00
2018.02.22 15:21:30.350,8.11089,8.11223,1.37,1.00
2018.02.22 15:21:30.401,8.111,8.11223,1.00,1.00
2018.02.22 15:21:30.640,8.11106,8.11246,1.00,1.00
2018.02.22 15:21:30.692,8.11117,8.11248,1.00,1.00
2018.02.22 15:21:30.744,8.11117,8.11252,1.00,1.00
2018.02.22 15:21:31.171,8.11106,8.11252,1.37,1.00
2018.02.22 15:21:31.223,8.11106,8.1125,1.37,1.00
2018.02.22 15:21:31.541,8.11113,8.11256,1.00,1.00
2018.02.22 15:21:31.643,8.11123,8.11252,1.00,1.00
2018.02.22 15:21:31.868,8.11123,8.11255,1.00,1.00
2018.02.22 15:21:32.067,8.11131,8.11255,1.00,1.00
2018.02.22 15:21:32.381,8.11131,8.11248,1.00,1.00
2018.02.22 15:21:32.640,8.11114,8.1124,1.00,1.00
2018.02.22 15:21:32.691,8.11114,8.11246,1.00,1.00
2018.02.22 15:21:32.742,8.11114,8.11248,1.00,1.00
2018.02.22 15:21:32.925,8.11107,8.11236,1.00,1.00
2018.02.22 15:21:33.362,8.11093,8.11183,1.00,1.00
2018.02.22 15:21:33.418,8.11093,8.11196,1.00,1.00
2018.02.22 15:21:33.899,8.11093,8.11204,1.00,1.00
2018.02.22 15:21:34.328,8.11093,8.11232,1.00,1.00
2018.02.22 15:21:34.430,8.11102,8.11232,1.00,1.00
2018.02.22 15:21:34.764,8.11108,8.11233,1.00,1.00
2018.02.22 15:21:34.918,8.11108,8.11238,1.00,1.00
2018.02.22 15:21:34.970,8.11108,8.11243,1.00,1.00
2018.02.22 15:21:35.122,8.11108,8.11245,1.00,1.00
2018.02.22 15:21:35.174,8.11108,8.11242,1.00,1.00
2018.02.22 15:21:35.384,8.11108,8.11249,1.00,1.00
2018.02.22 15:21:35.488,8.11108,8.11245,1.00,1.00
2018.02.22 15:21:35.845,8.11108,8.1125,1.00,1.00
2018.02.22 15:21:35.948,8.11119,8.1125,1.00,1.00
2018.02.22 15:21:36.276,8.11121,8.11255,1.00,1.00
2018.02.22 15:21:36.327,8.11136,8.11269,1.00,1.00
2018.02.22 15:21:36.976,8.11139,8.11268,1.00,1.00
2018.02.22 15:21:37.416,8.11139,8.11262,1.00,1.00
2018.02.22 15:21:37.471,8.11139,8.1127,1.00,1.00
2018.02.22 15:21:37.521,8.11139,8.11259,1.00,1.00
2018.02.22 15:21:37.623,8.11139,8.11263,1.00,1.00
2018.02.22 15:21:38.078,8.11139,8.11271,1.00,1.00
2018.02.22 15:21:38.179,8.11145,8.11274,1.00,1.00
2018.02.22 15:21:38.518,8.11145,8.11269,1.00,1.00
2018.02.22 15:21:38.755,8.11145,8.11271,1.00,1.00
2018.02.22 15:21:39.038,8.11153,8.11271,1.00,1.00
2018.02.22 15:21:39.308,8.11145,8.11271,1.00,1.00
2018.02.22 15:21:39.411,8.11145,8.11265,1.00,1.00
2018.02.22 15:21:39.800,8.11145,8.11274,1.00,1.00
2018.02.22 15:21:39.851,8.11154,8.11274,1.00,1.00
2018.02.22 15:21:40.281,8.11154,8.11272,1.00,1.00
2018.02.22 15:21:40.936,8.11154,8.11279,1.00,1.00
2018.02.22 15:21:41.290,8.11153,8.11274,1.00,1.00
2018.02.22 15:21:41.342,8.11145,8.1127,1.00,1.00
2018.02.22 15:21:42.271,8.11143,8.1126,1.00,1.00
2018.02.22 15:21:42.373,8.11133,8.11265,1.00,1.00
2018.02.22 15:21:43.225,8.11133,8.11264,1.00,1.00
2018.02.22 15:21:43.660,8.11133,8.11271,1.00,1.00
2018.02.22 15:21:43.849,8.11133,8.11267,1.00,1.00
2018.02.22 15:21:44.321,8.11143,8.11267,1.00,1.00
2018.02.22 15:21:44.373,8.11143,8.11278,1.00,1.00
2018.02.22 15:21:44.502,8.11143,8.11285,1.00,1.00
2018.02.22 15:21:44.553,8.11145,8.11292,1.00,1.00
2018.02.22 15:21:45.003,8.11156,8.11292,1.00,1.00
2018.02.22 15:21:45.509,8.11155,8.11292,1.00,1.00
2018.02.22 15:21:45.563,8.11155,8.11296,1.00,1.00
2018.02.22 15:21:45.764,8.11171,8.11274,1.00,1.00
2018.02.22 15:21:45.917,8.11155,8.11274,1.00,1.00
2018.02.22 15:21:46.021,8.11155,8.11288,1.00,1.00
2018.02.22 15:21:46.230,8.11155,8.11281,1.00,1.00
2018.02.22 15:21:46.332,8.11155,8.11285,1.00,1.00
2018.02.22 15:21:46.465,8.11155,8.11283,1.00,1.00
2018.02.22 15:21:46.891,8.11155,8.11277,1.00,1.00
2018.02.22 15:21:47.144,8.11156,8.11284,1.00,1.00
2018.02.22 15:21:47.392,8.11156,8.11276,1.00,1.00
2018.02.22 15:21:47.649,8.11101,8.11226,1.37,1.00
2018.02.22 15:21:47.700,8.11099,8.11228,1.37,1.00
2018.02.22 15:21:47.862,8.11099,8.11219,1.37,1.00
2018.02.22 15:21:47.964,8.11099,8.11216,1.00,1.00
2018.02.22 15:21:48.016,8.11099,8.11227,1.00,1.00
2018.02.22 15:21:48.426,8.11099,8.11219,1.00,1.00
2018.02.22 15:21:49.065,8.11099,8.11218,1.00,1.00
2018.02.22 15:21:49.506,8.11099,8.11222,1.00,1.00
2018.02.22 15:21:49.558,8.11084,8.11198,1.00,1.00
2018.02.22 15:21:49.929,8.11084,8.1118,1.00,1.00
2018.02.22 15:21:50.033,8.11084,8.11186,1.00,1.00
2018.02.22 15:21:50.340,8.11084,8.1119,1.00,1.00
2018.02.22 15:21:50.391,8.11084,8.11164,1.00,1.00
2018.02.22 15:21:50.532,8.11005,8.11158,1.19,1.00
2018.02.22 15:21:50.583,8.11003,8.11149,1.19,1.00
2018.02.22 15:21:50.786,8.11034,8.11177,1.00,1.00
2018.02.22 15:21:50.837,8.11034,8.11186,1.00,1.00
2018.02.22 15:21:51.022,8.11055,8.11196,1.00,1.00
2018.02.22 15:21:51.225,8.11044,8.11186,1.00,1.00
2018.02.22 15:21:51.276,8.11034,8.11192,1.00,1.00
2018.02.22 15:21:51.327,8.1105,8.11185,1.00,1.00
2018.02.22 15:21:51.483,8.11046,8.11191,1.00,1.00
2018.02.22 15:21:51.534,8.11062,8.11191,1.00,1.00
2018.02.22 15:21:51.585,8.11062,8.11199,1.00,1.00
2018.02.22 15:21:51.636,8.11062,8.11201,1.00,1.00
2018.02.22 15:21:51.687,8.11062,8.11203,1.00,1.00
2018.02.22 15:21:52.055,8.11067,8.11206,1.00,1.00
2018.02.22 15:21:52.108,8.11067,8.11212,1.00,1.00
2018.02.22 15:21:52.211,8.11086,8.11219,1.00,1.00
2018.02.22 15:21:52.262,8.11086,8.11225,1.00,1.00
2018.02.22 15:21:52.316,8.11086,8.11229,1.00,1.00
2018.02.22 15:21:52.419,8.11111,8.11208,1.00,1.00
2018.02.22 15:21:52.558,8.11111,8.11223,1.00,1.00
2018.02.22 15:21:52.677,8.11086,8.11216,1.00,1.00
2018.02.22 15:21:52.729,8.11086,8.1123,1.00,1.00
2018.02.22 15:21:52.782,8.11112,8.11233,1.00,1.00
2018.02.22 15:21:52.833,8.11094,8.11234,1.00,1.00
2018.02.22 15:21:53.003,8.11099,8.11246,1.00,1.00
2018.02.22 15:21:53.063,8.11117,8.11234,1.00,1.00
2018.02.22 15:21:53.244,8.11098,8.11226,1.00,1.00
2018.02.22 15:21:53.295,8.11098,8.1123,1.00,1.00
2018.02.22 15:21:53.347,8.11122,8.11258,1.00,1.00
2018.02.22 15:21:53.401,8.11111,8.11258,1.00,1.00
2018.02.22 15:21:53.454,8.1113,8.11252,1.00,1.00
2018.02.22 15:21:53.558,8.11133,8.1127,1.37,1.00
2018.02.22 15:21:53.610,8.11151,8.11279,1.00,1.00
2018.02.22 15:21:53.662,8.11136,8.11279,1.37,1.00
2018.02.22 15:21:53.714,8.11147,8.1127,1.00,1.00
2018.02.22 15:21:54.064,8.11151,8.11259,1.00,1.00
2018.02.22 15:21:54.345,8.11129,8.11238,1.00,1.00
2018.02.22 15:21:54.557,8.11129,8.11229,1.00,1.00
2018.02.22 15:21:54.714,8.11101,8.11209,1.00,1.00
2018.02.22 15:21:54.816,8.11101,8.11216,1.00,1.00
2018.02.22 15:21:55.186,8.11101,8.11206,1.00,1.00
2018.02.22 15:21:55.287,8.11098,8.11206,1.00,1.00
2018.02.22 15:21:55.506,8.11098,8.11211,1.00,1.00
2018.02.22 15:21:55.557,8.11098,8.11222,1.00,1.00
2018.02.22 15:21:55.609,8.11098,8.11236,1.00,1.00
2018.02.22 15:21:55.661,8.11118,8.11244,1.00,1.00
2018.02.22 15:21:55.712,8.11118,8.11247,1.00,1.00
2018.02.22 15:21:55.763,8.11118,8.11225,1.00,1.00
2018.02.22 15:21:55.835,8.11118,8.11238,1.00,1.00
2018.02.22 15:21:55.886,8.11118,8.11219,1.00,1.00
2018.02.22 15:21:55.946,8.11118,8.11227,1.00,1.00
2018.02.22 15:21:55.997,8.11099,8.11223,1.00,1.00
2018.02.22 15:21:56.150,8.11099,8.1122,1.00,1.00
2018.02.22 15:21:56.475,8.11084,8.11169,1.00,1.00
2018.02.22 15:21:56.526,8.11052,8.1115,1.00,1.00
2018.02.22 15:21:56.578,8.11052,8.11156,1.50,1.00
2018.02.22 15:21:56.629,8.11052,8.11148,1.00,1.00
2018.02.22 15:21:56.734,8.11052,8.11153,1.00,1.00
2018.02.22 15:21:56.940,8.11068,8.11166,1.00,1.00
2018.02.22 15:21:57.055,8.11058,8.11166,1.00,1.00
2018.02.22 15:21:57.106,8.1106,8.11173,1.00,1.00
2018.02.22 15:21:57.258,8.11073,8.11184,1.00,1.00
2018.02.22 15:21:57.564,8.1106,8.11164,1.00,1.00
2018.02.22 15:21:57.870,8.1106,8.11166,1.00,1.00
2018.02.22 15:21:58.481,8.11063,8.11159,1.00,1.00
2018.02.22 15:21:58.537,8.11063,8.11172,1.00,1.00
2018.02.22 15:21:58.589,8.11063,8.11176,1.00,1.00
2018.02.22 15:21:58.794,8.11063,8.11178,1.00,1.00
2018.02.22 15:21:58.846,8.11063,8.11181,1.00,1.00
2018.02.22 15:21:59.577,8.11073,8.11187,1.00,1.00
2018.02.22 15:21:59.628,8.11073,8.11189,1.00,1.00
2018.02.22 15:21:59.849,8.11083,8.11197,1.00,1.00
2018.02.22 15:22:00.105,8.11083,8.11211,1.00,1.00
2018.02.22 15:22:00.156,8.11087,8.1122,1.00,1.00
2018.02.22 15:22:00.336,8.11087,8.11215,1.00,1.00
2018.02.22 15:22:00.489,8.11087,8.11221,1.00,1.00
2018.02.22 15:22:00.540,8.11083,8.11208,1.00,1.00
2018.02.22 15:22:00.918,8.11051,8.11176,1.00,1.00
2018.02.22 15:22:01.271,8.11066,8.11185,1.00,1.00
2018.02.22 15:22:01.322,8.11066,8.11191,1.00,1.00
2018.02.22 15:22:01.373,8.11072,8.11209,1.00,1.00
2018.02.22 15:22:01.660,8.11066,8.11195,1.00,1.00
2018.02.22 15:22:02.022,8.11066,8.11199,1.00,1.00
2018.02.22 15:22:02.315,8.11066,8.11197,1.00,1.00
2018.02.22 15:22:02.820,8.11066,8.112,1.00,1.00
2018.02.22 15:22:02.872,8.11076,8.1122,1.00,1.00
2018.02.22 15:22:03.000,8.11076,8.11215,1.00,1.00
2018.02.22 15:22:03.305,8.11101,8.1121,1.00,1.00
2018.02.22 15:22:03.357,8.11085,8.11196,1.00,1.00
2018.02.22 15:22:03.408,8.11085,8.11186,1.00,1.00
2018.02.22 15:22:03.459,8.11085,8.112,1.00,1.00
2018.02.22 15:22:03.510,8.11085,8.11207,1.00,1.00
2018.02.22 15:22:03.640,8.11085,8.11203,1.00,1.00
2018.02.22 15:22:03.945,8.11108,8.11204,1.00,1.00
2018.02.22 15:22:04.227,8.11108,8.11209,1.00,1.00
2018.02.22 15:22:04.601,8.11108,8.11213,1.00,1.00
2018.02.22 15:22:04.755,8.11108,8.11218,1.00,1.00
2018.02.22 15:22:04.963,8.11108,8.11225,1.00,1.00
2018.02.22 15:22:05.015,8.11131,8.11225,1.00,1.00
2018.02.22 15:22:05.212,8.11089,8.11192,1.00,1.00
2018.02.22 15:22:05.263,8.11093,8.11197,1.00,1.00
2018.02.22 15:22:05.314,8.11093,8.11195,1.00,1.00
2018.02.22 15:22:05.848,8.11093,8.11202,1.00,1.00
2018.02.22 15:22:05.899,8.11093,8.11206,1.00,1.00
2018.02.22 15:22:06.033,8.11093,8.11203,1.00,1.00
2018.02.22 15:22:06.337,8.11093,8.11195,1.00,1.00
2018.02.22 15:22:06.439,8.11093,8.11199,1.00,1.00
2018.02.22 15:22:07.058,8.11093,8.11208,1.00,1.00
2018.02.22 15:22:07.161,8.11093,8.11203,1.00,1.00
2018.02.22 15:22:07.471,8.11089,8.11206,1.00,1.00
2018.02.22 15:22:07.578,8.11089,8.11204,1.00,1.00
2018.02.22 15:22:07.831,8.11093,8.11209,1.00,1.00
2018.02.22 15:22:07.986,8.1111,8.11235,1.00,1.00
2018.02.22 15:22:08.044,8.1113,8.11235,1.00,1.00
2018.02.22 15:22:08.386,8.11131,8.11223,1.00,1.00
2018.02.22 15:22:08.437,8.11131,8.11231,1.00,1.00
2018.02.22 15:22:09.144,8.11131,8.11226,1.00,1.00
2018.02.22 15:22:09.264,8.11111,8.1121,1.00,1.00
2018.02.22 15:22:09.328,8.11105,8.11201,1.00,1.00
2018.02.22 15:22:09.379,8.11105,8.11212,1.00,1.00
2018.02.22 15:22:09.430,8.11105,8.11214,1.00,1.00
2018.02.22 15:22:09.982,8.11105,8.11209,1.00,1.00
2018.02.22 15:22:10.168,8.11105,8.11213,1.00,1.00
2018.02.22 15:22:10.833,8.11105,8.11204,1.00,1.00
2018.02.22 15:22:10.991,8.11105,8.11211,1.00,1.00
2018.02.22 15:22:11.078,8.11105,8.11204,1.00,1.00
2018.02.22 15:22:11.210,8.11105,8.11208,1.00,1.00
2018.02.22 15:22:11.313,8.11105,8.11211,1.00,1.00
2018.02.22 15:22:11.364,8.11121,8.11204,1.00,1.00
2018.02.22 15:22:11.807,8.11121,8.11198,1.00,1.00
2018.02.22 15:22:11.860,8.111,8.11191,1.00,1.00
2018.02.22 15:22:11.912,8.111,8.11202,1.00,1.00
2018.02.22 15:22:11.963,8.111,8.11197,1.00,1.00
2018.02.22 15:22:12.014,8.111,8.11202,1.00,1.00
2018.02.22 15:22:12.537,8.111,8.11191,1.00,1.00
2018.02.22 15:22:12.640,8.1108,8.11194,1.00,1.00
2018.02.22 15:22:12.691,8.11075,8.11184,1.00,1.00
2018.02.22 15:22:12.743,8.1107,8.11189,1.00,1.00
2018.02.22 15:22:12.794,8.11097,8.11198,1.00,1.00
2018.02.22 15:22:13.172,8.11097,8.11192,1.00,1.00
2018.02.22 15:22:13.715,8.11081,8.11181,1.00,1.00
2018.02.22 15:22:13.882,8.11081,8.11186,1.00,1.00
2018.02.22 15:22:13.933,8.11099,8.11198,1.00,1.00
2018.02.22 15:22:14.035,8.11099,8.1121,1.00,1.00
2018.02.22 15:22:14.340,8.11103,8.1121,1.00,1.00
2018.02.22 15:22:14.650,8.11103,8.11206,1.00,1.00
2018.02.22 15:22:14.819,8.11103,8.11211,1.00,1.00
2018.02.22 15:22:14.973,8.11103,8.11194,1.00,1.00
2018.02.22 15:22:15.127,8.11103,8.11198,1.00,1.00
2018.02.22 15:22:15.256,8.11103,8.11188,1.00,1.00
2018.02.22 15:22:15.308,8.11084,8.112,1.00,1.00
2018.02.22 15:22:15.501,8.11084,8.11203,1.00,1.00
2018.02.22 15:22:15.603,8.11084,8.1119,1.00,1.00
2018.02.22 15:22:15.915,8.11106,8.11188,1.00,1.00
2018.02.22 15:22:16.066,8.11106,8.11197,1.00,1.00
2018.02.22 15:22:16.671,8.11086,8.11197,1.00,1.00
2018.02.22 15:22:16.726,8.111,8.11218,1.00,1.00
2018.02.22 15:22:16.778,8.11128,8.11241,1.00,1.00
2018.02.22 15:22:16.830,8.11128,8.11244,1.00,1.00
2018.02.22 15:22:16.965,8.11142,8.11242,1.00,1.00
2018.02.22 15:22:17.527,8.11142,8.11234,1.00,1.00
2018.02.22 15:22:17.831,8.11142,8.1122,1.00,1.00
2018.02.22 15:22:18.157,8.11142,8.11211,1.00,1.00
2018.02.22 15:22:18.370,8.1112,8.11207,1.00,1.00
2018.02.22 15:22:18.571,8.1112,8.112,1.00,1.00
2018.02.22 15:22:18.928,8.1112,8.11193,1.00,1.00
2018.02.22 15:22:18.979,8.11098,8.11183,1.00,1.00
2018.02.22 15:22:19.081,8.11092,8.11183,1.00,1.00
2018.02.22 15:22:19.132,8.11097,8.11183,1.00,1.00
2018.02.22 15:22:19.578,8.11097,8.11179,1.00,1.00
2018.02.22 15:22:19.681,8.11097,8.11188,1.00,1.00
2018.02.22 15:22:19.733,8.11097,8.11196,1.00,1.00
2018.02.22 15:22:19.835,8.11097,8.11187,1.00,1.00
2018.02.22 15:22:20.297,8.11097,8.11179,1.00,1.00
2018.02.22 15:22:20.348,8.11073,8.11179,1.00,1.00
2018.02.22 15:22:20.507,8.11073,8.11176,1.00,1.00
2018.02.22 15:22:20.956,8.11073,8.11172,1.00,1.00
2018.02.22 15:22:21.427,8.11073,8.11179,1.00,1.00
2018.02.22 15:22:21.478,8.11073,8.11176,1.00,1.00
2018.02.22 15:22:21.531,8.11073,8.11179,1.00,1.00
2018.02.22 15:22:22.010,8.11073,8.11176,1.00,1.00
2018.02.22 15:22:22.331,8.11073,8.11167,1.00,1.00
2018.02.22 15:22:22.663,8.11073,8.11161,1.00,1.00
2018.02.22 15:22:23.218,8.11072,8.11161,1.00,1.00
2018.02.22 15:22:23.602,8.11061,8.11134,1.00,1.00
2018.02.22 15:22:23.784,8.11054,8.1115,1.00,1.00
2018.02.22 15:22:23.837,8.11051,8.11154,1.00,1.00
2018.02.22 15:22:23.938,8.11051,8.11156,1.00,1.00
2018.02.22 15:22:24.040,8.11041,8.11155,1.00,1.00
2018.02.22 15:22:24.091,8.11054,8.11151,1.00,1.00
2018.02.22 15:22:24.327,8.11041,8.11155,1.00,1.00
2018.02.22 15:22:24.787,8.11051,8.11161,1.00,1.00
2018.02.22 15:22:25.650,8.11051,8.11165,1.00,1.00
2018.02.22 15:22:25.701,8.11064,8.11181,1.00,1.00
2018.02.22 15:22:25.752,8.11064,8.11173,1.00,1.00
2018.02.22 15:22:25.855,8.11064,8.11177,1.00,1.00
2018.02.22 15:22:25.906,8.11064,8.11183,1.00,1.00
2018.02.22 15:22:25.958,8.11064,8.11187,1.00,1.00
2018.02.22 15:22:26.504,8.11064,8.11178,1.00,1.00
2018.02.22 15:22:26.918,8.11066,8.11167,1.00,1.00
2018.02.22 15:22:27.212,8.11066,8.1118,1.00,1.00
2018.02.22 15:22:27.340,8.11066,8.11184,1.00,1.00
2018.02.22 15:22:27.577,8.11066,8.11187,1.00,1.00
2018.02.22 15:22:27.629,8.11077,8.11187,1.00,1.00
2018.02.22 15:22:27.738,8.11077,8.1119,1.00,1.00
2018.02.22 15:22:27.789,8.11077,8.11182,1.00,1.00
2018.02.22 15:22:28.938,8.11077,8.11161,1.00,1.00
2018.02.22 15:22:29.044,8.11047,8.11141,1.00,1.00
2018.02.22 15:22:29.095,8.11047,8.11144,1.00,1.00
2018.02.22 15:22:29.196,8.11047,8.11148,1.00,1.00
2018.02.22 15:22:29.248,8.11048,8.11152,1.00,1.00
2018.02.22 15:22:29.728,8.11048,8.11148,1.00,1.00
2018.02.22 15:22:29.932,8.11048,8.11152,1.00,1.00
2018.02.22 15:22:30.763,8.11048,8.11144,1.00,1.00
2018.02.22 15:22:30.815,8.11048,8.1115,1.00,1.00
2018.02.22 15:22:31.320,8.11048,8.11151,1.00,1.00
2018.02.22 15:22:32.440,8.11048,8.11156,1.00,1.00
2018.02.22 15:22:32.491,8.11048,8.11162,1.00,1.00
2018.02.22 15:22:33.584,8.11048,8.11166,1.00,1.00
2018.02.22 15:22:33.685,8.11065,8.1117,1.00,1.00
2018.02.22 15:22:33.736,8.11065,8.11172,1.00,1.00
2018.02.22 15:22:34.477,8.11065,8.11176,1.00,1.00
2018.02.22 15:22:34.529,8.11075,8.11193,1.00,1.00
2018.02.22 15:22:34.581,8.11075,8.11177,1.00,1.00
2018.02.22 15:22:34.684,8.11074,8.1118,1.00,1.00
2018.02.22 15:22:34.735,8.11079,8.1117,1.00,1.00
2018.02.22 15:22:34.841,8.11079,8.11175,1.00,1.00
2018.02.22 15:22:34.994,8.11079,8.11179,1.00,1.00
2018.02.22 15:22:35.101,8.11079,8.11176,1.00,1.00
2018.02.22 15:22:35.446,8.11063,8.11166,1.00,1.00
2018.02.22 15:22:36.205,8.11063,8.11164,1.00,1.00
2018.02.22 15:22:36.461,8.11065,8.11178,1.00,1.00
2018.02.22 15:22:36.646,8.11065,8.11182,1.00,1.00
2018.02.22 15:22:36.697,8.11065,8.11193,1.00,1.37
2018.02.22 15:22:36.748,8.11065,8.11182,1.00,1.00
2018.02.22 15:22:37.053,8.11061,8.11178,1.00,1.00
2018.02.22 15:22:37.206,8.11016,8.11145,1.50,1.00
2018.02.22 15:22:37.367,8.11017,8.11153,1.00,1.00
2018.02.22 15:22:37.519,8.11017,8.1114,1.00,1.00
2018.02.22 15:22:37.853,8.11,8.11123,1.00,1.00
2018.02.22 15:22:38.161,8.10976,8.11086,1.00,1.00
2018.02.22 15:22:38.212,8.10957,8.1108,1.00,1.00
2018.02.22 15:22:38.467,8.10957,8.11071,1.00,1.00
2018.02.22 15:22:38.519,8.1093,8.11063,1.00,1.00
2018.02.22 15:22:38.570,8.10929,8.11055,1.00,1.00
2018.02.22 15:22:38.895,8.10903,8.11038,1.00,1.00
2018.02.22 15:22:38.947,8.10903,8.11017,1.00,1.00
2018.02.22 15:22:38.999,8.10884,8.11009,1.00,1.00
2018.02.22 15:22:39.101,8.10884,8.11026,1.00,1.37
2018.02.22 15:22:39.152,8.109,8.11031,1.00,1.00
2018.02.22 15:22:39.305,8.10875,8.11019,1.00,1.00
2018.02.22 15:22:39.839,8.10874,8.11018,1.00,1.00
2018.02.22 15:22:40.072,8.10872,8.10992,1.00,1.00
2018.02.22 15:22:40.174,8.10844,8.10983,1.00,1.00
2018.02.22 15:22:40.225,8.10839,8.10983,1.00,1.00
2018.02.22 15:22:40.276,8.10837,8.10986,1.00,1.00
2018.02.22 15:22:40.629,8.10837,8.10977,1.00,1.00
2018.02.22 15:22:40.680,8.10824,8.10977,1.00,1.00
2018.02.22 15:22:40.909,8.10824,8.10974,1.00,1.00
2018.02.22 15:22:41.062,8.10798,8.10953,1.00,1.00
2018.02.22 15:22:41.113,8.1078,8.10918,1.00,1.00
2018.02.22 15:22:41.164,8.1078,8.1092,1.00,1.00
2018.02.22 15:22:41.385,8.1078,8.10935,1.00,1.00
2018.02.22 15:22:41.436,8.10777,8.10939,1.00,1.00
2018.02.22 15:22:41.500,8.10777,8.10941,1.00,1.00
2018.02.22 15:22:41.551,8.10778,8.10937,1.00,1.00
2018.02.22 15:22:41.904,8.10778,8.10929,1.00,1.00
2018.02.22 15:22:42.008,8.10777,8.10931,1.00,1.00
2018.02.22 15:22:42.060,8.10777,8.10923,1.00,1.00
2018.02.22 15:22:42.111,8.10761,8.10912,1.00,1.00
2018.02.22 15:22:42.163,8.10774,8.10912,1.00,1.00
2018.02.22 15:22:42.328,8.10774,8.10923,1.00,1.00
2018.02.22 15:22:42.379,8.10774,8.10926,1.00,1.00
2018.02.22 15:22:42.484,8.10774,8.10932,1.00,1.00
2018.02.22 15:22:42.535,8.10784,8.10936,1.00,1.00
2018.02.22 15:22:42.585,8.10784,8.10945,1.00,1.00
2018.02.22 15:22:42.636,8.10787,8.10948,1.00,1.00
2018.02.22 15:22:42.943,8.10805,8.10949,1.00,1.00
2018.02.22 15:22:43.291,8.10822,8.10985,1.00,1.75
2018.02.22 15:22:43.344,8.10822,8.11005,1.00,1.62
2018.02.22 15:22:43.715,8.10823,8.10984,1.00,1.00
2018.02.22 15:22:44.165,8.1084,8.10984,1.00,1.00
2018.02.22 15:22:44.216,8.10823,8.10976,1.00,1.00
2018.02.22 15:22:44.369,8.10823,8.10978,1.00,1.00
2018.02.22 15:22:44.668,8.10846,8.11007,1.00,1.37
2018.02.22 15:22:45.662,8.10846,8.10999,1.00,1.00
2018.02.22 15:22:46.177,8.10846,8.10988,1.00,1.00
2018.02.22 15:22:46.380,8.1082,8.10965,1.00,1.00
2018.02.22 15:22:46.431,8.1082,8.10979,1.00,1.37
2018.02.22 15:22:46.482,8.10822,8.10983,1.00,1.37
2018.02.22 15:22:46.807,8.10838,8.10992,1.00,1.75
2018.02.22 15:22:47.112,8.10845,8.10999,1.00,1.75
2018.02.22 15:22:47.164,8.10852,8.11019,1.00,1.37
2018.02.22 15:22:47.449,8.10856,8.11014,1.00,1.87
2018.02.22 15:22:47.760,8.10859,8.11009,1.00,1.00
2018.02.22 15:22:48.071,8.10836,8.10973,1.00,1.00
2018.02.22 15:22:48.463,8.10836,8.10984,1.00,1.00
2018.02.22 15:22:48.514,8.10836,8.10989,1.00,1.00
2018.02.22 15:22:48.668,8.10852,8.10989,1.00,1.00
2018.02.22 15:22:49.181,8.10852,8.10991,1.00,1.00
2018.02.22 15:22:49.329,8.10852,8.10993,1.00,1.00
2018.02.22 15:22:49.584,8.10852,8.10984,1.00,1.00
2018.02.22 15:22:50.080,8.10852,8.10986,1.00,1.00
2018.02.22 15:22:50.132,8.10852,8.10989,1.00,1.00
2018.02.22 15:22:50.266,8.10852,8.10983,1.00,1.00
2018.02.22 15:22:50.573,8.10852,8.10973,1.00,1.00
2018.02.22 15:22:50.675,8.10835,8.10969,1.00,1.00
2018.02.22 15:22:50.879,8.10815,8.10944,1.00,1.00
2018.02.22 15:22:51.217,8.10815,8.10934,1.00,1.00
2018.02.22 15:22:51.893,8.10815,8.10931,1.00,1.00
2018.02.22 15:22:52.326,8.10815,8.10929,1.00,1.00
2018.02.22 15:22:52.591,8.10783,8.10929,1.00,1.00
2018.02.22 15:22:52.642,8.10783,8.10931,1.00,1.00
2018.02.22 15:22:52.888,8.10799,8.10955,1.00,1.37
2018.02.22 15:22:53.195,8.10817,8.10966,1.00,2.25
2018.02.22 15:22:53.669,8.10817,8.1098,1.00,1.37
2018.02.22 15:22:53.846,8.10823,8.1098,1.00,1.37
2018.02.22 15:22:54.186,8.10823,8.10971,1.00,1.00
2018.02.22 15:22:54.492,8.108,8.10926,1.00,1.00
2018.02.22 15:22:54.699,8.108,8.1094,1.00,1.00
2018.02.22 15:22:55.310,8.108,8.10929,1.00,1.00
2018.02.22 15:22:56.269,8.108,8.10919,1.00,1.00
2018.02.22 15:22:56.319,8.10747,8.10891,1.00,1.00
2018.02.22 15:22:56.370,8.1076,8.10905,1.00,1.00
2018.02.22 15:22:56.421,8.10787,8.10905,1.00,1.00
2018.02.22 15:22:56.472,8.10789,8.10933,1.00,1.00
2018.02.22 15:22:56.522,8.10792,8.10933,1.00,1.00
2018.02.22 15:22:56.826,8.10802,8.10933,1.00,1.00
2018.02.22 15:22:56.959,8.10802,8.10936,1.00,1.00
2018.02.22 15:22:57.682,8.10802,8.1092,1.00,1.00
2018.02.22 15:22:57.733,8.1079,8.10921,1.00,1.00
2018.02.22 15:22:57.784,8.1079,8.10911,1.00,1.00
2018.02.22 15:22:57.923,8.10786,8.1092,1.00,1.00
2018.02.22 15:22:58.025,8.10796,8.10916,1.00,1.00
2018.02.22 15:22:58.815,8.10796,8.10925,1.00,1.00
2018.02.22 15:22:58.918,8.1081,8.10925,1.00,1.00
2018.02.22 15:22:58.969,8.1081,8.10935,1.00,1.00
2018.02.22 15:22:59.021,8.1081,8.10947,1.00,1.37
2018.02.22 15:22:59.072,8.10822,8.10947,1.00,1.37
2018.02.22 15:22:59.233,8.10822,8.10947,1.00,1.00
2018.02.22 15:22:59.342,8.10822,8.10956,1.00,1.37
2018.02.22 15:22:59.444,8.10839,8.10953,1.00,1.12
2018.02.22 15:22:59.780,8.10839,8.10948,1.00,1.00
2018.02.22 15:23:00.338,8.10839,8.10957,1.00,1.37
2018.02.22 15:23:00.390,8.10839,8.10957,1.00,1.00
2018.02.22 15:23:00.526,8.10839,8.10966,1.00,1.00
2018.02.22 15:23:00.929,8.10839,8.10961,1.00,1.00
2018.02.22 15:23:00.980,8.10839,8.10976,1.00,1.37
2018.02.22 15:23:01.031,8.10839,8.10944,1.00,1.00
2018.02.22 15:23:01.371,8.10839,8.10956,1.00,1.75
2018.02.22 15:23:01.473,8.10839,8.10964,1.00,1.00
2018.02.22 15:23:02.844,8.10852,8.10964,1.00,1.00
2018.02.22 15:23:03.151,8.10852,8.10947,1.00,1.00
2018.02.22 15:23:03.202,8.10852,8.10962,1.00,1.00
2018.02.22 15:23:04.260,8.10852,8.10971,1.00,1.00
2018.02.22 15:23:04.776,8.10852,8.10972,1.00,1.00
2018.02.22 15:23:04.827,8.10852,8.10957,1.00,1.00
2018.02.22 15:23:04.928,8.10852,8.10991,1.00,1.37
2018.02.22 15:23:05.080,8.10852,8.1097,1.00,1.00
2018.02.22 15:23:05.422,8.10852,8.10962,1.00,1.00
2018.02.22 15:23:06.781,8.10852,8.10976,1.00,1.37
2018.02.22 15:23:07.733,8.10852,8.10973,1.00,1.12
2018.02.22 15:23:07.787,8.10852,8.10953,1.00,1.00
2018.02.22 15:23:07.838,8.10852,8.10965,1.00,1.00
2018.02.22 15:23:07.889,8.10863,8.10981,1.00,1.37
2018.02.22 15:23:07.990,8.10853,8.10964,1.00,1.00
2018.02.22 15:23:08.042,8.10853,8.10955,1.00,1.00
2018.02.22 15:23:08.093,8.10853,8.10958,1.00,1.00
2018.02.22 15:23:08.144,8.10864,8.10954,1.00,1.37
2018.02.22 15:23:08.264,8.10841,8.10952,1.00,1.00
2018.02.22 15:23:08.315,8.10858,8.10955,1.00,1.37
2018.02.22 15:23:08.418,8.10839,8.10956,1.00,1.37
2018.02.22 15:23:08.469,8.1084,8.10983,1.00,1.00
2018.02.22 15:23:08.520,8.10864,8.10989,1.00,1.37
2018.02.22 15:23:09.120,8.10864,8.10982,1.00,1.00
2018.02.22 15:23:09.503,8.10864,8.10978,1.00,1.00
2018.02.22 15:23:10.001,8.10864,8.10995,1.00,1.37
2018.02.22 15:23:10.052,8.10864,8.10995,1.00,1.00
2018.02.22 15:23:10.471,8.10864,8.10987,1.00,1.00
2018.02.22 15:23:11.138,8.10863,8.10983,1.00,1.00
2018.02.22 15:23:11.240,8.10831,8.1096,1.00,1.00
2018.02.22 15:23:11.296,8.10831,8.10927,1.00,1.00
2018.02.22 15:23:11.448,8.10831,8.10933,1.00,1.00
2018.02.22 15:23:11.501,8.10813,8.10923,1.00,1.00
2018.02.22 15:23:11.552,8.10802,8.10921,1.00,1.00
2018.02.22 15:23:11.604,8.10802,8.10906,1.00,1.00
2018.02.22 15:23:11.656,8.10784,8.10903,1.00,1.00
2018.02.22 15:23:11.707,8.10784,8.10913,1.00,1.00
2018.02.22 15:23:11.758,8.10784,8.10921,1.00,1.00
2018.02.22 15:23:11.809,8.10784,8.10923,1.00,1.00
2018.02.22 15:23:11.861,8.10788,8.10921,1.00,1.00
2018.02.22 15:23:12.188,8.10788,8.10918,1.00,1.00
2018.02.22 15:23:12.240,8.10788,8.10923,1.00,1.00
2018.02.22 15:23:12.291,8.10788,8.10916,1.00,1.00
2018.02.22 15:23:12.799,8.10788,8.10923,1.00,1.00
2018.02.22 15:23:12.855,8.10814,8.10943,1.00,1.37
2018.02.22 15:23:13.004,8.10803,8.10931,1.00,1.00
2018.02.22 15:23:13.055,8.10788,8.10931,1.00,1.00
2018.02.22 15:23:13.106,8.10785,8.10908,1.00,1.00
2018.02.22 15:23:13.417,8.10783,8.10901,1.00,1.00
2018.02.22 15:23:13.750,8.10783,8.10905,1.00,1.00
2018.02.22 15:23:13.903,8.10783,8.10916,1.00,1.00
2018.02.22 15:23:13.955,8.10783,8.10925,1.00,1.00
2018.02.22 15:23:14.007,8.10801,8.10945,1.00,1.00
2018.02.22 15:23:14.110,8.10791,8.10929,1.00,1.00
2018.02.22 15:23:14.213,8.10791,8.10933,1.00,1.00
2018.02.22 15:23:14.679,8.10794,8.10937,1.00,1.00
2018.02.22 15:23:14.731,8.10814,8.10945,1.00,1.00
2018.02.22 15:23:14.834,8.10798,8.10942,1.00,1.00
2018.02.22 15:23:14.886,8.10796,8.10927,1.00,1.00
2018.02.22 15:23:15.233,8.10783,8.10908,1.00,1.00
2018.02.22 15:23:15.574,8.10783,8.10897,1.00,1.00
2018.02.22 15:23:15.926,8.10783,8.10891,1.00,1.00
2018.02.22 15:23:16.515,8.10783,8.10895,1.00,1.00
2018.02.22 15:23:16.871,8.10783,8.10888,1.00,1.00
2018.02.22 15:23:17.290,8.10783,8.10885,1.00,1.00
2018.02.22 15:23:18.067,8.10783,8.10879,1.00,1.00
2018.02.22 15:23:18.198,8.10783,8.10885,1.00,1.00
2018.02.22 15:23:18.377,8.10783,8.1088,1.00,1.00
2018.02.22 15:23:18.547,8.10783,8.10889,1.00,1.00
2018.02.22 15:23:18.650,8.10783,8.10903,1.00,1.37
2018.02.22 15:23:19.004,8.10771,8.10914,1.00,1.37
2018.02.22 15:23:19.108,8.10771,8.10876,1.00,1.00
2018.02.22 15:23:19.443,8.10758,8.10876,1.00,1.00
2018.02.22 15:23:19.910,8.10758,8.1087,1.00,1.00
2018.02.22 15:23:20.254,8.10758,8.10887,1.00,1.00
2018.02.22 15:23:20.492,8.10758,8.10879,1.00,1.00
2018.02.22 15:23:21.262,8.10758,8.10887,1.00,1.00
2018.02.22 15:23:21.319,8.10758,8.10879,1.00,1.00
2018.02.22 15:23:22.455,8.10758,8.10876,1.00,1.00
2018.02.22 15:23:22.557,8.10746,8.10889,1.00,1.00
2018.02.22 15:23:22.608,8.10746,8.10859,1.00,1.37
2018.02.22 15:23:22.933,8.10751,8.10844,1.00,1.00
2018.02.22 15:23:23.035,8.10751,8.10861,1.00,1.37
2018.02.22 15:23:23.188,8.10741,8.10877,1.00,1.75
2018.02.22 15:23:23.290,8.10757,8.1088,1.00,1.75
2018.02.22 15:23:24.321,8.10757,8.10869,1.00,1.00
2018.02.22 15:23:24.751,8.10757,8.10857,1.00,1.00
2018.02.22 15:23:24.802,8.10757,8.1087,1.00,1.00
2018.02.22 15:23:24.853,8.10757,8.10864,1.00,1.00
2018.02.22 15:23:25.123,8.10738,8.1086,1.00,1.37
2018.02.22 15:23:25.175,8.10747,8.1086,1.00,1.37
2018.02.22 15:23:26.130,8.10747,8.10847,1.00,1.00
2018.02.22 15:23:26.182,8.10747,8.10853,1.00,1.00
2018.02.22 15:23:26.750,8.10747,8.10858,1.00,1.00
2018.02.22 15:23:26.853,8.1077,8.10867,1.00,1.00
2018.02.22 15:23:26.904,8.1077,8.10873,1.00,1.00
2018.02.22 15:23:26.956,8.10755,8.1088,1.00,1.00
2018.02.22 15:23:27.008,8.10755,8.1089,1.00,1.00
2018.02.22 15:23:27.059,8.10755,8.10888,1.67,1.00
2018.02.22 15:23:27.110,8.10755,8.10892,1.67,1.00
2018.02.22 15:23:28.245,8.10755,8.10895,1.67,1.00
2018.02.22 15:23:29.134,8.10755,8.10885,1.67,1.00
2018.02.22 15:23:29.253,8.10755,8.1089,1.67,1.00
2018.02.22 15:23:29.653,8.10755,8.10891,1.67,1.00
2018.02.22 15:23:29.705,8.10755,8.10897,1.67,1.00
2018.02.22 15:23:30.271,8.10755,8.10928,1.67,1.75
2018.02.22 15:23:30.322,8.10757,8.10929,1.67,1.75
2018.02.22 15:23:30.686,8.10734,8.10913,1.67,1.75
2018.02.22 15:23:30.894,8.10734,8.10861,1.67,1.00
2018.02.22 15:23:30.952,8.10757,8.10882,1.00,1.37
2018.02.22 15:23:31.301,8.10757,8.10888,1.67,1.50
2018.02.22 15:23:31.665,8.1076,8.10894,1.67,1.00
2018.02.22 15:23:31.716,8.1076,8.10889,1.67,1.00
2018.02.22 15:23:32.079,8.1076,8.10892,1.67,1.00
2018.02.22 15:23:32.158,8.1076,8.10898,1.67,1.00
2018.02.22 15:23:32.209,8.1076,8.10898,1.67,1.00
2018.02.22 15:23:32.677,8.10766,8.10909,1.67,1.37
2018.02.22 15:23:32.928,8.10766,8.10908,1.67,1.37
2018.02.22 15:23:32.979,8.1076,8.10895,1.67,1.00
2018.02.22 15:23:33.286,8.1076,8.10871,1.00,1.00
2018.02.22 15:23:33.412,8.1076,8.10874,1.00,1.00
2018.02.22 15:23:33.463,8.1076,8.10885,1.00,1.00
2018.02.22 15:23:33.518,8.1076,8.10887,1.00,1.00
2018.02.22 15:23:33.911,8.1076,8.1089,1.00,1.00
2018.02.22 15:23:34.920,8.1076,8.10887,1.42,1.00
2018.02.22 15:23:35.022,8.1076,8.10889,1.42,1.00
2018.02.22 15:23:35.124,8.1076,8.10873,1.42,1.00
2018.02.22 15:23:35.176,8.1076,8.10887,1.42,1.00
2018.02.22 15:23:35.278,8.1076,8.10881,1.42,1.00
2018.02.22 15:23:35.462,8.1076,8.1089,1.42,1.00
2018.02.22 15:23:35.513,8.1076,8.10888,1.42,1.00
2018.02.22 15:23:35.818,8.10756,8.10876,1.00,1.00
2018.02.22 15:23:36.396,8.10756,8.10872,1.00,1.00
2018.02.22 15:23:36.509,8.10737,8.10868,1.67,1.00
2018.02.22 15:23:36.561,8.10737,8.10866,1.67,1.37
2018.02.22 15:23:36.910,8.10735,8.10856,1.67,1.00
2018.02.22 15:23:37.109,8.10735,8.10863,1.67,1.37
2018.02.22 15:23:37.165,8.10735,8.10879,2.17,1.75
2018.02.22 15:23:37.874,8.10717,8.10877,1.67,1.50
2018.02.22 15:23:37.925,8.10687,8.10833,1.86,1.75
2018.02.22 15:23:37.977,8.10726,8.10832,1.67,1.00
2018.02.22 15:23:38.028,8.10726,8.10856,1.67,1.37
2018.02.22 15:23:38.128,8.10743,8.10856,1.67,1.00
2018.02.22 15:23:38.179,8.10742,8.10867,1.00,1.00
2018.02.22 15:23:38.230,8.10721,8.10855,1.00,1.00
2018.02.22 15:23:38.282,8.10739,8.10855,1.00,1.00
2018.02.22 15:23:38.333,8.10717,8.10841,1.00,1.00
2018.02.22 15:23:38.487,8.10717,8.10837,1.00,1.00
2018.02.22 15:23:38.538,8.10717,8.10842,1.00,1.00
2018.02.22 15:23:38.589,8.10684,8.10826,1.50,1.00
2018.02.22 15:23:38.641,8.10703,8.10826,1.00,1.00
2018.02.22 15:23:38.797,8.10684,8.10821,1.00,1.00
2018.02.22 15:23:38.899,8.10686,8.1083,1.00,1.00
2018.02.22 15:23:38.950,8.10684,8.10817,1.00,1.00
2018.02.22 15:23:39.796,8.10684,8.1081,1.00,1.00
2018.02.22 15:23:39.898,8.10659,8.10793,1.00,1.00
2018.02.22 15:23:39.949,8.10659,8.10791,1.00,1.00
2018.02.22 15:23:40.101,8.10641,8.10774,1.00,1.00
2018.02.22 15:23:40.153,8.10641,8.10769,1.00,1.00
2018.02.22 15:23:40.275,8.10611,8.1074,1.00,1.00
2018.02.22 15:23:40.326,8.10602,8.10737,1.00,1.50
2018.02.22 15:23:40.377,8.1059,8.10727,1.00,1.00
2018.02.22 15:23:40.529,8.1059,8.10717,1.00,1.00
2018.02.22 15:23:41.215,8.1059,8.10724,1.00,1.00
2018.02.22 15:23:41.448,8.1059,8.10731,1.00,1.00
2018.02.22 15:23:41.499,8.10595,8.10753,1.00,1.37
2018.02.22 15:23:41.550,8.10613,8.10775,1.00,1.00
2018.02.22 15:23:41.727,8.10613,8.10778,1.00,1.00
2018.02.22 15:23:41.778,8.10613,8.10765,1.00,1.00
2018.02.22 15:23:42.082,8.1059,8.10729,1.00,1.00
2018.02.22 15:23:42.451,8.10571,8.10724,1.00,1.00
2018.02.22 15:23:42.502,8.10553,8.10699,1.67,1.00
2018.02.22 15:23:42.605,8.10518,8.10678,1.00,1.00
2018.02.22 15:23:42.656,8.10518,8.10668,1.00,1.00
2018.02.22 15:23:42.707,8.10509,8.1066,1.00,1.00
2018.02.22 15:23:42.791,8.10507,8.1066,1.00,1.00
2018.02.22 15:23:42.842,8.10485,8.10652,1.67,1.00
2018.02.22 15:23:42.994,8.10474,8.10647,1.67,1.00
2018.02.22 15:23:43.309,8.10493,8.1065,1.42,1.00
2018.02.22 15:23:43.360,8.1051,8.1065,1.00,1.00
2018.02.22 15:23:43.411,8.10492,8.1065,1.67,1.00
2018.02.22 15:23:43.741,8.10489,8.10639,1.67,1.00
2018.02.22 15:23:44.141,8.1049,8.10655,2.17,1.00
2018.02.22 15:23:44.293,8.1049,8.10656,2.17,1.00
2018.02.22 15:23:44.659,8.10498,8.10665,1.67,1.37
2018.02.22 15:23:45.418,8.10498,8.10665,2.17,1.00
2018.02.22 15:23:46.304,8.10501,8.10667,1.67,1.37
2018.02.22 15:23:46.355,8.10498,8.10652,1.00,1.00
2018.02.22 15:23:46.660,8.10476,8.1062,1.67,1.00
2018.02.22 15:23:46.711,8.10481,8.10624,1.42,1.00
2018.02.22 15:23:47.429,8.10479,8.1062,1.67,1.00
2018.02.22 15:23:47.855,8.10473,8.10617,1.67,1.00
2018.02.22 15:23:48.181,8.10483,8.10626,1.00,1.00
2018.02.22 15:23:48.305,8.10486,8.1063,1.00,1.00
2018.02.22 15:23:48.356,8.10496,8.10638,1.00,1.00
2018.02.22 15:23:48.612,8.10499,8.10642,1.00,1.00
2018.02.22 15:23:48.713,8.10492,8.1063,1.00,1.00
2018.02.22 15:23:48.861,8.10478,8.10622,1.67,1.00
2018.02.22 15:23:48.965,8.10476,8.10617,1.67,1.00
2018.02.22 15:23:49.018,8.10477,8.1062,1.67,1.00
2018.02.22 15:23:49.069,8.10476,8.10601,1.00,1.00
2018.02.22 15:23:49.120,8.10457,8.10601,2.17,1.00
2018.02.22 15:23:49.462,8.10457,8.10603,2.17,1.00
2018.02.22 15:23:49.615,8.10467,8.10613,1.67,1.00
2018.02.22 15:23:50.025,8.10478,8.10613,1.00,1.00
2018.02.22 15:23:50.379,8.10478,8.106,1.00,1.00
2018.02.22 15:23:50.698,8.10478,8.10592,1.00,1.00
2018.02.22 15:23:50.799,8.10458,8.10592,1.67,1.00
2018.02.22 15:23:50.850,8.10458,8.10598,1.00,1.00
2018.02.22 15:23:50.952,8.10458,8.10594,1.00,1.00
2018.02.22 15:23:51.184,8.10433,8.1057,1.00,1.00
2018.02.22 15:23:51.235,8.10421,8.10567,1.00,1.00
2018.02.22 15:23:51.286,8.10435,8.10567,1.00,1.00
2018.02.22 15:23:52.158,8.10435,8.10573,1.00,1.00
2018.02.22 15:23:52.209,8.10435,8.10566,1.00,1.00
2018.02.22 15:23:53.879,8.10435,8.10562,1.00,1.00
2018.02.22 15:23:53.980,8.10442,8.10588,1.00,1.37
2018.02.22 15:23:54.031,8.10457,8.10603,1.00,1.37
2018.02.22 15:23:54.133,8.10474,8.1062,1.00,1.00
2018.02.22 15:23:54.234,8.10479,8.10623,1.00,1.00
2018.02.22 15:23:54.583,8.10488,8.10623,1.00,1.00
2018.02.22 15:23:55.151,8.10488,8.10624,1.00,1.00
2018.02.22 15:23:55.459,8.10471,8.10595,1.00,1.00
2018.02.22 15:23:55.945,8.10474,8.1059,1.00,1.00
2018.02.22 15:23:57.094,8.10474,8.10618,1.00,1.37
2018.02.22 15:23:57.145,8.10477,8.10623,1.00,1.00
2018.02.22 15:23:57.469,8.10492,8.10623,1.00,1.00
2018.02.22 15:23:57.842,8.10492,8.1062,1.00,1.00
2018.02.22 15:23:57.894,8.10492,8.10638,1.50,1.00
2018.02.22 15:23:57.946,8.1051,8.10644,1.00,1.00
2018.02.22 15:23:57.997,8.1051,8.10649,1.00,1.37
2018.02.22 15:23:59.069,8.1051,8.10648,1.00,1.00
2018.02.22 15:23:59.224,8.10526,8.10663,1.00,1.00
2018.02.22 15:23:59.554,8.10526,8.10672,1.50,1.37
2018.02.22 15:23:59.606,8.10547,8.1068,1.00,1.37
2018.02.22 15:24:00.445,8.10552,8.1068,1.00,1.00
2018.02.22 15:24:00.599,8.10552,8.10684,1.00,1.00
2018.02.22 15:24:00.650,8.10552,8.10719,1.00,1.75
2018.02.22 15:24:00.751,8.1057,8.10719,1.00,1.75
2018.02.22 15:24:00.802,8.10552,8.10719,1.00,1.75
2018.02.22 15:24:00.854,8.10572,8.10689,1.00,1.00
2018.02.22 15:24:00.905,8.10572,8.10694,1.00,1.00
2018.02.22 15:24:00.957,8.1059,8.10717,1.00,1.00
2018.02.22 15:24:01.008,8.1059,8.10721,1.00,1.00
2018.02.22 15:24:01.603,8.10591,8.10722,1.00,1.00
2018.02.22 15:24:01.776,8.10591,8.10714,1.00,1.00
2018.02.22 15:24:02.060,8.10594,8.10723,1.00,1.12
2018.02.22 15:24:02.716,8.10594,8.10702,1.00,1.00
2018.02.22 15:24:02.970,8.10598,8.10719,1.00,1.00
2018.02.22 15:24:03.021,8.10622,8.10719,1.00,1.00
2018.02.22 15:24:03.173,8.10622,8.10736,1.00,1.00
2018.02.22 15:24:03.303,8.10622,8.10729,1.00,1.00
2018.02.22 15:24:03.354,8.10622,8.10731,1.00,1.00
2018.02.22 15:24:03.405,8.10622,8.10718,1.00,1.00
2018.02.22 15:24:03.739,8.10622,8.1072,1.00,1.00
2018.02.22 15:24:04.003,8.10622,8.10723,1.00,1.00
2018.02.22 15:24:04.565,8.10622,8.10724,1.00,1.00
2018.02.22 15:24:04.667,8.10642,8.10744,1.00,1.00
2018.02.22 15:24:04.981,8.10642,8.1075,1.00,1.00
2018.02.22 15:24:05.260,8.10642,8.10753,1.00,1.00
2018.02.22 15:24:05.781,8.10642,8.10752,1.00,1.00
2018.02.22 15:24:06.042,8.10642,8.10748,1.00,1.00
2018.02.22 15:24:06.378,8.10638,8.10726,1.00,1.00
2018.02.22 15:24:06.429,8.1062,8.10726,1.00,1.00
2018.02.22 15:24:06.569,8.1062,8.10721,1.00,1.00
2018.02.22 15:24:06.701,8.10599,8.10721,1.00,1.00
2018.02.22 15:24:07.181,8.10599,8.10719,1.00,1.00
2018.02.22 15:24:07.885,8.10615,8.10741,1.00,1.00
2018.02.22 15:24:08.166,8.10615,8.10748,1.00,1.37
2018.02.22 15:24:08.682,8.10634,8.1075,1.00,1.00
2018.02.22 15:24:08.784,8.10634,8.10753,1.00,1.00
2018.02.22 15:24:08.887,8.10634,8.10734,1.00,1.00
2018.02.22 15:24:08.989,8.10614,8.10734,1.00,1.00
2018.02.22 15:24:09.144,8.10614,8.1072,1.00,1.00
2018.02.22 15:24:09.458,8.10614,8.10712,1.00,1.00
2018.02.22 15:24:09.988,8.10614,8.10713,1.00,1.00
2018.02.22 15:24:10.525,8.10614,8.10712,1.00,1.00
2018.02.22 15:24:10.845,8.10614,8.10707,1.00,1.00
2018.02.22 15:24:11.032,8.10614,8.10719,1.00,1.00
2018.02.22 15:24:11.314,8.10614,8.10721,1.00,1.00
2018.02.22 15:24:11.638,8.10614,8.10724,1.00,1.00
2018.02.22 15:24:12.282,8.10614,8.10723,1.00,1.00
2018.02.22 15:24:12.583,8.10614,8.10719,1.00,1.00
2018.02.22 15:24:13.581,8.10614,8.1072,1.00,1.00
2018.02.22 15:24:13.873,8.10614,8.10724,1.00,1.00
2018.02.22 15:24:14.427,8.10614,8.10725,1.00,1.00
2018.02.22 15:24:14.869,8.10614,8.10722,1.00,1.00
2018.02.22 15:24:15.228,8.10614,8.10724,1.00,1.00
2018.02.22 15:24:16.031,8.10614,8.10723,1.00,1.00
2018.02.22 15:24:16.329,8.10614,8.10719,1.00,1.00
2018.02.22 15:24:16.632,8.10614,8.10726,1.00,1.00
2018.02.22 15:24:16.931,8.10614,8.10722,1.00,1.00
2018.02.22 15:24:17.440,8.10614,8.10721,1.00,1.00
2018.02.22 15:24:17.619,8.10634,8.10743,1.00,1.00
2018.02.22 15:24:17.895,8.10634,8.10737,1.00,1.00
2018.02.22 15:24:18.204,8.10634,8.10747,1.00,1.12
2018.02.22 15:24:19.410,8.10634,8.1075,1.00,1.00
2018.02.22 15:24:19.986,8.10634,8.10751,1.00,1.00
2018.02.22 15:24:20.189,8.10653,8.10751,1.00,1.00
2018.02.22 15:24:20.240,8.10653,8.10772,1.00,1.00
2018.02.22 15:24:20.443,8.10653,8.10754,1.00,1.00
2018.02.22 15:24:20.774,8.10653,8.10763,1.00,1.00
2018.02.22 15:24:21.331,8.10653,8.10764,1.00,1.00
2018.02.22 15:24:21.673,8.10653,8.10769,1.00,1.00
2018.02.22 15:24:21.936,8.10653,8.10772,1.00,1.00
2018.02.22 15:24:22.239,8.10653,8.10782,1.00,1.00
2018.02.22 15:24:22.453,8.10653,8.10782,1.00,1.37
2018.02.22 15:24:22.557,8.10622,8.1075,1.00,1.00
2018.02.22 15:24:22.609,8.10622,8.10741,1.00,1.00
2018.02.22 15:24:22.913,8.10622,8.10738,1.00,1.00
2018.02.22 15:24:22.964,8.10588,8.1073,1.00,1.00
2018.02.22 15:24:23.119,8.10588,8.10734,1.00,1.00
2018.02.22 15:24:23.772,8.10588,8.10726,1.00,1.00
2018.02.22 15:24:24.181,8.10588,8.10718,1.00,1.00
2018.02.22 15:24:24.488,8.10708,8.10776,1.00,1.00
2018.02.22 15:24:24.540,8.1069,8.10818,1.00,1.00
2018.02.22 15:24:24.848,8.1069,8.10824,1.00,1.00
2018.02.22 15:24:25.092,8.10671,8.10817,1.00,1.50
2018.02.22 15:24:25.194,8.10651,8.10802,1.00,1.00
2018.02.22 15:24:25.246,8.10651,8.108,1.00,1.00
2018.02.22 15:24:25.637,8.10633,8.10763,1.00,1.00
2018.02.22 15:24:26.395,8.10633,8.10756,1.00,1.00
2018.02.22 15:24:26.966,8.10633,8.10757,1.00,1.00
2018.02.22 15:24:27.224,8.10616,8.10743,1.00,1.00
2018.02.22 15:24:27.470,8.10616,8.10739,1.00,1.00
2018.02.22 15:24:27.776,8.10616,8.10733,1.00,1.00
2018.02.22 15:24:27.888,8.10595,8.10733,1.00,1.37
2018.02.22 15:24:27.940,8.10573,8.10719,1.00,1.00
2018.02.22 15:24:27.992,8.10573,8.10702,1.00,1.00
2018.02.22 15:24:28.599,8.10573,8.107,1.00,1.00
2018.02.22 15:24:28.752,8.10544,8.10678,1.00,1.00
2018.02.22 15:24:28.804,8.1054,8.10651,1.00,1.00
2018.02.22 15:24:28.855,8.10519,8.10637,1.00,1.00
2018.02.22 15:24:28.991,8.10497,8.10624,1.00,1.37
2018.02.22 15:24:29.043,8.10434,8.10591,1.00,1.00
2018.02.22 15:24:29.112,8.10451,8.10589,1.00,1.00
2018.02.22 15:24:29.217,8.10432,8.10582,1.00,1.00
2018.02.22 15:24:29.422,8.10432,8.10585,1.00,1.00
2018.02.22 15:24:29.473,8.10436,8.10591,1.00,1.00
2018.02.22 15:24:29.524,8.10449,8.10599,1.00,1.50
2018.02.22 15:24:29.970,8.10449,8.10589,1.00,1.00
2018.02.22 15:24:30.288,8.10449,8.1058,1.00,1.00
2018.02.22 15:24:30.784,8.10449,8.10591,1.00,1.37
2018.02.22 15:24:30.836,8.10443,8.10591,1.00,1.37
2018.02.22 15:24:30.887,8.10447,8.10592,1.00,1.37
2018.02.22 15:24:31.307,8.10447,8.10603,1.00,1.37
2018.02.22 15:24:31.359,8.10443,8.10587,1.00,1.00
2018.02.22 15:24:31.680,8.10443,8.1058,1.00,1.00
2018.02.22 15:24:32.102,8.10443,8.10576,1.00,1.00
2018.02.22 15:24:32.319,8.10443,8.10587,1.00,1.50
2018.02.22 15:24:32.422,8.10459,8.10595,1.00,1.37
2018.02.22 15:24:33.039,8.10459,8.10595,1.00,1.12
2018.02.22 15:24:34.263,8.10459,8.10598,1.00,1.00
2018.02.22 15:24:34.696,8.10481,8.10598,1.00,1.00
2018.02.22 15:24:34.748,8.10458,8.10598,1.00,1.00
2018.02.22 15:24:34.887,8.10458,8.10594,1.00,1.00
2018.02.22 15:24:35.141,8.10436,8.10591,1.00,1.00
2018.02.22 15:24:35.192,8.10436,8.10576,1.00,1.00
2018.02.22 15:24:35.395,8.10415,8.10561,1.00,1.00
2018.02.22 15:24:35.556,8.10415,8.10555,1.00,1.00
2018.02.22 15:24:35.884,8.10415,8.10544,1.00,1.00
2018.02.22 15:24:36.766,8.10415,8.1054,1.00,1.00
2018.02.22 15:24:36.955,8.10395,8.10523,1.00,1.00
2018.02.22 15:24:37.058,8.10375,8.10523,1.00,1.00
2018.02.22 15:24:37.110,8.10375,8.10505,1.00,1.00
2018.02.22 15:24:37.162,8.10354,8.10498,1.00,1.00
2018.02.22 15:24:37.398,8.10351,8.10488,1.00,1.00
2018.02.22 15:24:37.863,8.10351,8.10475,1.00,1.00
2018.02.22 15:24:38.229,8.10351,8.10471,1.00,1.00
2018.02.22 15:24:38.791,8.10351,8.10468,1.00,1.00
2018.02.22 15:24:39.080,8.10297,8.10443,1.00,1.00
2018.02.22 15:24:39.185,8.10312,8.10442,1.00,1.00
2018.02.22 15:24:39.338,8.10312,8.10449,1.00,1.00
2018.02.22 15:24:39.443,8.10329,8.10461,1.00,1.00
2018.02.22 15:24:39.672,8.10352,8.10489,1.00,1.00
2018.02.22 15:24:39.845,8.10346,8.10489,1.00,1.00
2018.02.22 15:24:39.896,8.10346,8.10498,1.00,1.00
2018.02.22 15:24:40.224,8.10349,8.10503,1.00,1.00
2018.02.22 15:24:40.353,8.10343,8.105,1.00,1.00
2018.02.22 15:24:40.844,8.10343,8.10498,1.00,1.00
2018.02.22 15:24:41.123,8.10343,8.105,1.00,1.00
2018.02.22 15:24:41.820,8.1034,8.10493,1.00,1.00
2018.02.22 15:24:42.126,8.1034,8.1049,1.00,1.50
2018.02.22 15:24:42.722,8.1034,8.1049,1.00,1.37
2018.02.22 15:24:43.046,8.1034,8.10482,1.00,1.00
2018.02.22 15:24:43.376,8.10327,8.10479,1.00,1.00
2018.02.22 15:24:43.544,8.10346,8.10479,1.00,1.00
2018.02.22 15:24:43.595,8.10354,8.10497,1.00,1.00
2018.02.22 15:24:43.761,8.10354,8.10502,1.00,1.12
2018.02.22 15:24:44.219,8.10344,8.10481,1.00,1.00
2018.02.22 15:24:44.321,8.10344,8.10491,1.00,1.00
2018.02.22 15:24:44.372,8.10344,8.10483,1.00,1.00
2018.02.22 15:24:44.473,8.10337,8.1048,1.00,1.00
2018.02.22 15:24:44.524,8.10356,8.1048,1.00,1.00
2018.02.22 15:24:44.727,8.10356,8.1049,1.00,1.00
2018.02.22 15:24:44.992,8.10369,8.10508,1.00,1.37
2018.02.22 15:24:45.306,8.10369,8.10494,1.00,1.00
2018.02.22 15:24:46.341,8.10369,8.10494,1.00,1.37
2018.02.22 15:24:46.443,8.10353,8.10488,1.00,1.00
2018.02.22 15:24:46.494,8.10353,8.10484,1.00,1.00
2018.02.22 15:24:46.596,8.10353,8.10496,1.00,1.00
2018.02.22 15:24:46.646,8.10367,8.10502,1.00,1.00
2018.02.22 15:24:46.857,8.10367,8.10511,1.00,1.00
2018.02.22 15:24:47.235,8.10373,8.10519,1.00,1.37
2018.02.22 15:24:47.573,8.10383,8.10529,1.00,1.37
2018.02.22 15:24:47.787,8.10407,8.10553,1.00,1.12
2018.02.22 15:24:47.904,8.10402,8.10542,1.00,1.00
2018.02.22 15:24:47.956,8.10403,8.10547,1.00,1.00
2018.02.22 15:24:48.007,8.10406,8.10552,1.00,1.00
2018.02.22 15:24:48.353,8.10424,8.1057,1.00,1.37
2018.02.22 15:24:48.664,8.10453,8.10599,1.00,1.37
2018.02.22 15:24:48.715,8.10462,8.10608,1.00,1.37
2018.02.22 15:24:49.196,8.10466,8.10611,1.00,1.50
2018.02.22 15:24:49.247,8.10456,8.10602,1.00,1.37
2018.02.22 15:24:49.754,8.10455,8.106,1.00,1.00
2018.02.22 15:24:49.805,8.1045,8.10596,1.00,1.00
2018.02.22 15:24:49.990,8.1045,8.10594,1.00,1.00
2018.02.22 15:24:50.494,8.10451,8.10594,1.00,1.00
2018.02.22 15:24:50.875,8.10454,8.10598,1.00,1.00
2018.02.22 15:24:51.499,8.1045,8.10594,1.00,1.00
2018.02.22 15:24:51.804,8.10432,8.10573,1.00,1.00
2018.02.22 15:24:52.255,8.10432,8.10564,1.00,1.00
2018.02.22 15:24:52.458,8.10432,8.10571,1.00,1.37
2018.02.22 15:24:52.560,8.10455,8.10595,1.00,1.75
2018.02.22 15:24:53.470,8.10465,8.10609,1.00,1.75
2018.02.22 15:24:53.658,8.10455,8.10613,1.00,1.75
2018.02.22 15:24:53.773,8.10487,8.1062,1.00,1.37
2018.02.22 15:24:53.875,8.10452,8.10578,1.00,1.00
2018.02.22 15:24:53.927,8.10471,8.10578,1.00,1.00
2018.02.22 15:24:53.978,8.10452,8.10578,1.00,1.00
2018.02.22 15:24:54.030,8.10452,8.10568,1.00,1.00
2018.02.22 15:24:54.362,8.10452,8.10581,1.00,1.00
2018.02.22 15:24:55.314,8.10452,8.1057,1.00,1.12
2018.02.22 15:24:55.885,8.10434,8.1054,1.00,1.00
2018.02.22 15:24:55.988,8.10392,8.10511,1.00,1.00
2018.02.22 15:24:56.193,8.10389,8.10511,1.00,1.00
2018.02.22 15:24:56.296,8.10389,8.10506,1.00,1.00
2018.02.22 15:24:57.302,8.10389,8.10497,1.00,1.00
2018.02.22 15:24:57.895,8.10389,8.10493,1.00,1.00
2018.02.22 15:24:57.946,8.10369,8.10489,1.00,1.00
2018.02.22 15:24:58.319,8.10369,8.10507,1.00,1.37
2018.02.22 15:24:59.441,8.10369,8.10507,1.00,1.37
2018.02.22 15:25:00.189,8.10366,8.10522,1.00,1.75
2018.02.22 15:25:00.343,8.10366,8.10493,1.00,1.00
2018.02.22 15:25:01.041,8.10366,8.10497,1.00,1.37
2018.02.22 15:25:01.469,8.10382,8.10529,1.00,1.75
2018.02.22 15:25:01.520,8.10398,8.10521,1.00,1.00
2018.02.22 15:25:01.573,8.10375,8.10496,1.00,1.00
2018.02.22 15:25:01.626,8.10375,8.10522,1.00,1.00
2018.02.22 15:25:01.678,8.10375,8.10528,1.00,1.00
2018.02.22 15:25:01.940,8.10375,8.10519,1.00,1.00
2018.02.22 15:25:02.119,8.10375,8.10522,1.00,1.00
2018.02.22 15:25:02.333,8.10375,8.10509,1.00,1.00
2018.02.22 15:25:02.640,8.10375,8.10503,1.00,1.37
2018.02.22 15:25:03.175,8.10375,8.10501,1.00,1.00
2018.02.22 15:25:04.450,8.10375,8.10504,1.00,1.00
2018.02.22 15:25:04.717,8.10375,8.10523,1.00,1.37
2018.02.22 15:25:05.202,8.10375,8.105,1.00,1.00
2018.02.22 15:25:05.253,8.10375,8.10506,1.00,1.37
2018.02.22 15:25:05.507,8.10375,8.10475,1.00,1.37
2018.02.22 15:25:05.560,8.10361,8.10481,1.00,1.50
2018.02.22 15:25:06.045,8.10372,8.10512,1.00,1.75
2018.02.22 15:25:06.096,8.10372,8.10512,1.00,1.37
2018.02.22 15:25:08.256,8.10372,8.10518,1.00,1.37
2018.02.22 15:25:08.311,8.10372,8.10504,1.00,1.00
2018.02.22 15:25:08.711,8.10372,8.105,1.00,1.00
2018.02.22 15:25:09.499,8.10372,8.10496,1.00,1.00
2018.02.22 15:25:09.585,8.1036,8.10496,1.00,1.00
2018.02.22 15:25:09.937,8.10375,8.10518,1.00,1.75
2018.02.22 15:25:11.156,8.10393,8.10527,1.00,1.37
2018.02.22 15:25:11.745,8.10396,8.10527,1.00,1.37
2018.02.22 15:25:12.083,8.10396,8.10524,1.00,1.00
2018.02.22 15:25:12.316,8.10386,8.10515,1.00,1.00
2018.02.22 15:25:12.721,8.10386,8.1051,1.00,1.00
2018.02.22 15:25:13.056,8.10386,8.10517,1.00,1.00
2018.02.22 15:25:13.200,8.10386,8.10515,1.00,1.00
2018.02.22 15:25:13.422,8.10386,8.10522,1.00,1.37
2018.02.22 15:25:13.474,8.10394,8.10535,1.00,1.00
2018.02.22 15:25:13.576,8.10397,8.10535,1.00,1.00
2018.02.22 15:25:13.733,8.10397,8.10537,1.00,1.00
2018.02.22 15:25:13.784,8.10417,8.10548,1.00,1.37
2018.02.22 15:25:13.965,8.10441,8.10571,1.00,1.00
2018.02.22 15:25:14.079,8.10441,8.10575,1.00,1.00
2018.02.22 15:25:14.181,8.10462,8.10598,1.00,1.37
2018.02.22 15:25:14.523,8.10462,8.1057,1.00,1.00
2018.02.22 15:25:15.663,8.10462,8.10585,1.00,1.00
2018.02.22 15:25:15.715,8.10462,8.10572,1.00,1.00
2018.02.22 15:25:16.441,8.10462,8.10578,1.00,1.00
2018.02.22 15:25:17.533,8.10462,8.10575,1.00,1.00
2018.02.22 15:25:17.942,8.10462,8.10592,1.00,1.37
2018.02.22 15:25:17.993,8.10441,8.1059,1.00,1.37
2018.02.22 15:25:18.137,8.10441,8.10581,1.00,1.00
2018.02.22 15:25:18.477,8.10441,8.10575,1.00,1.00
2018.02.22 15:25:18.809,8.10441,8.1057,1.00,1.00
2018.02.22 15:25:19.139,8.10441,8.10568,1.00,1.00
2018.02.22 15:25:19.618,8.10459,8.1058,1.00,1.37
2018.02.22 15:25:19.669,8.10459,8.10582,1.00,1.00
2018.02.22 15:25:19.977,8.10481,8.10605,1.00,1.50
2018.02.22 15:25:20.181,8.10463,8.10583,1.00,1.00
2018.02.22 15:25:20.283,8.10463,8.10575,1.00,1.00
2018.02.22 15:25:20.334,8.10463,8.10593,1.00,1.37
2018.02.22 15:25:20.436,8.10463,8.10581,1.00,1.00
2018.02.22 15:25:21.002,8.10463,8.10586,1.00,1.00
2018.02.22 15:25:21.211,8.10463,8.1059,1.00,1.00
2018.02.22 15:25:22.567,8.10463,8.10572,1.00,1.00
2018.02.22 15:25:22.720,8.10463,8.10586,1.00,1.00
2018.02.22 15:25:23.241,8.10463,8.10588,1.00,1.37
2018.02.22 15:25:24.058,8.10463,8.1059,1.00,1.00
2018.02.22 15:25:25.133,8.10463,8.10588,1.00,1.00
2018.02.22 15:25:25.557,8.10447,8.10582,1.00,1.00
2018.02.22 15:25:26.203,8.10447,8.10576,1.00,1.00
2018.02.22 15:25:26.532,8.10447,8.10572,1.00,1.00
2018.02.22 15:25:26.882,8.10447,8.10569,1.00,1.00
2018.02.22 15:25:27.207,8.10447,8.10566,1.00,1.00
2018.02.22 15:25:27.558,8.10447,8.10564,1.00,1.00
2018.02.22 15:25:27.743,8.10447,8.1057,1.00,1.12
2018.02.22 15:25:28.077,8.10447,8.10565,1.00,1.00
2018.02.22 15:25:29.673,8.10447,8.10564,1.00,1.00
2018.02.22 15:25:30.180,8.10447,8.10565,1.00,1.00
2018.02.22 15:25:30.551,8.10495,8.10567,1.00,1.00
2018.02.22 15:25:30.603,8.10477,8.10588,1.00,1.00
2018.02.22 15:25:30.654,8.10477,8.10583,1.00,1.00
2018.02.22 15:25:30.705,8.10477,8.10585,1.00,1.00
2018.02.22 15:25:34.509,8.10477,8.10583,1.00,1.00
2018.02.22 15:25:34.746,8.1046,8.10574,1.00,1.00
2018.02.22 15:25:34.803,8.1046,8.10567,1.00,1.00
2018.02.22 15:25:35.628,8.10477,8.10587,1.00,1.00
2018.02.22 15:25:35.729,8.10477,8.10579,1.00,1.00
2018.02.22 15:25:35.932,8.10455,8.10564,1.00,1.00
2018.02.22 15:25:36.291,8.10455,8.1056,1.00,1.00
2018.02.22 15:25:36.342,8.10455,8.10565,1.00,1.00
2018.02.22 15:25:37.435,8.10455,8.10567,1.00,1.00
2018.02.22 15:25:37.690,8.10455,8.10564,1.00,1.00
2018.02.22 15:25:37.994,8.10455,8.10553,1.00,1.00
2018.02.22 15:25:38.340,8.10455,8.10559,1.00,1.37
2018.02.22 15:25:38.567,8.10437,8.10542,1.00,1.00
2018.02.22 15:25:40.002,8.10437,8.10536,1.00,1.00
2018.02.22 15:25:40.053,8.10414,8.10526,1.00,1.00
2018.02.22 15:25:40.105,8.10396,8.10509,1.00,1.00
2018.02.22 15:25:40.704,8.10396,8.10506,1.00,1.00
2018.02.22 15:25:40.754,8.10396,8.10519,1.00,1.00
2018.02.22 15:25:40.862,8.10414,8.10523,1.00,1.00
2018.02.22 15:25:41.157,8.10397,8.10524,1.00,1.12
2018.02.22 15:25:41.756,8.10397,8.10521,1.00,1.00
2018.02.22 15:25:42.189,8.10397,8.10511,1.00,1.00
2018.02.22 15:25:42.511,8.10372,8.10502,1.00,1.00
2018.02.22 15:25:43.096,8.10394,8.10502,1.00,1.00
2018.02.22 15:25:43.408,8.10394,8.10504,1.00,1.00
2018.02.22 15:25:44.606,8.10394,8.10502,1.00,1.00
2018.02.22 15:25:44.658,8.10394,8.10511,1.00,1.37
2018.02.22 15:25:45.731,8.10394,8.1051,1.00,1.00
2018.02.22 15:25:45.955,8.10394,8.10508,1.00,1.00
2018.02.22 15:25:46.006,8.10394,8.1052,1.00,1.00
2018.02.22 15:25:46.423,8.10413,8.1052,1.00,1.00
2018.02.22 15:25:46.775,8.10431,8.10516,1.00,1.00
2018.02.22 15:25:47.320,8.10431,8.105,1.00,1.00
2018.02.22 15:25:47.372,8.10408,8.10516,1.00,1.00
2018.02.22 15:25:47.423,8.10408,8.10511,1.00,1.00
2018.02.22 15:25:48.784,8.10408,8.10513,1.00,1.00
2018.02.22 15:25:48.835,8.10408,8.1051,1.00,1.00
2018.02.22 15:25:48.944,8.10408,8.10517,1.00,1.37
2018.02.22 15:25:48.998,8.10408,8.10511,1.00,1.00
2018.02.22 15:25:49.287,8.10408,8.10514,1.00,1.00
2018.02.22 15:25:49.433,8.10423,8.10537,1.00,1.75
2018.02.22 15:25:49.485,8.10445,8.10549,1.00,1.00
2018.02.22 15:25:49.588,8.10445,8.10544,1.00,1.00
2018.02.22 15:25:50.056,8.10445,8.10546,1.00,1.00
2018.02.22 15:25:50.705,8.10445,8.10546,1.00,1.37
2018.02.22 15:25:51.286,8.10428,8.10536,1.00,1.00
2018.02.22 15:25:51.338,8.10428,8.10528,1.00,1.00
2018.02.22 15:25:51.548,8.10428,8.10548,1.00,1.37
2018.02.22 15:25:51.598,8.10428,8.10536,1.00,1.00
2018.02.22 15:25:51.902,8.10428,8.10531,1.00,1.00
2018.02.22 15:25:52.226,8.10428,8.10528,1.00,1.00
2018.02.22 15:25:52.934,8.10428,8.1054,1.00,1.00
2018.02.22 15:25:53.089,8.10446,8.10548,1.00,1.37
2018.02.22 15:25:53.430,8.10446,8.10555,1.00,1.00
2018.02.22 15:25:53.481,8.10446,8.1055,1.00,1.00
2018.02.22 15:25:54.045,8.10446,8.10547,1.00,1.00
2018.02.22 15:25:54.491,8.10446,8.10525,1.00,1.00
2018.02.22 15:25:54.543,8.10423,8.10517,1.00,1.00
2018.02.22 15:25:54.594,8.10423,8.10512,1.00,1.00
2018.02.22 15:25:54.944,8.10423,8.10502,1.00,1.00
2018.02.22 15:25:54.996,8.10399,8.10506,1.00,1.37
2018.02.22 15:25:55.099,8.10399,8.10496,1.00,1.00
2018.02.22 15:25:55.201,8.10399,8.105,1.00,1.37
2018.02.22 15:25:55.375,8.10399,8.10492,1.00,1.00
2018.02.22 15:25:55.724,8.10399,8.10486,1.00,1.00
2018.02.22 15:25:56.111,8.10399,8.10493,1.00,1.00
2018.02.22 15:25:56.214,8.10399,8.10489,1.00,1.00
2018.02.22 15:25:56.265,8.10399,8.10493,1.00,1.00
2018.02.22 15:25:56.563,8.10399,8.10497,1.00,1.00
2018.02.22 15:25:56.768,8.10399,8.10509,1.00,1.37
2018.02.22 15:25:56.870,8.10421,8.10526,1.00,1.75
2018.02.22 15:25:56.921,8.10421,8.10533,1.00,1.00
2018.02.22 15:25:56.971,8.10439,8.1054,1.00,1.00
2018.02.22 15:25:57.866,8.10455,8.10569,1.00,1.00
2018.02.22 15:25:58.005,8.10476,8.10574,1.00,1.00
2018.02.22 15:25:58.157,8.10476,8.10578,1.00,1.00
2018.02.22 15:25:58.378,8.10476,8.10595,1.00,1.37
2018.02.22 15:25:58.429,8.10504,8.10598,1.00,1.37
2018.02.22 15:25:58.783,8.10504,8.10609,1.00,1.00
2018.02.22 15:25:58.835,8.10519,8.10621,1.00,1.37
2018.02.22 15:25:58.937,8.10515,8.10623,1.00,1.37
2018.02.22 15:25:59.243,8.10515,8.10612,1.00,1.00
2018.02.22 15:25:59.513,8.10464,8.10577,1.00,1.00
2018.02.22 15:25:59.564,8.10464,8.1058,1.00,1.00
2018.02.22 15:25:59.666,8.10464,8.10589,1.00,1.00
2018.02.22 15:25:59.717,8.10464,8.1058,1.00,1.00
2018.02.22 15:25:59.819,8.10444,8.10569,1.00,1.00
2018.02.22 15:26:00.069,8.10447,8.10569,1.00,1.00
2018.02.22 15:26:00.221,8.10425,8.10553,1.00,1.00
2018.02.22 15:26:00.272,8.10429,8.10553,1.00,1.00
2018.02.22 15:26:00.474,8.10429,8.10558,1.00,1.00
2018.02.22 15:26:00.917,8.10429,8.10553,1.00,1.00
2018.02.22 15:26:01.246,8.10429,8.10543,1.00,1.00
2018.02.22 15:26:01.550,8.10411,8.10524,1.00,1.00
2018.02.22 15:26:01.601,8.10411,8.10529,1.00,1.00
2018.02.22 15:26:01.654,8.10411,8.10538,1.00,1.00
2018.02.22 15:26:01.736,8.10434,8.10547,1.00,1.00
2018.02.22 15:26:01.838,8.10414,8.10534,1.00,1.00
2018.02.22 15:26:01.890,8.10414,8.1053,1.00,1.00
2018.02.22 15:26:02.195,8.10395,8.10504,1.00,1.00
2018.02.22 15:26:02.486,8.10373,8.10483,1.00,1.00
2018.02.22 15:26:02.537,8.10357,8.10497,1.00,1.00
2018.02.22 15:26:02.588,8.10353,8.1049,1.00,1.75
2018.02.22 15:26:02.906,8.1035,8.10491,1.00,1.75
2018.02.22 15:26:03.429,8.1037,8.10502,1.00,1.75
2018.02.22 15:26:03.480,8.10373,8.10502,1.00,1.00
2018.02.22 15:26:03.587,8.10393,8.10502,1.00,1.00
2018.02.22 15:26:03.639,8.10383,8.10502,1.00,1.00
2018.02.22 15:26:05.049,8.10383,8.10497,1.00,1.00
2018.02.22 15:26:05.282,8.10383,8.10501,1.00,1.00
2018.02.22 15:26:07.816,8.10383,8.10508,1.00,1.00
2018.02.22 15:26:07.867,8.10383,8.10511,1.00,1.00
2018.02.22 15:26:08.284,8.10384,8.10527,1.50,1.37
2018.02.22 15:26:08.341,8.10408,8.10532,1.00,1.37
2018.02.22 15:26:08.636,8.10408,8.10536,1.00,1.00
2018.02.22 15:26:08.687,8.10408,8.10539,1.00,1.00
2018.02.22 15:26:08.919,8.10408,8.10548,1.00,1.00
2018.02.22 15:26:08.970,8.10431,8.10555,1.00,1.12
2018.02.22 15:26:09.373,8.10447,8.10568,1.00,1.37
2018.02.22 15:26:10.160,8.10447,8.10571,1.00,1.00
2018.02.22 15:26:12.690,8.10447,8.10575,1.00,1.00
2018.02.22 15:26:13.207,8.10447,8.10581,1.00,1.00
2018.02.22 15:26:13.528,8.10462,8.10576,1.00,1.00
2018.02.22 15:26:14.018,8.10462,8.1058,1.00,1.00
2018.02.22 15:26:14.072,8.10469,8.1058,1.00,1.00
2018.02.22 15:26:14.164,8.10469,8.10585,1.00,1.00
2018.02.22 15:26:14.215,8.10469,8.1059,1.00,1.37
2018.02.22 15:26:14.490,8.10469,8.10578,1.00,1.00
2018.02.22 15:26:14.853,8.10469,8.10583,1.00,1.00
2018.02.22 15:26:15.117,8.10469,8.10587,1.00,1.00
2018.02.22 15:26:15.168,8.10469,8.10594,1.00,1.37
2018.02.22 15:26:15.219,8.10489,8.10607,1.00,1.37
2018.02.22 15:26:15.270,8.10489,8.10607,1.00,1.00
2018.02.22 15:26:16.330,8.10489,8.10614,1.00,1.00
2018.02.22 15:26:16.486,8.10489,8.10606,1.00,1.00
2018.02.22 15:26:16.538,8.10489,8.10611,1.00,1.00
2018.02.22 15:26:16.589,8.10505,8.10622,1.00,1.00
2018.02.22 15:26:16.916,8.10465,8.10579,1.00,1.00
2018.02.22 15:26:17.236,8.10464,8.10569,1.00,1.00
2018.02.22 15:26:19.600,8.10464,8.10571,1.00,1.00
2018.02.22 15:26:19.947,8.10464,8.10582,1.00,1.00
2018.02.22 15:26:22.297,8.10464,8.10611,1.00,1.37
2018.02.22 15:26:22.443,8.10513,8.1068,1.00,1.00
2018.02.22 15:26:22.494,8.10532,8.10682,1.00,1.00
2018.02.22 15:26:22.804,8.10507,8.10646,1.00,1.00
2018.02.22 15:26:23.053,8.10507,8.10652,1.00,1.00
2018.02.22 15:26:23.104,8.10507,8.10645,1.00,1.00
2018.02.22 15:26:23.407,8.10524,8.10652,1.00,1.00
2018.02.22 15:26:23.711,8.10524,8.10649,1.00,1.00
2018.02.22 15:26:23.923,8.10524,8.10654,1.00,1.00
2018.02.22 15:26:23.974,8.10524,8.10649,1.00,1.00
2018.02.22 15:26:24.277,8.10524,8.10635,1.00,1.00
2018.02.22 15:26:24.704,8.10524,8.10639,1.00,1.00
2018.02.22 15:26:24.755,8.10524,8.10663,1.00,1.00
2018.02.22 15:26:24.907,8.10524,8.10655,1.00,1.00
2018.02.22 15:26:24.958,8.10524,8.10665,1.00,1.00
2018.02.22 15:26:25.009,8.10531,8.10671,1.00,1.37
2018.02.22 15:26:26.169,8.10531,8.1067,1.00,1.00
2018.02.22 15:26:26.477,8.10534,8.10653,1.00,1.00
2018.02.22 15:26:27.196,8.10534,8.10652,1.00,1.00
2018.02.22 15:26:28.324,8.10534,8.10681,1.00,1.87
2018.02.22 15:26:29.102,8.10551,8.10681,1.00,1.87
2018.02.22 15:26:29.152,8.10534,8.10681,1.00,1.87
2018.02.22 15:26:29.402,8.10534,8.10681,1.00,1.87
2018.02.22 15:26:31.879,8.10566,8.10681,1.00,1.37
2018.02.22 15:26:32.888,8.10555,8.10694,1.00,1.37
2018.02.22 15:26:33.052,8.10571,8.10695,1.00,1.37
2018.02.22 15:26:33.355,8.10561,8.10695,1.00,1.37
2018.02.22 15:26:33.849,8.10576,8.10711,1.00,1.75
2018.02.22 15:26:33.900,8.10592,8.10732,1.00,1.00
2018.02.22 15:26:33.951,8.10626,8.10732,1.00,1.00
2018.02.22 15:26:34.002,8.10616,8.10732,1.00,1.00
2018.02.22 15:26:34.053,8.10616,8.10712,1.00,1.00
2018.02.22 15:26:34.105,8.10583,8.10714,1.00,1.00
2018.02.22 15:26:34.156,8.10583,8.10712,1.00,1.00
2018.02.22 15:26:34.560,8.10582,8.10692,1.00,1.00
2018.02.22 15:26:34.618,8.10562,8.10692,1.00,1.00
2018.02.22 15:26:35.331,8.10562,8.10685,1.00,1.00
2018.02.22 15:26:36.118,8.10562,8.10681,1.00,1.00
2018.02.22 15:26:36.428,8.10548,8.10668,1.00,1.00
2018.02.22 15:26:36.483,8.10548,8.10678,1.00,1.00
2018.02.22 15:26:36.533,8.10548,8.10668,1.00,1.00
2018.02.22 15:26:36.637,8.10548,8.10678,1.00,1.50
2018.02.22 15:26:36.688,8.1055,8.1069,1.00,1.37
2018.02.22 15:26:36.739,8.1055,8.10681,1.00,1.00
2018.02.22 15:26:36.790,8.10548,8.1068,1.00,1.00
2018.02.22 15:26:37.498,8.10563,8.10696,1.00,1.37
2018.02.22 15:26:37.550,8.10563,8.10703,1.00,1.37
2018.02.22 15:26:38.365,8.10563,8.10693,1.00,1.00
2018.02.22 15:26:39.074,8.10563,8.10689,1.00,1.00
2018.02.22 15:26:39.126,8.10563,8.1071,1.00,1.37
2018.02.22 15:26:39.178,8.10563,8.10693,1.00,1.00
2018.02.22 15:26:39.922,8.10563,8.10689,1.00,1.00
2018.02.22 15:26:40.863,8.10563,8.10698,1.00,1.37
2018.02.22 15:26:40.964,8.10584,8.10714,1.00,1.75
2018.02.22 15:26:42.084,8.10584,8.10713,1.50,1.00
2018.02.22 15:26:42.655,8.10584,8.10719,1.00,1.00
2018.02.22 15:26:43.373,8.1059,8.10717,1.00,1.00
2018.02.22 15:26:43.686,8.10605,8.10717,1.00,1.00
2018.02.22 15:26:43.737,8.10605,8.10725,1.00,1.00
2018.02.22 15:26:44.802,8.10605,8.10728,1.00,1.00
2018.02.22 15:26:45.194,8.10591,8.10728,1.00,1.00
2018.02.22 15:26:47.901,8.10591,8.10719,1.00,1.00
2018.02.22 15:26:48.376,8.10607,8.10719,1.00,1.00
2018.02.22 15:26:48.690,8.1063,8.1074,1.00,1.00
2018.02.22 15:26:49.659,8.1063,8.10743,1.00,1.00
2018.02.22 15:26:49.761,8.1063,8.10743,1.00,1.37
2018.02.22 15:26:51.444,8.1061,8.10722,1.00,1.00
2018.02.22 15:26:51.496,8.1061,8.10726,1.00,1.00
2018.02.22 15:26:51.547,8.10607,8.10733,1.00,1.00
2018.02.22 15:26:51.599,8.10586,8.1074,1.00,1.00
2018.02.22 15:26:51.650,8.10586,8.10729,1.00,1.00
2018.02.22 15:26:51.701,8.10586,8.10731,1.00,1.00
2018.02.22 15:26:51.752,8.10586,8.10727,1.00,1.00
2018.02.22 15:26:51.897,8.10586,8.1073,1.00,1.00
2018.02.22 15:26:51.949,8.10596,8.10726,1.00,1.00
2018.02.22 15:26:52.153,8.10596,8.10731,1.00,1.00
2018.02.22 15:26:52.240,8.10596,8.10725,1.00,1.00
2018.02.22 15:26:52.759,8.10596,8.10722,1.00,1.00
2018.02.22 15:26:52.860,8.10596,8.10725,1.00,1.00
2018.02.22 15:26:53.063,8.10584,8.10725,1.00,1.00
2018.02.22 15:26:53.113,8.10632,8.10719,1.00,1.00
2018.02.22 15:26:53.165,8.10616,8.10751,1.00,1.00
2018.02.22 15:26:53.216,8.1065,8.10742,1.00,1.00
2018.02.22 15:26:53.318,8.10634,8.10742,1.00,1.00
2018.02.22 15:26:53.429,8.10623,8.10742,1.00,1.00
2018.02.22 15:26:54.051,8.10622,8.10742,1.00,1.00
2018.02.22 15:26:54.434,8.10622,8.10751,1.00,1.00
2018.02.22 15:26:55.317,8.10622,8.10748,1.00,1.00
2018.02.22 15:26:56.976,8.10622,8.10751,1.00,1.00
2018.02.22 15:26:57.028,8.10633,8.10753,1.00,1.00
2018.02.22 15:26:57.185,8.10601,8.10732,1.00,1.00
2018.02.22 15:26:57.237,8.10601,8.10715,1.00,1.00
2018.02.22 15:26:57.692,8.10601,8.10707,1.00,1.00
2018.02.22 15:26:58.450,8.10601,8.10716,1.00,1.00
2018.02.22 15:26:59.875,8.10601,8.10717,1.00,1.00
2018.02.22 15:27:00.918,8.10601,8.10725,1.00,1.00
2018.02.22 15:27:01.706,8.10604,8.10725,1.00,1.00
2018.02.22 15:27:02.409,8.10604,8.10716,1.00,1.00
2018.02.22 15:27:03.003,8.10613,8.10716,1.00,1.00
2018.02.22 15:27:03.054,8.10613,8.10721,1.00,1.00
2018.02.22 15:27:03.105,8.10625,8.10735,1.00,1.00
2018.02.22 15:27:03.156,8.10625,8.10747,1.00,1.00
2018.02.22 15:27:03.207,8.10639,8.10749,1.00,1.00
2018.02.22 15:27:03.623,8.10652,8.10742,1.00,1.00
2018.02.22 15:27:03.674,8.1064,8.10733,1.00,1.00
2018.02.22 15:27:03.726,8.1064,8.10747,1.00,1.00
2018.02.22 15:27:04.371,8.10638,8.10767,1.00,1.00
2018.02.22 15:27:04.423,8.10642,8.10767,1.00,1.00
2018.02.22 15:27:04.956,8.10638,8.10767,1.00,1.00
2018.02.22 15:27:05.057,8.10638,8.10756,1.00,1.00
2018.02.22 15:27:05.383,8.10638,8.10738,1.00,1.00
2018.02.22 15:27:06.414,8.10608,8.10738,1.00,1.00
2018.02.22 15:27:08.507,8.10608,8.10733,1.00,1.00
2018.02.22 15:27:08.960,8.10608,8.10729,1.00,1.00
2018.02.22 15:27:09.094,8.10598,8.1072,1.00,1.00
2018.02.22 15:27:10.236,8.10598,8.10716,1.00,1.00
2018.02.22 15:27:10.388,8.10585,8.10712,1.00,1.00
2018.02.22 15:27:10.759,8.10623,8.10711,1.00,1.00
2018.02.22 15:27:11.434,8.10623,8.10715,1.00,1.00
2018.02.22 15:27:11.798,8.10623,8.10742,1.00,1.00
2018.02.22 15:27:11.855,8.10623,8.10733,1.50,1.00
2018.02.22 15:27:14.223,8.10623,8.10728,1.00,1.00
2018.02.22 15:27:14.324,8.1061,8.10729,1.00,1.00
2018.02.22 15:27:14.375,8.1061,8.10734,1.00,1.00
2018.02.22 15:27:14.511,8.1061,8.10727,1.00,1.00
2018.02.22 15:27:14.893,8.1061,8.10724,1.00,1.00
2018.02.22 15:27:15.581,8.1061,8.10718,1.00,1.00
2018.02.22 15:27:15.733,8.1061,8.10726,1.00,1.00
2018.02.22 15:27:15.784,8.10629,8.10716,1.00,1.00
2018.02.22 15:27:15.835,8.10629,8.10721,1.00,1.00
2018.02.22 15:27:16.324,8.10629,8.10717,1.00,1.00
2018.02.22 15:27:16.834,8.10629,8.10728,1.00,1.00
2018.02.22 15:27:16.886,8.10629,8.107,1.00,1.00
2018.02.22 15:27:16.937,8.10612,8.10716,1.00,1.00
2018.02.22 15:27:16.988,8.1061,8.10703,1.00,1.00
2018.02.22 15:27:17.039,8.1061,8.10723,1.00,1.00
2018.02.22 15:27:17.090,8.1061,8.10705,1.00,1.00
2018.02.22 15:27:17.142,8.1061,8.10724,1.00,1.00
2018.02.22 15:27:17.193,8.1061,8.10727,1.00,1.00
2018.02.22 15:27:17.476,8.1061,8.1073,1.00,1.00
2018.02.22 15:27:17.528,8.10631,8.10717,1.00,1.00
2018.02.22 15:27:17.582,8.10631,8.1073,1.00,1.00
2018.02.22 15:27:17.634,8.10649,8.10739,1.00,1.00
2018.02.22 15:27:17.737,8.10623,8.10714,1.00,1.00
2018.02.22 15:27:17.839,8.10605,8.10714,1.00,1.00
2018.02.22 15:27:18.298,8.10605,8.10719,1.00,1.00
2018.02.22 15:27:18.572,8.10605,8.10707,1.00,1.00
2018.02.22 15:27:18.845,8.10605,8.10715,1.00,1.00
2018.02.22 15:27:18.896,8.10622,8.10715,1.00,1.00
2018.02.22 15:27:19.223,8.10598,8.10701,1.00,1.00
2018.02.22 15:27:19.275,8.10598,8.1071,1.00,1.00
2018.02.22 15:27:19.326,8.10598,8.10702,1.00,1.00
2018.02.22 15:27:19.642,8.10598,8.10697,1.00,1.00
2018.02.22 15:27:19.945,8.10598,8.10693,1.00,1.00
2018.02.22 15:27:20.201,8.10598,8.10706,1.00,1.00
2018.02.22 15:27:20.252,8.10598,8.10699,1.00,1.00
2018.02.22 15:27:20.432,8.10601,8.1072,1.00,1.00
2018.02.22 15:27:20.483,8.10601,8.10714,1.00,1.00
2018.02.22 15:27:21.733,8.10601,8.10711,1.00,1.00
2018.02.22 15:27:22.449,8.10601,8.10707,1.00,1.00
2018.02.22 15:27:23.963,8.10584,8.1069,1.00,1.00
2018.02.22 15:27:24.013,8.10568,8.10684,1.00,1.00
2018.02.22 15:27:24.064,8.10568,8.1068,1.00,1.00
2018.02.22 15:27:24.835,8.10568,8.10698,1.00,1.00
2018.02.22 15:27:24.937,8.10572,8.10687,1.00,1.00
2018.02.22 15:27:25.273,8.1059,8.10687,1.00,1.00
2018.02.22 15:27:26.908,8.1059,8.10694,1.00,1.00
2018.02.22 15:27:27.010,8.10607,8.10701,1.00,1.00
2018.02.22 15:27:27.162,8.1059,8.10692,1.00,1.00
2018.02.22 15:27:27.264,8.1059,8.10697,1.00,1.00
2018.02.22 15:27:27.368,8.1059,8.10688,1.00,1.00
2018.02.22 15:27:27.420,8.10574,8.10679,1.00,1.00
2018.02.22 15:27:27.573,8.10574,8.10669,1.00,1.00
2018.02.22 15:27:27.624,8.10553,8.10669,1.00,1.00
2018.02.22 15:27:28.753,8.10553,8.10658,1.00,1.00
2018.02.22 15:27:28.884,8.10553,8.10662,1.00,1.00
2018.02.22 15:27:30.339,8.10553,8.1066,1.00,1.00
2018.02.22 15:27:30.659,8.10554,8.10657,1.00,1.00
2018.02.22 15:27:34.749,8.10554,8.10658,1.00,1.00
2018.02.22 15:27:35.400,8.10554,8.10659,1.00,1.00
2018.02.22 15:27:35.791,8.10554,8.10652,1.00,1.00
2018.02.22 15:27:35.950,8.10537,8.10648,1.00,1.00
2018.02.22 15:27:36.172,8.10537,8.10671,1.00,1.00
2018.02.22 15:27:36.228,8.10537,8.10665,1.00,1.00
2018.02.22 15:27:36.626,8.10537,8.10662,1.00,1.00
2018.02.22 15:27:37.532,8.10537,8.1065,1.00,1.00
2018.02.22 15:27:37.873,8.10537,8.10657,1.00,1.00
2018.02.22 15:27:38.205,8.10537,8.10631,1.00,1.00
2018.02.22 15:27:38.404,8.10537,8.10645,1.00,1.00
2018.02.22 15:27:39.211,8.10537,8.10641,1.00,1.00
2018.02.22 15:27:39.629,8.10537,8.10651,1.00,1.00
2018.02.22 15:27:39.921,8.10563,8.10651,1.00,1.00
2018.02.22 15:27:40.260,8.10563,8.10665,1.00,1.00
2018.02.22 15:27:40.818,8.10583,8.10671,1.00,1.00
2018.02.22 15:27:40.869,8.10565,8.10683,1.00,1.00
2018.02.22 15:27:40.920,8.10583,8.10683,1.50,1.00
2018.02.22 15:27:41.409,8.10568,8.10683,1.00,1.00
2018.02.22 15:27:41.593,8.10561,8.10683,1.00,1.00
2018.02.22 15:27:43.243,8.10581,8.10703,1.00,1.00
2018.02.22 15:27:43.546,8.10597,8.10703,1.00,1.00
2018.02.22 15:27:44.055,8.10597,8.10717,1.00,1.00
2018.02.22 15:27:44.108,8.10597,8.10728,1.00,1.00
2018.02.22 15:27:44.159,8.10617,8.10729,1.00,1.00
2018.02.22 15:27:45.502,8.10617,8.10726,1.00,1.00
2018.02.22 15:27:45.810,8.10599,8.10705,1.00,1.00
2018.02.22 15:27:47.489,8.10582,8.10675,1.00,1.00
2018.02.22 15:27:48.053,8.10582,8.10674,1.00,1.00
2018.02.22 15:27:48.686,8.10582,8.10683,1.00,1.00
2018.02.22 15:27:48.738,8.10582,8.10697,1.00,1.00
2018.02.22 15:27:48.790,8.10582,8.10706,1.00,1.00
2018.02.22 15:27:48.892,8.10582,8.10693,1.00,1.00
2018.02.22 15:27:49.302,8.10567,8.10674,1.00,1.00
2018.02.22 15:27:49.613,8.10567,8.10693,1.00,1.00
2018.02.22 15:27:49.665,8.10587,8.10704,1.00,1.00
2018.02.22 15:27:50.012,8.1057,8.1068,1.00,1.00
2018.02.22 15:27:50.480,8.1057,8.10683,1.00,1.00
2018.02.22 15:27:54.382,8.1057,8.10695,1.00,1.00
2018.02.22 15:27:54.434,8.10588,8.10711,1.00,1.00
2018.02.22 15:27:54.742,8.10588,8.10709,1.00,1.00
2018.02.22 15:27:55.299,8.10588,8.10705,1.00,1.00
2018.02.22 15:27:56.088,8.10588,8.10695,1.00,1.00
2018.02.22 15:27:56.409,8.10588,8.10693,1.00,1.00
2018.02.22 15:27:57.685,8.10588,8.10675,1.00,1.00
2018.02.22 15:27:58.262,8.10588,8.10674,1.00,1.00
2018.02.22 15:27:59.061,8.10588,8.10667,1.00,1.00
2018.02.22 15:27:59.219,8.10588,8.10674,1.00,1.00
2018.02.22 15:27:59.271,8.10588,8.10682,1.00,1.00
2018.02.22 15:27:59.322,8.10588,8.10675,1.00,1.00
2018.02.22 15:27:59.528,8.10588,8.10679,1.00,1.00
2018.02.22 15:27:59.986,8.10588,8.10693,1.00,1.00
2018.02.22 15:28:00.088,8.10588,8.10696,1.00,1.00
2018.02.22 15:28:00.389,8.10588,8.1069,1.00,1.00
2018.02.22 15:28:00.964,8.10588,8.1068,1.00,1.00
2018.02.22 15:28:01.306,8.10588,8.10705,1.00,1.00
2018.02.22 15:28:02.152,8.10588,8.10685,1.00,1.00
2018.02.22 15:28:02.457,8.10588,8.10681,1.00,1.00
2018.02.22 15:28:03.455,8.10588,8.10689,1.00,1.00
2018.02.22 15:28:03.506,8.10588,8.10699,1.00,1.00
2018.02.22 15:28:03.710,8.10612,8.10686,1.00,1.00
2018.02.22 15:28:03.857,8.10594,8.10694,1.00,1.50
2018.02.22 15:28:03.911,8.10576,8.10671,1.00,1.00
2018.02.22 15:28:04.012,8.10558,8.10671,1.00,1.00
2018.02.22 15:28:04.268,8.10558,8.10675,1.00,1.00
2018.02.22 15:28:04.372,8.10558,8.10671,1.00,1.00
2018.02.22 15:28:04.910,8.10558,8.10672,1.00,1.00
2018.02.22 15:28:05.444,8.10577,8.10672,1.00,1.00
2018.02.22 15:28:05.949,8.10577,8.10663,1.00,1.00
2018.02.22 15:28:08.463,8.10577,8.10666,1.00,1.00
2018.02.22 15:28:08.514,8.10577,8.1067,1.00,1.00
2018.02.22 15:28:09.492,8.10596,8.1067,1.00,1.00
2018.02.22 15:28:09.549,8.10613,8.10701,1.00,1.00
2018.02.22 15:28:10.320,8.10613,8.10699,1.00,1.00
2018.02.22 15:28:14.263,8.10613,8.10713,1.00,1.00
2018.02.22 15:28:14.314,8.10613,8.10708,1.00,1.00
2018.02.22 15:28:14.365,8.10613,8.1071,1.00,1.00
2018.02.22 15:28:14.417,8.10613,8.10708,1.00,1.00
2018.02.22 15:28:14.695,8.10613,8.10713,1.00,1.00
2018.02.22 15:28:14.796,8.10613,8.10723,1.00,1.00
2018.02.22 15:28:14.847,8.10613,8.10713,1.00,1.00
2018.02.22 15:28:14.898,8.10613,8.10721,1.00,1.00
2018.02.22 15:28:14.948,8.10613,8.10715,1.00,1.00
2018.02.22 15:28:14.999,8.10613,8.10721,1.00,1.00
2018.02.22 15:28:16.091,8.10613,8.10728,1.00,1.00
2018.02.22 15:28:16.143,8.1063,8.10736,1.00,1.00
2018.02.22 15:28:16.290,8.1063,8.1074,1.00,1.00
2018.02.22 15:28:17.546,8.1063,8.10774,1.00,1.60
2018.02.22 15:28:17.597,8.1061,8.10761,1.00,1.00
2018.02.22 15:28:17.648,8.1061,8.10761,1.00,1.60
2018.02.22 15:28:17.998,8.10633,8.10737,1.00,1.00
2018.02.22 15:28:18.151,8.10633,8.1074,1.00,1.00
2018.02.22 15:28:18.696,8.10633,8.10741,1.00,1.00
2018.02.22 15:28:19.209,8.10633,8.10744,1.00,1.00
2018.02.22 15:28:19.269,8.10633,8.10746,1.00,1.00
2018.02.22 15:28:19.371,8.10633,8.10741,1.00,1.00
2018.02.22 15:28:19.705,8.10633,8.10723,1.00,1.00
2018.02.22 15:28:20.216,8.10633,8.10724,1.00,1.00
2018.02.22 15:28:20.529,8.10633,8.1073,1.00,1.00
2018.02.22 15:28:20.587,8.10633,8.10735,1.00,1.00
2018.02.22 15:28:20.653,8.10633,8.10738,1.00,1.00
2018.02.22 15:28:20.705,8.10633,8.10733,1.00,1.00
2018.02.22 15:28:20.756,8.10633,8.10737,1.00,1.00
2018.02.22 15:28:20.965,8.10633,8.10746,1.00,1.00
2018.02.22 15:28:21.066,8.1064,8.10746,1.00,1.00
2018.02.22 15:28:21.957,8.1064,8.10762,1.00,1.00
2018.02.22 15:28:22.058,8.10657,8.10782,1.00,1.00
2018.02.22 15:28:23.438,8.1065,8.10782,1.00,1.00
2018.02.22 15:28:24.125,8.1065,8.10783,1.00,1.00
2018.02.22 15:28:24.775,8.1065,8.10779,1.00,1.00
2018.02.22 15:28:25.350,8.1065,8.10778,1.50,1.00
2018.02.22 15:28:25.652,8.10661,8.10778,1.00,1.00
2018.02.22 15:28:27.118,8.1065,8.10778,1.00,1.00
2018.02.22 15:28:29.105,8.1065,8.10789,1.00,1.00
2018.02.22 15:28:29.216,8.10662,8.10797,1.00,1.00
2018.02.22 15:28:29.541,8.10701,8.10816,1.00,1.00
2018.02.22 15:28:29.889,8.10701,8.10808,1.00,1.00
2018.02.22 15:28:29.940,8.10684,8.10808,1.00,1.00
2018.02.22 15:28:31.225,8.10684,8.108,1.00,1.00
2018.02.22 15:28:31.327,8.10662,8.10782,1.00,1.00
2018.02.22 15:28:31.379,8.10662,8.1078,1.00,1.00
2018.02.22 15:28:31.704,8.10662,8.10774,1.00,1.00
2018.02.22 15:28:32.967,8.10662,8.1077,1.00,1.00
2018.02.22 15:28:33.018,8.10662,8.10775,1.00,1.00
2018.02.22 15:28:33.120,8.10663,8.1079,1.00,1.00
2018.02.22 15:28:33.171,8.10663,8.10786,1.00,1.00
2018.02.22 15:28:33.523,8.10662,8.10778,1.00,1.00
2018.02.22 15:28:34.051,8.10662,8.10769,1.00,1.00
2018.02.22 15:28:34.696,8.10662,8.10774,1.00,1.00
2018.02.22 15:28:34.748,8.10662,8.10781,1.00,1.00
2018.02.22 15:28:34.799,8.10662,8.10776,1.00,1.00
2018.02.22 15:28:35.137,8.10662,8.10753,1.00,1.00
2018.02.22 15:28:35.188,8.10644,8.10743,1.00,1.00
2018.02.22 15:28:35.289,8.10647,8.10743,1.00,1.00
2018.02.22 15:28:35.557,8.10647,8.10754,1.00,1.00
2018.02.22 15:28:35.696,8.10647,8.10748,1.00,1.00
2018.02.22 15:28:35.746,8.10651,8.10763,1.00,1.00
2018.02.22 15:28:35.891,8.10651,8.10765,1.00,1.00
2018.02.22 15:28:36.093,8.10656,8.10765,1.00,1.00
2018.02.22 15:28:36.617,8.10656,8.10768,1.00,1.00
2018.02.22 15:28:37.193,8.10656,8.10769,1.00,1.00
2018.02.22 15:28:37.244,8.10656,8.10776,1.00,1.00
2018.02.22 15:28:37.295,8.10675,8.10776,1.00,1.00
2018.02.22 15:28:39.559,8.10675,8.10779,1.00,1.00
2018.02.22 15:28:40.430,8.10675,8.10774,1.00,1.00
2018.02.22 15:28:40.774,8.10675,8.10768,1.00,1.00
2018.02.22 15:28:40.985,8.10615,8.10717,1.00,1.00
2018.02.22 15:28:41.389,8.10615,8.10713,1.00,1.00
2018.02.22 15:28:42.397,8.10615,8.10718,1.00,1.00
2018.02.22 15:28:42.449,8.10615,8.10723,1.00,1.00
2018.02.22 15:28:44.284,8.10615,8.10731,1.00,1.00
2018.02.22 15:28:45.102,8.10615,8.10734,1.00,1.00
2018.02.22 15:28:46.434,8.10615,8.1074,1.00,1.00
2018.02.22 15:28:47.538,8.10615,8.10714,1.00,1.00
2018.02.22 15:28:47.590,8.10594,8.1071,1.00,1.00
2018.02.22 15:28:48.312,8.10594,8.10726,1.00,1.00
2018.02.22 15:28:48.363,8.10594,8.10715,1.00,1.00
2018.02.22 15:28:48.923,8.10594,8.10714,1.00,1.00
2018.02.22 15:28:49.304,8.10594,8.1072,1.00,1.00
2018.02.22 15:28:49.899,8.10594,8.10716,1.00,1.00
2018.02.22 15:28:50.550,8.10594,8.10719,1.00,1.00
2018.02.22 15:28:51.442,8.10611,8.10736,1.00,1.00
2018.02.22 15:28:51.840,8.10604,8.10716,1.00,1.00
2018.02.22 15:28:52.601,8.10604,8.10722,1.00,1.00
2018.02.22 15:28:52.653,8.10627,8.10722,1.00,1.00
2018.02.22 15:28:52.755,8.10627,8.10726,1.00,1.00
2018.02.22 15:28:52.895,8.10627,8.10723,1.00,1.00
2018.02.22 15:28:53.219,8.10627,8.1072,1.00,1.00
2018.02.22 15:28:54.157,8.10627,8.10721,1.00,1.00
2018.02.22 15:28:54.495,8.1061,8.10721,1.00,1.00
2018.02.22 15:28:55.138,8.1061,8.1073,1.00,1.00
2018.02.22 15:28:55.190,8.10627,8.1073,1.00,1.00
2018.02.22 15:28:55.241,8.10627,8.10743,1.00,1.00
2018.02.22 15:28:55.684,8.10627,8.10747,1.00,1.00
2018.02.22 15:28:56.044,8.10627,8.10753,1.00,1.00
2018.02.22 15:28:56.094,8.10644,8.10755,1.00,1.00
2018.02.22 15:28:56.240,8.10649,8.10775,1.00,1.00
2018.02.22 15:28:56.342,8.10649,8.10773,1.00,1.00
2018.02.22 15:28:57.462,8.10649,8.10756,1.00,1.00
2018.02.22 15:28:57.514,8.10649,8.10761,1.00,1.00
2018.02.22 15:28:58.488,8.10649,8.10757,1.00,1.00
2018.02.22 15:28:58.893,8.10649,8.10753,1.00,1.00
2018.02.22 15:28:58.945,8.10649,8.10756,1.00,1.00
2018.02.22 15:28:59.100,8.10649,8.10769,1.00,1.00
2018.02.22 15:28:59.152,8.10649,8.10778,1.00,1.00
2018.02.22 15:29:00.106,8.10649,8.10779,1.00,1.00
2018.02.22 15:29:00.403,8.10649,8.10766,1.00,1.00
2018.02.22 15:29:00.719,8.10649,8.10754,1.00,1.00
2018.02.22 15:29:01.722,8.10649,8.1075,1.00,1.00
2018.02.22 15:29:01.983,8.10605,8.10718,1.00,1.00
2018.02.22 15:29:02.084,8.10621,8.10718,1.00,1.00
2018.02.22 15:29:02.135,8.10622,8.10721,1.00,1.00
2018.02.22 15:29:02.236,8.10601,8.10721,1.00,1.00
2018.02.22 15:29:02.337,8.10601,8.10718,1.00,1.00
2018.02.22 15:29:03.645,8.10601,8.10714,1.00,1.00
2018.02.22 15:29:04.047,8.10618,8.10712,1.00,1.00
2018.02.22 15:29:04.098,8.10618,8.10737,1.00,1.00
2018.02.22 15:29:04.149,8.10621,8.10744,1.00,1.00
2018.02.22 15:29:04.201,8.10621,8.10736,1.00,1.00
2018.02.22 15:29:04.588,8.10621,8.10717,1.00,1.00
2018.02.22 15:29:05.427,8.10621,8.10735,1.00,1.00
2018.02.22 15:29:05.478,8.10621,8.10741,1.00,1.00
2018.02.22 15:29:05.579,8.10621,8.10739,1.00,1.00
2018.02.22 15:29:06.556,8.10621,8.10731,1.00,1.00
2018.02.22 15:29:06.759,8.10621,8.10734,1.00,1.00
2018.02.22 15:29:06.898,8.10621,8.10729,1.00,1.00
2018.02.22 15:29:07.215,8.10621,8.10727,1.00,1.00
2018.02.22 15:29:07.419,8.10593,8.10701,1.00,1.00
2018.02.22 15:29:07.470,8.10612,8.10693,1.00,1.00
2018.02.22 15:29:07.573,8.10601,8.10707,1.00,1.00
2018.02.22 15:29:07.979,8.10601,8.10702,1.00,1.00
2018.02.22 15:29:08.182,8.10598,8.10705,1.00,1.00
2018.02.22 15:29:10.479,8.10598,8.10708,1.00,1.00
2018.02.22 15:29:11.288,8.10598,8.10701,1.00,1.00
2018.02.22 15:29:12.458,8.10598,8.10705,1.00,1.00
2018.02.22 15:29:12.510,8.10617,8.10731,1.00,1.00
2018.02.22 15:29:12.647,8.10617,8.10726,1.00,1.00
2018.02.22 15:29:13.653,8.10617,8.10733,1.00,1.00
2018.02.22 15:29:13.951,8.10617,8.10724,1.00,1.00
2018.02.22 15:29:14.279,8.10617,8.1072,1.00,1.00
2018.02.22 15:29:15.331,8.10617,8.10716,1.00,1.00
2018.02.22 15:29:15.808,8.10617,8.10706,1.00,1.00
2018.02.22 15:29:15.859,8.10592,8.10689,1.00,1.00
2018.02.22 15:29:17.112,8.10592,8.10685,1.00,1.00
2018.02.22 15:29:17.164,8.10576,8.10684,1.00,1.00
2018.02.22 15:29:19.959,8.10576,8.10686,1.00,1.00
2018.02.22 15:29:20.660,8.10576,8.10687,1.00,1.00
2018.02.22 15:29:23.512,8.10555,8.10665,1.00,1.00
2018.02.22 15:29:23.564,8.10555,8.1067,1.00,1.00
2018.02.22 15:29:23.727,8.10555,8.10665,1.00,1.00
2018.02.22 15:29:25.470,8.10555,8.10658,1.00,1.00
2018.02.22 15:29:27.761,8.10555,8.10677,1.00,1.00
2018.02.22 15:29:27.813,8.10555,8.10682,1.00,1.00
2018.02.22 15:29:28.067,8.10555,8.10685,1.00,1.00
2018.02.22 15:29:28.118,8.10555,8.10688,1.00,1.00
2018.02.22 15:29:28.169,8.10567,8.10688,1.00,1.00
2018.02.22 15:29:28.498,8.10556,8.10681,1.00,1.00
2018.02.22 15:29:29.300,8.10556,8.10686,1.00,1.00
2018.02.22 15:29:29.627,8.1058,8.10687,1.00,1.00
2018.02.22 15:29:30.129,8.1058,8.10686,1.00,1.00
2018.02.22 15:29:31.098,8.1058,8.10682,1.00,1.00
2018.02.22 15:29:31.303,8.1058,8.10692,1.00,1.00
2018.02.22 15:29:31.354,8.1058,8.10708,1.00,1.00
2018.02.22 15:29:31.404,8.1058,8.10682,1.00,1.00
2018.02.22 15:29:31.638,8.10542,8.10656,1.00,1.00
2018.02.22 15:29:31.923,8.10542,8.10658,1.00,1.00
2018.02.22 15:29:32.024,8.10547,8.10658,1.00,1.00
2018.02.22 15:29:33.176,8.10547,8.10663,1.00,1.00
2018.02.22 15:29:34.233,8.10561,8.10663,1.00,1.00
2018.02.22 15:29:34.335,8.10571,8.10674,1.00,1.00
2018.02.22 15:29:34.437,8.10544,8.10674,1.00,1.00
2018.02.22 15:29:34.880,8.10544,8.1066,1.50,1.00
2018.02.22 15:29:35.024,8.10544,8.10664,1.50,1.00
2018.02.22 15:29:35.471,8.10548,8.10664,1.00,1.00
2018.02.22 15:29:35.792,8.10552,8.10665,1.00,1.00
2018.02.22 15:29:36.094,8.10544,8.10644,1.00,1.00
2018.02.22 15:29:36.403,8.10544,8.10631,1.00,1.00
2018.02.22 15:29:38.435,8.10525,8.10614,1.00,1.00
2018.02.22 15:29:38.672,8.10525,8.1062,1.00,1.00
2018.02.22 15:29:38.725,8.10514,8.10616,1.00,1.00
2018.02.22 15:29:40.457,8.10514,8.10621,1.00,1.00
2018.02.22 15:29:41.063,8.10514,8.1062,1.00,1.00
2018.02.22 15:29:41.601,8.10514,8.10638,1.00,1.00
2018.02.22 15:29:41.656,8.10584,8.10638,1.00,1.00
2018.02.22 15:29:41.713,8.10625,8.10717,1.00,1.00
2018.02.22 15:29:41.786,8.10639,8.10717,1.00,1.00
2018.02.22 15:29:41.839,8.10661,8.10755,1.00,1.00
2018.02.22 15:29:41.890,8.10633,8.10736,1.00,1.00
2018.02.22 15:29:41.940,8.10652,8.10749,1.00,1.00
2018.02.22 15:29:41.994,8.1065,8.10816,1.00,1.97
2018.02.22 15:29:42.095,8.1065,8.10769,1.00,1.00
2018.02.22 15:29:42.396,8.10625,8.10741,1.00,1.00
2018.02.22 15:29:42.550,8.10625,8.10744,1.00,1.00
2018.02.22 15:29:42.652,8.10628,8.10735,1.00,1.00
2018.02.22 15:29:42.803,8.10628,8.10737,1.00,1.00
2018.02.22 15:29:42.968,8.10628,8.10724,1.00,1.00
2018.02.22 15:29:43.121,8.1061,8.10715,1.00,1.00
2018.02.22 15:29:43.325,8.10605,8.10715,1.00,1.00
2018.02.22 15:29:44.344,8.10605,8.10711,1.00,1.00
2018.02.22 15:29:44.598,8.10605,8.10721,1.00,1.00
2018.02.22 15:29:44.649,8.10605,8.10726,1.00,1.00
2018.02.22 15:29:44.700,8.10605,8.10718,1.00,1.00
2018.02.22 15:29:44.751,8.10605,8.10726,1.00,1.00
2018.02.22 15:29:46.563,8.10605,8.10735,1.00,1.00
2018.02.22 15:29:47.047,8.10609,8.10735,1.00,1.00
2018.02.22 15:29:47.430,8.10609,8.10743,1.50,1.00
2018.02.22 15:29:47.481,8.10609,8.10754,1.50,1.00
2018.02.22 15:29:48.799,8.10609,8.10751,2.25,1.00
2018.02.22 15:29:49.107,8.10609,8.10746,1.50,1.00
2018.02.22 15:29:49.710,8.10609,8.10749,1.50,1.00
2018.02.22 15:29:50.314,8.10609,8.10737,1.50,1.00
2018.02.22 15:29:50.625,8.10629,8.10723,1.00,1.00
2018.02.22 15:29:50.862,8.10629,8.10726,1.00,1.00
2018.02.22 15:29:50.914,8.10629,8.10749,1.00,1.00
2018.02.22 15:29:50.966,8.10654,8.10762,1.00,1.00
2018.02.22 15:29:51.309,8.10648,8.10759,1.00,1.00
2018.02.22 15:29:51.360,8.10648,8.10761,1.00,1.00
2018.02.22 15:29:51.411,8.10648,8.10752,1.00,1.00
2018.02.22 15:29:51.462,8.10648,8.10756,1.00,1.00
2018.02.22 15:29:51.893,8.10648,8.10762,1.00,1.00
2018.02.22 15:29:52.167,8.10648,8.10758,1.00,1.00
2018.02.22 15:29:52.495,8.10657,8.10765,1.00,1.00
2018.02.22 15:29:52.546,8.10641,8.10765,1.00,1.00
2018.02.22 15:29:52.597,8.10648,8.10763,1.00,1.00
2018.02.22 15:29:52.648,8.10641,8.10757,1.00,1.00
2018.02.22 15:29:52.762,8.10657,8.10775,1.00,1.00
2018.02.22 15:29:52.813,8.10645,8.10747,1.00,1.00
2018.02.22 15:29:52.863,8.10645,8.10755,1.00,1.00
2018.02.22 15:29:52.914,8.10645,8.10751,1.00,1.00
2018.02.22 15:29:53.413,8.10645,8.10746,1.00,1.00
2018.02.22 15:29:53.738,8.10628,8.10747,1.00,1.00
2018.02.22 15:29:53.840,8.10651,8.10756,1.00,1.00
2018.02.22 15:29:53.943,8.10636,8.10756,1.00,1.00
2018.02.22 15:29:54.250,8.10656,8.10756,1.00,1.00
2018.02.22 15:29:54.301,8.10637,8.10756,1.00,1.00
2018.02.22 15:29:54.353,8.10657,8.10756,1.00,1.00
2018.02.22 15:29:54.778,8.10657,8.10766,1.00,1.00
2018.02.22 15:29:55.530,8.10657,8.1077,1.00,1.00
2018.02.22 15:29:55.823,8.10657,8.10772,1.00,1.00
2018.02.22 15:29:56.902,8.10657,8.10782,1.00,1.00
2018.02.22 15:29:57.580,8.10657,8.10795,1.00,1.00
2018.02.22 15:29:57.631,8.10661,8.10807,1.00,1.00
2018.02.22 15:29:57.682,8.10677,8.10803,1.00,1.00
2018.02.22 15:29:58.063,8.10677,8.10807,1.00,1.00
2018.02.22 15:29:58.114,8.10677,8.10814,1.00,1.00
2018.02.22 15:29:58.165,8.10674,8.10814,1.00,1.00
2018.02.22 15:29:58.216,8.10682,8.10814,1.00,1.00
2018.02.22 15:29:58.266,8.10682,8.10817,1.00,1.00
2018.02.22 15:29:58.317,8.1069,8.10817,1.00,1.00
2018.02.22 15:29:58.460,8.1069,8.10822,1.00,1.00
2018.02.22 15:29:58.512,8.1069,8.10809,1.00,1.00
2018.02.22 15:29:58.716,8.1069,8.10812,1.00,1.00
2018.02.22 15:29:58.818,8.1069,8.10808,1.00,1.00
2018.02.22 15:29:58.869,8.10688,8.10808,1.00,1.00
2018.02.22 15:30:00.113,8.10688,8.10803,1.00,1.00
2018.02.22 15:30:00.450,8.10688,8.108,1.00,1.00
2018.02.22 15:30:00.796,8.10688,8.10805,1.00,1.00
2018.02.22 15:30:01.134,8.10688,8.1081,1.00,1.00
2018.02.22 15:30:01.471,8.10688,8.10833,1.00,1.00
2018.02.22 15:30:01.523,8.10709,8.1084,1.00,1.00
2018.02.22 15:30:01.859,8.10709,8.10827,1.00,1.00
2018.02.22 15:30:02.313,8.10718,8.10854,1.00,1.00
2018.02.22 15:30:02.465,8.10709,8.10843,1.00,1.00
2018.02.22 15:30:02.807,8.10709,8.10828,1.00,1.00
2018.02.22 15:30:03.277,8.10709,8.10839,1.00,1.00
2018.02.22 15:30:03.328,8.10709,8.10837,1.00,1.00
2018.02.22 15:30:03.655,8.10709,8.10832,1.00,1.00
2018.02.22 15:30:03.971,8.10709,8.10836,1.00,1.00
2018.02.22 15:30:04.735,8.10709,8.10846,1.00,1.00
2018.02.22 15:30:04.957,8.10709,8.10835,1.00,1.00
2018.02.22 15:30:05.274,8.10709,8.10827,1.00,1.00
2018.02.22 15:30:05.324,8.10709,8.10885,1.00,1.60
2018.02.22 15:30:05.436,8.10709,8.10885,1.00,1.60
2018.02.22 15:30:05.565,8.1073,8.10903,1.00,1.60
2018.02.22 15:30:05.615,8.1073,8.10913,1.00,1.60
2018.02.22 15:30:05.666,8.10751,8.10855,1.00,1.00
2018.02.22 15:30:05.818,8.10738,8.10845,1.00,1.00
2018.02.22 15:30:05.919,8.10738,8.10854,1.00,1.00
2018.02.22 15:30:06.207,8.10725,8.10854,1.50,1.00
2018.02.22 15:30:06.258,8.10729,8.10875,1.00,1.00
2018.02.22 15:30:07.260,8.10725,8.10868,1.50,1.00
2018.02.22 15:30:07.579,8.10743,8.1086,1.00,1.00
2018.02.22 15:30:08.459,8.10743,8.10855,1.00,1.00
2018.02.22 15:30:08.774,8.10743,8.10849,1.00,1.00
2018.02.22 15:30:10.313,8.10719,8.10849,1.00,1.00
2018.02.22 15:30:10.568,8.10719,8.10845,1.00,1.00
2018.02.22 15:30:10.862,8.10719,8.10855,1.00,1.00
2018.02.22 15:30:11.580,8.10719,8.1086,1.00,1.00
2018.02.22 15:30:15.248,8.10719,8.10857,1.00,1.00
2018.02.22 15:30:17.873,8.10719,8.10864,1.00,1.00
2018.02.22 15:30:17.924,8.10719,8.10871,1.00,1.00
2018.02.22 15:30:18.076,8.10719,8.10855,1.00,1.00
2018.02.22 15:30:18.127,8.10719,8.10871,1.00,1.00
2018.02.22 15:30:18.279,8.10731,8.10875,1.00,1.00
2018.02.22 15:30:18.588,8.10738,8.10869,1.00,1.00
2018.02.22 15:30:18.904,8.10738,8.10865,1.00,1.00
2018.02.22 15:30:19.971,8.10761,8.10879,1.00,1.00
2018.02.22 15:30:20.022,8.10761,8.1089,1.00,1.00
2018.02.22 15:30:20.124,8.10761,8.10883,1.00,1.00
2018.02.22 15:30:20.318,8.10743,8.10874,1.50,1.00
2018.02.22 15:30:20.730,8.10743,8.10877,1.50,1.00
2018.02.22 15:30:22.347,8.10743,8.1086,1.00,1.00
2018.02.22 15:30:22.402,8.10743,8.10871,1.00,1.00
2018.02.22 15:30:22.454,8.10743,8.10877,1.00,1.00
2018.02.22 15:30:24.264,8.10743,8.10879,1.00,1.00
2018.02.22 15:30:24.474,8.10743,8.10871,1.00,1.00
2018.02.22 15:30:25.114,8.10743,8.10867,1.00,1.00
2018.02.22 15:30:25.433,8.10723,8.10859,1.00,1.00
2018.02.22 15:30:26.322,8.10723,8.10854,1.00,1.00
2018.02.22 15:30:27.550,8.10724,8.10854,1.00,1.00
2018.02.22 15:30:29.776,8.10724,8.1085,1.00,1.00
2018.02.22 15:30:32.058,8.10724,8.10848,1.00,1.00
2018.02.22 15:30:33.914,8.10724,8.10855,1.00,1.00
2018.02.22 15:30:33.965,8.10728,8.10865,1.00,1.00
2018.02.22 15:30:34.016,8.10742,8.10873,1.00,1.00
2018.02.22 15:30:34.351,8.10745,8.10873,1.00,1.00
2018.02.22 15:30:34.493,8.10745,8.10877,1.00,1.00
2018.02.22 15:30:34.775,8.10745,8.10881,1.00,1.00
2018.02.22 15:30:35.460,8.10762,8.10895,1.00,1.00
2018.02.22 15:30:35.511,8.10764,8.10927,1.00,1.00
2018.02.22 15:30:35.563,8.10784,8.10947,1.00,1.00
2018.02.22 15:30:35.614,8.10781,8.10947,1.00,1.00
2018.02.22 15:30:35.846,8.10781,8.10914,1.00,1.00
2018.02.22 15:30:37.035,8.10781,8.10912,1.00,1.00
2018.02.22 15:30:37.354,8.10781,8.10914,1.00,1.00
2018.02.22 15:30:37.405,8.1079,8.10914,1.00,1.00
2018.02.22 15:30:37.764,8.10802,8.10914,1.00,1.00
2018.02.22 15:30:38.085,8.10802,8.10902,1.00,1.00
2018.02.22 15:30:39.013,8.10819,8.10911,1.00,1.00
2018.02.22 15:30:39.116,8.10819,8.10919,1.00,1.00
2018.02.22 15:30:39.323,8.10817,8.10919,1.00,1.00
2018.02.22 15:30:39.474,8.10799,8.10919,1.00,1.00
2018.02.22 15:30:39.576,8.10799,8.10923,1.00,1.00
2018.02.22 15:30:40.284,8.10799,8.10926,1.00,1.00
2018.02.22 15:30:40.335,8.10799,8.10928,1.00,1.00
2018.02.22 15:30:40.874,8.10799,8.10927,1.00,1.00
2018.02.22 15:30:41.039,8.10799,8.1093,1.00,1.00
2018.02.22 15:30:41.242,8.10799,8.10936,1.00,1.00
2018.02.22 15:30:41.295,8.10809,8.10936,1.00,1.00
2018.02.22 15:30:41.611,8.10832,8.10936,1.00,1.00
2018.02.22 15:30:42.252,8.10832,8.10937,1.00,1.00
2018.02.22 15:30:42.761,8.10832,8.10932,1.00,1.00
2018.02.22 15:30:43.203,8.10832,8.10951,1.00,1.00
2018.02.22 15:30:43.309,8.10832,8.10949,1.00,1.00
2018.02.22 15:30:44.343,8.10832,8.10943,1.00,1.00
2018.02.22 15:30:44.522,8.10832,8.10952,1.00,1.00
2018.02.22 15:30:44.716,8.10832,8.10948,1.00,1.00
2018.02.22 15:30:44.767,8.10832,8.10952,1.00,1.00
2018.02.22 15:30:45.033,8.10832,8.10946,1.00,1.00
2018.02.22 15:30:45.519,8.10834,8.10957,1.00,1.00
2018.02.22 15:30:46.508,8.10834,8.10953,1.00,1.00
2018.02.22 15:30:47.090,8.10834,8.10943,1.00,1.00
2018.02.22 15:30:47.404,8.10832,8.10936,1.00,1.00
2018.02.22 15:30:47.507,8.10832,8.1095,1.00,1.00
2018.02.22 15:30:47.558,8.10848,8.10955,1.00,1.00
2018.02.22 15:30:47.610,8.10848,8.10966,1.00,1.00
2018.02.22 15:30:48.236,8.10848,8.10973,1.00,1.00
2018.02.22 15:30:49.009,8.10848,8.10965,1.00,1.00
2018.02.22 15:30:49.482,8.10848,8.1097,1.00,1.00
2018.02.22 15:30:50.149,8.10848,8.10969,1.00,1.00
2018.02.22 15:30:50.443,8.10848,8.10965,1.00,1.00
2018.02.22 15:30:50.634,8.10848,8.1097,1.00,1.00
2018.02.22 15:30:50.685,8.10848,8.10967,1.00,1.00
2018.02.22 15:30:50.888,8.10848,8.10971,1.00,1.00
2018.02.22 15:30:50.939,8.10848,8.10966,1.00,1.00
2018.02.22 15:30:51.141,8.10848,8.10974,1.00,1.00
2018.02.22 15:30:51.192,8.10848,8.10968,1.00,1.00
2018.02.22 15:30:52.135,8.10848,8.10963,1.00,1.00
2018.02.22 15:30:52.479,8.10848,8.10959,1.00,1.00
2018.02.22 15:30:52.581,8.1083,8.10943,1.00,1.00
2018.02.22 15:30:52.632,8.1083,8.10938,1.00,1.00
2018.02.22 15:30:52.954,8.1083,8.10933,1.00,1.00
2018.02.22 15:30:53.398,8.1083,8.10931,1.00,1.00
2018.02.22 15:30:53.752,8.1081,8.10914,1.00,1.00
2018.02.22 15:30:53.803,8.10799,8.10914,1.00,1.00
2018.02.22 15:30:54.424,8.10799,8.10905,1.00,1.00
2018.02.22 15:30:54.475,8.10796,8.10905,1.00,1.00
2018.02.22 15:30:54.526,8.10796,8.10898,1.00,1.00
2018.02.22 15:30:54.832,8.10796,8.10918,1.00,1.00
2018.02.22 15:30:54.974,8.10817,8.10933,1.00,1.00
2018.02.22 15:30:55.076,8.10818,8.10937,1.00,1.00
2018.02.22 15:30:55.179,8.10818,8.10935,1.00,1.00
2018.02.22 15:30:55.658,8.10818,8.10941,1.00,1.00
2018.02.22 15:30:56.582,8.10818,8.10937,1.00,1.00
2018.02.22 15:30:57.725,8.10818,8.10945,1.00,1.00
2018.02.22 15:30:58.127,8.10818,8.10942,1.00,1.00
2018.02.22 15:30:59.190,8.10818,8.10946,1.00,1.00
2018.02.22 15:30:59.804,8.10817,8.10946,1.00,1.00
2018.02.22 15:30:59.929,8.10817,8.10909,1.00,1.00
2018.02.22 15:30:59.982,8.10798,8.10903,1.00,1.00
2018.02.22 15:31:00.033,8.10798,8.10912,1.00,1.50
2018.02.22 15:31:00.982,8.10798,8.10911,1.00,1.00
2018.02.22 15:31:01.033,8.10778,8.10892,1.00,1.00
2018.02.22 15:31:01.084,8.10778,8.10899,1.00,1.00
2018.02.22 15:31:01.135,8.10778,8.10894,1.00,1.00
2018.02.22 15:31:01.380,8.10762,8.10884,1.00,1.00
2018.02.22 15:31:01.481,8.10762,8.10872,1.00,1.00
2018.02.22 15:31:01.532,8.10745,8.10861,1.00,1.00
2018.02.22 15:31:01.583,8.10745,8.10876,1.00,1.00
2018.02.22 15:31:01.684,8.10745,8.10879,1.00,1.00
2018.02.22 15:31:02.125,8.10745,8.10883,1.00,1.00
2018.02.22 15:31:02.285,8.10745,8.10888,1.00,1.00
2018.02.22 15:31:03.703,8.10763,8.10888,1.00,1.00
2018.02.22 15:31:05.821,8.10763,8.10878,1.00,1.00
2018.02.22 15:31:08.637,8.10763,8.10881,1.00,1.00
2018.02.22 15:31:08.689,8.10782,8.10899,1.00,1.00
2018.02.22 15:31:08.741,8.10782,8.10905,1.00,1.00
2018.02.22 15:31:09.796,8.10782,8.10901,1.00,1.00
2018.02.22 15:31:10.308,8.10782,8.10896,1.00,1.00
2018.02.22 15:31:10.730,8.10782,8.10893,1.00,1.00
2018.02.22 15:31:11.207,8.10782,8.10902,1.00,1.00
2018.02.22 15:31:11.524,8.10782,8.10888,1.00,1.00
2018.02.22 15:31:12.286,8.10782,8.10883,1.00,1.00
2018.02.22 15:31:12.601,8.10782,8.1088,1.00,1.00
2018.02.22 15:31:14.867,8.10766,8.10865,1.00,1.00
2018.02.22 15:31:14.919,8.1075,8.10848,1.00,1.00
2018.02.22 15:31:15.238,8.1075,8.10835,1.00,1.00
2018.02.22 15:31:16.072,8.1075,8.10827,1.00,1.00
2018.02.22 15:31:16.173,8.10732,8.10816,1.00,1.00
2018.02.22 15:31:16.224,8.10732,8.10812,1.00,1.00
2018.02.22 15:31:18.542,8.10716,8.10803,1.00,1.00
2018.02.22 15:31:18.746,8.10716,8.10796,1.00,1.00
2018.02.22 15:31:19.051,8.10716,8.10792,1.00,1.00
2018.02.22 15:31:19.455,8.10716,8.10769,1.00,1.00
2018.02.22 15:31:19.507,8.10672,8.1076,1.00,1.00
2018.02.22 15:31:19.563,8.10672,8.10756,1.00,1.00
2018.02.22 15:31:19.667,8.10669,8.10758,1.00,1.00
2018.02.22 15:31:19.781,8.10669,8.1076,1.00,1.00
2018.02.22 15:31:19.833,8.10669,8.10773,1.00,1.00
2018.02.22 15:31:20.863,8.10669,8.10776,1.00,1.00
2018.02.22 15:31:21.009,8.10686,8.10795,1.00,1.00
2018.02.22 15:31:21.110,8.10686,8.10799,1.00,1.00
2018.02.22 15:31:21.262,8.10686,8.10804,1.00,1.00
2018.02.22 15:31:22.886,8.10709,8.10801,1.00,1.00
2018.02.22 15:31:23.103,8.10709,8.10804,1.00,1.00
2018.02.22 15:31:24.062,8.10709,8.108,1.00,1.00
2018.02.22 15:31:24.397,8.10684,8.10766,1.00,1.00
2018.02.22 15:31:25.254,8.10684,8.10765,1.00,1.00
2018.02.22 15:31:25.305,8.10662,8.10761,1.00,1.00
2018.02.22 15:31:25.357,8.10662,8.10753,1.00,1.00
2018.02.22 15:31:25.514,8.10643,8.10736,1.00,1.00
2018.02.22 15:31:25.797,8.10643,8.1074,1.00,1.00
2018.02.22 15:31:25.848,8.10643,8.10758,1.00,1.00
2018.02.22 15:31:25.899,8.10643,8.10767,1.00,1.00
2018.02.22 15:31:25.950,8.10643,8.10771,1.00,1.00
2018.02.22 15:31:28.421,8.10643,8.1078,1.00,1.00
2018.02.22 15:31:29.077,8.10643,8.1075,1.00,1.00
2018.02.22 15:31:29.128,8.10625,8.10745,1.00,1.00
2018.02.22 15:31:29.673,8.10625,8.10751,1.00,1.00
2018.02.22 15:31:29.892,8.10625,8.10746,1.00,1.00
2018.02.22 15:31:32.824,8.10625,8.1075,1.00,1.00
2018.02.22 15:31:33.518,8.10625,8.10747,1.00,1.00
2018.02.22 15:31:35.245,8.10625,8.10748,1.00,1.00
2018.02.22 15:31:35.880,8.10625,8.10746,1.00,1.00
2018.02.22 15:31:36.319,8.10625,8.10742,1.00,1.00
2018.02.22 15:31:36.848,8.10625,8.10741,1.00,1.00
2018.02.22 15:31:40.581,8.10625,8.10744,1.00,1.00
2018.02.22 15:31:41.124,8.10625,8.10745,1.00,1.00
2018.02.22 15:31:41.204,8.10625,8.10741,1.00,1.00
2018.02.22 15:31:44.004,8.10625,8.10746,1.00,1.00
2018.02.22 15:31:44.334,8.10625,8.10742,1.00,1.00
2018.02.22 15:31:44.450,8.10625,8.10746,1.00,1.00
2018.02.22 15:31:45.067,8.10625,8.10742,1.00,1.00
2018.02.22 15:31:45.118,8.10625,8.10753,1.00,1.00
2018.02.22 15:31:45.169,8.10625,8.10757,1.00,1.00
2018.02.22 15:31:45.221,8.10625,8.10761,1.00,1.50
2018.02.22 15:31:45.324,8.10625,8.10767,1.00,1.00
2018.02.22 15:31:45.375,8.1063,8.10773,1.00,1.00
2018.02.22 15:31:45.898,8.10648,8.10774,1.00,1.00
2018.02.22 15:31:46.257,8.10651,8.10755,1.00,1.00
2018.02.22 15:31:46.455,8.10629,8.10755,1.00,1.00
2018.02.22 15:31:46.732,8.10629,8.10751,1.00,1.00
2018.02.22 15:31:47.252,8.10629,8.10745,1.00,1.00
2018.02.22 15:31:48.351,8.10632,8.1076,1.00,1.50
2018.02.22 15:31:48.452,8.1065,8.10772,1.00,1.00
2018.02.22 15:31:50.359,8.1065,8.10777,1.00,1.00
2018.02.22 15:31:50.936,8.1065,8.10779,1.00,1.00
2018.02.22 15:31:53.296,8.1065,8.1078,1.00,1.00
2018.02.22 15:31:54.426,8.10653,8.10765,1.00,1.00
2018.02.22 15:31:54.787,8.10653,8.10762,1.00,1.00
2018.02.22 15:31:55.991,8.10653,8.10761,1.00,1.00
2018.02.22 15:31:57.294,8.10653,8.10715,1.00,1.00
2018.02.22 15:31:57.346,8.10618,8.10711,1.00,1.00
2018.02.22 15:31:57.397,8.10618,8.10694,1.00,1.00
2018.02.22 15:31:57.448,8.10598,8.10675,1.00,1.00
2018.02.22 15:31:57.549,8.10578,8.10666,1.00,1.00
2018.02.22 15:31:57.600,8.10558,8.10654,1.00,1.00
2018.02.22 15:31:57.651,8.10558,8.10648,1.00,1.00
2018.02.22 15:31:57.880,8.10517,8.10618,1.00,1.00
2018.02.22 15:31:57.931,8.10492,8.10596,1.00,1.00
2018.02.22 15:31:58.033,8.10475,8.10587,1.00,1.00
2018.02.22 15:31:58.427,8.10475,8.10581,1.00,1.00
2018.02.22 15:31:58.532,8.1047,8.10581,1.00,1.00
2018.02.22 15:31:58.583,8.10492,8.10596,1.00,1.00
2018.02.22 15:31:58.634,8.10492,8.10616,1.00,1.00
2018.02.22 15:31:58.888,8.10492,8.10614,1.00,1.00
2018.02.22 15:31:58.989,8.10492,8.10618,1.00,1.00
2018.02.22 15:31:59.214,8.10516,8.10636,1.00,1.00
2018.02.22 15:31:59.368,8.10548,8.10682,1.00,1.00
2018.02.22 15:31:59.442,8.10548,8.10686,1.00,1.00
2018.02.22 15:31:59.494,8.10558,8.10688,1.00,1.00
2018.02.22 15:31:59.841,8.10564,8.10682,1.00,1.00
2018.02.22 15:31:59.943,8.10564,8.10692,1.00,1.00
2018.02.22 15:31:59.993,8.10591,8.10695,1.00,1.00
2018.02.22 15:32:00.095,8.10591,8.10715,1.00,1.00
2018.02.22 15:32:00.146,8.10591,8.10704,1.00,1.00
2018.02.22 15:32:00.197,8.10591,8.10715,1.00,1.50
2018.02.22 15:32:00.377,8.10591,8.10693,1.00,1.00
2018.02.22 15:32:00.596,8.10591,8.10695,1.00,1.00
2018.02.22 15:32:00.648,8.10591,8.10688,1.00,1.00
2018.02.22 15:32:00.699,8.10591,8.10708,1.00,1.00
2018.02.22 15:32:00.803,8.10591,8.10723,1.00,1.60
2018.02.22 15:32:00.854,8.10591,8.10723,1.00,1.00
2018.02.22 15:32:00.956,8.10594,8.107,1.00,1.00
2018.02.22 15:32:02.508,8.10594,8.10705,1.00,1.00
2018.02.22 15:32:02.560,8.10594,8.10715,1.00,1.00
2018.02.22 15:32:02.611,8.10613,8.10715,1.00,1.00
2018.02.22 15:32:02.923,8.10616,8.10711,1.00,1.00
2018.02.22 15:32:03.231,8.10595,8.10671,1.00,1.00
2018.02.22 15:32:03.284,8.10595,8.10676,1.00,1.00
2018.02.22 15:32:03.693,8.10578,8.10676,1.00,1.00
2018.02.22 15:32:04.058,8.10578,8.10671,1.00,1.00
2018.02.22 15:32:04.730,8.10556,8.10638,1.00,1.00
2018.02.22 15:32:04.781,8.10544,8.10639,1.00,1.00
2018.02.22 15:32:04.833,8.10544,8.10645,1.00,1.00
2018.02.22 15:32:04.884,8.10544,8.10647,1.00,1.00
2018.02.22 15:32:04.936,8.1053,8.10647,1.00,1.00
2018.02.22 15:32:04.987,8.1053,8.10656,1.00,1.00
2018.02.22 15:32:05.039,8.1053,8.10662,1.00,1.00
2018.02.22 15:32:05.090,8.10546,8.10673,1.00,1.00
2018.02.22 15:32:05.435,8.10552,8.10673,1.00,1.00
2018.02.22 15:32:05.775,8.10554,8.10652,1.00,1.00
2018.02.22 15:32:05.827,8.10546,8.10652,1.00,1.00
2018.02.22 15:32:05.879,8.10546,8.10656,1.00,1.00
2018.02.22 15:32:05.930,8.10546,8.10652,1.00,1.00
2018.02.22 15:32:06.106,8.10546,8.10669,1.00,1.00
2018.02.22 15:32:06.157,8.10565,8.10671,1.00,1.00
2018.02.22 15:32:06.258,8.1057,8.10682,1.00,1.00
2018.02.22 15:32:06.309,8.1057,8.10685,1.00,1.00
2018.02.22 15:32:06.485,8.10572,8.10685,1.00,1.00
2018.02.22 15:32:06.792,8.10567,8.10678,1.50,1.00
2018.02.22 15:32:07.391,8.10569,8.10678,1.00,1.00
2018.02.22 15:32:07.736,8.1057,8.10673,1.00,1.00
2018.02.22 15:32:07.787,8.1057,8.10675,1.00,1.00
2018.02.22 15:32:07.926,8.1057,8.1067,1.00,1.00
2018.02.22 15:32:08.029,8.10567,8.10675,1.00,1.00
2018.02.22 15:32:08.132,8.10552,8.10653,1.00,1.00
2018.02.22 15:32:08.284,8.10533,8.10635,1.00,1.00
2018.02.22 15:32:08.335,8.10526,8.10625,1.00,1.00
2018.02.22 15:32:08.589,8.10526,8.10645,1.00,1.00
2018.02.22 15:32:09.133,8.10526,8.10638,1.00,1.00
2018.02.22 15:32:09.890,8.10526,8.10629,1.00,1.00
2018.02.22 15:32:09.991,8.10526,8.10631,1.00,1.00
2018.02.22 15:32:10.042,8.10526,8.10619,1.00,1.00
2018.02.22 15:32:10.143,8.10515,8.10621,1.00,1.00
2018.02.22 15:32:10.194,8.10509,8.10629,1.00,1.00
2018.02.22 15:32:10.524,8.10502,8.10629,1.00,1.00
2018.02.22 15:32:10.803,8.10502,8.10627,1.00,1.00
2018.02.22 15:32:11.411,8.10502,8.1064,1.00,1.00
2018.02.22 15:32:11.559,8.10542,8.10644,1.00,1.00
2018.02.22 15:32:11.610,8.10542,8.10688,1.50,1.00
2018.02.22 15:32:11.662,8.10542,8.10682,1.00,1.00
2018.02.22 15:32:11.995,8.10585,8.10688,1.00,1.00
2018.02.22 15:32:12.334,8.10588,8.10683,1.00,1.00
2018.02.22 15:32:13.866,8.10588,8.10693,1.00,1.00
2018.02.22 15:32:13.917,8.10591,8.10693,1.00,1.00
2018.02.22 15:32:14.786,8.10591,8.10687,1.00,1.00
2018.02.22 15:32:14.939,8.10595,8.10696,1.00,1.00
2018.02.22 15:32:15.142,8.10595,8.10691,1.00,1.00
2018.02.22 15:32:15.581,8.10595,8.10696,1.00,1.00
2018.02.22 15:32:15.785,8.10595,8.10688,1.00,1.00
2018.02.22 15:32:15.837,8.10595,8.10696,1.00,1.00
2018.02.22 15:32:15.938,8.10595,8.10699,1.00,1.00
2018.02.22 15:32:16.349,8.10595,8.10718,1.00,1.00
2018.02.22 15:32:16.888,8.10595,8.10717,1.00,1.00
2018.02.22 15:32:17.699,8.10595,8.10713,1.00,1.00
2018.02.22 15:32:18.422,8.10595,8.10711,1.00,1.00
2018.02.22 15:32:18.741,8.10595,8.10707,1.00,1.00
2018.02.22 15:32:19.221,8.10596,8.10711,1.00,1.00
2018.02.22 15:32:19.273,8.10614,8.10722,1.00,1.00
2018.02.22 15:32:19.325,8.10614,8.10724,1.00,1.00
2018.02.22 15:32:19.426,8.10618,8.10711,1.00,1.00
2018.02.22 15:32:19.679,8.1063,8.10735,1.00,1.00
2018.02.22 15:32:19.782,8.10646,8.10735,1.00,1.00
2018.02.22 15:32:19.883,8.10646,8.10744,1.00,1.00
2018.02.22 15:32:20.036,8.10646,8.10732,1.00,1.00
2018.02.22 15:32:20.344,8.10646,8.10744,1.00,1.00
2018.02.22 15:32:20.808,8.10646,8.10723,1.00,1.00
2018.02.22 15:32:20.860,8.10646,8.10732,1.00,1.00
2018.02.22 15:32:20.911,8.10646,8.10741,1.00,1.00
2018.02.22 15:32:21.013,8.10646,8.10739,1.00,1.00
2018.02.22 15:32:22.804,8.10646,8.10741,1.00,1.00
2018.02.22 15:32:22.855,8.10646,8.10746,1.00,1.00
2018.02.22 15:32:22.906,8.10662,8.10766,1.00,1.00
2018.02.22 15:32:22.956,8.10677,8.10769,1.00,1.00
2018.02.22 15:32:23.007,8.10677,8.10789,1.00,1.00
2018.02.22 15:32:23.058,8.10695,8.10808,1.00,1.00
2018.02.22 15:32:23.109,8.10717,8.10814,1.00,1.00
2018.02.22 15:32:23.210,8.10717,8.10819,1.00,1.00
2018.02.22 15:32:23.263,8.10691,8.10805,1.00,1.00
2018.02.22 15:32:23.315,8.10676,8.10796,1.00,1.00
2018.02.22 15:32:23.418,8.10676,8.10798,1.00,1.00
2018.02.22 15:32:23.570,8.10686,8.10798,1.00,1.00
2018.02.22 15:32:23.845,8.10705,8.10827,1.00,1.00
2018.02.22 15:32:23.947,8.10707,8.10827,1.00,1.00
2018.02.22 15:32:24.050,8.10707,8.10835,1.00,1.00
2018.02.22 15:32:24.151,8.10713,8.10835,1.00,1.00
2018.02.22 15:32:24.509,8.10713,8.10833,1.00,1.00
2018.02.22 15:32:24.559,8.1071,8.10833,1.00,1.00
2018.02.22 15:32:24.827,8.1071,8.10829,1.00,1.00
2018.02.22 15:32:25.136,8.10694,8.10808,1.00,1.00
2018.02.22 15:32:25.544,8.10694,8.10805,1.00,1.00
2018.02.22 15:32:25.595,8.10687,8.10804,1.00,1.00
2018.02.22 15:32:25.848,8.10687,8.10806,1.00,1.00
2018.02.22 15:32:26.186,8.10687,8.108,1.00,1.00
2018.02.22 15:32:26.288,8.10645,8.10775,1.00,1.00
2018.02.22 15:32:26.339,8.10641,8.1075,1.00,1.00
2018.02.22 15:32:26.491,8.10641,8.10775,1.00,1.00
2018.02.22 15:32:26.542,8.10653,8.10775,1.00,1.00
2018.02.22 15:32:26.885,8.10655,8.10775,1.00,1.00
2018.02.22 15:32:27.190,8.1064,8.1075,1.00,1.00
2018.02.22 15:32:29.461,8.1064,8.10746,1.00,1.00
2018.02.22 15:32:29.512,8.10623,8.10746,1.00,1.00
2018.02.22 15:32:29.883,8.10623,8.10741,1.00,1.00
2018.02.22 15:32:29.934,8.10623,8.10745,1.00,1.00
2018.02.22 15:32:30.501,8.10623,8.10727,1.00,1.00
2018.02.22 15:32:30.553,8.10623,8.10732,1.00,1.00
2018.02.22 15:32:30.605,8.10623,8.10722,1.00,1.00
2018.02.22 15:32:30.656,8.10623,8.10725,1.00,1.00
2018.02.22 15:32:30.952,8.10603,8.10701,1.00,1.00
2018.02.22 15:32:31.002,8.10545,8.10646,1.00,1.00
2018.02.22 15:32:31.053,8.10529,8.10635,1.00,1.00
2018.02.22 15:32:31.104,8.10525,8.10635,1.00,1.00
2018.02.22 15:32:31.155,8.10548,8.10615,1.00,1.00
2018.02.22 15:32:31.206,8.10503,8.10609,1.00,1.00
2018.02.22 15:32:31.257,8.10479,8.10606,1.00,1.00
2018.02.22 15:32:31.308,8.1049,8.10601,1.00,1.00
2018.02.22 15:32:31.359,8.10469,8.10594,1.00,1.00
2018.02.22 15:32:31.530,8.10485,8.10596,1.00,1.00
2018.02.22 15:32:31.682,8.10485,8.106,1.00,1.00
2018.02.22 15:32:31.733,8.10485,8.10603,1.00,1.00
2018.02.22 15:32:31.784,8.10485,8.10596,1.00,1.00
2018.02.22 15:32:32.161,8.10442,8.10567,1.00,1.00
2018.02.22 15:32:32.233,8.10401,8.10513,1.00,1.00
2018.02.22 15:32:32.285,8.1039,8.10513,1.00,1.00
2018.02.22 15:32:32.336,8.10361,8.10498,1.00,1.00
2018.02.22 15:32:32.387,8.10361,8.10494,1.00,1.00
2018.02.22 15:32:32.490,8.10368,8.10509,1.00,1.00
2018.02.22 15:32:32.620,8.1037,8.10516,1.00,1.00
2018.02.22 15:32:32.874,8.10371,8.10527,1.00,1.00
2018.02.22 15:32:32.936,8.1039,8.10537,1.00,1.00
2018.02.22 15:32:33.178,8.10406,8.10564,1.00,1.00
2018.02.22 15:32:33.229,8.10421,8.10564,1.00,1.00
2018.02.22 15:32:33.539,8.10423,8.10564,1.00,1.00
2018.02.22 15:32:33.909,8.10427,8.10562,1.00,1.00
2018.02.22 15:32:33.960,8.10423,8.10562,1.50,1.00
2018.02.22 15:32:34.104,8.10441,8.10562,1.00,1.00
2018.02.22 15:32:34.166,8.10441,8.10575,1.00,1.00
2018.02.22 15:32:34.219,8.10441,8.10563,1.00,1.00
2018.02.22 15:32:34.544,8.10441,8.10556,1.00,1.00
2018.02.22 15:32:34.747,8.10422,8.10539,1.00,1.00
2018.02.22 15:32:34.799,8.10422,8.10535,1.00,1.00
2018.02.22 15:32:34.850,8.10404,8.10535,1.00,1.00
2018.02.22 15:32:34.901,8.10404,8.10539,1.00,1.00
2018.02.22 15:32:35.003,8.10404,8.10535,1.00,1.00
2018.02.22 15:32:35.104,8.10404,8.10539,1.00,1.00
2018.02.22 15:32:35.257,8.10421,8.10556,1.00,1.00
2018.02.22 15:32:35.599,8.10421,8.10561,1.00,1.00
2018.02.22 15:32:35.650,8.10421,8.10554,1.00,1.00
2018.02.22 15:32:35.701,8.10421,8.10556,1.00,1.00
2018.02.22 15:32:36.094,8.10421,8.10561,1.00,1.00
2018.02.22 15:32:36.196,8.10421,8.10554,1.00,1.00
2018.02.22 15:32:36.628,8.10421,8.10559,1.00,1.00
2018.02.22 15:32:37.000,8.10423,8.10559,1.00,1.00
2018.02.22 15:32:37.315,8.10439,8.10569,1.00,1.00
2018.02.22 15:32:37.617,8.10439,8.10564,1.00,1.00
2018.02.22 15:32:37.966,8.10383,8.10492,1.00,1.00
2018.02.22 15:32:38.068,8.10369,8.10507,1.00,1.00
2018.02.22 15:32:38.119,8.10383,8.10507,1.00,1.00
2018.02.22 15:32:38.171,8.10383,8.10516,1.00,1.00
2018.02.22 15:32:38.274,8.10384,8.10514,1.00,1.00
2018.02.22 15:32:38.552,8.10384,8.10517,1.00,1.00
2018.02.22 15:32:38.603,8.10405,8.10522,1.00,1.00
2018.02.22 15:32:38.756,8.10386,8.1051,1.00,1.00
2018.02.22 15:32:38.807,8.10386,8.10505,1.00,1.00
2018.02.22 15:32:38.859,8.10386,8.10509,1.00,1.00
2018.02.22 15:32:39.011,8.10386,8.10501,1.00,1.00
2018.02.22 15:32:39.062,8.10383,8.10501,1.00,1.00
2018.02.22 15:32:39.198,8.10383,8.10505,1.00,1.00
2018.02.22 15:32:39.437,8.10383,8.10508,1.00,1.00
2018.02.22 15:32:39.488,8.10383,8.10518,1.00,1.00
2018.02.22 15:32:39.539,8.10398,8.10521,1.00,1.00
2018.02.22 15:32:39.590,8.10398,8.10528,1.00,1.00
2018.02.22 15:32:39.641,8.10401,8.10528,1.00,1.00
2018.02.22 15:32:39.982,8.10403,8.10528,1.00,1.00
2018.02.22 15:32:40.034,8.10431,8.10573,1.00,1.00
2018.02.22 15:32:40.085,8.10431,8.10579,1.00,1.00
2018.02.22 15:32:40.136,8.10431,8.10583,1.00,1.00
2018.02.22 15:32:40.289,8.1044,8.10583,1.00,1.00
2018.02.22 15:32:40.594,8.10448,8.10583,1.00,1.00
2018.02.22 15:32:40.917,8.10448,8.10574,1.00,1.00
2018.02.22 15:32:41.362,8.10439,8.10552,1.00,1.00
2018.02.22 15:32:41.686,8.10432,8.10544,1.00,1.00
2018.02.22 15:32:42.103,8.10415,8.10532,1.00,1.00
2018.02.22 15:32:42.969,8.10416,8.10532,1.00,1.00
2018.02.22 15:32:43.039,8.10416,8.10524,1.00,1.00
2018.02.22 15:32:43.223,8.10416,8.10534,1.00,1.00
2018.02.22 15:32:43.274,8.10434,8.10534,1.00,1.00
2018.02.22 15:32:43.325,8.10421,8.10524,1.00,1.00
2018.02.22 15:32:43.539,8.10418,8.10524,1.00,1.00
2018.02.22 15:32:43.754,8.10418,8.10533,1.00,1.00
2018.02.22 15:32:43.805,8.10434,8.10542,1.00,1.00
2018.02.22 15:32:43.856,8.10435,8.10551,1.00,1.00
2018.02.22 15:32:44.009,8.10435,8.10559,1.00,1.00
2018.02.22 15:32:44.887,8.10435,8.10568,1.00,1.00
2018.02.22 15:32:44.939,8.10454,8.10568,1.00,1.00
2018.02.22 15:32:45.158,8.10454,8.10571,1.00,1.00
2018.02.22 15:32:45.518,8.10454,8.10579,1.00,1.00
2018.02.22 15:32:45.569,8.1046,8.10575,1.00,1.00
2018.02.22 15:32:45.774,8.1046,8.10579,1.00,1.00
2018.02.22 15:32:45.847,8.1046,8.10572,1.00,1.00
2018.02.22 15:32:45.963,8.1046,8.10579,1.00,1.00
2018.02.22 15:32:46.014,8.10476,8.10579,1.00,1.00
2018.02.22 15:32:46.065,8.10476,8.10588,1.00,1.00
2018.02.22 15:32:46.456,8.10476,8.10597,1.00,1.00
2018.02.22 15:32:47.456,8.10494,8.10606,1.00,1.00
2018.02.22 15:32:47.508,8.10494,8.10615,1.00,1.00
2018.02.22 15:32:47.559,8.10494,8.10591,1.00,1.00
2018.02.22 15:32:47.662,8.10477,8.10591,1.00,1.00
2018.02.22 15:32:48.722,8.10477,8.10601,1.00,1.00
2018.02.22 15:32:48.773,8.10477,8.10609,1.00,1.00
2018.02.22 15:32:49.266,8.10477,8.10611,1.00,1.00
2018.02.22 15:32:49.317,8.10477,8.10609,1.00,1.00
2018.02.22 15:32:49.621,8.10429,8.10536,1.00,1.00
2018.02.22 15:32:49.813,8.10403,8.10535,1.00,1.00
2018.02.22 15:32:49.864,8.10403,8.10517,1.00,1.00
2018.02.22 15:32:49.915,8.10402,8.10537,1.00,1.00
2018.02.22 15:32:49.965,8.10402,8.1052,1.00,1.00
2018.02.22 15:32:50.170,8.10383,8.10519,1.00,1.00
2018.02.22 15:32:50.299,8.10383,8.10527,1.50,1.00
2018.02.22 15:32:50.501,8.10384,8.10522,1.00,1.00
2018.02.22 15:32:50.806,8.10403,8.10526,1.00,1.00
2018.02.22 15:32:50.969,8.10383,8.10544,1.50,1.00
2018.02.22 15:32:51.103,8.10384,8.10518,1.00,1.00
2018.02.22 15:32:51.154,8.10373,8.10518,1.00,1.00
2018.02.22 15:32:51.205,8.10373,8.10507,1.00,1.00
2018.02.22 15:32:51.540,8.10384,8.10506,1.00,1.00
2018.02.22 15:32:52.054,8.10384,8.10509,1.00,1.00
2018.02.22 15:32:52.157,8.10384,8.10511,1.00,1.00
2018.02.22 15:32:52.258,8.10384,8.1052,1.00,1.00
2018.02.22 15:32:52.309,8.10384,8.10524,1.00,1.00
2018.02.22 15:32:52.361,8.10383,8.10539,1.00,1.00
2018.02.22 15:32:52.412,8.10384,8.10544,1.00,1.00
2018.02.22 15:32:52.520,8.10383,8.10541,1.00,1.00
2018.02.22 15:32:52.827,8.10389,8.10528,1.00,1.00
2018.02.22 15:32:53.108,8.10389,8.10533,1.00,1.00
2018.02.22 15:32:53.357,8.10408,8.10533,1.00,1.00
2018.02.22 15:32:53.408,8.10408,8.10546,1.00,1.00
2018.02.22 15:32:53.674,8.10408,8.10538,1.00,1.00
2018.02.22 15:32:53.808,8.10408,8.10558,1.00,1.00
2018.02.22 15:32:53.863,8.10432,8.10581,1.00,1.00
2018.02.22 15:32:53.915,8.10416,8.10581,1.00,1.00
2018.02.22 15:32:54.021,8.10416,8.1056,1.00,1.00
2018.02.22 15:32:54.179,8.10435,8.10594,1.00,1.00
2018.02.22 15:32:54.230,8.10448,8.10576,1.00,1.00
2018.02.22 15:32:54.765,8.10448,8.10577,1.00,1.00
2018.02.22 15:32:54.869,8.10448,8.10588,1.00,1.00
2018.02.22 15:32:55.090,8.10449,8.10585,1.00,1.00
2018.02.22 15:32:55.872,8.10491,8.1062,1.00,1.00
2018.02.22 15:32:56.038,8.10477,8.10612,1.00,1.00
2018.02.22 15:32:56.089,8.10498,8.10613,1.00,1.00
2018.02.22 15:32:56.192,8.10502,8.10627,1.00,1.00
2018.02.22 15:32:56.357,8.10566,8.10665,1.00,1.00
2018.02.22 15:32:56.409,8.10566,8.10682,1.00,1.00
2018.02.22 15:32:56.460,8.10566,8.10684,1.00,1.00
2018.02.22 15:32:56.511,8.10566,8.1068,1.00,1.00
2018.02.22 15:32:56.895,8.10566,8.10673,1.00,1.00
2018.02.22 15:32:57.347,8.10566,8.10656,1.00,1.00
2018.02.22 15:32:57.398,8.10529,8.10642,1.00,1.00
2018.02.22 15:32:57.499,8.10529,8.10635,1.00,1.00
2018.02.22 15:32:57.803,8.10529,8.10633,1.00,1.00
2018.02.22 15:32:58.312,8.10529,8.10636,1.00,1.00
2018.02.22 15:32:59.753,8.10529,8.1065,1.00,1.00
2018.02.22 15:32:59.870,8.1055,8.10672,1.00,1.00
2018.02.22 15:32:59.921,8.1055,8.1067,1.00,1.00
2018.02.22 15:33:00.227,8.10532,8.10646,1.00,1.00
2018.02.22 15:33:00.328,8.10532,8.10655,1.00,1.00
2018.02.22 15:33:00.380,8.10559,8.1068,1.00,1.00
2018.02.22 15:33:00.510,8.1058,8.10707,1.00,1.00
2018.02.22 15:33:00.662,8.1058,8.10703,1.00,1.00
2018.02.22 15:33:00.864,8.10575,8.10703,1.00,1.00
2018.02.22 15:33:00.915,8.10575,8.10707,1.00,1.00
2018.02.22 15:33:01.067,8.10575,8.10704,1.00,1.00
2018.02.22 15:33:01.381,8.10575,8.10691,1.00,1.00
2018.02.22 15:33:01.434,8.10575,8.10733,1.00,1.00
2018.02.22 15:33:01.486,8.10604,8.10733,1.00,1.00
2018.02.22 15:33:01.589,8.10602,8.10753,1.00,1.00
2018.02.22 15:33:01.691,8.10602,8.10729,1.00,1.00
2018.02.22 15:33:02.033,8.10602,8.10725,1.00,1.00
2018.02.22 15:33:02.381,8.10603,8.10698,1.00,1.00
2018.02.22 15:33:02.705,8.10573,8.10703,1.50,1.00
2018.02.22 15:33:02.756,8.10591,8.10703,1.00,1.00
2018.02.22 15:33:02.944,8.10591,8.10716,1.00,1.00
2018.02.22 15:33:03.719,8.10591,8.10708,1.00,1.00
2018.02.22 15:33:04.172,8.10591,8.10697,1.00,1.00
2018.02.22 15:33:04.289,8.10574,8.10697,1.00,1.00
2018.02.22 15:33:04.390,8.10574,8.10708,1.00,1.00
2018.02.22 15:33:04.644,8.10574,8.10705,1.00,1.00
2018.02.22 15:33:05.025,8.10574,8.10701,1.00,1.00
2018.02.22 15:33:05.462,8.10574,8.10699,1.00,1.00
2018.02.22 15:33:06.145,8.10574,8.10702,1.00,1.00
2018.02.22 15:33:06.388,8.10574,8.107,1.00,1.00
2018.02.22 15:33:06.718,8.10575,8.10679,1.00,1.00
2018.02.22 15:33:07.207,8.10555,8.10664,1.00,1.00
2018.02.22 15:33:07.258,8.10555,8.10669,1.00,1.00
2018.02.22 15:33:07.361,8.10559,8.10669,1.00,1.00
2018.02.22 15:33:07.679,8.10559,8.10662,1.00,1.00
2018.02.22 15:33:07.833,8.10541,8.10645,1.00,1.00
2018.02.22 15:33:07.884,8.10544,8.10645,1.00,1.00
2018.02.22 15:33:08.036,8.105,8.10602,1.00,1.00
2018.02.22 15:33:08.087,8.105,8.106,1.00,1.00
2018.02.22 15:33:08.402,8.105,8.10585,1.00,1.00
2018.02.22 15:33:08.557,8.10483,8.10574,1.00,1.00
2018.02.22 15:33:08.833,8.10456,8.10574,1.00,1.00
2018.02.22 15:33:09.109,8.10456,8.10581,1.00,1.00
2018.02.22 15:33:09.210,8.10456,8.10584,1.00,1.00
2018.02.22 15:33:09.261,8.10456,8.10575,1.00,1.00
2018.02.22 15:33:09.312,8.10456,8.10584,1.00,1.00
2018.02.22 15:33:09.565,8.10473,8.1059,1.00,1.00
2018.02.22 15:33:09.642,8.1047,8.1059,1.00,1.00
2018.02.22 15:33:09.844,8.1047,8.10585,1.00,1.00
2018.02.22 15:33:10.954,8.1047,8.10588,1.00,1.00
2018.02.22 15:33:11.556,8.1047,8.10611,1.00,1.00
2018.02.22 15:33:11.702,8.10473,8.10612,1.00,1.00
2018.02.22 15:33:12.022,8.10489,8.10622,1.00,1.00
2018.02.22 15:33:12.771,8.10501,8.10622,1.00,1.00
2018.02.22 15:33:14.037,8.10517,8.10622,1.00,1.00
2018.02.22 15:33:14.088,8.10517,8.10624,1.00,1.00
2018.02.22 15:33:14.140,8.10517,8.10631,1.00,1.00
2018.02.22 15:33:14.192,8.10536,8.10653,1.00,1.00
2018.02.22 15:33:14.294,8.10536,8.10638,1.00,1.00
2018.02.22 15:33:14.601,8.10536,8.10634,1.00,1.00
2018.02.22 15:33:14.856,8.10498,8.1061,1.00,1.00
2018.02.22 15:33:15.403,8.10498,8.10604,1.00,1.00
2018.02.22 15:33:15.455,8.10498,8.10612,1.00,1.00
2018.02.22 15:33:15.924,8.10498,8.10622,1.00,1.00
2018.02.22 15:33:16.794,8.10498,8.10635,1.00,1.00
2018.02.22 15:33:16.845,8.10498,8.10627,1.00,1.00
2018.02.22 15:33:16.896,8.10498,8.10635,1.00,1.00
2018.02.22 15:33:17.342,8.10524,8.10635,1.00,1.00
2018.02.22 15:33:18.864,8.10524,8.10629,1.00,1.00
2018.02.22 15:33:19.059,8.10503,8.10609,1.00,1.00
2018.02.22 15:33:19.807,8.10503,8.10605,1.00,1.00
2018.02.22 15:33:19.860,8.10487,8.10596,1.00,1.00
2018.02.22 15:33:20.013,8.10487,8.10592,1.00,1.00
2018.02.22 15:33:20.401,8.10487,8.1058,1.00,1.00
2018.02.22 15:33:20.724,8.10487,8.10577,1.00,1.00
2018.02.22 15:33:21.089,8.10487,8.1057,1.00,1.00
2018.02.22 15:33:21.521,8.1047,8.10566,1.00,1.00
2018.02.22 15:33:21.623,8.1047,8.1057,1.00,1.00
2018.02.22 15:33:21.675,8.1047,8.10591,1.00,1.00
2018.02.22 15:33:21.727,8.1049,8.10599,1.00,1.00
2018.02.22 15:33:21.930,8.1049,8.10601,1.00,1.00
2018.02.22 15:33:22.032,8.1049,8.10596,1.00,1.00
2018.02.22 15:33:22.219,8.1049,8.10613,1.00,1.00
2018.02.22 15:33:22.320,8.1049,8.10609,1.00,1.00
2018.02.22 15:33:22.421,8.1049,8.10613,1.00,1.00
2018.02.22 15:33:23.866,8.1049,8.10608,1.00,1.00
2018.02.22 15:33:24.178,8.1049,8.10601,1.00,1.00
2018.02.22 15:33:24.483,8.1049,8.10586,1.00,1.00
2018.02.22 15:33:24.968,8.1049,8.10581,1.00,1.00
2018.02.22 15:33:25.069,8.10466,8.10568,1.00,1.00
2018.02.22 15:33:25.120,8.10447,8.10564,1.00,1.00
2018.02.22 15:33:25.950,8.10447,8.1056,1.00,1.00
2018.02.22 15:33:26.587,8.10447,8.10564,1.00,1.00
2018.02.22 15:33:26.639,8.10466,8.10572,1.00,1.00
2018.02.22 15:33:26.792,8.10466,8.10577,1.00,1.00
2018.02.22 15:33:28.114,8.10466,8.10572,1.00,1.00
2018.02.22 15:33:30.610,8.10466,8.10573,1.00,1.00
2018.02.22 15:33:31.654,8.10448,8.10549,1.00,1.00
2018.02.22 15:33:31.995,8.10407,8.10519,1.00,1.00
2018.02.22 15:33:32.048,8.10404,8.1052,1.00,1.50
2018.02.22 15:33:32.202,8.10404,8.10533,1.00,1.00
2018.02.22 15:33:32.412,8.10404,8.10541,1.00,1.00
2018.02.22 15:33:32.930,8.10404,8.10543,1.00,1.00
2018.02.22 15:33:33.137,8.10423,8.10543,1.00,1.00
2018.02.22 15:33:33.616,8.10423,8.10546,1.00,1.50
2018.02.22 15:33:33.719,8.10439,8.10546,1.00,1.00
2018.02.22 15:33:33.771,8.10439,8.10572,1.00,1.00
2018.02.22 15:33:33.924,8.10439,8.10576,1.00,1.00
2018.02.22 15:33:34.162,8.10439,8.10581,1.00,1.00
2018.02.22 15:33:34.253,8.10461,8.10581,1.00,1.00
2018.02.22 15:33:34.558,8.10465,8.10581,1.00,1.00
2018.02.22 15:33:35.226,8.10465,8.10574,1.00,1.00
2018.02.22 15:33:35.369,8.10436,8.10554,1.00,1.00
2018.02.22 15:33:35.420,8.10436,8.1054,1.00,1.00
2018.02.22 15:33:35.929,8.10453,8.1056,1.00,1.00
2018.02.22 15:33:36.378,8.10458,8.1056,1.00,1.00
2018.02.22 15:33:36.429,8.10458,8.10573,1.00,1.00
2018.02.22 15:33:36.633,8.10474,8.10573,1.00,1.00
2018.02.22 15:33:36.974,8.10494,8.10573,1.00,1.00
2018.02.22 15:33:37.025,8.10494,8.10598,1.00,1.00
2018.02.22 15:33:37.314,8.10494,8.10592,1.00,1.00
2018.02.22 15:33:37.989,8.10494,8.10584,1.00,1.00
2018.02.22 15:33:43.002,8.10494,8.10597,1.00,1.00
2018.02.22 15:33:43.053,8.10476,8.10585,1.00,1.00
2018.02.22 15:33:43.104,8.10476,8.10561,1.00,1.00
2018.02.22 15:33:43.155,8.10457,8.10556,1.00,1.00
2018.02.22 15:33:43.206,8.10457,8.10548,1.00,1.00
2018.02.22 15:33:43.540,8.10436,8.10548,1.00,1.00
2018.02.22 15:33:45.558,8.10452,8.10561,1.00,1.00
2018.02.22 15:33:45.609,8.10452,8.10574,1.00,1.00
2018.02.22 15:33:45.660,8.10452,8.10587,1.00,1.00
2018.02.22 15:33:45.711,8.10473,8.10587,1.00,1.00
2018.02.22 15:33:45.966,8.10473,8.1059,1.00,1.00
2018.02.22 15:33:47.584,8.10473,8.10577,1.00,1.00
2018.02.22 15:33:47.892,8.10473,8.10574,1.00,1.00
2018.02.22 15:33:49.285,8.10473,8.10584,1.00,1.00
2018.02.22 15:33:49.607,8.10441,8.10554,1.00,1.00
2018.02.22 15:33:49.659,8.10438,8.10554,1.00,1.00
2018.02.22 15:33:49.710,8.10438,8.10552,1.00,1.00
2018.02.22 15:33:50.026,8.10438,8.10548,1.00,1.00
2018.02.22 15:33:51.195,8.10438,8.10551,1.00,1.00
2018.02.22 15:33:51.646,8.10438,8.10555,1.00,1.00
2018.02.22 15:33:51.697,8.10438,8.10563,1.00,1.00
2018.02.22 15:33:51.748,8.10438,8.10565,1.00,1.00
2018.02.22 15:33:51.906,8.10438,8.1056,1.00,1.00
2018.02.22 15:33:52.277,8.10474,8.10584,1.00,1.00
2018.02.22 15:33:52.587,8.10474,8.10574,1.00,1.00
2018.02.22 15:33:52.638,8.10454,8.1057,1.00,1.00
2018.02.22 15:33:52.739,8.10454,8.10576,1.00,1.00
2018.02.22 15:33:52.840,8.10454,8.10573,1.00,1.00
2018.02.22 15:33:52.890,8.10454,8.10576,1.00,1.00
2018.02.22 15:33:52.992,8.10474,8.10576,1.00,1.00
2018.02.22 15:33:53.043,8.10474,8.1059,1.00,1.00
2018.02.22 15:33:53.562,8.10492,8.10593,1.00,1.00
2018.02.22 15:33:54.164,8.10492,8.10592,1.00,1.00
2018.02.22 15:33:54.317,8.10492,8.10597,1.00,1.00
2018.02.22 15:33:54.487,8.10492,8.1061,1.00,1.00
2018.02.22 15:33:54.590,8.10492,8.10605,1.00,1.00
2018.02.22 15:33:54.905,8.10492,8.10615,1.00,1.00
2018.02.22 15:33:55.135,8.10492,8.10612,1.00,1.00
2018.02.22 15:33:55.446,8.10476,8.10589,1.00,1.00
2018.02.22 15:33:55.500,8.10494,8.10608,1.00,1.50
2018.02.22 15:33:55.681,8.10494,8.10619,1.00,1.00
2018.02.22 15:33:56.046,8.10494,8.10623,1.00,1.00
2018.02.22 15:33:57.802,8.10478,8.10598,1.00,1.00
2018.02.22 15:33:58.347,8.10478,8.1059,1.00,1.00
2018.02.22 15:33:59.651,8.10478,8.10577,1.00,1.00
2018.02.22 15:33:59.839,8.10461,8.10566,1.00,1.00
2018.02.22 15:33:59.890,8.10461,8.10569,1.00,1.00
2018.02.22 15:33:59.941,8.10461,8.10566,1.00,1.00
2018.02.22 15:34:00.561,8.10461,8.10565,1.00,1.00
2018.02.22 15:34:01.196,8.10414,8.10563,1.00,1.00
2018.02.22 15:34:01.297,8.1041,8.10556,1.00,1.00
2018.02.22 15:34:01.630,8.10388,8.10505,1.00,1.00
2018.02.22 15:34:02.272,8.10388,8.105,1.00,1.00
2018.02.22 15:34:02.431,8.10384,8.10501,1.00,1.00
2018.02.22 15:34:03.194,8.10384,8.105,1.00,1.00
2018.02.22 15:34:03.245,8.10384,8.10478,1.00,1.00
2018.02.22 15:34:03.296,8.10369,8.10478,1.00,1.00
2018.02.22 15:34:03.685,8.10369,8.1048,1.00,1.00
2018.02.22 15:34:03.739,8.10369,8.10483,1.00,1.00
2018.02.22 15:34:03.790,8.10369,8.10486,1.00,1.00
2018.02.22 15:34:03.842,8.10369,8.10492,1.00,1.00
2018.02.22 15:34:03.893,8.10381,8.10492,1.00,1.00
2018.02.22 15:34:04.729,8.10381,8.10493,1.00,1.00
2018.02.22 15:34:04.781,8.10381,8.10496,1.00,1.00
2018.02.22 15:34:04.903,8.10381,8.10518,1.00,1.00
2018.02.22 15:34:05.056,8.10382,8.10542,1.00,1.00
2018.02.22 15:34:05.107,8.10387,8.10533,1.00,1.00
2018.02.22 15:34:05.354,8.10392,8.10544,1.00,1.00
2018.02.22 15:34:05.519,8.10406,8.10551,1.00,1.00
2018.02.22 15:34:05.571,8.10407,8.10553,1.00,1.00
2018.02.22 15:34:05.622,8.10401,8.10547,1.00,1.00
2018.02.22 15:34:05.926,8.10416,8.10558,1.00,1.00
2018.02.22 15:34:06.111,8.10422,8.10568,1.00,1.00
2018.02.22 15:34:06.213,8.10425,8.10571,1.00,1.00
2018.02.22 15:34:06.516,8.10449,8.10594,1.00,1.50
2018.02.22 15:34:06.617,8.10463,8.10609,1.00,1.50
2018.02.22 15:34:06.668,8.10469,8.10611,1.00,1.00
2018.02.22 15:34:06.988,8.10472,8.10611,1.00,1.00
2018.02.22 15:34:07.334,8.10479,8.10611,1.00,1.00
2018.02.22 15:34:07.475,8.10479,8.10625,1.00,1.00
2018.02.22 15:34:07.526,8.10491,8.10631,1.00,1.00
2018.02.22 15:34:07.683,8.10487,8.10631,1.00,1.00
2018.02.22 15:34:08.315,8.10492,8.10631,1.00,1.00
2018.02.22 15:34:08.714,8.10497,8.10631,1.00,1.00
2018.02.22 15:34:09.431,8.10486,8.10631,1.00,1.00
2018.02.22 15:34:09.482,8.10481,8.10627,1.00,1.00
2018.02.22 15:34:09.584,8.10488,8.10631,1.00,1.00
2018.02.22 15:34:09.874,8.10484,8.1063,1.00,1.00
2018.02.22 15:34:10.078,8.10503,8.10631,1.00,1.00
2018.02.22 15:34:10.129,8.10503,8.10647,1.00,1.00
2018.02.22 15:34:10.615,8.105,8.10644,1.00,1.00
2018.02.22 15:34:11.073,8.10503,8.10646,1.00,1.00
2018.02.22 15:34:12.245,8.10506,8.1065,1.00,1.00
2018.02.22 15:34:13.944,8.10517,8.10656,1.00,1.00
2018.02.22 15:34:13.998,8.10526,8.10671,1.00,1.00
2018.02.22 15:34:14.100,8.10516,8.10662,1.00,1.00
2018.02.22 15:34:14.151,8.10525,8.10671,1.00,1.00
2018.02.22 15:34:14.786,8.1054,8.10677,1.00,1.00
2018.02.22 15:34:14.888,8.1054,8.10686,1.00,1.00
2018.02.22 15:34:15.670,8.10537,8.10682,1.00,1.00
2018.02.22 15:34:15.721,8.10538,8.10684,1.00,1.00
2018.02.22 15:34:17.907,8.10554,8.10702,1.00,1.00
2018.02.22 15:34:17.959,8.10596,8.10702,1.00,1.00
2018.02.22 15:34:18.011,8.10626,8.10735,1.00,1.00
2018.02.22 15:34:18.062,8.10624,8.1077,1.00,1.00
2018.02.22 15:34:18.113,8.10647,8.10774,1.00,1.00
2018.02.22 15:34:18.327,8.10649,8.10787,1.00,1.00
2018.02.22 15:34:18.379,8.10646,8.10791,1.00,1.00
2018.02.22 15:34:18.430,8.10636,8.1078,1.00,1.00
2018.02.22 15:34:18.588,8.10615,8.10761,1.00,1.00
2018.02.22 15:34:18.934,8.10602,8.10741,1.00,1.00
2018.02.22 15:34:18.986,8.10572,8.10718,1.00,1.00
2018.02.22 15:34:19.037,8.10545,8.10688,1.00,1.00
2018.02.22 15:34:19.088,8.10519,8.1068,1.00,1.00
2018.02.22 15:34:19.139,8.10542,8.10695,1.00,1.00
2018.02.22 15:34:19.241,8.10549,8.10709,1.00,1.00
2018.02.22 15:34:19.342,8.10545,8.10705,1.00,1.00
2018.02.22 15:34:19.689,8.10542,8.107,1.00,1.00
2018.02.22 15:34:19.853,8.10519,8.10679,1.00,1.00
2018.02.22 15:34:19.904,8.10516,8.10673,1.00,1.00
2018.02.22 15:34:20.005,8.10508,8.10668,1.00,1.00
2018.02.22 15:34:20.055,8.10502,8.10662,1.00,1.00
2018.02.22 15:34:20.429,8.10483,8.10636,1.50,1.00
2018.02.22 15:34:21.013,8.10483,8.10623,1.00,1.00
2018.02.22 15:34:21.065,8.10465,8.10623,1.00,1.00
2018.02.22 15:34:21.219,8.10456,8.10623,1.00,1.00
2018.02.22 15:34:21.271,8.10495,8.10623,1.00,1.00
2018.02.22 15:34:21.324,8.10504,8.10649,1.00,1.00
2018.02.22 15:34:21.376,8.10508,8.10667,1.00,1.00
2018.02.22 15:34:21.818,8.10513,8.10667,1.00,1.00
2018.02.22 15:34:21.869,8.10518,8.10679,1.00,1.00
2018.02.22 15:34:21.920,8.10518,8.10675,1.00,1.00
2018.02.22 15:34:22.282,8.10468,8.1061,1.00,1.00
2018.02.22 15:34:22.333,8.10453,8.10603,1.00,1.00
2018.02.22 15:34:22.383,8.10447,8.10593,1.00,1.00
2018.02.22 15:34:23.057,8.1043,8.10566,1.00,1.00
2018.02.22 15:34:23.361,8.1043,8.10562,1.00,1.00
2018.02.22 15:34:23.519,8.10434,8.10572,1.00,1.00
2018.02.22 15:34:23.570,8.10437,8.10588,1.00,1.00
2018.02.22 15:34:23.736,8.10446,8.10597,1.00,1.00
2018.02.22 15:34:24.040,8.10446,8.10591,1.00,1.00
2018.02.22 15:34:24.091,8.10446,8.10597,1.00,1.00
2018.02.22 15:34:24.142,8.10448,8.10604,1.00,1.00
2018.02.22 15:34:24.341,8.10455,8.10604,1.00,1.00
2018.02.22 15:34:24.570,8.10469,8.10625,1.50,1.00
2018.02.22 15:34:25.852,8.10474,8.10625,1.00,1.00
2018.02.22 15:34:26.395,8.10473,8.10625,1.00,1.00
2018.02.22 15:34:26.446,8.10469,8.10625,1.50,1.00
2018.02.22 15:34:27.093,8.10491,8.10649,1.00,1.00
2018.02.22 15:34:27.144,8.10525,8.1065,1.00,1.00
2018.02.22 15:34:27.283,8.10529,8.10678,1.00,1.00
2018.02.22 15:34:27.334,8.10513,8.10663,1.00,1.00
2018.02.22 15:34:27.435,8.1051,8.10663,1.00,1.00
2018.02.22 15:34:29.081,8.10516,8.1066,1.00,1.00
2018.02.22 15:34:29.477,8.10531,8.10663,1.00,1.00
2018.02.22 15:34:29.529,8.10533,8.10678,1.00,1.50
2018.02.22 15:34:29.786,8.10541,8.10678,1.00,1.00
2018.02.22 15:34:30.619,8.10528,8.10674,1.00,1.00
2018.02.22 15:34:30.670,8.10523,8.10668,2.25,1.00
2018.02.22 15:34:31.002,8.10518,8.10657,1.00,1.00
2018.02.22 15:34:31.326,8.10521,8.10657,1.00,1.00
2018.02.22 15:34:31.912,8.10523,8.10657,1.00,1.00
2018.02.22 15:34:31.963,8.10523,8.10668,1.00,1.00
2018.02.22 15:34:32.728,8.10547,8.10679,1.00,1.00
2018.02.22 15:34:32.779,8.10545,8.1069,1.00,1.00
2018.02.22 15:34:34.935,8.10542,8.10688,1.00,1.00
2018.02.22 15:34:35.631,8.10537,8.10674,1.00,1.00
2018.02.22 15:34:36.348,8.1052,8.10662,1.00,1.00
2018.02.22 15:34:36.551,8.10526,8.10666,1.00,1.00
2018.02.22 15:34:36.854,8.10544,8.10675,1.00,1.00
2018.02.22 15:34:37.388,8.10544,8.10674,1.00,1.00
2018.02.22 15:34:37.782,8.10544,8.1067,1.00,1.00
2018.02.22 15:34:37.884,8.10544,8.10672,1.00,1.00
2018.02.22 15:34:38.796,8.10544,8.10678,1.00,1.00
2018.02.22 15:34:38.848,8.1055,8.10695,1.00,1.00
2018.02.22 15:34:38.900,8.10556,8.10702,1.00,1.50
2018.02.22 15:34:38.951,8.10567,8.10702,1.00,1.00
2018.02.22 15:34:39.534,8.10567,8.10705,1.00,1.00
2018.02.22 15:34:39.590,8.10583,8.10729,1.00,1.00
2018.02.22 15:34:39.641,8.10582,8.10721,1.00,1.00
2018.02.22 15:34:39.692,8.10582,8.10724,1.00,1.00
2018.02.22 15:34:39.743,8.10582,8.10721,1.00,1.00
2018.02.22 15:34:39.794,8.10579,8.1072,1.00,1.00
2018.02.22 15:34:40.411,8.10579,8.10724,1.50,1.00
2018.02.22 15:34:40.465,8.106,8.10746,1.00,1.00
2018.02.22 15:34:40.516,8.10605,8.1075,1.00,1.00
2018.02.22 15:34:41.070,8.10613,8.10753,1.00,1.00
2018.02.22 15:34:41.171,8.10603,8.10747,1.00,1.00
2018.02.22 15:34:41.222,8.10598,8.10741,1.00,1.00
2018.02.22 15:34:41.273,8.10601,8.10745,1.00,1.00
2018.02.22 15:34:43.571,8.10595,8.10737,1.00,1.00
2018.02.22 15:34:44.656,8.10593,8.10731,1.00,1.00
2018.02.22 15:34:44.854,8.10593,8.10736,1.00,1.00
2018.02.22 15:34:45.451,8.10626,8.10768,1.00,1.00
2018.02.22 15:34:45.553,8.10637,8.1078,1.00,1.00
2018.02.22 15:34:45.604,8.10638,8.10782,1.00,1.00
2018.02.22 15:34:45.809,8.10635,8.10778,1.00,1.00
2018.02.22 15:34:46.123,8.10637,8.1078,1.00,1.00
2018.02.22 15:34:46.340,8.10631,8.10775,1.50,1.00
2018.02.22 15:34:46.392,8.10626,8.10764,1.00,1.00
2018.02.22 15:34:46.444,8.10626,8.10769,1.00,1.00
2018.02.22 15:34:46.596,8.10623,8.10769,1.00,1.00
2018.02.22 15:34:46.647,8.10623,8.10766,1.00,1.00
2018.02.22 15:34:46.953,8.10597,8.10738,1.00,1.00
2018.02.22 15:34:47.985,8.10603,8.10747,1.00,1.00
2018.02.22 15:34:49.312,8.10619,8.10763,1.00,1.00
2018.02.22 15:34:50.375,8.10625,8.10767,1.00,1.00
2018.02.22 15:34:50.529,8.10634,8.10777,1.00,1.00
2018.02.22 15:34:50.848,8.10626,8.10769,1.00,1.00
2018.02.22 15:34:51.306,8.10621,8.10775,1.00,1.00
2018.02.22 15:34:51.567,8.10624,8.10775,1.00,1.00
2018.02.22 15:34:51.689,8.10624,8.10781,1.00,1.00
2018.02.22 15:34:51.879,8.10628,8.10781,1.00,1.00
2018.02.22 15:34:52.222,8.10629,8.10786,1.00,1.00
2018.02.22 15:34:52.517,8.10641,8.10786,1.00,1.00
2018.02.22 15:34:52.833,8.10627,8.10766,1.00,1.00
2018.02.22 15:34:53.190,8.10627,8.10762,1.00,1.00
2018.02.22 15:34:53.494,8.10591,8.10706,1.00,1.00
2018.02.22 15:34:53.597,8.10569,8.10706,1.00,1.00
2018.02.22 15:34:54.283,8.10569,8.107,1.00,1.00
2018.02.22 15:34:54.385,8.10553,8.10698,1.00,1.00
2018.02.22 15:34:54.533,8.10535,8.10676,1.00,1.00
2018.02.22 15:34:54.584,8.10547,8.10697,1.00,1.00
2018.02.22 15:34:54.636,8.10565,8.10698,1.00,1.00
2018.02.22 15:34:54.840,8.10547,8.10689,1.00,1.00
2018.02.22 15:34:54.891,8.10565,8.10699,1.00,1.00
2018.02.22 15:34:55.197,8.10568,8.10702,1.00,1.00
2018.02.22 15:34:55.542,8.10574,8.10702,1.00,1.00
2018.02.22 15:34:55.593,8.10572,8.10702,1.00,1.00
2018.02.22 15:34:55.850,8.10572,8.10698,1.00,1.00
2018.02.22 15:34:55.901,8.10566,8.10693,1.00,1.00
2018.02.22 15:34:55.961,8.10565,8.10678,1.00,1.00
2018.02.22 15:34:56.163,8.10565,8.10682,1.00,1.00
2018.02.22 15:34:56.415,8.10545,8.10682,1.00,1.00
2018.02.22 15:34:56.896,8.10545,8.10677,1.00,1.00
2018.02.22 15:34:57.001,8.10528,8.10666,1.00,1.00
2018.02.22 15:34:57.053,8.10528,8.10659,1.00,1.00
2018.02.22 15:34:58.228,8.10528,8.10652,1.00,1.00
2018.02.22 15:34:58.941,8.10528,8.10648,1.00,1.00
2018.02.22 15:34:59.176,8.10507,8.10644,1.00,1.00
2018.02.22 15:34:59.992,8.10507,8.10643,1.00,1.00
2018.02.22 15:35:00.145,8.10507,8.10636,1.00,1.00
2018.02.22 15:35:00.299,8.1049,8.1062,1.00,1.00
2018.02.22 15:35:00.453,8.1049,8.10613,1.00,1.00
2018.02.22 15:35:01.601,8.1047,8.10588,1.00,1.00
2018.02.22 15:35:01.703,8.10465,8.10587,1.00,1.00
2018.02.22 15:35:01.754,8.10465,8.10589,1.00,1.00
2018.02.22 15:35:01.855,8.10473,8.10604,1.00,1.00
2018.02.22 15:35:02.057,8.10473,8.10608,1.00,1.00
2018.02.22 15:35:02.203,8.10473,8.10604,1.00,1.00
2018.02.22 15:35:02.255,8.10471,8.10609,1.00,1.00
2018.02.22 15:35:02.306,8.10471,8.10599,1.00,1.00
2018.02.22 15:35:02.480,8.10468,8.10599,1.00,1.00
2018.02.22 15:35:02.695,8.10468,8.10603,1.00,1.00
2018.02.22 15:35:02.746,8.10478,8.10603,1.00,1.00
2018.02.22 15:35:03.096,8.10482,8.10609,1.00,1.00
2018.02.22 15:35:03.200,8.10482,8.10613,1.00,1.00
2018.02.22 15:35:03.357,8.1049,8.10613,1.00,1.00
2018.02.22 15:35:03.608,8.1049,8.10617,1.00,1.00
2018.02.22 15:35:03.659,8.10496,8.10617,1.00,1.00
2018.02.22 15:35:03.710,8.10496,8.10632,1.00,1.00
2018.02.22 15:35:03.899,8.10496,8.10627,1.00,1.00
2018.02.22 15:35:04.238,8.10493,8.10621,1.00,1.00
2018.02.22 15:35:04.581,8.10495,8.10621,1.00,1.00
2018.02.22 15:35:04.903,8.10494,8.10615,1.00,1.00
2018.02.22 15:35:05.058,8.10494,8.10617,1.00,1.00
2018.02.22 15:35:05.500,8.10491,8.10617,1.00,1.00
2018.02.22 15:35:05.845,8.10487,8.10617,1.00,1.00
2018.02.22 15:35:06.141,8.10491,8.10617,1.00,1.00
2018.02.22 15:35:06.400,8.10489,8.10617,1.00,1.00
2018.02.22 15:35:07.020,8.1049,8.10617,1.00,1.00
2018.02.22 15:35:07.661,8.10491,8.10617,1.00,1.00
2018.02.22 15:35:08.181,8.10492,8.10617,1.00,1.00
2018.02.22 15:35:08.500,8.10494,8.1064,1.00,1.00
2018.02.22 15:35:08.551,8.10513,8.10642,1.00,1.00
2018.02.22 15:35:08.690,8.10516,8.10647,1.00,1.00
2018.02.22 15:35:08.741,8.10521,8.10669,1.00,1.00
2018.02.22 15:35:08.792,8.10538,8.10669,1.00,1.00
2018.02.22 15:35:08.945,8.1054,8.10675,1.00,1.00
2018.02.22 15:35:08.997,8.1054,8.10681,1.00,1.00
2018.02.22 15:35:09.051,8.10561,8.107,1.00,1.00
2018.02.22 15:35:09.354,8.10574,8.10707,1.50,1.00
2018.02.22 15:35:09.862,8.10575,8.10704,1.00,1.00
2018.02.22 15:35:09.913,8.10575,8.10709,1.00,1.00
2018.02.22 15:35:10.064,8.10575,8.10712,1.00,1.00
2018.02.22 15:35:10.287,8.1058,8.10712,1.00,1.00
2018.02.22 15:35:11.184,8.1058,8.10711,1.00,1.00
2018.02.22 15:35:11.337,8.10614,8.10749,1.00,1.00
2018.02.22 15:35:11.388,8.10617,8.10751,1.00,1.00
2018.02.22 15:35:11.705,8.10651,8.10771,1.00,1.00
2018.02.22 15:35:12.242,8.10653,8.10771,1.00,1.00
2018.02.22 15:35:12.453,8.10653,8.10779,1.00,1.00
2018.02.22 15:35:12.575,8.10649,8.10779,1.00,1.00
2018.02.22 15:35:13.134,8.10642,8.10779,1.00,1.00
2018.02.22 15:35:13.446,8.10644,8.10779,1.00,1.00
2018.02.22 15:35:13.737,8.10642,8.10779,1.00,1.00
2018.02.22 15:35:13.956,8.10648,8.10786,1.00,1.00
2018.02.22 15:35:14.058,8.1065,8.10786,1.00,1.00
2018.02.22 15:35:14.379,8.10658,8.10786,1.00,1.00
2018.02.22 15:35:14.459,8.10658,8.1079,1.00,1.00
2018.02.22 15:35:14.639,8.10653,8.1079,1.00,1.00
2018.02.22 15:35:14.813,8.10653,8.10784,1.00,1.00
2018.02.22 15:35:14.915,8.10664,8.10801,1.00,1.00
2018.02.22 15:35:14.966,8.10672,8.10809,1.00,1.00
2018.02.22 15:35:15.271,8.10674,8.10809,1.00,1.00
2018.02.22 15:35:15.575,8.10685,8.10822,1.00,1.00
2018.02.22 15:35:16.177,8.10681,8.10819,1.00,1.00
2018.02.22 15:35:16.279,8.10675,8.10819,1.00,1.00
2018.02.22 15:35:16.526,8.10658,8.10802,1.00,1.00
2018.02.22 15:35:16.831,8.10666,8.1081,1.00,1.00
2018.02.22 15:35:18.981,8.10672,8.10817,1.00,1.00
2018.02.22 15:35:19.033,8.10656,8.10791,1.00,1.00
2018.02.22 15:35:19.084,8.1065,8.1079,1.00,1.00
2018.02.22 15:35:19.135,8.10657,8.108,1.00,1.00
2018.02.22 15:35:19.400,8.10661,8.108,1.00,1.00
2018.02.22 15:35:19.713,8.10674,8.108,1.00,1.00
2018.02.22 15:35:20.026,8.10674,8.10814,1.00,1.50
2018.02.22 15:35:20.714,8.10666,8.10805,1.00,1.00
2018.02.22 15:35:21.060,8.10632,8.1077,1.00,1.00
2018.02.22 15:35:21.112,8.1063,8.10769,1.00,1.00
2018.02.22 15:35:21.163,8.10633,8.10773,1.00,1.00
2018.02.22 15:35:21.366,8.10636,8.10776,1.00,1.00
2018.02.22 15:35:21.675,8.10639,8.10777,1.00,1.00
2018.02.22 15:35:21.996,8.10642,8.10777,1.00,1.50
2018.02.22 15:35:22.084,8.10632,8.10777,1.00,1.00
2018.02.22 15:35:22.186,8.10628,8.10774,1.00,1.00
2018.02.22 15:35:22.618,8.10603,8.10753,1.00,1.00
2018.02.22 15:35:22.669,8.10596,8.1075,1.00,1.00
2018.02.22 15:35:22.749,8.10596,8.10746,1.00,1.00
2018.02.22 15:35:22.800,8.10591,8.10746,1.00,1.00
2018.02.22 15:35:22.902,8.10596,8.1074,1.00,1.00
2018.02.22 15:35:23.267,8.10591,8.10735,1.00,1.00
2018.02.22 15:35:23.585,8.10574,8.10705,1.00,1.00
2018.02.22 15:35:23.932,8.10559,8.10705,1.50,1.00
2018.02.22 15:35:24.135,8.10563,8.10709,1.00,1.00
2018.02.22 15:35:24.451,8.1059,8.10728,1.00,1.00
2018.02.22 15:35:25.594,8.10583,8.10726,1.00,1.00
2018.02.22 15:35:26.190,8.10588,8.10728,1.00,1.00
2018.02.22 15:35:26.743,8.10592,8.10728,1.00,1.00
2018.02.22 15:35:27.677,8.10554,8.1068,1.00,1.00
2018.02.22 15:35:27.984,8.10482,8.10612,1.00,1.00
2018.02.22 15:35:28.035,8.10482,8.1062,1.00,1.00
2018.02.22 15:35:28.086,8.10478,8.1062,1.00,1.00
2018.02.22 15:35:28.407,8.10478,8.10624,1.50,1.00
2018.02.22 15:35:28.508,8.10478,8.10622,1.50,1.00
2018.02.22 15:35:29.047,8.10468,8.10612,1.00,1.00
2018.02.22 15:35:29.667,8.10469,8.10613,1.00,1.00
2018.02.22 15:35:29.806,8.10484,8.1063,1.00,1.00
2018.02.22 15:35:29.858,8.10489,8.10634,1.00,1.00
2018.02.22 15:35:30.005,8.10489,8.10647,1.00,1.00
2018.02.22 15:35:30.057,8.10526,8.10672,1.00,1.00
2018.02.22 15:35:30.513,8.10521,8.10667,2.25,1.00
2018.02.22 15:35:31.631,8.10525,8.10667,1.00,1.00
2018.02.22 15:35:32.028,8.10522,8.10667,1.00,1.00
2018.02.22 15:35:32.079,8.10524,8.1067,1.00,1.00
2018.02.22 15:35:32.535,8.10526,8.1067,1.00,1.00
2018.02.22 15:35:32.850,8.10538,8.10679,1.00,1.00
2018.02.22 15:35:33.235,8.10539,8.10683,1.00,1.00
2018.02.22 15:35:33.287,8.10556,8.10691,1.00,1.00
2018.02.22 15:35:33.338,8.10556,8.10694,1.00,1.00
2018.02.22 15:35:33.929,8.10555,8.10694,1.00,1.00
2018.02.22 15:35:34.253,8.10555,8.10688,1.00,1.00
2018.02.22 15:35:34.569,8.10558,8.10682,1.00,1.00
2018.02.22 15:35:34.929,8.10558,8.10679,1.00,1.00
2018.02.22 15:35:35.032,8.10558,8.10702,1.50,1.00
2018.02.22 15:35:35.083,8.10562,8.10702,1.00,1.00
2018.02.22 15:35:35.135,8.10562,8.10707,1.00,1.00
2018.02.22 15:35:35.187,8.10571,8.10707,1.00,1.00
2018.02.22 15:35:35.340,8.10576,8.10717,1.00,1.00
2018.02.22 15:35:35.392,8.10576,8.10721,1.00,1.00
2018.02.22 15:35:35.781,8.10578,8.10721,1.00,1.00
2018.02.22 15:35:36.231,8.1058,8.10721,1.00,1.00
2018.02.22 15:35:36.389,8.106,8.10752,1.00,1.00
2018.02.22 15:35:36.682,8.10603,8.10752,1.00,1.00
2018.02.22 15:35:37.256,8.10605,8.10752,1.00,1.00
2018.02.22 15:35:37.811,8.10606,8.10752,1.00,1.00
2018.02.22 15:35:38.250,8.10608,8.10752,1.00,1.00
2018.02.22 15:35:38.873,8.10612,8.10752,1.00,1.00
2018.02.22 15:35:39.417,8.10613,8.10752,1.00,1.00
2018.02.22 15:35:40.228,8.10616,8.10752,1.00,1.00
2018.02.22 15:35:40.537,8.1062,8.10753,1.00,1.00
2018.02.22 15:35:41.339,8.1062,8.10754,1.00,1.00
2018.02.22 15:35:41.452,8.10618,8.10754,1.00,1.00
2018.02.22 15:35:41.740,8.10613,8.10754,1.00,1.00
2018.02.22 15:35:42.336,8.10615,8.10754,1.00,1.00
2018.02.22 15:35:42.709,8.10617,8.10754,1.00,1.00
2018.02.22 15:35:43.333,8.10618,8.10754,1.00,1.00
2018.02.22 15:35:43.634,8.10618,8.10751,1.00,1.00
2018.02.22 15:35:43.791,8.10611,8.10751,1.00,1.00
2018.02.22 15:35:43.983,8.10613,8.10751,1.00,1.00
2018.02.22 15:35:44.463,8.10615,8.10751,1.00,1.00
2018.02.22 15:35:45.053,8.10612,8.10751,1.00,1.00
2018.02.22 15:35:45.635,8.10611,8.10751,1.00,1.00
2018.02.22 15:35:46.438,8.10612,8.10751,1.00,1.00
2018.02.22 15:35:46.691,8.10615,8.10751,1.00,1.00
2018.02.22 15:35:47.670,8.10615,8.10756,1.00,1.00
2018.02.22 15:35:47.918,8.10617,8.10756,1.00,1.00
2018.02.22 15:35:48.684,8.10616,8.10756,1.00,1.00
2018.02.22 15:35:49.207,8.10617,8.10752,1.00,1.00
2018.02.22 15:35:49.791,8.10618,8.10752,1.00,1.00
2018.02.22 15:35:50.082,8.10616,8.10752,1.00,1.00
2018.02.22 15:35:50.744,8.10614,8.10751,1.00,1.00
2018.02.22 15:35:51.285,8.10615,8.10751,1.00,1.00
2018.02.22 15:35:51.824,8.10616,8.10748,1.00,1.00
2018.02.22 15:35:52.451,8.10616,8.10749,1.00,1.00
2018.02.22 15:35:52.554,8.10593,8.10731,1.50,1.00
2018.02.22 15:35:52.606,8.10593,8.10728,1.50,1.00
2018.02.22 15:35:52.912,8.10593,8.10719,1.00,1.00
2018.02.22 15:35:54.070,8.10593,8.10724,1.00,1.00
2018.02.22 15:35:54.847,8.10593,8.10727,1.00,1.00
2018.02.22 15:35:54.898,8.10593,8.10721,1.00,1.00
2018.02.22 15:35:55.074,8.10593,8.10738,1.50,1.00
2018.02.22 15:35:55.125,8.106,8.10742,1.50,1.00
2018.02.22 15:35:55.374,8.10604,8.1075,1.00,1.00
2018.02.22 15:35:55.691,8.10608,8.1075,1.00,1.00
2018.02.22 15:35:56.005,8.10593,8.10727,1.00,1.00
2018.02.22 15:35:56.056,8.10593,8.10732,1.00,1.00
2018.02.22 15:35:56.107,8.10593,8.10729,1.00,1.00
2018.02.22 15:35:56.428,8.10593,8.10718,1.00,1.00
2018.02.22 15:35:56.683,8.10559,8.10688,1.00,1.00
2018.02.22 15:35:56.735,8.10554,8.10671,1.00,1.00
2018.02.22 15:35:56.789,8.10529,8.10663,1.00,1.00
2018.02.22 15:35:56.840,8.10529,8.10654,1.00,1.00
2018.02.22 15:35:57.003,8.10529,8.10663,1.00,1.00
2018.02.22 15:35:57.055,8.10545,8.10673,1.00,1.00
2018.02.22 15:35:57.503,8.10545,8.1068,1.00,1.00
2018.02.22 15:35:57.554,8.10545,8.10674,1.00,1.00
2018.02.22 15:35:57.871,8.10545,8.10668,1.00,1.00
2018.02.22 15:35:58.105,8.10545,8.10673,1.00,1.00
2018.02.22 15:35:58.156,8.10545,8.10677,1.00,1.00
2018.02.22 15:35:58.615,8.10545,8.10668,1.00,1.00
2018.02.22 15:35:58.920,8.10545,8.10663,1.00,1.00
2018.02.22 15:35:59.086,8.10545,8.10667,1.00,1.00
2018.02.22 15:36:00.090,8.10545,8.10693,1.00,1.00
2018.02.22 15:36:00.141,8.10565,8.10693,1.00,1.00
2018.02.22 15:36:00.243,8.10565,8.10699,1.00,1.00
2018.02.22 15:36:00.591,8.10565,8.10697,1.00,1.00
2018.02.22 15:36:01.119,8.10565,8.10698,1.00,1.00
2018.02.22 15:36:01.799,8.10565,8.10711,1.00,1.00
2018.02.22 15:36:02.046,8.10589,8.10719,1.00,1.00
2018.02.22 15:36:02.363,8.1061,8.1074,1.00,1.00
2018.02.22 15:36:03.377,8.1061,8.10749,1.00,1.00
2018.02.22 15:36:03.428,8.10628,8.10767,1.00,1.00
2018.02.22 15:36:03.479,8.10631,8.10774,1.00,1.00
2018.02.22 15:36:03.531,8.10653,8.10786,1.00,1.00
2018.02.22 15:36:03.582,8.10668,8.10803,1.00,1.00
2018.02.22 15:36:03.633,8.10665,8.10803,1.00,1.00
2018.02.22 15:36:03.787,8.10665,8.10807,1.00,1.00
2018.02.22 15:36:04.265,8.10665,8.10805,1.00,1.00
2018.02.22 15:36:04.316,8.10665,8.10808,1.00,1.00
2018.02.22 15:36:04.744,8.10665,8.10805,1.00,1.00
2018.02.22 15:36:04.795,8.10669,8.10813,1.00,1.00
2018.02.22 15:36:04.997,8.10644,8.10786,1.50,1.00
2018.02.22 15:36:05.048,8.10644,8.10788,1.50,1.00
2018.02.22 15:36:05.607,8.10644,8.10783,1.00,1.00
2018.02.22 15:36:06.284,8.1065,8.10785,1.00,1.00
2018.02.22 15:36:06.452,8.10651,8.10788,1.00,1.00
2018.02.22 15:36:07.811,8.10671,8.10808,1.00,1.00
2018.02.22 15:36:08.116,8.10681,8.10818,1.00,1.00
2018.02.22 15:36:09.837,8.10683,8.1082,1.00,1.00
2018.02.22 15:36:09.990,8.1069,8.10828,1.00,1.00
2018.02.22 15:36:10.648,8.10705,8.10842,1.00,1.00
2018.02.22 15:36:10.700,8.10698,8.10836,1.00,1.00
2018.02.22 15:36:10.754,8.10692,8.10829,1.00,1.00
2018.02.22 15:36:11.280,8.10694,8.10831,1.00,1.00
2018.02.22 15:36:11.861,8.10697,8.10834,1.00,1.00
2018.02.22 15:36:12.392,8.10698,8.10835,1.00,1.00
2018.02.22 15:36:13.865,8.10702,8.10839,1.00,1.00
2018.02.22 15:36:14.428,8.10702,8.1084,1.00,1.00
2018.02.22 15:36:15.505,8.10671,8.10845,1.00,1.00
2018.02.22 15:36:15.556,8.10668,8.1074,1.00,1.00
2018.02.22 15:36:15.608,8.10591,8.10744,1.37,1.37
2018.02.22 15:36:15.659,8.10568,8.10717,1.00,1.00
2018.02.22 15:36:15.710,8.10594,8.10717,1.00,1.00
2018.02.22 15:36:15.768,8.10577,8.10717,1.00,1.00
2018.02.22 15:36:15.820,8.10584,8.1073,1.00,1.00
2018.02.22 15:36:15.968,8.10592,8.1073,1.00,1.00
2018.02.22 15:36:16.546,8.10586,8.10723,1.00,1.00
2018.02.22 15:36:16.868,8.10565,8.10702,1.00,1.00
2018.02.22 15:36:16.972,8.10555,8.10693,1.00,1.00
2018.02.22 15:36:17.189,8.10551,8.10688,1.00,1.00
2018.02.22 15:36:17.825,8.10554,8.10694,1.00,1.00
2018.02.22 15:36:17.877,8.10567,8.10704,1.00,1.50
2018.02.22 15:36:18.253,8.10585,8.10722,1.00,1.00
2018.02.22 15:36:19.297,8.10565,8.10703,1.50,1.00
2018.02.22 15:36:19.401,8.10565,8.10697,1.00,1.00
2018.02.22 15:36:19.578,8.1056,8.10697,1.00,1.00
2018.02.22 15:36:20.388,8.10556,8.10691,1.00,1.00
2018.02.22 15:36:20.599,8.1056,8.10697,1.00,1.00
2018.02.22 15:36:21.063,8.10568,8.10706,1.50,1.00
2018.02.22 15:36:21.165,8.10577,8.10714,1.00,1.00
2018.02.22 15:36:21.685,8.10584,8.10714,1.00,1.00
2018.02.22 15:36:21.840,8.106,8.10737,1.00,1.00
2018.02.22 15:36:22.140,8.10608,8.10745,1.00,1.00
2018.02.22 15:36:23.000,8.10619,8.10745,1.00,1.00
2018.02.22 15:36:23.351,8.10624,8.10761,1.00,1.00
2018.02.22 15:36:23.402,8.10628,8.10766,1.00,1.00
2018.02.22 15:36:23.453,8.10638,8.10771,1.00,1.00
2018.02.22 15:36:24.151,8.10643,8.10781,1.00,1.00
2018.02.22 15:36:24.202,8.10652,8.10789,1.00,1.00
2018.02.22 15:36:24.533,8.10655,8.10789,1.00,1.00
2018.02.22 15:36:25.027,8.10678,8.10804,1.00,1.00
2018.02.22 15:36:25.128,8.10683,8.10813,1.00,1.00
2018.02.22 15:36:25.311,8.10683,8.1082,1.00,1.00
2018.02.22 15:36:26.352,8.10686,8.10824,1.00,1.00
2018.02.22 15:36:27.380,8.10676,8.10814,1.50,1.00
2018.02.22 15:36:27.687,8.10641,8.10778,1.00,1.00
2018.02.22 15:36:28.020,8.1064,8.10765,1.00,1.00
2018.02.22 15:36:28.072,8.10622,8.10756,1.00,1.00
2018.02.22 15:36:28.443,8.10622,8.10747,1.00,1.00
2018.02.22 15:36:28.494,8.10604,8.10738,1.00,1.00
2018.02.22 15:36:28.799,8.10604,8.10727,1.00,1.00
2018.02.22 15:36:29.348,8.10604,8.10737,1.00,1.00
2018.02.22 15:36:30.231,8.10584,8.10737,1.00,1.00
2018.02.22 15:36:30.969,8.10583,8.10737,1.50,1.00
2018.02.22 15:36:32.786,8.10583,8.10734,1.00,1.00
2018.02.22 15:36:34.764,8.10569,8.10724,1.00,1.00
2018.02.22 15:36:36.493,8.10572,8.10724,1.00,1.00
2018.02.22 15:36:36.852,8.10588,8.10739,1.00,1.00
2018.02.22 15:36:37.160,8.10622,8.10771,1.00,1.00
2018.02.22 15:36:37.464,8.10614,8.10758,1.00,1.00
2018.02.22 15:36:37.785,8.10605,8.10749,1.00,1.00
2018.02.22 15:36:38.835,8.10617,8.10758,1.00,1.00
2018.02.22 15:36:38.885,8.10614,8.10757,1.00,1.00
2018.02.22 15:36:39.039,8.10606,8.1075,1.00,1.00
2018.02.22 15:36:39.091,8.10607,8.10741,1.00,1.00
2018.02.22 15:36:39.425,8.10613,8.10741,1.00,1.00
2018.02.22 15:36:39.476,8.10613,8.10754,1.00,1.00
2018.02.22 15:36:40.307,8.10617,8.10754,1.00,1.00
2018.02.22 15:36:40.517,8.10654,8.10795,1.00,1.00
2018.02.22 15:36:40.650,8.10682,8.10807,1.00,1.00
2018.02.22 15:36:40.702,8.10686,8.10821,1.00,1.00
2018.02.22 15:36:40.754,8.10686,8.10827,1.00,1.00
2018.02.22 15:36:41.011,8.10687,8.10825,1.00,1.00
2018.02.22 15:36:41.559,8.10686,8.10826,1.00,1.00
2018.02.22 15:36:42.077,8.10686,8.10827,1.00,1.00
2018.02.22 15:36:44.356,8.10686,8.10829,1.00,1.00
2018.02.22 15:36:46.000,8.10685,8.10829,1.00,1.00
2018.02.22 15:36:46.156,8.10674,8.10818,1.00,1.00
2018.02.22 15:36:47.281,8.1067,8.10821,1.00,1.00
2018.02.22 15:36:47.332,8.10676,8.10825,1.00,1.00
2018.02.22 15:36:47.536,8.10676,8.10829,1.00,1.00
2018.02.22 15:36:47.945,8.10684,8.10831,1.00,1.00
2018.02.22 15:36:48.120,8.10684,8.10835,1.00,1.00
2018.02.22 15:36:50.141,8.10703,8.10835,1.00,1.00
2018.02.22 15:36:50.244,8.10703,8.10842,1.00,1.00
2018.02.22 15:36:50.916,8.107,8.10842,1.00,1.00
2018.02.22 15:36:51.527,8.10699,8.10842,1.00,1.00
2018.02.22 15:36:51.689,8.10711,8.10842,1.00,1.00
2018.02.22 15:36:51.741,8.1072,8.10867,1.00,1.00
2018.02.22 15:36:51.909,8.10716,8.10867,1.00,1.50
2018.02.22 15:36:54.649,8.10715,8.10859,1.00,1.00
2018.02.22 15:36:54.699,8.10718,8.10871,1.00,1.50
2018.02.22 15:36:55.454,8.10718,8.10869,1.00,1.00
2018.02.22 15:36:56.420,8.10719,8.10869,1.00,1.00
2018.02.22 15:36:57.355,8.10719,8.10868,1.00,1.00
2018.02.22 15:36:57.763,8.10728,8.10868,1.00,1.00
2018.02.22 15:36:58.081,8.10719,8.10865,1.00,1.00
2018.02.22 15:36:58.466,8.10721,8.10869,1.00,1.00
2018.02.22 15:36:58.518,8.10745,8.10868,1.00,1.00
2018.02.22 15:36:58.570,8.10745,8.10891,1.00,1.00
2018.02.22 15:36:58.621,8.10757,8.10897,1.00,1.00
2018.02.22 15:36:58.862,8.10759,8.10902,1.00,1.00
2018.02.22 15:36:59.169,8.10759,8.10905,1.00,1.50
2018.02.22 15:36:59.485,8.10759,8.10898,1.00,1.00
2018.02.22 15:36:59.845,8.10759,8.10902,1.00,1.00
2018.02.22 15:37:00.085,8.10759,8.10898,1.00,1.00
2018.02.22 15:37:00.344,8.10759,8.10902,1.00,1.00
2018.02.22 15:37:00.945,8.10759,8.10905,1.00,1.00
2018.02.22 15:37:01.029,8.10757,8.10903,1.00,1.00
2018.02.22 15:37:02.516,8.10757,8.10901,1.00,1.00
2018.02.22 15:37:03.109,8.10757,8.10903,1.00,1.00
2018.02.22 15:37:03.372,8.10746,8.10901,1.00,1.00
2018.02.22 15:37:03.630,8.10744,8.10899,1.00,1.00
2018.02.22 15:37:04.942,8.10742,8.10897,1.00,1.00
2018.02.22 15:37:05.481,8.10741,8.10894,1.00,1.00
2018.02.22 15:37:05.825,8.10748,8.10901,1.00,1.00
2018.02.22 15:37:06.165,8.10752,8.10907,1.00,1.00
2018.02.22 15:37:06.558,8.10746,8.109,1.00,1.00
2018.02.22 15:37:10.681,8.10766,8.10913,1.00,1.00
2018.02.22 15:37:10.889,8.10801,8.10955,1.00,1.00
2018.02.22 15:37:11.445,8.10802,8.10955,1.00,1.00
2018.02.22 15:37:11.820,8.10807,8.10961,1.00,1.00
2018.02.22 15:37:12.383,8.10802,8.10957,1.00,1.00
2018.02.22 15:37:13.487,8.10792,8.10938,1.00,1.00
2018.02.22 15:37:13.538,8.1078,8.10934,1.00,1.00
2018.02.22 15:37:13.640,8.10786,8.10938,1.00,1.00
2018.02.22 15:37:13.945,8.10786,8.10929,1.00,1.00
2018.02.22 15:37:15.204,8.10782,8.10929,1.00,1.00
2018.02.22 15:37:15.306,8.10777,8.10929,1.00,1.00
2018.02.22 15:37:15.357,8.10776,8.10921,1.00,1.00
2018.02.22 15:37:15.459,8.10776,8.10928,1.50,1.00
2018.02.22 15:37:15.597,8.10776,8.10925,1.00,1.00
2018.02.22 15:37:15.925,8.10776,8.10923,1.00,1.00
2018.02.22 15:37:18.233,8.10776,8.10922,1.00,1.00
2018.02.22 15:37:18.522,8.10745,8.10895,1.00,1.00
2018.02.22 15:37:18.573,8.10759,8.10897,1.00,1.00
2018.02.22 15:37:18.812,8.10759,8.1091,1.00,1.00
2018.02.22 15:37:19.497,8.10764,8.1091,1.00,1.00
2018.02.22 15:37:20.079,8.10757,8.1091,1.00,1.50
2018.02.22 15:37:20.323,8.10751,8.10904,1.00,1.00
2018.02.22 15:37:20.643,8.10761,8.1091,1.00,1.00
2018.02.22 15:37:20.694,8.10758,8.1091,1.00,1.50
2018.02.22 15:37:20.826,8.10756,8.10909,1.00,1.00
2018.02.22 15:37:20.877,8.1076,8.1091,1.00,1.00
2018.02.22 15:37:21.298,8.10767,8.1091,1.00,1.00
2018.02.22 15:37:21.348,8.1076,8.1091,1.00,1.50
2018.02.22 15:37:21.400,8.10758,8.1091,1.00,1.00
2018.02.22 15:37:21.930,8.10758,8.10911,1.00,1.00
2018.02.22 15:37:22.407,8.10751,8.10921,1.00,1.00
2018.02.22 15:37:22.634,8.10744,8.10908,1.00,1.50
2018.02.22 15:37:22.976,8.10732,8.10888,1.00,1.00
2018.02.22 15:37:24.045,8.1073,8.10884,1.00,1.00
2018.02.22 15:37:24.513,8.10736,8.10884,1.00,1.00
2018.02.22 15:37:24.564,8.10736,8.10888,1.00,1.00
2018.02.22 15:37:24.615,8.1074,8.10888,1.00,1.00
2018.02.22 15:37:24.758,8.10739,8.10897,1.00,1.00
2018.02.22 15:37:24.910,8.10741,8.10897,1.00,1.00
2018.02.22 15:37:25.038,8.10738,8.10897,1.00,1.00
2018.02.22 15:37:25.293,8.10741,8.10896,1.00,1.00
2018.02.22 15:37:25.611,8.10737,8.10897,1.00,1.00
2018.02.22 15:37:25.665,8.10737,8.10895,1.00,1.00
2018.02.22 15:37:26.058,8.10737,8.10883,1.00,1.00
2018.02.22 15:37:26.376,8.10737,8.10881,1.00,1.00
2018.02.22 15:37:26.660,8.10737,8.10888,1.00,1.00
2018.02.22 15:37:27.339,8.10737,8.10886,1.00,1.00
2018.02.22 15:37:29.723,8.10743,8.10895,1.00,1.00
2018.02.22 15:37:30.045,8.10749,8.10895,1.00,1.00
2018.02.22 15:37:32.321,8.10748,8.10895,1.00,1.00
2018.02.22 15:37:32.572,8.10745,8.10895,1.00,1.00
2018.02.22 15:37:32.817,8.10755,8.10897,1.00,1.50
2018.02.22 15:37:35.844,8.10758,8.109,1.00,1.00
2018.02.22 15:37:36.189,8.10757,8.10902,1.00,1.00
2018.02.22 15:37:36.600,8.10759,8.10902,1.00,1.00
2018.02.22 15:37:36.876,8.10755,8.10902,1.50,1.00
2018.02.22 15:37:38.529,8.10755,8.10904,1.50,1.00
2018.02.22 15:37:38.962,8.10755,8.10902,1.50,1.00
2018.02.22 15:37:39.335,8.10762,8.10903,1.00,1.00
2018.02.22 15:37:39.660,8.108,8.1091,1.00,1.00
2018.02.22 15:37:39.712,8.10809,8.10922,1.00,1.00
2018.02.22 15:37:39.764,8.10796,8.1093,1.00,1.00
2018.02.22 15:37:39.816,8.10826,8.1093,1.00,1.00
2018.02.22 15:37:39.946,8.10833,8.10948,1.00,1.50
2018.02.22 15:37:39.998,8.10826,8.10948,1.00,1.50
2018.02.22 15:37:40.049,8.10833,8.10948,1.00,1.00
2018.02.22 15:37:40.100,8.10831,8.10961,1.00,1.00
2018.02.22 15:37:40.203,8.10835,8.10961,1.00,1.00
2018.02.22 15:37:40.255,8.10832,8.10972,1.00,1.00
2018.02.22 15:37:40.616,8.10832,8.10961,1.00,1.00
2018.02.22 15:37:40.819,8.10827,8.10965,1.00,1.00
2018.02.22 15:37:40.920,8.10827,8.10971,1.00,1.00
2018.02.22 15:37:41.445,8.10827,8.10972,1.00,1.00
2018.02.22 15:37:41.496,8.10825,8.10971,1.00,1.00
2018.02.22 15:37:42.520,8.10838,8.10974,1.00,1.00
2018.02.22 15:37:42.664,8.10838,8.1098,1.00,1.00
2018.02.22 15:37:43.749,8.10842,8.1098,1.00,1.00
2018.02.22 15:37:44.066,8.10847,8.10987,1.00,1.00
2018.02.22 15:37:44.117,8.10868,8.10987,1.00,1.00
2018.02.22 15:37:44.168,8.10873,8.11007,1.00,1.00
2018.02.22 15:37:44.331,8.10873,8.11015,1.00,1.00
2018.02.22 15:37:45.432,8.10882,8.11015,1.00,1.00
2018.02.22 15:37:46.163,8.10881,8.11015,1.00,1.00
2018.02.22 15:37:46.825,8.10875,8.1102,1.00,1.00
2018.02.22 15:37:47.107,8.10873,8.1102,1.00,1.00
2018.02.22 15:37:47.307,8.10851,8.11,1.00,1.00
2018.02.22 15:37:47.633,8.10847,8.10997,1.00,1.00
2018.02.22 15:37:47.684,8.1085,8.10997,1.00,1.00
2018.02.22 15:37:47.991,8.10866,8.11001,1.00,1.00
2018.02.22 15:37:48.145,8.10869,8.1101,1.00,1.00
2018.02.22 15:37:48.404,8.10869,8.11012,1.00,1.00
2018.02.22 15:37:48.507,8.10869,8.11017,1.00,1.00
2018.02.22 15:37:49.405,8.10878,8.11017,1.00,1.00
2018.02.22 15:37:49.718,8.10878,8.11015,1.00,1.00
2018.02.22 15:37:50.792,8.10862,8.10986,1.00,1.00
2018.02.22 15:37:50.844,8.10845,8.10986,1.00,1.00
2018.02.22 15:37:50.896,8.10841,8.10972,1.00,1.00
2018.02.22 15:37:51.101,8.10795,8.10933,1.00,1.00
2018.02.22 15:37:51.409,8.10801,8.10933,1.00,1.00
2018.02.22 15:37:51.749,8.10804,8.10933,1.00,1.00
2018.02.22 15:37:51.851,8.10801,8.10933,1.00,1.00
2018.02.22 15:37:52.103,8.10801,8.10941,1.00,1.00
2018.02.22 15:37:53.697,8.10792,8.1094,1.00,1.00
2018.02.22 15:37:53.748,8.10782,8.1094,1.00,1.00
2018.02.22 15:37:53.851,8.10785,8.1094,1.00,1.00
2018.02.22 15:37:54.188,8.10785,8.10928,1.00,1.00
2018.02.22 15:37:55.138,8.10782,8.10928,1.00,1.00
2018.02.22 15:37:55.190,8.10782,8.10922,1.00,1.00
2018.02.22 15:37:55.241,8.10747,8.10892,1.00,1.00
2018.02.22 15:37:55.344,8.10752,8.10903,1.00,1.00
2018.02.22 15:37:55.395,8.10755,8.10905,1.00,1.00
2018.02.22 15:37:55.549,8.10755,8.10909,1.00,1.00
2018.02.22 15:37:55.600,8.10751,8.10907,1.00,1.00
2018.02.22 15:37:55.651,8.10742,8.10891,1.00,1.00
2018.02.22 15:37:55.990,8.10742,8.10887,1.00,1.00
2018.02.22 15:37:56.541,8.10736,8.10887,1.00,1.00
2018.02.22 15:37:56.796,8.10736,8.10881,1.00,1.00
2018.02.22 15:37:57.199,8.10734,8.10881,1.00,1.00
2018.02.22 15:37:57.250,8.10723,8.10872,1.00,1.00
2018.02.22 15:37:58.754,8.10736,8.10873,1.00,1.00
2018.02.22 15:37:58.805,8.10736,8.10889,1.50,1.00
2018.02.22 15:37:59.840,8.10735,8.10865,1.00,1.00
2018.02.22 15:37:59.891,8.10702,8.10858,1.00,1.00
2018.02.22 15:37:59.941,8.1069,8.10844,1.00,1.00
2018.02.22 15:38:00.245,8.10673,8.10825,1.00,1.00
2018.02.22 15:38:00.552,8.10636,8.10767,1.00,1.00
2018.02.22 15:38:00.710,8.10617,8.1076,1.00,1.00
2018.02.22 15:38:00.811,8.10608,8.1076,1.00,1.00
2018.02.22 15:38:00.974,8.10612,8.1076,1.00,1.00
2018.02.22 15:38:01.348,8.10626,8.1076,1.00,1.00
2018.02.22 15:38:01.581,8.10626,8.10769,1.00,1.00
2018.02.22 15:38:01.697,8.10623,8.10764,1.00,1.00
2018.02.22 15:38:01.748,8.10615,8.10764,1.00,1.00
2018.02.22 15:38:02.020,8.10615,8.10757,1.00,1.00
2018.02.22 15:38:02.204,8.10605,8.10751,1.00,1.00
2018.02.22 15:38:02.256,8.10596,8.10738,1.00,1.00
2018.02.22 15:38:02.993,8.10592,8.10738,1.00,1.00
2018.02.22 15:38:03.044,8.10585,8.10725,1.00,1.00
2018.02.22 15:38:03.095,8.1058,8.10725,1.00,1.00
2018.02.22 15:38:03.203,8.1058,8.10712,1.00,1.00
2018.02.22 15:38:03.868,8.10584,8.10712,1.00,1.00
2018.02.22 15:38:04.173,8.10588,8.10712,1.00,1.00
2018.02.22 15:38:04.428,8.10588,8.10734,1.00,1.00
2018.02.22 15:38:05.224,8.10588,8.10742,1.00,1.00
2018.02.22 15:38:05.276,8.10596,8.10742,1.00,1.00
2018.02.22 15:38:05.796,8.10596,8.10745,1.00,1.00
2018.02.22 15:38:06.126,8.10595,8.10742,1.00,1.00
2018.02.22 15:38:06.383,8.10595,8.10744,1.00,1.00
2018.02.22 15:38:06.544,8.10605,8.10744,1.00,1.00
2018.02.22 15:38:06.884,8.10619,8.10761,1.00,1.00
2018.02.22 15:38:06.935,8.10611,8.10761,1.00,1.00
2018.02.22 15:38:06.986,8.10609,8.1076,1.00,1.00
2018.02.22 15:38:07.231,8.10609,8.10763,1.00,1.00
2018.02.22 15:38:07.562,8.10609,8.10758,1.00,1.00
2018.02.22 15:38:07.864,8.10609,8.10761,1.00,1.00
2018.02.22 15:38:07.916,8.10615,8.10761,1.00,1.00
2018.02.22 15:38:08.224,8.1062,8.10761,1.00,1.00
2018.02.22 15:38:08.275,8.1062,8.10769,1.00,1.00
2018.02.22 15:38:08.904,8.1062,8.10768,1.00,1.00
2018.02.22 15:38:09.035,8.1062,8.10765,1.00,1.00
2018.02.22 15:38:09.603,8.1062,8.10766,1.00,1.00
2018.02.22 15:38:10.464,8.10617,8.10765,1.00,1.00
2018.02.22 15:38:10.929,8.10605,8.10764,1.00,1.00
2018.02.22 15:38:10.982,8.10598,8.10748,1.00,1.00
2018.02.22 15:38:11.186,8.10595,8.10748,1.00,1.00
2018.02.22 15:38:11.289,8.10595,8.10737,1.00,1.00
2018.02.22 15:38:11.531,8.10591,8.10737,1.00,1.00
2018.02.22 15:38:11.860,8.10591,8.10733,1.00,1.00
2018.02.22 15:38:12.156,8.10586,8.10733,1.00,1.00
2018.02.22 15:38:12.216,8.10565,8.10728,1.00,1.00
2018.02.22 15:38:12.267,8.10574,8.10728,1.00,1.00
2018.02.22 15:38:12.319,8.10569,8.10728,1.00,1.00
2018.02.22 15:38:12.424,8.1058,8.10709,1.00,1.00
2018.02.22 15:38:12.691,8.1058,8.10715,1.00,1.00
2018.02.22 15:38:13.282,8.1058,8.10718,1.00,1.00
2018.02.22 15:38:13.499,8.10571,8.10718,1.00,1.00
2018.02.22 15:38:13.601,8.10578,8.10718,1.00,1.00
2018.02.22 15:38:14.143,8.10578,8.10717,1.00,1.00
2018.02.22 15:38:14.584,8.10578,8.10715,1.00,1.00
2018.02.22 15:38:15.181,8.10578,8.10714,1.00,1.00
2018.02.22 15:38:15.426,8.10566,8.10714,1.00,1.00
2018.02.22 15:38:15.521,8.10561,8.10714,1.00,1.00
2018.02.22 15:38:15.572,8.10565,8.10714,1.00,1.00
2018.02.22 15:38:15.674,8.10531,8.10696,1.00,1.00
2018.02.22 15:38:15.725,8.10527,8.10684,1.00,1.00
2018.02.22 15:38:16.028,8.10536,8.10678,1.00,1.00
2018.02.22 15:38:16.181,8.10536,8.10698,1.00,1.00
2018.02.22 15:38:16.232,8.10544,8.10698,1.00,1.00
2018.02.22 15:38:17.178,8.1056,8.10716,1.00,1.00
2018.02.22 15:38:17.229,8.10551,8.10716,1.00,1.50
2018.02.22 15:38:17.331,8.10562,8.10716,1.00,1.00
2018.02.22 15:38:17.484,8.10548,8.10713,1.00,1.00
2018.02.22 15:38:17.535,8.10549,8.10697,1.00,1.00
2018.02.22 15:38:17.687,8.10567,8.10718,1.00,1.00
2018.02.22 15:38:18.357,8.10567,8.10717,1.00,1.00
2018.02.22 15:38:19.295,8.10567,8.10722,1.00,1.00
2018.02.22 15:38:20.468,8.10567,8.10721,1.00,1.00
2018.02.22 15:38:20.620,8.10561,8.10721,1.00,1.00
2018.02.22 15:38:20.795,8.10561,8.10715,1.00,1.00
2018.02.22 15:38:21.705,8.10562,8.10715,1.00,1.00
2018.02.22 15:38:22.111,8.10557,8.10705,1.00,1.00
2018.02.22 15:38:22.420,8.10564,8.10705,1.00,1.00
2018.02.22 15:38:22.746,8.10569,8.10705,1.00,1.00
2018.02.22 15:38:23.112,8.10565,8.10705,1.00,1.00
2018.02.22 15:38:23.453,8.1056,8.10705,1.00,1.00
2018.02.22 15:38:24.493,8.10555,8.10705,1.00,1.00
2018.02.22 15:38:24.798,8.10564,8.10705,1.00,1.00
2018.02.22 15:38:25.926,8.10569,8.10705,1.00,1.00
2018.02.22 15:38:26.228,8.10628,8.10739,1.00,1.00
2018.02.22 15:38:26.280,8.10612,8.10743,1.00,1.00
2018.02.22 15:38:26.332,8.10619,8.10743,1.00,1.00
2018.02.22 15:38:26.719,8.10611,8.10743,1.00,1.00
2018.02.22 15:38:26.770,8.10579,8.10729,1.00,1.00
2018.02.22 15:38:27.137,8.10584,8.10729,1.00,1.00
2018.02.22 15:38:27.239,8.106,8.10747,1.00,1.00
2018.02.22 15:38:27.289,8.10604,8.10747,1.00,1.00
2018.02.22 15:38:27.340,8.10604,8.1076,1.00,1.00
2018.02.22 15:38:27.391,8.10604,8.10764,1.00,1.00
2018.02.22 15:38:27.442,8.10588,8.10747,1.00,1.00
2018.02.22 15:38:27.493,8.10584,8.10747,1.00,1.00
2018.02.22 15:38:27.679,8.10584,8.10713,1.00,1.00
2018.02.22 15:38:27.934,8.10584,8.10732,1.00,1.00
2018.02.22 15:38:27.985,8.10584,8.10714,1.00,1.00
2018.02.22 15:38:28.087,8.10584,8.10733,1.00,1.00
2018.02.22 15:38:28.138,8.10566,8.10733,1.12,1.00
2018.02.22 15:38:28.241,8.10541,8.10714,1.37,1.00
2018.02.22 15:38:28.292,8.10541,8.10714,1.37,1.00
2018.02.22 15:38:28.449,8.10572,8.10714,1.00,1.00
2018.02.22 15:38:28.849,8.10563,8.10714,1.00,1.00
2018.02.22 15:38:29.003,8.10555,8.10693,1.00,1.00
2018.02.22 15:38:29.054,8.10546,8.10693,1.00,1.00
2018.02.22 15:38:29.105,8.10538,8.10693,1.00,1.00
2018.02.22 15:38:29.207,8.1054,8.10673,1.00,1.00
2018.02.22 15:38:29.258,8.1054,8.10676,1.00,1.00
2018.02.22 15:38:29.484,8.10559,8.10699,1.00,1.00
2018.02.22 15:38:29.586,8.10594,8.10725,1.00,1.00
2018.02.22 15:38:29.637,8.10584,8.10719,1.00,1.00
2018.02.22 15:38:29.740,8.10596,8.10733,1.00,1.00
2018.02.22 15:38:29.791,8.10588,8.10714,1.00,1.00
2018.02.22 15:38:30.252,8.10591,8.10714,1.00,1.00
2018.02.22 15:38:30.762,8.1059,8.10714,1.00,1.00
2018.02.22 15:38:31.385,8.10582,8.10714,1.00,1.00
2018.02.22 15:38:31.589,8.10595,8.10714,1.00,1.00
2018.02.22 15:38:31.640,8.10595,8.10716,1.00,1.00
2018.02.22 15:38:31.691,8.1059,8.10716,1.00,1.00
2018.02.22 15:38:31.742,8.10586,8.10716,1.00,1.00
2018.02.22 15:38:31.844,8.10576,8.1072,1.00,1.00
2018.02.22 15:38:32.991,8.10572,8.1072,1.37,1.00
2018.02.22 15:38:33.508,8.10572,8.1072,1.00,1.00
2018.02.22 15:38:35.521,8.10568,8.1072,1.00,1.00
2018.02.22 15:38:35.572,8.10566,8.1072,1.00,1.00
2018.02.22 15:38:35.622,8.10566,8.10713,1.00,1.00
2018.02.22 15:38:36.128,8.10565,8.10713,1.00,1.00
2018.02.22 15:38:36.673,8.10564,8.10713,1.00,1.00
2018.02.22 15:38:36.976,8.1057,8.10713,1.00,1.00
2018.02.22 15:38:37.078,8.10564,8.10713,1.00,1.00
2018.02.22 15:38:37.379,8.1057,8.10713,1.00,1.00
2018.02.22 15:38:38.080,8.10574,8.10713,1.00,1.00
2018.02.22 15:38:38.468,8.10568,8.10713,1.00,1.00
2018.02.22 15:38:38.601,8.10578,8.10713,1.00,1.00
2018.02.22 15:38:38.653,8.10578,8.10729,1.00,1.00
2018.02.22 15:38:39.145,8.10587,8.10729,1.00,1.00
2018.02.22 15:38:40.175,8.10574,8.10729,1.00,1.00
2018.02.22 15:38:40.226,8.10583,8.10729,1.00,1.00
2018.02.22 15:38:41.599,8.10586,8.10729,1.00,1.00
2018.02.22 15:38:42.157,8.10586,8.10726,1.00,1.00
2018.02.22 15:38:42.209,8.10573,8.10726,1.00,1.00
2018.02.22 15:38:42.465,8.10573,8.10719,1.00,1.00
2018.02.22 15:38:43.231,8.10582,8.10719,1.00,1.00
2018.02.22 15:38:43.282,8.10578,8.10719,1.00,1.00
2018.02.22 15:38:43.750,8.10568,8.10719,1.00,1.00
2018.02.22 15:38:44.181,8.10568,8.10695,1.00,1.00
2018.02.22 15:38:44.910,8.10558,8.10695,1.00,1.00
2018.02.22 15:38:45.894,8.10554,8.10695,1.00,1.00
2018.02.22 15:38:45.946,8.10546,8.10695,1.00,1.00
2018.02.22 15:38:46.362,8.10528,8.10676,1.00,1.00
2018.02.22 15:38:46.414,8.10494,8.10655,1.00,1.00
2018.02.22 15:38:46.466,8.10497,8.10639,1.00,1.00
2018.02.22 15:38:46.620,8.10494,8.10639,1.00,1.00
2018.02.22 15:38:46.677,8.10497,8.10639,1.00,1.00
2018.02.22 15:38:46.856,8.10512,8.10677,1.00,1.00
2018.02.22 15:38:46.908,8.10538,8.1067,1.00,1.00
2018.02.22 15:38:47.214,8.10538,8.10681,1.00,1.00
2018.02.22 15:38:47.271,8.10538,8.10683,1.00,1.00
2018.02.22 15:38:48.039,8.10534,8.10683,1.00,1.00
2018.02.22 15:38:48.090,8.10534,8.1066,1.00,1.00
2018.02.22 15:38:48.193,8.10529,8.1066,1.00,1.00
2018.02.22 15:38:48.896,8.10521,8.1066,1.00,1.00
2018.02.22 15:38:49.198,8.10515,8.1066,1.00,1.00
2018.02.22 15:38:49.250,8.10489,8.10643,1.00,1.00
2018.02.22 15:38:49.301,8.10494,8.10643,1.00,1.00
2018.02.22 15:38:49.353,8.1049,8.10643,1.00,1.00
2018.02.22 15:38:49.462,8.10486,8.10643,1.00,1.00
2018.02.22 15:38:49.513,8.10495,8.10643,1.00,1.00
2018.02.22 15:38:49.826,8.10503,8.10643,1.00,1.00
2018.02.22 15:38:50.399,8.10499,8.10643,1.00,1.00
2018.02.22 15:38:51.292,8.10539,8.10643,1.00,1.00
2018.02.22 15:38:51.344,8.10548,8.10665,1.00,1.00
2018.02.22 15:38:51.396,8.10537,8.10684,1.00,1.00
2018.02.22 15:38:51.559,8.10579,8.10715,1.00,1.00
2018.02.22 15:38:51.905,8.10584,8.10712,1.00,1.00
2018.02.22 15:38:52.217,8.10599,8.10712,1.00,1.00
2018.02.22 15:38:52.306,8.10599,8.1073,1.00,1.00
2018.02.22 15:38:52.357,8.10599,8.10745,1.00,1.00
2018.02.22 15:38:52.460,8.10596,8.10741,1.00,1.00
2018.02.22 15:38:52.511,8.10594,8.10741,1.00,1.00
2018.02.22 15:38:53.062,8.10586,8.10741,1.00,1.00
2018.02.22 15:38:53.711,8.10585,8.10741,1.00,1.00
2018.02.22 15:38:53.762,8.10585,8.10724,1.00,1.00
2018.02.22 15:38:53.814,8.10575,8.10724,1.00,1.00
2018.02.22 15:38:53.865,8.10575,8.10705,1.00,1.00
2018.02.22 15:38:55.199,8.10566,8.10705,1.00,1.00
2018.02.22 15:38:55.250,8.10558,8.10689,1.00,1.00
2018.02.22 15:38:56.327,8.10561,8.10689,1.00,1.00
2018.02.22 15:38:56.654,8.10552,8.10689,1.00,1.00
2018.02.22 15:38:56.706,8.10548,8.10689,1.00,1.00
2018.02.22 15:38:56.757,8.10557,8.10689,1.00,1.00
2018.02.22 15:38:57.108,8.10561,8.10689,1.00,1.00
2018.02.22 15:38:57.261,8.10558,8.10689,1.00,1.00
2018.02.22 15:38:57.313,8.10554,8.10689,1.00,1.00
2018.02.22 15:38:57.675,8.10543,8.10689,1.00,1.00
2018.02.22 15:38:57.726,8.10549,8.10689,1.00,1.00
2018.02.22 15:38:58.007,8.10537,8.10689,1.00,1.00
2018.02.22 15:38:58.125,8.10542,8.10689,1.00,1.00
2018.02.22 15:38:58.429,8.10542,8.10671,1.00,1.00
2018.02.22 15:38:58.815,8.10545,8.10671,1.00,1.00
2018.02.22 15:38:59.047,8.10542,8.10671,1.00,1.00
2018.02.22 15:38:59.375,8.10546,8.10671,1.00,1.00
2018.02.22 15:38:59.861,8.10552,8.10671,1.00,1.00
2018.02.22 15:39:00.344,8.10555,8.10671,1.00,1.00
2018.02.22 15:39:00.590,8.10551,8.10671,1.00,1.00
2018.02.22 15:39:01.352,8.10552,8.10671,1.00,1.00
2018.02.22 15:39:02.313,8.10544,8.10671,1.00,1.00
2018.02.22 15:39:03.394,8.1054,8.10671,1.00,1.00
2018.02.22 15:39:03.863,8.10534,8.10671,1.00,1.00
2018.02.22 15:39:06.455,8.10538,8.10671,1.00,1.00
2018.02.22 15:39:06.773,8.10551,8.10687,1.00,1.00
2018.02.22 15:39:06.824,8.10545,8.10687,1.00,1.00
2018.02.22 15:39:06.875,8.1054,8.10687,1.00,1.00
2018.02.22 15:39:06.927,8.10543,8.10687,1.00,1.00
2018.02.22 15:39:08.531,8.10541,8.10687,1.00,1.00
2018.02.22 15:39:09.202,8.10583,8.10687,1.00,1.00
2018.02.22 15:39:09.514,8.1057,8.10705,1.00,1.00
2018.02.22 15:39:09.667,8.10557,8.10684,1.00,1.00
2018.02.22 15:39:09.719,8.10554,8.10684,1.00,1.00
2018.02.22 15:39:09.770,8.10564,8.10684,1.00,1.00
2018.02.22 15:39:10.085,8.10567,8.10684,1.00,1.00
2018.02.22 15:39:10.382,8.10564,8.10684,1.00,1.00
2018.02.22 15:39:10.435,8.10575,8.10684,1.00,1.00
2018.02.22 15:39:10.487,8.10591,8.10706,1.00,1.00
2018.02.22 15:39:10.538,8.10598,8.10706,1.00,1.00
2018.02.22 15:39:10.873,8.10603,8.10706,1.00,1.00
2018.02.22 15:39:11.263,8.10603,8.10727,1.00,1.00
2018.02.22 15:39:11.542,8.10614,8.10727,1.00,1.00
2018.02.22 15:39:11.720,8.10633,8.10759,1.00,1.00
2018.02.22 15:39:11.821,8.10639,8.10759,1.00,1.00
2018.02.22 15:39:11.872,8.10635,8.10759,1.00,1.00
2018.02.22 15:39:11.923,8.10643,8.10759,1.00,1.00
2018.02.22 15:39:12.130,8.10625,8.10759,1.00,1.00
2018.02.22 15:39:12.181,8.10621,8.10759,1.00,1.00
2018.02.22 15:39:12.232,8.10601,8.10759,1.00,1.00
2018.02.22 15:39:12.427,8.10695,8.10813,1.00,1.00
2018.02.22 15:39:12.478,8.1067,8.10813,1.00,1.00
2018.02.22 15:39:12.529,8.10691,8.10813,1.00,1.00
2018.02.22 15:39:12.681,8.10678,8.10816,1.00,1.00
2018.02.22 15:39:12.783,8.10666,8.10816,1.00,1.00
2018.02.22 15:39:12.934,8.10675,8.10815,1.00,1.00
2018.02.22 15:39:13.143,8.10648,8.10795,1.00,1.00
2018.02.22 15:39:13.244,8.10632,8.10775,1.00,1.00
2018.02.22 15:39:13.396,8.10626,8.10775,1.00,1.00
2018.02.22 15:39:13.447,8.10641,8.10775,1.00,1.00
2018.02.22 15:39:13.788,8.10633,8.1078,1.00,1.50
2018.02.22 15:39:14.096,8.10634,8.10778,1.00,1.00
2018.02.22 15:39:14.445,8.10634,8.10775,1.00,1.00
2018.02.22 15:39:14.546,8.1063,8.10775,1.00,1.00
2018.02.22 15:39:14.707,8.1063,8.10769,1.00,1.00
2018.02.22 15:39:15.019,8.1064,8.10777,1.00,1.00
2018.02.22 15:39:15.339,8.1064,8.1078,1.00,1.00
2018.02.22 15:39:15.390,8.10636,8.1078,1.00,1.00
2018.02.22 15:39:15.441,8.10638,8.1078,1.00,1.00
2018.02.22 15:39:15.744,8.10639,8.10768,1.00,1.00
2018.02.22 15:39:16.038,8.10646,8.1078,1.00,1.00
2018.02.22 15:39:17.013,8.10641,8.1078,1.00,1.00
2018.02.22 15:39:17.214,8.10641,8.10777,1.00,1.00
2018.02.22 15:39:17.815,8.10626,8.10747,1.00,1.00
2018.02.22 15:39:17.866,8.10606,8.10747,1.00,1.00
2018.02.22 15:39:17.917,8.10612,8.10747,1.00,1.00
2018.02.22 15:39:18.119,8.10632,8.10775,1.00,1.00
2018.02.22 15:39:18.366,8.10625,8.10775,1.00,1.00
2018.02.22 15:39:18.417,8.10612,8.10769,1.00,1.00
2018.02.22 15:39:18.629,8.1063,8.10771,1.00,1.00
2018.02.22 15:39:18.731,8.1063,8.10775,1.00,1.00
2018.02.22 15:39:19.023,8.10625,8.10774,1.00,1.00
2018.02.22 15:39:19.152,8.10601,8.10747,1.00,1.00
2018.02.22 15:39:19.466,8.10623,8.10763,1.00,1.00
2018.02.22 15:39:19.620,8.10615,8.10763,1.00,1.00
2018.02.22 15:39:19.672,8.10615,8.10758,1.00,1.00
2018.02.22 15:39:19.778,8.10609,8.10758,1.00,1.00
2018.02.22 15:39:19.829,8.10612,8.10758,1.00,1.00
2018.02.22 15:39:20.184,8.10608,8.10758,1.00,1.00
2018.02.22 15:39:20.395,8.10594,8.10741,1.00,1.00
2018.02.22 15:39:20.896,8.1059,8.10741,1.00,1.00
2018.02.22 15:39:21.128,8.10583,8.10738,1.50,1.00
2018.02.22 15:39:21.518,8.10582,8.10723,1.00,1.00
2018.02.22 15:39:21.624,8.1056,8.10706,1.00,1.00
2018.02.22 15:39:21.689,8.10566,8.10706,1.00,1.00
2018.02.22 15:39:21.792,8.10564,8.10706,1.00,1.00
2018.02.22 15:39:21.843,8.10571,8.10706,1.00,1.00
2018.02.22 15:39:21.946,8.10569,8.10706,1.00,1.00
2018.02.22 15:39:22.330,8.10571,8.10706,1.00,1.00
2018.02.22 15:39:22.634,8.10612,8.10732,1.00,1.00
2018.02.22 15:39:22.830,8.10628,8.10756,1.00,1.00
2018.02.22 15:39:22.881,8.10611,8.10743,1.00,1.00
2018.02.22 15:39:23.137,8.10622,8.10751,1.00,1.00
2018.02.22 15:39:23.188,8.10622,8.1076,1.00,1.00
2018.02.22 15:39:23.290,8.10618,8.10748,1.00,1.00
2018.02.22 15:39:23.448,8.10618,8.10761,1.00,1.00
2018.02.22 15:39:23.576,8.10616,8.10747,1.00,1.00
2018.02.22 15:39:23.631,8.10641,8.1078,1.00,1.00
2018.02.22 15:39:23.695,8.10641,8.10765,1.00,1.00
2018.02.22 15:39:23.851,8.10649,8.10783,1.00,1.00
2018.02.22 15:39:23.903,8.10639,8.10783,1.00,1.00
2018.02.22 15:39:23.959,8.10642,8.10783,1.00,1.00
2018.02.22 15:39:24.314,8.10659,8.10786,1.00,1.00
2018.02.22 15:39:24.417,8.10649,8.10786,1.00,1.00
2018.02.22 15:39:24.472,8.10637,8.10786,1.00,1.00
2018.02.22 15:39:24.523,8.10641,8.10786,1.00,1.00
2018.02.22 15:39:24.628,8.10641,8.10788,1.00,1.50
2018.02.22 15:39:25.052,8.10661,8.10788,1.00,1.50
2018.02.22 15:39:25.204,8.10653,8.10788,1.00,1.50
2018.02.22 15:39:25.407,8.10673,8.10788,1.00,1.00
2018.02.22 15:39:25.458,8.10652,8.10788,1.00,1.00
2018.02.22 15:39:25.509,8.10657,8.10788,1.00,1.00
2018.02.22 15:39:25.563,8.10657,8.10798,1.00,1.00
2018.02.22 15:39:25.818,8.10669,8.10804,1.00,1.00
2018.02.22 15:39:26.159,8.10684,8.10804,1.00,1.00
2018.02.22 15:39:26.555,8.10684,8.10809,1.00,1.00
2018.02.22 15:39:26.632,8.1068,8.10809,1.00,1.00
2018.02.22 15:39:26.682,8.10716,8.10809,1.00,1.00
2018.02.22 15:39:26.733,8.10705,8.10834,1.00,1.00
2018.02.22 15:39:26.784,8.10699,8.10834,1.00,1.00
2018.02.22 15:39:26.835,8.1069,8.10834,1.00,1.00
2018.02.22 15:39:26.886,8.10668,8.10817,1.00,1.00
2018.02.22 15:39:26.937,8.10666,8.10807,1.00,1.00
2018.02.22 15:39:27.238,8.10665,8.10794,1.00,1.00
2018.02.22 15:39:27.340,8.10663,8.10796,1.00,1.00
2018.02.22 15:39:27.392,8.10657,8.10796,1.00,1.00
2018.02.22 15:39:27.444,8.10667,8.10796,1.00,1.00
2018.02.22 15:39:27.768,8.10707,8.10831,1.00,1.00
2018.02.22 15:39:27.819,8.10682,8.10831,1.00,1.00
2018.02.22 15:39:27.869,8.10671,8.108,1.00,1.00
2018.02.22 15:39:28.173,8.10676,8.10812,1.00,1.00
2018.02.22 15:39:28.518,8.10699,8.10812,1.00,1.00
2018.02.22 15:39:28.569,8.10702,8.10835,1.00,1.00
2018.02.22 15:39:28.619,8.10714,8.10835,1.00,1.00
2018.02.22 15:39:28.775,8.10723,8.10853,1.00,1.00
2018.02.22 15:39:28.977,8.10702,8.10855,1.00,1.00
2018.02.22 15:39:29.027,8.10679,8.10832,1.00,1.00
2018.02.22 15:39:29.364,8.1069,8.10843,1.00,1.00
2018.02.22 15:39:29.669,8.10695,8.10845,1.00,1.00
2018.02.22 15:39:30.016,8.1069,8.10841,1.00,1.00
2018.02.22 15:39:30.117,8.10685,8.10815,1.00,1.00
2018.02.22 15:39:30.319,8.10676,8.10815,1.00,1.00
2018.02.22 15:39:30.420,8.10683,8.10815,1.00,1.00
2018.02.22 15:39:30.471,8.10679,8.10815,1.00,1.00
2018.02.22 15:39:30.688,8.10674,8.10815,1.00,1.00
2018.02.22 15:39:31.106,8.1067,8.10815,1.00,1.00
2018.02.22 15:39:31.884,8.10688,8.10815,1.00,1.00
2018.02.22 15:39:31.935,8.10688,8.10831,1.00,1.00
2018.02.22 15:39:32.080,8.10682,8.10831,1.00,1.00
2018.02.22 15:39:32.131,8.10671,8.10813,1.00,1.00
2018.02.22 15:39:33.219,8.10691,8.10813,1.00,1.00
2018.02.22 15:39:33.271,8.107,8.10839,1.00,1.00
2018.02.22 15:39:33.322,8.10686,8.10838,1.00,1.00
2018.02.22 15:39:33.373,8.10688,8.10839,1.00,1.00
2018.02.22 15:39:33.424,8.10685,8.10837,1.00,1.00
2018.02.22 15:39:33.510,8.10679,8.10832,1.00,1.00
2018.02.22 15:39:33.561,8.10681,8.10834,1.00,1.00
2018.02.22 15:39:33.872,8.1069,8.10839,1.00,1.00
2018.02.22 15:39:33.974,8.10699,8.1085,1.00,1.00
2018.02.22 15:39:34.025,8.1069,8.10842,1.00,1.00
2018.02.22 15:39:34.076,8.1069,8.10838,1.00,1.00
2018.02.22 15:39:34.815,8.10693,8.10838,1.00,1.00
2018.02.22 15:39:35.196,8.10752,8.10878,1.00,1.00
2018.02.22 15:39:35.247,8.10752,8.109,1.00,1.00
2018.02.22 15:39:35.816,8.10743,8.10896,1.00,1.00
2018.02.22 15:39:36.231,8.10745,8.10897,1.00,1.00
2018.02.22 15:39:36.613,8.10747,8.10899,1.00,1.00
2018.02.22 15:39:36.960,8.10714,8.10865,1.00,1.00
2018.02.22 15:39:37.401,8.10732,8.1088,1.00,1.00
2018.02.22 15:39:37.557,8.1074,8.10889,1.00,1.00
2018.02.22 15:39:37.659,8.10738,8.10889,1.00,1.00
2018.02.22 15:39:37.710,8.10738,8.1088,1.00,1.00
2018.02.22 15:39:38.117,8.10747,8.1088,1.00,1.00
2018.02.22 15:39:38.169,8.10718,8.10863,1.00,1.00
2018.02.22 15:39:38.224,8.10709,8.10862,1.00,1.00
2018.02.22 15:39:38.330,8.10744,8.10863,1.00,1.00
2018.02.22 15:39:38.484,8.10771,8.10909,1.00,1.00
2018.02.22 15:39:38.536,8.10781,8.10909,1.00,1.00
2018.02.22 15:39:38.587,8.10758,8.10908,1.00,1.00
2018.02.22 15:39:38.734,8.10767,8.10915,1.00,1.00
2018.02.22 15:39:39.039,8.10775,8.1092,1.00,1.00
2018.02.22 15:39:39.090,8.10765,8.10916,1.00,1.00
2018.02.22 15:39:39.141,8.1077,8.1092,1.00,1.00
2018.02.22 15:39:39.459,8.10772,8.10922,1.00,1.00
2018.02.22 15:39:39.918,8.10765,8.10914,1.00,1.00
2018.02.22 15:39:40.320,8.10759,8.1091,1.00,1.00
2018.02.22 15:39:40.371,8.10765,8.10914,1.00,1.00
2018.02.22 15:39:40.473,8.10758,8.10909,1.00,1.00
2018.02.22 15:39:40.524,8.10757,8.10895,1.00,1.00
2018.02.22 15:39:40.628,8.10753,8.10895,1.00,1.00
2018.02.22 15:39:40.679,8.10748,8.10895,1.00,1.00
2018.02.22 15:39:40.811,8.10744,8.10886,1.00,1.00
2018.02.22 15:39:41.149,8.10736,8.10884,1.00,1.00
2018.02.22 15:39:41.513,8.10736,8.10881,1.00,1.00
2018.02.22 15:39:42.031,8.10735,8.10884,1.00,1.00
2018.02.22 15:39:42.331,8.10735,8.10886,1.00,1.50
2018.02.22 15:39:42.614,8.10735,8.10882,1.00,1.00
2018.02.22 15:39:42.954,8.10756,8.10889,1.00,1.00
2018.02.22 15:39:43.106,8.10737,8.10889,1.00,1.00
2018.02.22 15:39:43.157,8.10733,8.10872,1.00,1.00
2018.02.22 15:39:43.620,8.10724,8.10872,1.00,1.00
2018.02.22 15:39:43.734,8.10713,8.10866,1.00,1.00
2018.02.22 15:39:43.937,8.10706,8.10856,1.00,1.00
2018.02.22 15:39:44.271,8.10699,8.10846,1.00,1.00
2018.02.22 15:39:44.598,8.10696,8.10839,1.00,1.00
2018.02.22 15:39:44.649,8.10688,8.10839,1.00,1.00
2018.02.22 15:39:45.278,8.10687,8.10839,1.00,1.50
2018.02.22 15:39:45.328,8.10686,8.10811,1.00,1.00
2018.02.22 15:39:45.437,8.10692,8.10833,1.00,1.00
2018.02.22 15:39:46.339,8.1068,8.1083,1.00,1.00
2018.02.22 15:39:47.023,8.10679,8.10829,1.00,1.00
2018.02.22 15:39:47.094,8.10675,8.10827,1.00,1.00
2018.02.22 15:39:48.729,8.10675,8.1081,1.00,1.00
2018.02.22 15:39:49.039,8.10684,8.10806,1.00,1.00
2018.02.22 15:39:49.572,8.10687,8.10806,1.00,1.00
2018.02.22 15:39:49.840,8.10682,8.10806,1.00,1.00
2018.02.22 15:39:49.891,8.10682,8.10802,1.00,1.00
2018.02.22 15:39:50.280,8.1069,8.10802,1.00,1.00
2018.02.22 15:39:50.534,8.10694,8.10824,1.00,1.00
2018.02.22 15:39:51.132,8.10685,8.10824,1.00,1.00
2018.02.22 15:39:51.384,8.10682,8.10801,1.00,1.00
2018.02.22 15:39:51.435,8.10682,8.10819,1.00,1.00
2018.02.22 15:39:51.826,8.10675,8.10819,1.00,1.00
2018.02.22 15:39:52.434,8.10675,8.10802,1.00,1.00
2018.02.22 15:39:52.536,8.10664,8.10802,1.00,1.00
2018.02.22 15:39:52.587,8.10678,8.10802,1.00,1.00
2018.02.22 15:39:52.989,8.10716,8.10841,1.00,1.00
2018.02.22 15:39:53.041,8.1072,8.10841,1.00,1.00
2018.02.22 15:39:53.143,8.1072,8.10866,1.00,1.00
2018.02.22 15:39:53.988,8.10715,8.10866,1.00,1.00
2018.02.22 15:39:54.040,8.10711,8.10864,1.00,1.00
2018.02.22 15:39:55.389,8.10708,8.10854,1.00,1.00
2018.02.22 15:39:55.733,8.10689,8.10825,1.00,1.00
2018.02.22 15:39:55.836,8.10683,8.10825,1.00,1.00
2018.02.22 15:39:55.887,8.10674,8.108,1.00,1.00
2018.02.22 15:39:55.939,8.10663,8.108,1.00,1.00
2018.02.22 15:39:55.990,8.1066,8.108,1.00,1.00
2018.02.22 15:39:56.269,8.1067,8.108,1.00,1.00
2018.02.22 15:39:56.583,8.10725,8.10822,1.00,1.00
2018.02.22 15:39:56.634,8.10725,8.10858,1.00,1.00
2018.02.22 15:39:56.786,8.10735,8.10858,1.00,1.00
2018.02.22 15:39:56.837,8.10735,8.1088,1.00,1.00
2018.02.22 15:39:56.888,8.10718,8.10862,1.00,1.00
2018.02.22 15:39:56.939,8.10712,8.10862,1.00,1.00
2018.02.22 15:39:57.096,8.10724,8.10862,1.00,1.00
2018.02.22 15:39:57.452,8.10733,8.10862,1.00,1.00
2018.02.22 15:39:58.168,8.10725,8.10862,1.00,1.00
2018.02.22 15:39:58.219,8.10728,8.10862,1.00,1.00
2018.02.22 15:39:58.544,8.1072,8.10841,1.00,1.00
2018.02.22 15:39:58.715,8.10711,8.10841,1.00,1.00
2018.02.22 15:39:58.766,8.10701,8.10841,1.00,1.00
2018.02.22 15:39:59.438,8.10693,8.10823,1.00,1.00
2018.02.22 15:40:00.236,8.10672,8.10807,1.00,1.00
2018.02.22 15:40:00.287,8.10663,8.10807,1.00,1.00
2018.02.22 15:40:01.159,8.10663,8.10786,1.00,1.00
2018.02.22 15:40:01.210,8.1066,8.10786,1.00,1.00
2018.02.22 15:40:01.314,8.10652,8.10786,1.00,1.00
2018.02.22 15:40:01.365,8.10659,8.10786,1.00,1.00
2018.02.22 15:40:01.704,8.10661,8.10786,1.00,1.00
2018.02.22 15:40:02.255,8.10662,8.10786,1.00,1.00
2018.02.22 15:40:03.262,8.10644,8.10786,1.00,1.00
2018.02.22 15:40:03.313,8.10586,8.10744,1.00,1.00
2018.02.22 15:40:03.416,8.10604,8.1076,1.00,1.00
2018.02.22 15:40:03.790,8.10604,8.10744,1.00,1.00
2018.02.22 15:40:04.136,8.10611,8.10744,1.00,1.00
2018.02.22 15:40:04.321,8.10557,8.10724,1.00,1.00
2018.02.22 15:40:04.372,8.10581,8.10727,1.00,1.00
2018.02.22 15:40:04.522,8.1053,8.10706,1.00,1.00
2018.02.22 15:40:04.573,8.10539,8.10687,1.00,1.00
2018.02.22 15:40:04.674,8.10554,8.10703,1.00,1.00
2018.02.22 15:40:04.725,8.10554,8.1069,1.00,1.00
2018.02.22 15:40:04.776,8.10547,8.1069,1.00,1.00
2018.02.22 15:40:04.881,8.10555,8.1069,1.00,1.00
2018.02.22 15:40:05.051,8.10551,8.1069,1.00,1.00
2018.02.22 15:40:05.729,8.10559,8.10705,1.00,1.00
2018.02.22 15:40:06.353,8.10568,8.1071,1.00,1.00
2018.02.22 15:40:06.684,8.10581,8.1071,1.00,1.00
2018.02.22 15:40:07.049,8.10627,8.10773,1.00,1.00
2018.02.22 15:40:07.100,8.10674,8.1079,1.00,1.00
2018.02.22 15:40:07.201,8.10699,8.10824,1.00,1.00
2018.02.22 15:40:07.252,8.10708,8.10824,1.00,1.00
2018.02.22 15:40:07.404,8.10749,8.10871,1.00,1.00
2018.02.22 15:40:07.455,8.10799,8.10888,1.00,1.00
2018.02.22 15:40:07.591,8.10731,8.10887,1.00,1.00
2018.02.22 15:40:07.642,8.10742,8.10893,1.00,1.00
2018.02.22 15:40:07.693,8.10738,8.10908,1.00,1.00
2018.02.22 15:40:07.744,8.10735,8.10891,1.00,1.00
2018.02.22 15:40:08.109,8.10703,8.10854,1.00,1.00
2018.02.22 15:40:08.419,8.10723,8.10871,1.00,1.00
2018.02.22 15:40:08.725,8.1073,8.10871,1.00,1.00
2018.02.22 15:40:09.043,8.10717,8.10848,1.00,1.00
2018.02.22 15:40:09.199,8.10705,8.10848,1.00,1.00
2018.02.22 15:40:09.251,8.107,8.1083,1.00,1.00
2018.02.22 15:40:09.354,8.10695,8.1083,1.00,1.00
2018.02.22 15:40:09.615,8.107,8.1083,1.00,1.00
2018.02.22 15:40:10.558,8.10702,8.1083,1.00,1.00
2018.02.22 15:40:11.570,8.10715,8.1083,1.00,1.00
2018.02.22 15:40:11.622,8.10719,8.10865,1.00,1.00
2018.02.22 15:40:11.761,8.10722,8.10866,1.00,1.00
2018.02.22 15:40:12.335,8.10715,8.10861,1.00,1.00
2018.02.22 15:40:12.611,8.10719,8.10865,1.00,1.00
2018.02.22 15:40:12.915,8.10733,8.10866,1.00,1.00
2018.02.22 15:40:13.160,8.1073,8.10866,1.00,1.00
2018.02.22 15:40:13.262,8.10733,8.10866,1.00,1.00
2018.02.22 15:40:13.590,8.1074,8.10883,1.00,1.00
2018.02.22 15:40:13.940,8.10733,8.10883,1.00,1.00
2018.02.22 15:40:14.505,8.10728,8.10881,1.00,1.00
2018.02.22 15:40:15.305,8.10744,8.10883,1.00,1.00
2018.02.22 15:40:15.356,8.10738,8.10883,1.00,1.00
2018.02.22 15:40:15.457,8.10734,8.10883,1.00,1.00
2018.02.22 15:40:15.612,8.10734,8.10862,1.00,1.00
2018.02.22 15:40:15.663,8.10725,8.10862,1.00,1.00
2018.02.22 15:40:15.804,8.10722,8.10862,1.00,1.00
2018.02.22 15:40:15.856,8.10734,8.10862,1.00,1.00
2018.02.22 15:40:15.908,8.1073,8.10862,1.00,1.00
2018.02.22 15:40:15.960,8.10725,8.10862,1.00,1.00
2018.02.22 15:40:16.113,8.1074,8.10882,1.00,1.00
2018.02.22 15:40:16.164,8.10763,8.10882,1.00,1.00
2018.02.22 15:40:16.339,8.10777,8.10929,1.00,1.00
2018.02.22 15:40:16.389,8.10772,8.10924,1.00,1.50
2018.02.22 15:40:16.693,8.10747,8.109,1.00,1.00
2018.02.22 15:40:16.743,8.10761,8.10907,1.00,1.00
2018.02.22 15:40:16.837,8.10754,8.10907,1.00,1.50
2018.02.22 15:40:16.941,8.10751,8.10903,1.00,1.00
2018.02.22 15:40:17.493,8.1075,8.10903,1.00,1.00
2018.02.22 15:40:17.798,8.10716,8.10866,1.00,1.00
2018.02.22 15:40:18.197,8.10732,8.10866,1.00,1.00
2018.02.22 15:40:18.358,8.10723,8.10866,1.00,1.00
2018.02.22 15:40:18.410,8.1072,8.10866,1.00,1.00
2018.02.22 15:40:18.698,8.10724,8.10866,1.00,1.00
2018.02.22 15:40:18.799,8.1072,8.10863,1.00,1.00
2018.02.22 15:40:18.850,8.10724,8.10863,1.00,1.00
2018.02.22 15:40:19.168,8.10748,8.10883,1.00,1.00
2018.02.22 15:40:19.269,8.10762,8.10901,1.00,1.00
2018.02.22 15:40:19.320,8.10768,8.10904,1.00,1.00
2018.02.22 15:40:19.573,8.108,8.1095,1.00,1.00
2018.02.22 15:40:19.690,8.10818,8.10952,1.00,1.00
2018.02.22 15:40:19.741,8.10817,8.10972,1.00,1.00
2018.02.22 15:40:19.843,8.10827,8.10952,1.00,1.00
2018.02.22 15:40:19.895,8.108,8.10966,1.00,1.00
2018.02.22 15:40:19.948,8.108,8.1095,1.00,1.00
2018.02.22 15:40:20.050,8.10797,8.1095,1.00,1.00
2018.02.22 15:40:20.102,8.10773,8.10918,1.00,1.00
2018.02.22 15:40:20.153,8.10769,8.10918,1.00,1.00
2018.02.22 15:40:20.535,8.10761,8.10896,1.00,1.00
2018.02.22 15:40:20.859,8.10756,8.10896,1.00,1.00
2018.02.22 15:40:21.244,8.10737,8.10874,1.00,1.00
2018.02.22 15:40:21.499,8.10731,8.10871,1.00,1.00
2018.02.22 15:40:21.550,8.10725,8.10871,1.00,1.00
2018.02.22 15:40:21.601,8.10718,8.1087,1.00,1.00
2018.02.22 15:40:21.702,8.10718,8.10854,1.00,1.00
2018.02.22 15:40:21.919,8.10703,8.1085,1.00,1.00
2018.02.22 15:40:21.970,8.10716,8.1085,1.00,1.00
2018.02.22 15:40:22.274,8.10706,8.10825,1.00,1.00
2018.02.22 15:40:22.767,8.10691,8.10806,1.00,1.00
2018.02.22 15:40:23.094,8.10695,8.10806,1.00,1.00
2018.02.22 15:40:24.151,8.1069,8.10806,1.00,1.00
2018.02.22 15:40:25.008,8.10707,8.10806,1.00,1.00
2018.02.22 15:40:25.060,8.10701,8.10806,1.00,1.00
2018.02.22 15:40:25.111,8.10706,8.10806,1.00,1.00
2018.02.22 15:40:25.497,8.10716,8.10827,1.00,1.00
2018.02.22 15:40:25.548,8.1072,8.10827,1.00,1.00
2018.02.22 15:40:25.813,8.10717,8.10827,1.00,1.00
2018.02.22 15:40:26.211,8.10721,8.10827,1.00,1.00
2018.02.22 15:40:26.627,8.10707,8.10827,1.00,1.00
2018.02.22 15:40:26.679,8.10704,8.10827,1.00,1.00
2018.02.22 15:40:26.832,8.10717,8.10827,1.00,1.00
2018.02.22 15:40:27.183,8.10722,8.10827,1.00,1.00
2018.02.22 15:40:27.297,8.10716,8.10827,1.00,1.00
2018.02.22 15:40:27.348,8.10712,8.10827,1.00,1.00
2018.02.22 15:40:27.500,8.10702,8.10827,1.00,1.00
2018.02.22 15:40:27.552,8.10685,8.10827,1.00,1.00
2018.02.22 15:40:27.603,8.10669,8.10813,1.00,1.00
2018.02.22 15:40:27.654,8.10637,8.10768,1.00,1.00
2018.02.22 15:40:27.990,8.10609,8.10741,1.00,1.00
2018.02.22 15:40:28.262,8.106,8.10743,1.00,1.00
2018.02.22 15:40:28.562,8.10596,8.10743,1.00,1.00
2018.02.22 15:40:28.874,8.10664,8.10797,1.00,1.00
2018.02.22 15:40:28.926,8.10667,8.10813,1.00,1.00
2018.02.22 15:40:28.977,8.10671,8.1081,1.37,1.00
2018.02.22 15:40:29.079,8.10682,8.10833,1.37,1.00
2018.02.22 15:40:29.130,8.10702,8.1085,1.00,1.00
2018.02.22 15:40:29.182,8.10702,8.1085,1.37,1.00
2018.02.22 15:40:29.386,8.10702,8.1085,1.00,1.00
2018.02.22 15:40:29.488,8.10707,8.1085,1.37,1.00
2018.02.22 15:40:29.691,8.10707,8.1085,1.37,1.00
2018.02.22 15:40:30.095,8.10729,8.1085,1.00,1.00
2018.02.22 15:40:30.197,8.10729,8.10877,1.00,1.00
2018.02.22 15:40:30.299,8.10748,8.10895,1.00,1.00
2018.02.22 15:40:30.667,8.10752,8.10897,1.00,1.00
2018.02.22 15:40:30.970,8.10756,8.10897,1.00,1.00
2018.02.22 15:40:31.072,8.10756,8.10918,1.00,1.00
2018.02.22 15:40:31.233,8.10764,8.10918,1.00,1.00
2018.02.22 15:40:31.847,8.10779,8.10935,1.00,1.00
2018.02.22 15:40:32.076,8.10774,8.10935,1.00,1.00
2018.02.22 15:40:32.452,8.10782,8.10935,1.00,1.00
2018.02.22 15:40:33.378,8.10802,8.10935,1.00,1.00
2018.02.22 15:40:33.429,8.108,8.10935,1.00,1.00
2018.02.22 15:40:34.489,8.10806,8.10935,1.00,1.00
2018.02.22 15:40:34.540,8.1081,8.10958,1.00,1.50
2018.02.22 15:40:35.196,8.10806,8.10954,1.00,1.00
2018.02.22 15:40:35.532,8.10801,8.1095,1.00,1.00
2018.02.22 15:40:36.194,8.10802,8.10959,1.00,1.00
2018.02.22 15:40:36.697,8.10803,8.10959,1.00,1.00
2018.02.22 15:40:37.314,8.10798,8.10954,1.00,1.00
2018.02.22 15:40:37.631,8.10807,8.10941,1.00,1.00
2018.02.22 15:40:37.682,8.10781,8.10929,1.00,1.00
2018.02.22 15:40:37.734,8.10773,8.10921,1.00,1.00
2018.02.22 15:40:38.434,8.10791,8.10939,1.00,1.00
2018.02.22 15:40:38.485,8.10794,8.10944,1.00,1.00
2018.02.22 15:40:39.284,8.10798,8.10944,1.00,1.00
2018.02.22 15:40:39.336,8.10798,8.10947,1.00,1.00
2018.02.22 15:40:39.436,8.10798,8.10961,1.00,1.00
2018.02.22 15:40:39.645,8.10794,8.10957,1.00,1.00
2018.02.22 15:40:40.736,8.1081,8.10959,1.00,1.00
2018.02.22 15:40:41.041,8.10816,8.10964,1.00,1.00
2018.02.22 15:40:41.319,8.10835,8.10984,1.00,1.00
2018.02.22 15:40:41.421,8.10831,8.10979,1.00,1.00
2018.02.22 15:40:41.472,8.10829,8.10978,1.00,1.00
2018.02.22 15:40:41.964,8.1082,8.10964,1.00,1.00
2018.02.22 15:40:42.341,8.10823,8.10964,1.00,1.00
2018.02.22 15:40:42.485,8.1082,8.10964,1.00,1.00
2018.02.22 15:40:42.536,8.10815,8.10964,1.00,1.50
2018.02.22 15:40:42.862,8.1081,8.10958,1.00,1.00
2018.02.22 15:40:43.167,8.10804,8.1095,1.00,1.00
2018.02.22 15:40:43.607,8.10762,8.1092,1.62,1.12
2018.02.22 15:40:43.658,8.1078,8.10895,1.00,1.00
2018.02.22 15:40:43.811,8.10725,8.10874,1.00,1.50
2018.02.22 15:40:43.862,8.10706,8.10852,1.00,1.00
2018.02.22 15:40:43.914,8.10713,8.10861,1.00,1.00
2018.02.22 15:40:44.016,8.10704,8.10852,1.00,1.00
2018.02.22 15:40:44.328,8.10704,8.10846,1.00,1.00
2018.02.22 15:40:45.381,8.10709,8.10846,1.00,1.00
2018.02.22 15:40:46.491,8.10711,8.10846,1.00,1.00
2018.02.22 15:40:47.175,8.10751,8.1086,1.00,1.00
2018.02.22 15:40:47.277,8.10769,8.10899,1.00,1.00
2018.02.22 15:40:47.328,8.10782,8.10907,1.00,1.00
2018.02.22 15:40:47.649,8.10794,8.1091,1.00,1.00
2018.02.22 15:40:47.750,8.10794,8.10928,1.00,1.00
2018.02.22 15:40:47.801,8.10797,8.10928,1.00,1.00
2018.02.22 15:40:48.026,8.10783,8.10928,1.00,1.00
2018.02.22 15:40:48.077,8.1078,8.1091,1.00,1.00
2018.02.22 15:40:48.179,8.10755,8.10888,1.00,1.00
2018.02.22 15:40:48.230,8.10755,8.10882,1.00,1.00
2018.02.22 15:40:48.333,8.10735,8.1087,1.00,1.00
2018.02.22 15:40:48.384,8.10736,8.10888,1.00,1.00
2018.02.22 15:40:48.434,8.10735,8.10886,1.00,1.00
2018.02.22 15:40:48.788,8.10736,8.10883,1.00,1.00
2018.02.22 15:40:49.092,8.10733,8.10868,1.00,1.00
2018.02.22 15:40:49.395,8.10743,8.10868,1.00,1.00
2018.02.22 15:40:49.830,8.10737,8.10868,1.00,1.00
2018.02.22 15:40:50.126,8.10734,8.10868,1.00,1.00
2018.02.22 15:40:50.285,8.10737,8.10868,1.00,1.00
2018.02.22 15:40:50.459,8.10739,8.10888,1.00,1.00
2018.02.22 15:40:50.560,8.10742,8.10888,1.00,1.00
2018.02.22 15:40:50.611,8.1074,8.10888,1.00,1.00
2018.02.22 15:40:50.764,8.10748,8.10888,1.00,1.00
2018.02.22 15:40:51.324,8.10747,8.10888,1.00,1.00
2018.02.22 15:40:51.625,8.1075,8.10888,1.00,1.00
2018.02.22 15:40:52.079,8.10754,8.10888,1.00,1.00
2018.02.22 15:40:52.384,8.1076,8.10888,1.00,1.00
2018.02.22 15:40:52.535,8.1076,8.10897,1.00,1.00
2018.02.22 15:40:52.639,8.10762,8.10897,1.00,1.00
2018.02.22 15:40:53.030,8.10768,8.10897,1.00,1.00
2018.02.22 15:40:53.410,8.10771,8.10897,1.00,1.00
2018.02.22 15:40:53.461,8.10777,8.10906,1.00,1.00
2018.02.22 15:40:53.513,8.10785,8.10925,1.00,1.00
2018.02.22 15:40:53.566,8.10788,8.10925,1.00,1.00
2018.02.22 15:40:53.771,8.10797,8.10945,1.00,1.50
2018.02.22 15:40:53.873,8.10793,8.10927,1.00,1.00
2018.02.22 15:40:54.443,8.10797,8.10927,1.00,1.00
2018.02.22 15:40:54.494,8.10788,8.10927,1.00,1.00
2018.02.22 15:40:54.545,8.10782,8.10927,1.00,1.00
2018.02.22 15:40:54.605,8.10778,8.10927,1.00,1.00
2018.02.22 15:40:54.657,8.10771,8.1091,1.00,1.00
2018.02.22 15:40:54.709,8.10767,8.1091,1.00,1.00
2018.02.22 15:40:54.760,8.10781,8.1091,1.00,1.00
2018.02.22 15:40:54.935,8.10777,8.1091,1.00,1.00
2018.02.22 15:40:55.262,8.10785,8.1091,1.00,1.00
2018.02.22 15:40:55.364,8.10786,8.10933,1.00,1.00
2018.02.22 15:40:55.657,8.10791,8.10933,1.00,1.00
2018.02.22 15:40:55.879,8.10788,8.10933,1.00,1.00
2018.02.22 15:40:56.119,8.10791,8.10933,1.00,1.00
2018.02.22 15:40:56.716,8.10807,8.10933,1.00,1.00
2018.02.22 15:40:57.030,8.10815,8.10933,1.00,1.00
2018.02.22 15:40:57.378,8.10824,8.10964,1.00,1.00
2018.02.22 15:40:57.530,8.10824,8.10968,1.00,1.00
2018.02.22 15:40:58.792,8.10833,8.10968,1.00,1.00
2018.02.22 15:40:58.843,8.10823,8.10968,1.00,1.00
2018.02.22 15:40:58.963,8.10816,8.10968,1.00,1.00
2018.02.22 15:40:59.013,8.10824,8.10954,1.00,1.00
2018.02.22 15:40:59.267,8.10817,8.1097,1.00,1.00
2018.02.22 15:40:59.368,8.10813,8.10968,1.00,1.00
2018.02.22 15:40:59.423,8.10822,8.1097,1.00,1.00
2018.02.22 15:40:59.754,8.10829,8.1097,1.00,1.00
2018.02.22 15:41:00.817,8.10826,8.1097,1.00,1.00
2018.02.22 15:41:00.969,8.10822,8.1097,1.00,1.00
2018.02.22 15:41:01.121,8.1083,8.10985,1.00,1.00
2018.02.22 15:41:01.172,8.10805,8.1096,1.00,1.00
2018.02.22 15:41:01.501,8.10807,8.10962,1.00,1.00
2018.02.22 15:41:02.052,8.10817,8.10969,1.00,1.00
2018.02.22 15:41:02.473,8.10825,8.10969,1.00,1.00
2018.02.22 15:41:02.779,8.1084,8.10969,1.00,1.00
2018.02.22 15:41:02.830,8.10844,8.10995,1.00,1.00
2018.02.22 15:41:02.882,8.10846,8.10966,1.00,1.00
2018.02.22 15:41:02.939,8.10826,8.10966,1.00,1.00
2018.02.22 15:41:02.992,8.10831,8.10941,1.00,1.00
2018.02.22 15:41:03.289,8.1079,8.10921,1.00,1.00
2018.02.22 15:41:03.349,8.10755,8.1091,1.87,1.00
2018.02.22 15:41:03.400,8.10755,8.10884,1.00,1.00
2018.02.22 15:41:03.452,8.10729,8.1088,1.20,1.00
2018.02.22 15:41:03.503,8.10722,8.10858,1.00,1.00
2018.02.22 15:41:03.900,8.10705,8.10836,1.00,1.00
2018.02.22 15:41:04.075,8.10695,8.10836,1.00,1.00
2018.02.22 15:41:04.330,8.10689,8.10836,1.00,1.00
2018.02.22 15:41:04.645,8.10685,8.10836,1.00,1.00
2018.02.22 15:41:05.045,8.10678,8.10836,1.37,1.00
2018.02.22 15:41:05.862,8.10682,8.10836,1.37,1.00
2018.02.22 15:41:06.220,8.10692,8.10836,1.00,1.00
2018.02.22 15:41:06.555,8.10668,8.10819,1.37,1.00
2018.02.22 15:41:07.861,8.10706,8.10819,1.00,1.00
2018.02.22 15:41:08.662,8.10706,8.10822,1.00,1.00
2018.02.22 15:41:10.504,8.10711,8.10822,1.00,1.00
2018.02.22 15:41:10.633,8.10723,8.10843,1.00,1.00
2018.02.22 15:41:10.684,8.10708,8.10843,1.00,1.00
2018.02.22 15:41:11.207,8.10709,8.10843,1.00,1.00
2018.02.22 15:41:11.902,8.10701,8.10843,1.00,1.00
2018.02.22 15:41:12.216,8.10698,8.10843,1.12,1.00
2018.02.22 15:41:12.355,8.10709,8.10843,1.00,1.00
2018.02.22 15:41:12.407,8.10703,8.10843,1.00,1.00
2018.02.22 15:41:12.611,8.10701,8.10843,1.00,1.00
2018.02.22 15:41:14.093,8.10698,8.10843,1.00,1.00
2018.02.22 15:41:14.728,8.107,8.10843,1.00,1.00
2018.02.22 15:41:15.182,8.10704,8.10843,1.00,1.00
2018.02.22 15:41:15.233,8.10699,8.10843,1.00,1.00
2018.02.22 15:41:15.284,8.10695,8.10843,1.00,1.50
2018.02.22 15:41:15.469,8.10698,8.10843,1.00,1.00
2018.02.22 15:41:15.783,8.10707,8.10843,1.00,1.00
2018.02.22 15:41:15.834,8.10697,8.10843,1.00,1.00
2018.02.22 15:41:15.885,8.10702,8.10843,1.00,1.00
2018.02.22 15:41:16.484,8.10696,8.10818,1.00,1.00
2018.02.22 15:41:16.833,8.10698,8.10818,1.00,1.00
2018.02.22 15:41:17.139,8.10694,8.10818,1.00,1.00
2018.02.22 15:41:17.191,8.10699,8.10818,1.00,1.00
2018.02.22 15:41:17.242,8.10697,8.10818,1.00,1.00
2018.02.22 15:41:17.693,8.1069,8.10836,1.00,1.00
2018.02.22 15:41:17.858,8.10686,8.10812,1.37,1.00
2018.02.22 15:41:18.010,8.10683,8.10812,1.00,1.00
2018.02.22 15:41:18.411,8.10689,8.1083,1.00,1.00
2018.02.22 15:41:18.462,8.10692,8.1083,1.00,1.00
2018.02.22 15:41:18.833,8.10701,8.1083,1.00,1.00
2018.02.22 15:41:18.884,8.10686,8.1083,1.00,1.00
2018.02.22 15:41:20.575,8.10704,8.1083,1.00,1.00
2018.02.22 15:41:20.626,8.10687,8.1083,1.00,1.00
2018.02.22 15:41:20.728,8.10687,8.1081,1.00,1.00
2018.02.22 15:41:20.829,8.10687,8.10829,1.37,1.00
2018.02.22 15:41:20.880,8.10687,8.10829,1.00,1.00
2018.02.22 15:41:20.931,8.10701,8.10829,1.00,1.00
2018.02.22 15:41:20.982,8.10709,8.10842,1.00,1.00
2018.02.22 15:41:21.399,8.10712,8.10842,1.00,1.00
2018.02.22 15:41:22.052,8.10711,8.10842,1.00,1.00
2018.02.22 15:41:23.444,8.10722,8.10842,1.00,1.00
2018.02.22 15:41:23.495,8.10712,8.10858,1.00,1.00
2018.02.22 15:41:23.546,8.10716,8.1084,1.00,1.00
2018.02.22 15:41:24.492,8.10713,8.1084,1.00,1.00
2018.02.22 15:41:25.095,8.10734,8.10857,1.00,1.00
2018.02.22 15:41:25.408,8.10764,8.10877,1.00,1.00
2018.02.22 15:41:25.564,8.10777,8.10898,1.00,1.00
2018.02.22 15:41:25.665,8.10775,8.10898,1.00,1.00
2018.02.22 15:41:25.716,8.10765,8.10898,1.00,1.00
2018.02.22 15:41:25.767,8.10783,8.10898,1.00,1.00
2018.02.22 15:41:25.819,8.10765,8.10898,1.00,1.00
2018.02.22 15:41:25.962,8.10759,8.10898,1.00,1.00
2018.02.22 15:41:26.701,8.1074,8.10883,1.00,1.00
2018.02.22 15:41:26.892,8.10735,8.10883,1.00,1.50
2018.02.22 15:41:26.943,8.10733,8.10852,1.00,1.00
2018.02.22 15:41:27.050,8.10725,8.10852,1.00,1.00
2018.02.22 15:41:27.102,8.10718,8.10852,1.00,1.00
2018.02.22 15:41:28.435,8.10723,8.10852,1.00,1.00
2018.02.22 15:41:28.486,8.10718,8.10852,1.00,1.00
2018.02.22 15:41:28.537,8.10716,8.10852,1.00,1.00
2018.02.22 15:41:29.323,8.1073,8.10852,1.00,1.00
2018.02.22 15:41:29.374,8.10715,8.10852,1.00,1.00
2018.02.22 15:41:29.425,8.10711,8.10852,1.00,1.00
2018.02.22 15:41:29.476,8.10709,8.10852,1.00,1.00
2018.02.22 15:41:29.527,8.10709,8.10836,1.00,1.00
2018.02.22 15:41:29.628,8.10699,8.10836,1.37,1.00
2018.02.22 15:41:29.811,8.10694,8.10836,1.00,1.00
2018.02.22 15:41:29.912,8.10689,8.10836,1.37,1.00
2018.02.22 15:41:30.175,8.10681,8.10834,1.37,1.00
2018.02.22 15:41:30.504,8.10688,8.10812,1.37,1.00
2018.02.22 15:41:34.861,8.10696,8.10834,1.00,1.00
2018.02.22 15:41:35.014,8.10699,8.10834,1.00,1.00
2018.02.22 15:41:35.446,8.10695,8.10834,1.00,1.00
2018.02.22 15:41:36.046,8.10692,8.10834,1.00,1.00
2018.02.22 15:41:36.097,8.10676,8.10822,1.37,1.00
2018.02.22 15:41:36.148,8.10682,8.10834,1.37,1.00
2018.02.22 15:41:36.822,8.10693,8.10834,1.00,1.00
2018.02.22 15:41:37.148,8.10699,8.10834,1.37,1.00
2018.02.22 15:41:41.557,8.10678,8.10798,1.37,1.00
2018.02.22 15:41:41.650,8.10678,8.10798,1.37,1.00
2018.02.22 15:41:41.701,8.10657,8.10785,1.37,1.00
2018.02.22 15:41:41.802,8.10662,8.1082,1.37,1.00
2018.02.22 15:41:41.854,8.10672,8.10791,1.37,1.00
2018.02.22 15:41:41.906,8.10659,8.1081,1.37,1.00
2018.02.22 15:41:42.159,8.10663,8.1081,1.00,1.00
2018.02.22 15:41:43.440,8.10666,8.1081,1.00,1.00
2018.02.22 15:41:43.755,8.10668,8.1081,1.00,1.00
2018.02.22 15:41:43.857,8.10657,8.10809,1.37,1.00
2018.02.22 15:41:43.908,8.10662,8.10787,1.12,1.00
2018.02.22 15:41:44.305,8.10659,8.10804,1.37,1.00
2018.02.22 15:41:44.357,8.1067,8.10804,1.00,1.00
2018.02.22 15:41:44.408,8.10684,8.10824,1.00,1.00
2018.02.22 15:41:44.460,8.10693,8.10824,1.00,1.00
2018.02.22 15:41:44.785,8.10695,8.10824,1.37,1.00
2018.02.22 15:41:44.887,8.10663,8.1079,1.37,1.00
2018.02.22 15:41:44.986,8.10663,8.10773,1.00,1.00
2018.02.22 15:41:45.065,8.10676,8.10787,1.00,1.00
2018.02.22 15:41:45.166,8.10653,8.10783,1.00,1.00
2018.02.22 15:41:45.217,8.10611,8.10738,1.37,1.00
2018.02.22 15:41:45.319,8.10554,8.10701,1.37,1.00
2018.02.22 15:41:45.369,8.10554,8.10676,1.00,1.00
2018.02.22 15:41:45.471,8.10532,8.10676,1.37,1.00
2018.02.22 15:41:45.912,8.10526,8.10658,1.37,1.00
2018.02.22 15:41:46.629,8.10528,8.10658,1.37,1.00
2018.02.22 15:41:47.257,8.10534,8.10658,1.00,1.00
2018.02.22 15:41:47.895,8.10536,8.10658,1.00,1.00
2018.02.22 15:41:47.946,8.10536,8.10663,1.50,1.00
2018.02.22 15:41:47.997,8.10542,8.10663,1.00,1.00
2018.02.22 15:41:48.330,8.10554,8.10663,1.00,1.00
2018.02.22 15:41:48.483,8.10538,8.10663,1.37,1.00
2018.02.22 15:41:49.036,8.10552,8.10663,1.00,1.00
2018.02.22 15:41:49.372,8.10548,8.10663,1.00,1.00
2018.02.22 15:41:49.668,8.1055,8.10663,1.00,1.00
2018.02.22 15:41:50.271,8.10549,8.10663,1.12,1.00
2018.02.22 15:41:50.793,8.1055,8.10663,1.00,1.00
2018.02.22 15:41:50.996,8.10567,8.10684,1.00,1.00
2018.02.22 15:41:51.048,8.10572,8.10703,1.00,1.00
2018.02.22 15:41:51.098,8.10586,8.10703,1.00,1.00
2018.02.22 15:41:51.605,8.10585,8.10703,1.00,1.00
2018.02.22 15:41:51.707,8.10577,8.10703,1.00,1.00
2018.02.22 15:41:52.052,8.10572,8.10703,1.00,1.00
2018.02.22 15:41:52.281,8.10568,8.10703,1.37,1.00
2018.02.22 15:41:52.566,8.1059,8.10723,1.00,1.00
2018.02.22 15:41:52.618,8.10658,8.10754,1.00,1.00
2018.02.22 15:41:52.817,8.10663,8.10786,1.00,1.00
2018.02.22 15:41:52.869,8.10663,8.10804,1.00,1.00
2018.02.22 15:41:52.920,8.10656,8.10797,1.00,1.00
2018.02.22 15:41:53.268,8.10639,8.10755,1.00,1.00
2018.02.22 15:41:53.328,8.10635,8.10755,1.00,1.00
2018.02.22 15:41:53.380,8.10648,8.10777,1.00,1.00
2018.02.22 15:41:53.431,8.10636,8.10777,1.00,1.00
2018.02.22 15:41:53.483,8.10636,8.10773,1.00,1.00
2018.02.22 15:41:53.788,8.10631,8.10745,1.00,1.00
2018.02.22 15:41:53.839,8.10631,8.10761,1.00,1.00
2018.02.22 15:41:53.976,8.10618,8.10761,1.00,1.00
2018.02.22 15:41:54.280,8.10608,8.10761,1.00,1.00
2018.02.22 15:41:54.572,8.10603,8.10761,1.00,1.00
2018.02.22 15:41:55.502,8.10598,8.10735,1.00,1.00
2018.02.22 15:41:56.106,8.10588,8.10739,1.00,1.00
2018.02.22 15:41:56.157,8.10588,8.10723,1.00,1.00
2018.02.22 15:41:56.361,8.10584,8.10723,1.00,1.00
2018.02.22 15:41:56.555,8.10592,8.10723,1.00,1.00
2018.02.22 15:41:56.755,8.10596,8.10756,1.00,1.00
2018.02.22 15:41:57.008,8.10598,8.10756,1.00,1.00
2018.02.22 15:41:57.177,8.10576,8.10737,1.00,1.50
2018.02.22 15:41:57.278,8.10593,8.10737,1.00,1.00
2018.02.22 15:41:57.601,8.10596,8.10737,1.37,1.00
2018.02.22 15:41:58.001,8.10596,8.10722,1.37,1.00
2018.02.22 15:41:58.572,8.10593,8.10722,1.00,1.00
2018.02.22 15:41:58.675,8.10612,8.10722,1.00,1.00
2018.02.22 15:41:58.727,8.10612,8.10754,1.00,1.00
2018.02.22 15:41:58.779,8.10612,8.10739,1.00,1.00
2018.02.22 15:41:59.240,8.10611,8.10736,1.00,1.00
2018.02.22 15:41:59.470,8.10611,8.10756,1.00,1.00
2018.02.22 15:41:59.522,8.10615,8.10756,1.00,1.00
2018.02.22 15:41:59.874,8.10618,8.10756,1.00,1.00
2018.02.22 15:42:00.088,8.10604,8.10756,1.00,1.00
2018.02.22 15:42:00.292,8.10604,8.10756,1.37,1.00
2018.02.22 15:42:00.603,8.10589,8.10737,1.37,1.00
2018.02.22 15:42:01.123,8.1061,8.10733,1.37,1.00
2018.02.22 15:42:01.225,8.10611,8.10753,1.37,1.00
2018.02.22 15:42:01.471,8.10619,8.10753,1.00,1.00
2018.02.22 15:42:01.726,8.10617,8.10753,1.00,1.00
2018.02.22 15:42:02.200,8.10617,8.10753,1.37,1.00
2018.02.22 15:42:04.449,8.10613,8.10753,1.50,1.00
2018.02.22 15:42:04.898,8.10608,8.10753,1.50,1.00
2018.02.22 15:42:05.190,8.1061,8.10753,1.00,1.00
2018.02.22 15:42:05.571,8.10612,8.10753,1.00,1.00
2018.02.22 15:42:05.913,8.10617,8.10753,1.00,1.00
2018.02.22 15:42:06.173,8.10637,8.10785,1.00,1.00
2018.02.22 15:42:06.224,8.10638,8.10767,1.00,1.00
2018.02.22 15:42:06.276,8.10636,8.10767,1.00,1.00
2018.02.22 15:42:06.378,8.10634,8.10767,1.00,1.00
2018.02.22 15:42:06.580,8.1063,8.10767,1.00,1.00
2018.02.22 15:42:06.683,8.10628,8.10767,1.50,1.00
2018.02.22 15:42:07.327,8.10627,8.10767,1.00,1.00
2018.02.22 15:42:07.672,8.10637,8.10767,1.00,1.00
2018.02.22 15:42:10.712,8.10652,8.10767,1.00,1.00
2018.02.22 15:42:10.815,8.10641,8.10767,1.00,1.00
2018.02.22 15:42:10.985,8.10632,8.10767,1.00,1.00
2018.02.22 15:42:11.036,8.10636,8.10767,1.00,1.00
2018.02.22 15:42:11.087,8.10628,8.10767,1.00,1.00
2018.02.22 15:42:11.642,8.10629,8.10767,1.00,1.00
2018.02.22 15:42:12.016,8.10631,8.10767,1.00,1.00
2018.02.22 15:42:12.563,8.10634,8.10767,1.00,1.00
2018.02.22 15:42:12.749,8.10677,8.10819,1.00,1.00
2018.02.22 15:42:12.800,8.10682,8.10819,1.00,1.00
2018.02.22 15:42:12.903,8.10686,8.10844,1.00,1.00
2018.02.22 15:42:13.034,8.10695,8.10844,1.00,1.00
2018.02.22 15:42:13.360,8.10724,8.10836,1.00,1.00
2018.02.22 15:42:13.411,8.10724,8.10862,1.00,1.00
2018.02.22 15:42:13.463,8.1074,8.10862,1.00,1.00
2018.02.22 15:42:14.001,8.10722,8.10862,1.00,1.00
2018.02.22 15:42:14.506,8.10724,8.10862,1.00,1.00
2018.02.22 15:42:14.814,8.10669,8.10803,1.00,1.00
2018.02.22 15:42:15.146,8.10643,8.10776,1.00,1.00
2018.02.22 15:42:15.658,8.10646,8.10776,1.00,1.00
2018.02.22 15:42:15.986,8.10644,8.10776,1.00,1.00
2018.02.22 15:42:16.037,8.10638,8.1076,1.00,1.00
2018.02.22 15:42:16.387,8.10642,8.1076,1.00,1.00
2018.02.22 15:42:16.689,8.1064,8.1076,1.00,1.00
2018.02.22 15:42:17.334,8.10637,8.1076,1.00,1.00
2018.02.22 15:42:17.835,8.10636,8.1076,1.00,1.00
2018.02.22 15:42:21.253,8.10633,8.1076,1.00,1.00
2018.02.22 15:42:22.181,8.10632,8.1076,1.00,1.00
2018.02.22 15:42:23.755,8.10635,8.1076,1.00,1.00
2018.02.22 15:42:26.327,8.10647,8.10783,1.00,1.00
2018.02.22 15:42:26.378,8.10655,8.10783,1.00,1.00
2018.02.22 15:42:26.673,8.10668,8.10803,1.00,1.00
2018.02.22 15:42:26.846,8.10683,8.10819,1.00,1.00
2018.02.22 15:42:26.899,8.10702,8.10854,1.00,1.00
2018.02.22 15:42:26.950,8.10692,8.10839,1.00,1.00
2018.02.22 15:42:27.258,8.10709,8.10854,1.00,1.00
2018.02.22 15:42:27.604,8.10669,8.10801,1.00,1.00
2018.02.22 15:42:27.669,8.10627,8.10785,1.00,1.00
2018.02.22 15:42:27.721,8.10632,8.10774,1.00,1.00
2018.02.22 15:42:28.043,8.10637,8.10769,1.00,1.00
2018.02.22 15:42:28.371,8.10643,8.10769,1.00,1.00
2018.02.22 15:42:28.564,8.10656,8.10795,1.00,1.00
2018.02.22 15:42:28.800,8.10658,8.10795,1.00,1.00
2018.02.22 15:42:29.130,8.1066,8.10795,1.00,1.00
2018.02.22 15:42:29.411,8.10656,8.10795,1.00,1.00
2018.02.22 15:42:29.677,8.1066,8.10795,1.00,1.00
2018.02.22 15:42:31.469,8.10656,8.10786,1.00,1.00
2018.02.22 15:42:31.520,8.10656,8.10794,1.00,1.00
2018.02.22 15:42:31.572,8.10656,8.10789,1.00,1.00
2018.02.22 15:42:31.734,8.10645,8.10789,1.00,1.00
2018.02.22 15:42:31.785,8.10645,8.10796,1.00,1.50
2018.02.22 15:42:31.956,8.10663,8.10796,1.00,1.50
2018.02.22 15:42:32.279,8.10666,8.10796,1.00,1.50
2018.02.22 15:42:32.785,8.10667,8.10796,1.00,1.00
2018.02.22 15:42:33.117,8.10671,8.10796,1.00,1.00
2018.02.22 15:42:33.430,8.10662,8.10796,1.00,1.00
2018.02.22 15:42:33.738,8.10667,8.10796,1.00,1.00
2018.02.22 15:42:34.134,8.10669,8.10796,1.00,1.00
2018.02.22 15:42:34.317,8.10667,8.10796,1.00,1.00
2018.02.22 15:42:34.628,8.10669,8.10796,1.00,1.00
2018.02.22 15:42:34.965,8.10671,8.10796,1.00,1.00
2018.02.22 15:42:35.310,8.10674,8.10796,1.00,1.00
2018.02.22 15:42:35.539,8.10672,8.10796,1.00,1.00
2018.02.22 15:42:36.125,8.10675,8.10796,1.00,1.00
2018.02.22 15:42:36.780,8.10676,8.10796,1.00,1.00
2018.02.22 15:42:37.288,8.10675,8.10796,1.00,1.00
2018.02.22 15:42:37.842,8.10688,8.10796,1.00,1.00
2018.02.22 15:42:37.977,8.10692,8.10819,1.00,1.00
2018.02.22 15:42:38.167,8.10687,8.10819,1.00,1.00
2018.02.22 15:42:38.296,8.10689,8.10819,1.00,1.00
2018.02.22 15:42:38.619,8.10692,8.10819,1.00,1.00
2018.02.22 15:42:38.928,8.10694,8.10819,1.00,1.00
2018.02.22 15:42:39.240,8.10689,8.10819,1.00,1.00
2018.02.22 15:42:39.772,8.1069,8.10819,1.00,1.00
2018.02.22 15:42:39.823,8.10694,8.10819,1.00,1.00
2018.02.22 15:42:40.124,8.10688,8.10819,1.00,1.00
2018.02.22 15:42:40.652,8.10687,8.10819,1.00,1.00
2018.02.22 15:42:41.052,8.10683,8.10819,1.00,1.00
2018.02.22 15:42:41.335,8.10685,8.10819,1.00,1.00
2018.02.22 15:42:41.658,8.10666,8.10802,1.50,1.00
2018.02.22 15:42:42.772,8.10667,8.10802,1.00,1.00
2018.02.22 15:42:43.061,8.1067,8.10802,1.00,1.00
2018.02.22 15:42:43.629,8.10673,8.10802,1.00,1.00
2018.02.22 15:42:43.680,8.10668,8.10802,1.00,1.00
2018.02.22 15:42:43.948,8.10666,8.10802,1.00,1.00
2018.02.22 15:42:45.155,8.10675,8.10802,1.00,1.00
2018.02.22 15:42:45.362,8.10665,8.10817,1.00,1.00
2018.02.22 15:42:45.413,8.10666,8.10819,1.00,1.00
2018.02.22 15:42:45.465,8.10678,8.10819,1.00,1.00
2018.02.22 15:42:45.979,8.10677,8.10819,1.00,1.50
2018.02.22 15:42:46.081,8.10661,8.10813,1.00,1.00
2018.02.22 15:42:46.807,8.10663,8.10815,1.00,1.00
2018.02.22 15:42:47.142,8.10663,8.10794,1.00,1.00
2018.02.22 15:42:48.907,8.10654,8.10794,1.00,1.00
2018.02.22 15:42:49.989,8.10645,8.10794,1.00,1.00
2018.02.22 15:42:50.988,8.1065,8.10794,1.00,1.00
2018.02.22 15:42:51.097,8.10667,8.10817,1.00,1.00
2018.02.22 15:42:51.203,8.10672,8.10817,1.00,1.00
2018.02.22 15:42:51.465,8.10663,8.10816,1.00,1.00
2018.02.22 15:42:52.272,8.10659,8.10808,1.00,1.00
2018.02.22 15:42:52.774,8.10659,8.10807,1.00,1.00
2018.02.22 15:42:53.915,8.10685,8.10817,1.00,1.00
2018.02.22 15:42:53.968,8.10689,8.10841,1.00,1.50
2018.02.22 15:42:54.019,8.10701,8.10841,1.00,1.00
2018.02.22 15:42:54.071,8.10698,8.10841,1.00,1.00
2018.02.22 15:42:54.122,8.10695,8.10841,1.00,1.00
2018.02.22 15:42:54.324,8.1069,8.10841,1.00,1.00
2018.02.22 15:42:54.668,8.10701,8.10841,1.00,1.00
2018.02.22 15:42:54.820,8.10694,8.10841,1.00,1.00
2018.02.22 15:42:55.505,8.10693,8.10841,1.00,1.00
2018.02.22 15:42:56.302,8.10689,8.10841,1.00,1.00
2018.02.22 15:42:56.404,8.10686,8.10838,1.00,1.00
2018.02.22 15:42:56.891,8.10693,8.10841,1.00,1.00
2018.02.22 15:42:57.829,8.10698,8.10841,1.00,1.00
2018.02.22 15:42:59.140,8.1069,8.10841,1.00,1.00
2018.02.22 15:42:59.191,8.10692,8.10841,1.00,1.00
2018.02.22 15:42:59.526,8.10687,8.10839,1.00,1.00
2018.02.22 15:42:59.577,8.10683,8.10835,1.50,1.00
2018.02.22 15:43:00.111,8.10683,8.10828,1.00,1.00
2018.02.22 15:43:00.436,8.10629,8.10772,1.00,1.00
2018.02.22 15:43:00.800,8.10623,8.10766,1.50,1.00
2018.02.22 15:43:01.309,8.10623,8.10739,1.00,1.00
2018.02.22 15:43:01.360,8.10595,8.10739,1.00,1.00
2018.02.22 15:43:01.905,8.10594,8.1074,1.50,1.00
2018.02.22 15:43:02.014,8.10594,8.1073,1.00,1.00
2018.02.22 15:43:02.493,8.10594,8.10734,1.00,1.00
2018.02.22 15:43:04.028,8.10594,8.10726,1.00,1.00
2018.02.22 15:43:05.293,8.10594,8.10734,1.00,1.00
2018.02.22 15:43:06.610,8.10594,8.10736,1.00,1.00
2018.02.22 15:43:07.511,8.10601,8.10747,1.00,1.00
2018.02.22 15:43:12.170,8.10598,8.10744,1.00,1.00
2018.02.22 15:43:14.453,8.106,8.10744,1.00,1.00
2018.02.22 15:43:14.967,8.10601,8.10744,1.00,1.00
2018.02.22 15:43:15.068,8.10598,8.10744,1.50,1.00
2018.02.22 15:43:15.372,8.106,8.10744,1.00,1.00
2018.02.22 15:43:15.677,8.10598,8.10744,1.50,1.00
2018.02.22 15:43:16.316,8.10601,8.10744,1.00,1.00
2018.02.22 15:43:16.941,8.10598,8.10743,1.00,1.00
2018.02.22 15:43:17.389,8.10612,8.1075,1.00,1.00
2018.02.22 15:43:17.440,8.10615,8.1077,1.50,1.00
2018.02.22 15:43:17.491,8.10641,8.10779,1.00,1.00
2018.02.22 15:43:17.644,8.1066,8.10804,1.00,1.00
2018.02.22 15:43:17.699,8.10671,8.10814,1.50,1.00
2018.02.22 15:43:18.048,8.10679,8.10814,1.00,1.00
2018.02.22 15:43:18.195,8.10679,8.10824,1.00,1.00
2018.02.22 15:43:18.246,8.10682,8.10828,1.00,1.00
2018.02.22 15:43:18.634,8.10709,8.10855,1.00,1.50
2018.02.22 15:43:18.965,8.10721,8.10855,1.00,1.00
2018.02.22 15:43:19.110,8.10733,8.10879,1.00,1.00
2018.02.22 15:43:19.163,8.10726,8.10872,1.00,1.00
2018.02.22 15:43:19.473,8.1073,8.10872,1.00,1.00
2018.02.22 15:43:19.829,8.10732,8.10872,1.00,1.00
2018.02.22 15:43:19.985,8.10726,8.10872,1.00,1.00
2018.02.22 15:43:21.169,8.10727,8.10872,1.00,1.00
2018.02.22 15:43:21.373,8.10727,8.10863,1.00,1.00
2018.02.22 15:43:21.480,8.10721,8.10863,1.00,1.00
2018.02.22 15:43:21.640,8.10721,8.10865,1.50,1.00
2018.02.22 15:43:22.017,8.10722,8.10857,1.00,1.00
2018.02.22 15:43:22.068,8.10719,8.10857,1.00,1.00
2018.02.22 15:43:22.365,8.10716,8.10857,1.00,1.00
2018.02.22 15:43:22.973,8.10712,8.10857,1.00,1.00
2018.02.22 15:43:23.520,8.10711,8.10857,1.00,1.00
2018.02.22 15:43:24.016,8.10715,8.10857,1.00,1.00
2018.02.22 15:43:24.389,8.10712,8.10858,1.00,1.00
2018.02.22 15:43:25.096,8.10732,8.10875,1.00,1.00
2018.02.22 15:43:25.427,8.10754,8.10878,1.00,1.00
2018.02.22 15:43:25.771,8.10759,8.10878,1.00,1.00
2018.02.22 15:43:25.832,8.1075,8.10878,1.00,1.00
2018.02.22 15:43:26.257,8.10745,8.10878,1.00,1.00
2018.02.22 15:43:26.474,8.10747,8.10882,1.00,1.00
2018.02.22 15:43:26.526,8.10747,8.10887,1.00,1.00
2018.02.22 15:43:26.577,8.10747,8.1089,1.00,1.00
2018.02.22 15:43:26.738,8.10747,8.10885,1.00,1.00
2018.02.22 15:43:27.080,8.10736,8.10883,1.00,1.00
2018.02.22 15:43:27.149,8.10736,8.10878,1.00,1.00
2018.02.22 15:43:27.405,8.10734,8.10878,1.00,1.00
2018.02.22 15:43:27.469,8.10746,8.10883,1.00,1.00
2018.02.22 15:43:27.573,8.10742,8.10883,1.00,1.00
2018.02.22 15:43:27.624,8.10744,8.10883,1.00,1.00
2018.02.22 15:43:27.675,8.1074,8.10883,1.00,1.00
2018.02.22 15:43:27.780,8.10741,8.10876,1.00,1.00
2018.02.22 15:43:27.882,8.10741,8.10878,1.00,1.00
2018.02.22 15:43:27.933,8.10749,8.1089,1.00,1.00
2018.02.22 15:43:27.984,8.10762,8.1089,1.00,1.00
2018.02.22 15:43:28.112,8.10762,8.10908,1.00,1.00
2018.02.22 15:43:28.165,8.10771,8.10916,1.00,1.00
2018.02.22 15:43:28.372,8.10787,8.10933,1.00,1.00
2018.02.22 15:43:30.154,8.10777,8.10927,1.00,1.00
2018.02.22 15:43:30.740,8.10766,8.10913,1.00,1.00
2018.02.22 15:43:30.792,8.10763,8.10913,1.00,1.00
2018.02.22 15:43:30.894,8.10758,8.10908,1.00,1.00
2018.02.22 15:43:31.210,8.10762,8.10912,1.00,1.00
2018.02.22 15:43:31.512,8.10763,8.10909,1.00,1.00
2018.02.22 15:43:31.856,8.10762,8.10906,1.00,1.00
2018.02.22 15:43:32.375,8.10759,8.10905,1.00,1.00
2018.02.22 15:43:34.945,8.10757,8.10903,1.00,1.00
2018.02.22 15:43:35.317,8.10756,8.109,1.00,1.00
2018.02.22 15:43:36.410,8.10733,8.10882,1.00,1.00
2018.02.22 15:43:36.461,8.10733,8.10875,1.00,1.00
2018.02.22 15:43:36.716,8.10719,8.10865,1.00,1.00
2018.02.22 15:43:36.920,8.10714,8.10858,1.00,1.00
2018.02.22 15:43:37.260,8.10681,8.10825,1.50,1.00
2018.02.22 15:43:37.564,8.10687,8.10821,1.00,1.00
2018.02.22 15:43:37.890,8.10687,8.1083,1.00,1.00
2018.02.22 15:43:37.941,8.10705,8.10836,1.00,1.00
2018.02.22 15:43:38.194,8.10715,8.10859,1.00,1.00
2018.02.22 15:43:38.244,8.10723,8.10859,1.00,1.00
2018.02.22 15:43:38.568,8.1072,8.10859,1.00,1.00
2018.02.22 15:43:38.842,8.10715,8.10859,1.00,1.00
2018.02.22 15:43:38.956,8.10715,8.10851,1.00,1.00
2018.02.22 15:43:39.192,8.1071,8.10851,1.00,1.00
2018.02.22 15:43:39.443,8.10705,8.10851,1.00,1.00
2018.02.22 15:43:39.551,8.10703,8.10842,1.00,1.00
2018.02.22 15:43:39.890,8.10708,8.10826,1.00,1.00
2018.02.22 15:43:39.941,8.10708,8.10831,1.00,1.00
2018.02.22 15:43:39.992,8.10687,8.10827,1.00,1.00
2018.02.22 15:43:40.144,8.10687,8.10801,1.00,1.00
2018.02.22 15:43:40.296,8.10672,8.10827,1.00,1.50
2018.02.22 15:43:40.347,8.10672,8.108,1.00,1.00
2018.02.22 15:43:40.610,8.10659,8.108,1.00,1.00
2018.02.22 15:43:41.473,8.1066,8.108,1.00,1.00
2018.02.22 15:43:41.895,8.1066,8.1079,1.00,1.00
2018.02.22 15:43:42.122,8.10655,8.1079,1.00,1.00
2018.02.22 15:43:42.173,8.10676,8.1081,1.00,1.00
2018.02.22 15:43:42.224,8.10676,8.10816,1.00,1.00
2018.02.22 15:43:42.548,8.10676,8.10802,1.00,1.00
2018.02.22 15:43:42.600,8.10673,8.10809,1.00,1.00
2018.02.22 15:43:42.805,8.10671,8.10809,1.00,1.00
2018.02.22 15:43:42.906,8.10671,8.10814,1.00,1.00
2018.02.22 15:43:43.073,8.10674,8.10814,1.00,1.00
2018.02.22 15:43:43.621,8.10673,8.10814,1.00,1.00
2018.02.22 15:43:44.015,8.10675,8.10814,1.00,1.00
2018.02.22 15:43:44.068,8.10675,8.10823,1.00,1.00
2018.02.22 15:43:44.119,8.10657,8.10793,1.00,1.00
2018.02.22 15:43:44.407,8.10657,8.10806,1.00,1.00
2018.02.22 15:43:44.458,8.1066,8.10806,1.00,1.00
2018.02.22 15:43:44.791,8.10675,8.10806,1.00,1.00
2018.02.22 15:43:45.123,8.10681,8.1083,1.00,1.00
2018.02.22 15:43:45.174,8.10693,8.1083,1.00,1.00
2018.02.22 15:43:45.225,8.10693,8.10833,1.00,1.00
2018.02.22 15:43:45.506,8.10709,8.10851,1.00,1.00
2018.02.22 15:43:45.608,8.10711,8.10862,1.00,1.00
2018.02.22 15:43:45.761,8.1072,8.10862,1.00,1.00
2018.02.22 15:43:46.091,8.10724,8.1087,1.50,1.00
2018.02.22 15:43:46.344,8.1073,8.1087,1.00,1.00
2018.02.22 15:43:46.597,8.10734,8.1088,1.00,1.50
2018.02.22 15:43:46.839,8.10736,8.1088,1.00,1.50
2018.02.22 15:43:47.005,8.10731,8.10877,1.00,1.00
2018.02.22 15:43:47.507,8.1073,8.10876,1.50,1.00
2018.02.22 15:43:47.883,8.10734,8.10876,1.00,1.00
2018.02.22 15:43:48.104,8.10751,8.10896,1.00,1.00
2018.02.22 15:43:48.155,8.10757,8.109,1.00,1.00
2018.02.22 15:43:48.412,8.10746,8.10892,1.00,1.00
2018.02.22 15:43:48.882,8.1075,8.10896,1.00,1.00
2018.02.22 15:43:49.275,8.1075,8.10892,1.00,1.00
2018.02.22 15:43:49.564,8.10752,8.10897,1.00,1.00
2018.02.22 15:43:49.616,8.10763,8.109,1.00,1.00
2018.02.22 15:43:50.177,8.10764,8.109,1.00,1.00
2018.02.22 15:43:50.777,8.10766,8.109,1.00,1.00
2018.02.22 15:43:51.096,8.10771,8.109,1.00,1.00
2018.02.22 15:43:51.729,8.1077,8.109,1.00,1.00
2018.02.22 15:43:52.350,8.10766,8.109,1.00,1.00
2018.02.22 15:43:52.630,8.10769,8.109,1.00,1.00
2018.02.22 15:43:52.974,8.10771,8.109,1.00,1.00
2018.02.22 15:43:53.027,8.10788,8.10919,1.00,1.00
2018.02.22 15:43:53.079,8.10791,8.10919,1.00,1.00
2018.02.22 15:43:53.130,8.10788,8.10919,1.00,1.00
2018.02.22 15:43:53.348,8.10789,8.10924,1.00,1.00
2018.02.22 15:43:53.629,8.10791,8.10924,1.00,1.00
2018.02.22 15:43:53.792,8.10791,8.10936,1.00,1.00
2018.02.22 15:43:53.945,8.10804,8.10936,1.00,1.00
2018.02.22 15:43:54.546,8.10803,8.10936,1.00,1.00
2018.02.22 15:43:54.997,8.10801,8.10936,1.00,1.00
2018.02.22 15:43:55.305,8.10798,8.10936,1.00,1.00
2018.02.22 15:43:55.904,8.10795,8.10936,1.00,1.00
2018.02.22 15:43:56.823,8.10794,8.10936,1.00,1.00
2018.02.22 15:43:57.237,8.10794,8.1094,1.50,1.00
2018.02.22 15:43:59.184,8.10797,8.1094,1.00,1.00
2018.02.22 15:43:59.496,8.10794,8.1094,1.00,1.00
2018.02.22 15:43:59.597,8.10793,8.10935,1.00,1.00
2018.02.22 15:43:59.819,8.10782,8.10925,1.00,1.00
2018.02.22 15:44:00.003,8.10782,8.10929,1.00,1.00
2018.02.22 15:44:00.106,8.10783,8.10908,1.00,1.00
2018.02.22 15:44:00.258,8.10763,8.10906,1.00,1.00
2018.02.22 15:44:00.362,8.10763,8.1091,1.00,1.00
2018.02.22 15:44:00.412,8.10784,8.1092,1.00,1.00
2018.02.22 15:44:00.778,8.10789,8.1092,1.00,1.00
2018.02.22 15:44:01.286,8.1079,8.1092,1.00,1.00
2018.02.22 15:44:01.606,8.10796,8.1092,1.00,1.00
2018.02.22 15:44:01.657,8.10794,8.1092,1.00,1.00
2018.02.22 15:44:02.175,8.10793,8.1092,1.00,1.00
2018.02.22 15:44:02.226,8.10788,8.1092,1.00,1.00
2018.02.22 15:44:02.682,8.10787,8.10917,1.00,1.00
2018.02.22 15:44:02.851,8.1078,8.10917,1.00,1.00
2018.02.22 15:44:03.112,8.10777,8.10917,1.00,1.00
2018.02.22 15:44:03.346,8.10777,8.10903,1.00,1.00
2018.02.22 15:44:03.448,8.10771,8.10903,1.00,1.00
2018.02.22 15:44:03.748,8.10765,8.10894,1.00,1.00
2018.02.22 15:44:04.055,8.10752,8.10878,1.00,1.00
2018.02.22 15:44:04.106,8.10734,8.10872,1.00,1.00
2018.02.22 15:44:04.504,8.10745,8.10859,1.00,1.00
2018.02.22 15:44:04.707,8.1074,8.10859,1.00,1.00
2018.02.22 15:44:05.023,8.10744,8.10859,1.00,1.00
2018.02.22 15:44:05.125,8.10744,8.10872,1.00,1.00
2018.02.22 15:44:05.436,8.10744,8.10867,1.00,1.00
2018.02.22 15:44:05.606,8.10737,8.10867,1.00,1.00
2018.02.22 15:44:06.204,8.10738,8.10867,1.00,1.00
2018.02.22 15:44:06.588,8.10738,8.10865,1.00,1.00
2018.02.22 15:44:07.096,8.10737,8.10865,1.00,1.00
2018.02.22 15:44:07.322,8.10737,8.10874,1.00,1.00
2018.02.22 15:44:07.394,8.10734,8.10874,1.00,1.00
2018.02.22 15:44:07.792,8.10738,8.10877,1.00,1.00
2018.02.22 15:44:08.159,8.1074,8.1088,1.00,1.50
2018.02.22 15:44:08.210,8.10732,8.10868,1.00,1.00
2018.02.22 15:44:08.312,8.10729,8.10868,1.00,1.00
2018.02.22 15:44:08.477,8.10735,8.10875,1.00,1.00
2018.02.22 15:44:10.515,8.10732,8.1087,1.00,1.00
2018.02.22 15:44:11.008,8.10743,8.1087,1.00,1.00
2018.02.22 15:44:11.059,8.10741,8.1087,1.00,1.00
2018.02.22 15:44:11.568,8.1074,8.1087,1.00,1.00
2018.02.22 15:44:11.770,8.10733,8.10871,1.00,1.00
2018.02.22 15:44:12.046,8.1074,8.10871,1.00,1.00
2018.02.22 15:44:12.240,8.1074,8.10873,1.00,1.00
2018.02.22 15:44:12.846,8.10739,8.10873,1.00,1.00
2018.02.22 15:44:13.038,8.10737,8.10873,1.00,1.00
2018.02.22 15:44:13.304,8.10733,8.10873,1.00,1.00
2018.02.22 15:44:13.552,8.10735,8.10874,1.00,1.00
2018.02.22 15:44:15.111,8.10737,8.10874,1.00,1.00
2018.02.22 15:44:15.413,8.10742,8.10864,1.00,1.00
2018.02.22 15:44:15.997,8.10741,8.10858,1.00,1.00
2018.02.22 15:44:16.104,8.1072,8.10842,1.00,1.00
2018.02.22 15:44:16.156,8.1072,8.10846,1.00,1.00
2018.02.22 15:44:16.207,8.1072,8.10851,1.00,1.00
2018.02.22 15:44:16.453,8.10715,8.10851,1.00,1.00
2018.02.22 15:44:16.659,8.10725,8.10852,1.00,1.00
2018.02.22 15:44:16.869,8.10725,8.10859,1.00,1.00
2018.02.22 15:44:16.970,8.10721,8.10859,1.50,1.00
2018.02.22 15:44:17.287,8.10724,8.10859,1.00,1.00
2018.02.22 15:44:17.674,8.10727,8.10859,1.00,1.00
2018.02.22 15:44:17.976,8.10732,8.10859,1.00,1.00
2018.02.22 15:44:18.525,8.10729,8.10859,1.00,1.00
2018.02.22 15:44:18.750,8.10726,8.10859,1.00,1.00
2018.02.22 15:44:19.490,8.10727,8.10859,1.00,1.00
2018.02.22 15:44:20.137,8.10728,8.10859,1.00,1.00
2018.02.22 15:44:20.949,8.10737,8.10869,1.00,1.00
2018.02.22 15:44:21.000,8.10744,8.10869,1.00,1.00
2018.02.22 15:44:21.051,8.10744,8.10875,1.00,1.00
2018.02.22 15:44:21.153,8.10744,8.10882,1.00,1.00
2018.02.22 15:44:21.312,8.10749,8.10882,1.00,1.00
2018.02.22 15:44:21.599,8.10739,8.10877,1.00,1.00
2018.02.22 15:44:21.771,8.1074,8.1088,1.00,1.00
2018.02.22 15:44:21.822,8.10742,8.10881,1.00,1.00
2018.02.22 15:44:22.123,8.10741,8.10875,1.00,1.00
2018.02.22 15:44:22.799,8.1074,8.10875,1.00,1.00
2018.02.22 15:44:23.409,8.10741,8.10875,1.00,1.00
2018.02.22 15:44:23.511,8.10741,8.10878,1.00,1.00
2018.02.22 15:44:23.666,8.10746,8.10878,1.00,1.00
2018.02.22 15:44:24.669,8.1075,8.10878,1.00,1.00
2018.02.22 15:44:24.872,8.1075,8.10883,1.00,1.00
2018.02.22 15:44:24.973,8.10744,8.10883,1.00,1.00
2018.02.22 15:44:25.127,8.10737,8.1088,1.00,1.00
2018.02.22 15:44:25.179,8.10737,8.10863,1.00,1.00
2018.02.22 15:44:25.281,8.10725,8.10871,1.00,1.00
2018.02.22 15:44:25.844,8.10726,8.10872,1.00,1.00
2018.02.22 15:44:26.118,8.10715,8.10866,1.00,1.00
2018.02.22 15:44:26.547,8.10714,8.10862,1.00,1.00
2018.02.22 15:44:26.915,8.10719,8.10865,1.00,1.00
2018.02.22 15:44:27.277,8.1072,8.10867,1.00,1.00
2018.02.22 15:44:27.988,8.10717,8.10864,1.00,1.00
2018.02.22 15:44:28.381,8.10699,8.10846,1.00,1.00
2018.02.22 15:44:29.062,8.10704,8.10846,1.00,1.00
2018.02.22 15:44:29.611,8.10705,8.10848,1.00,1.00
2018.02.22 15:44:30.361,8.10704,8.10848,1.00,1.00
2018.02.22 15:44:30.582,8.1071,8.1085,1.00,1.00
2018.02.22 15:44:30.905,8.10716,8.1085,1.00,1.00
2018.02.22 15:44:31.935,8.10718,8.1085,1.00,1.00
2018.02.22 15:44:35.517,8.10741,8.10886,1.00,1.00
2018.02.22 15:44:35.568,8.10739,8.10884,1.00,1.00
2018.02.22 15:44:35.669,8.10742,8.10889,1.00,1.00
2018.02.22 15:44:36.249,8.10735,8.10881,1.00,1.00
2018.02.22 15:44:36.789,8.10733,8.10879,1.00,1.00
2018.02.22 15:44:37.440,8.10732,8.10878,1.50,1.00
2018.02.22 15:44:39.422,8.10735,8.10881,1.00,1.00
2018.02.22 15:44:40.870,8.10739,8.10885,1.00,1.00
2018.02.22 15:44:41.175,8.10735,8.10881,1.50,1.00
2018.02.22 15:44:41.680,8.10743,8.10889,1.00,1.00
2018.02.22 15:44:42.300,8.10745,8.1089,1.00,1.00
2018.02.22 15:44:43.766,8.10749,8.1089,1.00,1.50
2018.02.22 15:44:44.263,8.10735,8.10879,1.00,1.00
2018.02.22 15:44:45.171,8.10732,8.10869,1.00,1.00
2018.02.22 15:44:45.658,8.10732,8.10875,1.00,1.00
2018.02.22 15:44:45.709,8.10752,8.1089,1.00,1.00
2018.02.22 15:44:45.811,8.10771,8.10914,1.00,1.50
2018.02.22 15:44:45.941,8.10775,8.10914,1.00,1.00
2018.02.22 15:44:46.295,8.1078,8.10914,1.00,1.00
2018.02.22 15:44:46.983,8.10783,8.10914,1.00,1.00
2018.02.22 15:44:51.251,8.10784,8.10914,1.00,1.00
2018.02.22 15:44:51.512,8.10784,8.10926,1.00,1.00
2018.02.22 15:44:51.564,8.10802,8.10933,1.00,1.00
2018.02.22 15:44:51.615,8.10806,8.10948,1.00,1.00
2018.02.22 15:44:52.115,8.10821,8.10951,1.00,1.00
2018.02.22 15:44:52.166,8.10826,8.1097,1.00,1.00
2018.02.22 15:44:52.471,8.10824,8.10967,1.00,1.00
2018.02.22 15:44:52.626,8.10798,8.10954,1.00,1.00
2018.02.22 15:44:52.677,8.10797,8.10941,1.00,1.00
2018.02.22 15:44:52.982,8.10791,8.10933,1.00,1.00
2018.02.22 15:44:53.153,8.10789,8.10933,1.50,1.00
2018.02.22 15:44:53.356,8.10789,8.10928,1.00,1.00
2018.02.22 15:44:53.458,8.10787,8.10928,1.00,1.00
2018.02.22 15:44:53.959,8.10793,8.10937,1.00,1.00
2018.02.22 15:44:54.010,8.10798,8.10942,1.00,1.00
2018.02.22 15:44:54.316,8.10801,8.10942,1.00,1.00
2018.02.22 15:44:54.658,8.10804,8.10942,1.00,1.00
2018.02.22 15:44:55.273,8.10805,8.10942,1.00,1.00
2018.02.22 15:44:55.431,8.10787,8.10928,1.50,1.00
2018.02.22 15:44:55.723,8.10794,8.10928,1.00,1.00
2018.02.22 15:44:56.334,8.10796,8.10938,1.00,1.00
2018.02.22 15:44:56.385,8.10802,8.10946,1.00,1.00
2018.02.22 15:44:56.578,8.10811,8.10946,1.00,1.00
2018.02.22 15:44:56.730,8.10811,8.1095,1.00,1.00
2018.02.22 15:44:56.832,8.10813,8.1095,1.00,1.00
2018.02.22 15:44:57.367,8.10812,8.1095,1.00,1.00
2018.02.22 15:44:57.713,8.10806,8.10943,1.00,1.00
2018.02.22 15:44:57.948,8.1082,8.10963,1.00,1.00
2018.02.22 15:44:57.999,8.10829,8.1097,1.00,1.00
2018.02.22 15:44:58.303,8.10829,8.10958,1.00,1.00
2018.02.22 15:44:58.354,8.10823,8.10958,1.00,1.00
2018.02.22 15:44:58.457,8.10823,8.10961,1.00,1.00
2018.02.22 15:44:59.014,8.10826,8.10961,1.00,1.00
2018.02.22 15:44:59.116,8.10826,8.10965,1.00,1.00
2018.02.22 15:44:59.168,8.10826,8.10945,1.00,1.00
2018.02.22 15:44:59.511,8.10797,8.10918,1.00,1.00
2018.02.22 15:44:59.757,8.10797,8.10926,1.00,1.00
2018.02.22 15:44:59.808,8.10797,8.10922,1.00,1.00
2018.02.22 15:45:00.114,8.10784,8.10906,1.00,1.00
2018.02.22 15:45:00.165,8.1077,8.109,1.50,1.00
2018.02.22 15:45:00.216,8.10798,8.10922,1.00,1.00
2018.02.22 15:45:00.300,8.10798,8.10944,1.00,1.00
2018.02.22 15:45:00.684,8.10809,8.1095,1.00,1.00
2018.02.22 15:45:00.991,8.10804,8.10942,1.00,1.00
2018.02.22 15:45:01.519,8.10807,8.10951,1.00,1.00
2018.02.22 15:45:01.775,8.10817,8.10951,1.00,1.00
2018.02.22 15:45:02.265,8.10826,8.10952,1.00,1.00
2018.02.22 15:45:02.470,8.1081,8.10952,1.00,1.00
2018.02.22 15:45:02.672,8.10819,8.10952,1.00,1.00
2018.02.22 15:45:03.045,8.10819,8.10949,1.00,1.00
2018.02.22 15:45:03.247,8.10786,8.10918,1.00,1.00
2018.02.22 15:45:03.618,8.10786,8.10921,1.00,1.00
2018.02.22 15:45:03.800,8.10778,8.10921,1.00,1.00
2018.02.22 15:45:04.311,8.10778,8.10922,1.50,1.00
2018.02.22 15:45:06.878,8.10778,8.10921,1.00,1.00
2018.02.22 15:45:07.501,8.1078,8.10924,1.00,1.00
2018.02.22 15:45:08.354,8.10778,8.10909,1.00,1.00
2018.02.22 15:45:08.558,8.10745,8.10882,1.00,1.00
2018.02.22 15:45:08.763,8.10745,8.10875,1.00,1.00
2018.02.22 15:45:08.976,8.10733,8.10873,1.00,1.00
2018.02.22 15:45:09.130,8.10733,8.10871,1.00,1.00
2018.02.22 15:45:09.562,8.10733,8.10866,1.00,1.00
2018.02.22 15:45:10.991,8.10733,8.10863,1.00,1.00
2018.02.22 15:45:11.248,8.1072,8.10863,1.00,1.00
2018.02.22 15:45:15.668,8.10733,8.10873,1.00,1.00
2018.02.22 15:45:16.070,8.10732,8.10871,1.00,1.00
2018.02.22 15:45:16.526,8.10732,8.10867,1.00,1.00
2018.02.22 15:45:17.070,8.10732,8.10866,1.00,1.00
2018.02.22 15:45:20.029,8.10732,8.1087,1.00,1.00
2018.02.22 15:45:20.081,8.10736,8.10879,1.00,1.00
2018.02.22 15:45:20.284,8.1074,8.1088,1.00,1.00
2018.02.22 15:45:21.143,8.1074,8.10884,1.50,1.00
2018.02.22 15:45:21.526,8.1076,8.10904,1.00,1.00
2018.02.22 15:45:21.876,8.10793,8.10925,1.00,1.00
2018.02.22 15:45:22.417,8.10783,8.10926,1.00,1.00
2018.02.22 15:45:22.570,8.10783,8.1092,1.00,1.00
2018.02.22 15:45:23.148,8.10782,8.10925,1.00,1.00
2018.02.22 15:45:23.250,8.10788,8.10925,1.00,1.00
2018.02.22 15:45:23.532,8.10793,8.10935,1.00,1.00
2018.02.22 15:45:23.584,8.10796,8.10935,1.00,1.00
2018.02.22 15:45:23.897,8.10792,8.1093,1.00,1.00
2018.02.22 15:45:24.204,8.1079,8.1093,1.50,1.00
2018.02.22 15:45:24.390,8.1079,8.10926,1.50,1.00
2018.02.22 15:45:24.442,8.10799,8.10943,1.00,1.00
2018.02.22 15:45:24.494,8.10798,8.10939,1.50,1.00
2018.02.22 15:45:24.596,8.10801,8.10945,1.00,1.00
2018.02.22 15:45:24.698,8.10798,8.10937,1.00,1.00
2018.02.22 15:45:24.749,8.10794,8.10937,1.00,1.00
2018.02.22 15:45:24.801,8.1079,8.1093,1.50,1.00
2018.02.22 15:45:25.350,8.10792,8.1093,1.00,1.00
2018.02.22 15:45:25.686,8.1079,8.1093,1.50,1.00
2018.02.22 15:45:25.964,8.10792,8.1093,1.00,1.00
2018.02.22 15:45:26.477,8.10792,8.10928,1.00,1.00
2018.02.22 15:45:26.530,8.10792,8.1093,1.00,1.00
2018.02.22 15:45:26.582,8.10791,8.10934,1.50,1.00
2018.02.22 15:45:26.686,8.10791,8.1093,1.50,1.00
2018.02.22 15:45:27.098,8.10799,8.1093,1.00,1.00
2018.02.22 15:45:27.441,8.10799,8.10923,1.00,1.00
2018.02.22 15:45:28.845,8.10799,8.10937,1.00,1.00
2018.02.22 15:45:29.008,8.10812,8.10945,1.00,1.00
2018.02.22 15:45:29.060,8.10804,8.10945,1.00,1.00
2018.02.22 15:45:29.213,8.10807,8.10945,1.00,1.00
2018.02.22 15:45:31.580,8.10807,8.10948,1.00,1.00
2018.02.22 15:45:31.631,8.10814,8.10955,1.00,1.00
2018.02.22 15:45:32.101,8.10817,8.10951,1.00,1.00
2018.02.22 15:45:32.453,8.10785,8.10921,1.00,1.00
2018.02.22 15:45:32.825,8.10781,8.10921,1.00,1.00
2018.02.22 15:45:33.099,8.10783,8.10921,1.00,1.00
2018.02.22 15:45:33.463,8.10786,8.10921,1.00,1.00
2018.02.22 15:45:34.008,8.10785,8.10921,1.00,1.00
2018.02.22 15:45:34.226,8.10786,8.10925,1.00,1.00
2018.02.22 15:45:34.333,8.10784,8.10925,1.00,1.00
2018.02.22 15:45:35.108,8.10785,8.10925,1.00,1.00
2018.02.22 15:45:35.386,8.10784,8.1092,1.00,1.00
2018.02.22 15:45:35.865,8.10783,8.10913,1.00,1.00
2018.02.22 15:45:36.035,8.10785,8.10919,1.00,1.00
2018.02.22 15:45:36.578,8.10784,8.10919,1.00,1.00
2018.02.22 15:45:36.875,8.10786,8.10919,1.00,1.00
2018.02.22 15:45:37.120,8.10786,8.10923,1.00,1.00
2018.02.22 15:45:37.221,8.10781,8.10923,1.00,1.00
2018.02.22 15:45:37.272,8.10781,8.10918,1.00,1.00
2018.02.22 15:45:37.516,8.10779,8.10918,1.00,1.00
2018.02.22 15:45:37.567,8.10779,8.10915,1.00,1.00
2018.02.22 15:45:38.131,8.1078,8.10915,1.00,1.00
2018.02.22 15:45:38.377,8.1078,8.1092,1.00,1.00
2018.02.22 15:45:38.748,8.10782,8.1092,1.00,1.00
2018.02.22 15:45:39.011,8.10784,8.10928,1.00,1.00
2018.02.22 15:45:39.062,8.10788,8.10928,1.00,1.00
2018.02.22 15:45:39.396,8.10791,8.10928,1.00,1.00
2018.02.22 15:45:39.953,8.10792,8.10928,1.00,1.00
2018.02.22 15:45:40.368,8.10791,8.1093,1.50,1.00
2018.02.22 15:45:41.335,8.10799,8.10934,1.00,1.00
2018.02.22 15:45:41.386,8.10803,8.10947,1.00,1.00
2018.02.22 15:45:41.698,8.10804,8.10943,1.00,1.00
2018.02.22 15:45:42.866,8.10804,8.10947,1.00,1.00
2018.02.22 15:45:43.835,8.10826,8.10968,1.00,1.00
2018.02.22 15:45:44.144,8.10837,8.10979,1.00,1.00
2018.02.22 15:45:44.469,8.10817,8.10953,1.50,1.00
2018.02.22 15:45:44.623,8.10817,8.10958,1.50,1.00
2018.02.22 15:45:44.960,8.10817,8.10953,1.50,1.00
2018.02.22 15:45:45.657,8.10817,8.10954,1.50,1.00
2018.02.22 15:45:47.079,8.10817,8.10951,1.00,1.00
2018.02.22 15:45:49.527,8.10817,8.10957,1.00,1.00
2018.02.22 15:45:49.578,8.10818,8.10959,1.00,1.00
2018.02.22 15:45:49.761,8.1082,8.10964,1.00,1.00
2018.02.22 15:45:49.816,8.10825,8.10969,1.00,1.00
2018.02.22 15:45:50.536,8.10835,8.10975,1.00,1.00
2018.02.22 15:45:50.586,8.10836,8.10979,1.00,1.00
2018.02.22 15:45:51.272,8.10837,8.10979,1.00,1.00
2018.02.22 15:45:51.858,8.10843,8.10984,1.00,1.00
2018.02.22 15:45:52.184,8.1085,8.10991,1.00,1.00
2018.02.22 15:45:52.798,8.1085,8.10992,1.00,1.00
2018.02.22 15:45:57.060,8.10848,8.10992,1.00,1.00
2018.02.22 15:45:57.111,8.1085,8.10992,1.00,1.00
2018.02.22 15:45:59.098,8.10838,8.10982,1.00,1.00
2018.02.22 15:45:59.150,8.10848,8.1099,1.00,1.00
2018.02.22 15:45:59.536,8.1086,8.10994,1.00,1.00
2018.02.22 15:45:59.638,8.10845,8.10994,1.00,1.00
2018.02.22 15:45:59.689,8.10852,8.10994,1.00,1.00
2018.02.22 15:46:00.065,8.10857,8.10994,1.00,1.00
2018.02.22 15:46:00.679,8.1086,8.10994,1.00,1.00
2018.02.22 15:46:02.147,8.10862,8.10994,1.00,1.00
2018.02.22 15:46:02.667,8.10877,8.11014,1.00,1.00
2018.02.22 15:46:02.987,8.10871,8.11013,1.00,1.00
2018.02.22 15:46:03.088,8.10856,8.11002,1.00,1.00
2018.02.22 15:46:03.139,8.10846,8.10998,1.00,1.00
2018.02.22 15:46:03.282,8.10849,8.10998,1.00,1.00
2018.02.22 15:46:03.586,8.10851,8.10998,1.00,1.00
2018.02.22 15:46:03.924,8.10854,8.10996,1.00,1.00
2018.02.22 15:46:04.028,8.10825,8.10969,1.00,1.00
2018.02.22 15:46:04.130,8.10825,8.10973,1.00,1.00
2018.02.22 15:46:04.722,8.10824,8.10973,1.00,1.00
2018.02.22 15:46:04.849,8.10822,8.10973,1.50,1.00
2018.02.22 15:46:05.199,8.10822,8.10968,1.50,1.00
2018.02.22 15:46:05.534,8.10819,8.10962,1.00,1.00
2018.02.22 15:46:05.892,8.10817,8.10962,1.00,1.00
2018.02.22 15:46:06.350,8.10819,8.10962,1.00,1.00
2018.02.22 15:46:07.245,8.1082,8.10962,1.00,1.00
2018.02.22 15:46:07.569,8.10816,8.10962,1.00,1.00
2018.02.22 15:46:08.355,8.10817,8.10962,1.00,1.00
2018.02.22 15:46:08.965,8.1082,8.10962,1.00,1.00
2018.02.22 15:46:09.307,8.10822,8.10962,1.00,1.00
2018.02.22 15:46:09.673,8.10824,8.10962,1.00,1.00
2018.02.22 15:46:10.002,8.10826,8.10962,1.00,1.00
2018.02.22 15:46:10.780,8.10827,8.10962,1.00,1.00
2018.02.22 15:46:11.189,8.10829,8.10962,1.00,1.00
2018.02.22 15:46:11.720,8.10839,8.10962,1.00,1.00
2018.02.22 15:46:11.942,8.10839,8.10981,1.00,1.00
2018.02.22 15:46:12.095,8.10844,8.10981,1.00,1.00
2018.02.22 15:46:12.682,8.10841,8.10981,1.00,1.00
2018.02.22 15:46:13.909,8.10845,8.10981,1.00,1.50
2018.02.22 15:46:14.436,8.10844,8.10981,1.00,1.50
2018.02.22 15:46:14.809,8.10841,8.10981,1.00,1.50
2018.02.22 15:46:15.426,8.10842,8.10981,1.00,1.50
2018.02.22 15:46:15.925,8.10842,8.10978,1.00,1.00
2018.02.22 15:46:16.026,8.10836,8.10978,1.00,1.00
2018.02.22 15:46:16.178,8.10838,8.10981,1.00,1.00
2018.02.22 15:46:16.229,8.10835,8.10979,1.00,1.00
2018.02.22 15:46:17.304,8.10841,8.10981,1.00,1.00
2018.02.22 15:46:17.508,8.10835,8.10981,1.00,1.50
2018.02.22 15:46:17.613,8.10827,8.10971,1.00,1.00
2018.02.22 15:46:17.933,8.10788,8.10931,1.00,1.00
2018.02.22 15:46:18.238,8.10784,8.10926,1.00,1.00
2018.02.22 15:46:18.585,8.1078,8.10925,1.00,1.00
2018.02.22 15:46:19.563,8.10776,8.10922,1.00,1.00
2018.02.22 15:46:20.851,8.10767,8.10918,1.00,1.00
2018.02.22 15:46:20.903,8.10767,8.10899,1.00,1.00
2018.02.22 15:46:21.144,8.10767,8.10916,1.00,1.00
2018.02.22 15:46:21.681,8.10767,8.10912,1.00,1.00
2018.02.22 15:46:21.732,8.10746,8.10904,1.00,1.00
2018.02.22 15:46:22.286,8.10746,8.109,1.00,1.00
2018.02.22 15:46:22.650,8.1075,8.109,1.00,1.00
2018.02.22 15:46:23.028,8.10746,8.10887,1.00,1.00
2018.02.22 15:46:23.079,8.10722,8.10874,1.00,1.00
2018.02.22 15:46:23.130,8.10734,8.10867,1.00,1.00
2018.02.22 15:46:23.232,8.10722,8.10867,1.00,1.00
2018.02.22 15:46:23.284,8.1072,8.10867,1.00,1.00
2018.02.22 15:46:23.803,8.10718,8.10867,1.00,1.00
2018.02.22 15:46:24.287,8.10733,8.10867,1.00,1.00
2018.02.22 15:46:24.338,8.10732,8.10887,1.00,1.00
2018.02.22 15:46:24.441,8.10735,8.10879,1.00,1.00
2018.02.22 15:46:24.804,8.1074,8.10883,1.00,1.00
2018.02.22 15:46:24.856,8.1076,8.10904,1.00,1.00
2018.02.22 15:46:25.277,8.10764,8.10917,1.00,1.00
2018.02.22 15:46:25.329,8.10766,8.10917,1.00,1.00
2018.02.22 15:46:25.638,8.10764,8.10907,1.00,1.00
2018.02.22 15:46:26.399,8.10753,8.10897,1.00,1.00
2018.02.22 15:46:26.771,8.10757,8.10901,1.00,1.00
2018.02.22 15:46:27.195,8.10762,8.10905,1.00,1.00
2018.02.22 15:46:27.246,8.10761,8.10917,1.00,1.50
2018.02.22 15:46:27.600,8.10764,8.10917,1.00,1.00
2018.02.22 15:46:27.796,8.10762,8.10917,1.00,1.00
2018.02.22 15:46:27.848,8.1076,8.10904,1.00,1.00
2018.02.22 15:46:28.103,8.10763,8.10917,1.00,1.00
2018.02.22 15:46:28.174,8.10759,8.10917,1.00,1.00
2018.02.22 15:46:28.225,8.10758,8.10902,1.00,1.00
2018.02.22 15:46:28.327,8.10762,8.10917,1.00,1.50
2018.02.22 15:46:28.440,8.10762,8.10897,1.00,1.00
2018.02.22 15:46:28.542,8.10762,8.10911,1.00,1.00
2018.02.22 15:46:28.593,8.10764,8.10908,1.00,1.00
2018.02.22 15:46:28.907,8.10752,8.10891,1.00,1.00
2018.02.22 15:46:29.412,8.10756,8.10893,1.00,1.00
2018.02.22 15:46:29.975,8.10769,8.10903,1.00,1.00
2018.02.22 15:46:30.026,8.10769,8.10906,1.00,1.00
2018.02.22 15:46:30.848,8.10756,8.10912,1.00,1.00
2018.02.22 15:46:30.940,8.10756,8.10903,1.00,1.00
2018.02.22 15:46:31.299,8.10756,8.1089,1.00,1.00
2018.02.22 15:46:31.668,8.10738,8.10875,1.00,1.00
2018.02.22 15:46:31.720,8.10747,8.10882,1.00,1.00
2018.02.22 15:46:31.823,8.10755,8.10893,1.00,1.00
2018.02.22 15:46:31.875,8.10775,8.10895,1.00,1.00
2018.02.22 15:46:31.927,8.10784,8.10916,1.00,1.00
2018.02.22 15:46:31.978,8.10788,8.10925,1.00,1.00
2018.02.22 15:46:32.131,8.10793,8.10929,1.00,1.00
2018.02.22 15:46:32.624,8.10782,8.1092,1.00,1.00
2018.02.22 15:46:33.122,8.10785,8.10922,1.00,1.50
2018.02.22 15:46:33.427,8.1079,8.10927,1.00,1.00
2018.02.22 15:46:33.848,8.10792,8.10929,1.00,1.00
2018.02.22 15:46:34.362,8.10766,8.10904,1.00,1.00
2018.02.22 15:46:34.414,8.10739,8.10876,1.50,1.00
2018.02.22 15:46:34.759,8.10728,8.10865,1.50,1.00
2018.02.22 15:46:34.860,8.10705,8.10854,1.00,1.00
2018.02.22 15:46:34.911,8.10701,8.10853,1.00,1.00
2018.02.22 15:46:35.064,8.10708,8.10853,1.00,1.00
2018.02.22 15:46:35.369,8.10735,8.10857,1.00,1.00
2018.02.22 15:46:35.481,8.10729,8.10866,1.00,1.00
2018.02.22 15:46:35.533,8.10723,8.10861,1.00,1.00
2018.02.22 15:46:35.839,8.1073,8.10867,1.00,1.50
2018.02.22 15:46:36.149,8.10737,8.1087,1.00,1.00
2018.02.22 15:46:36.343,8.10746,8.10883,1.00,1.00
2018.02.22 15:46:36.397,8.10751,8.10888,1.00,1.00
2018.02.22 15:46:36.448,8.10742,8.10886,1.00,1.00
2018.02.22 15:46:36.757,8.10755,8.10895,1.00,1.00
2018.02.22 15:46:37.295,8.10756,8.10895,1.00,1.00
2018.02.22 15:46:37.702,8.10758,8.10895,1.00,1.00
2018.02.22 15:46:38.244,8.10755,8.10892,1.00,1.00
2018.02.22 15:46:38.296,8.10753,8.10892,1.00,1.00
2018.02.22 15:46:38.399,8.10751,8.10892,1.00,1.00
2018.02.22 15:46:38.450,8.10749,8.10892,1.00,1.50
2018.02.22 15:46:38.586,8.1074,8.10879,1.00,1.00
2018.02.22 15:46:38.840,8.10708,8.10851,1.00,1.00
2018.02.22 15:46:38.992,8.10716,8.1086,1.00,1.00
2018.02.22 15:46:39.043,8.10704,8.10846,2.25,1.00
2018.02.22 15:46:39.191,8.10707,8.10851,1.00,1.00
2018.02.22 15:46:39.266,8.10698,8.10842,1.00,1.00
2018.02.22 15:46:39.605,8.10706,8.1085,1.00,1.00
2018.02.22 15:46:39.960,8.10702,8.10846,1.00,1.00
2018.02.22 15:46:40.270,8.10674,8.10817,1.00,1.00
2018.02.22 15:46:40.581,8.10647,8.1079,1.00,1.00
2018.02.22 15:46:40.948,8.10654,8.10798,1.00,1.00
2018.02.22 15:46:41.162,8.10657,8.10801,1.00,1.00
2018.02.22 15:46:41.560,8.10666,8.1081,1.00,1.00
2018.02.22 15:46:41.919,8.10672,8.10816,1.00,1.00
2018.02.22 15:46:42.243,8.10675,8.10819,1.00,1.00
2018.02.22 15:46:42.585,8.10693,8.10837,1.00,1.00
2018.02.22 15:46:43.008,8.10684,8.10828,1.00,1.00
2018.02.22 15:46:43.956,8.10695,8.10838,1.00,1.00
2018.02.22 15:46:44.315,8.10689,8.10832,1.00,1.00
2018.02.22 15:46:44.366,8.10691,8.10837,1.00,1.00
2018.02.22 15:46:44.520,8.10694,8.1084,1.00,1.00
2018.02.22 15:46:44.824,8.10733,8.10879,1.00,1.00
2018.02.22 15:46:45.161,8.10714,8.1086,1.00,1.00
2018.02.22 15:46:45.480,8.10692,8.10838,1.00,1.00
2018.02.22 15:46:45.793,8.10698,8.10844,1.00,1.00
2018.02.22 15:46:46.144,8.10695,8.10839,1.00,1.00
2018.02.22 15:46:47.199,8.10697,8.10842,1.00,1.00
2018.02.22 15:46:48.154,8.10703,8.10849,1.00,1.00
2018.02.22 15:46:48.875,8.10695,8.10836,1.00,1.00
2018.02.22 15:46:49.454,8.10696,8.1084,1.00,1.00
2018.02.22 15:46:49.637,8.10703,8.10849,1.00,1.00
2018.02.22 15:46:50.550,8.10715,8.10861,1.00,1.00
2018.02.22 15:46:50.860,8.10723,8.10868,1.00,1.00
2018.02.22 15:46:51.084,8.10714,8.1086,1.00,1.00
2018.02.22 15:46:51.187,8.10706,8.10852,1.00,1.00
2018.02.22 15:46:52.083,8.10704,8.1085,1.00,1.00
2018.02.22 15:46:52.668,8.10708,8.10852,1.00,1.00
2018.02.22 15:46:52.803,8.10709,8.10855,1.00,1.00
2018.02.22 15:46:52.854,8.10712,8.10858,1.00,1.00
2018.02.22 15:46:55.192,8.10709,8.10855,1.00,1.00
2018.02.22 15:46:55.499,8.1074,8.10881,1.00,1.00
2018.02.22 15:46:56.136,8.10745,8.10881,1.00,1.00
2018.02.22 15:46:56.702,8.10751,8.10881,1.00,1.00
2018.02.22 15:46:56.753,8.10751,8.10896,1.00,1.00
2018.02.22 15:46:56.905,8.10744,8.1089,1.00,1.00
2018.02.22 15:46:57.606,8.10746,8.10892,1.00,1.00
2018.02.22 15:46:58.097,8.10742,8.10884,1.00,1.00
2018.02.22 15:46:58.148,8.10728,8.10874,1.00,1.00
2018.02.22 15:46:58.577,8.10742,8.10883,1.00,1.00
2018.02.22 15:46:59.339,8.10742,8.10882,1.00,1.00
2018.02.22 15:46:59.571,8.10727,8.10873,1.00,1.00
2018.02.22 15:46:59.622,8.10731,8.10877,1.00,1.00
2018.02.22 15:46:59.930,8.10728,8.10874,1.00,1.00
2018.02.22 15:47:00.519,8.10734,8.1088,1.00,1.50
2018.02.22 15:47:01.678,8.1073,8.10876,1.00,1.00
2018.02.22 15:47:03.663,8.10734,8.1088,1.00,1.50
2018.02.22 15:47:04.002,8.10739,8.1088,1.00,1.00
2018.02.22 15:47:04.521,8.10733,8.10879,1.00,1.00
2018.02.22 15:47:04.625,8.10737,8.1088,1.00,1.00
2018.02.22 15:47:04.727,8.10731,8.10877,1.00,1.00
2018.02.22 15:47:04.970,8.10728,8.10873,1.00,1.00
2018.02.22 15:47:06.812,8.10727,8.10873,1.00,1.00
2018.02.22 15:47:07.741,8.1073,8.10876,1.00,1.00
2018.02.22 15:47:08.211,8.1073,8.10856,1.00,1.00
2018.02.22 15:47:08.262,8.10689,8.10834,1.00,1.00
2018.02.22 15:47:08.313,8.1068,8.10826,1.00,1.00
2018.02.22 15:47:08.365,8.10672,8.10815,1.00,1.00
2018.02.22 15:47:08.669,8.10661,8.10807,1.00,1.00
2018.02.22 15:47:08.721,8.10652,8.10798,1.00,1.50
2018.02.22 15:47:09.184,8.10643,8.10789,1.00,1.00
2018.02.22 15:47:10.811,8.10674,8.10789,1.00,1.00
2018.02.22 15:47:10.947,8.10714,8.1083,1.00,1.00
2018.02.22 15:47:10.999,8.10736,8.10852,1.00,1.00
2018.02.22 15:47:11.101,8.1075,8.10891,1.00,1.00
2018.02.22 15:47:11.203,8.1077,8.10891,1.00,1.00
2018.02.22 15:47:11.329,8.1077,8.10893,1.00,1.00
2018.02.22 15:47:11.380,8.10784,8.10894,1.00,1.00
2018.02.22 15:47:11.431,8.10784,8.10899,1.00,1.00
2018.02.22 15:47:11.792,8.1077,8.10899,1.00,1.00
2018.02.22 15:47:11.987,8.1077,8.10907,1.00,1.00
2018.02.22 15:47:12.149,8.10775,8.10907,1.00,1.00
2018.02.22 15:47:12.613,8.10775,8.10911,1.00,1.00
2018.02.22 15:47:13.146,8.10775,8.10917,1.00,1.00
2018.02.22 15:47:14.030,8.10782,8.10928,1.00,1.00
2018.02.22 15:47:14.081,8.10803,8.10933,1.00,1.00
2018.02.22 15:47:14.132,8.10822,8.10962,1.00,1.00
2018.02.22 15:47:14.602,8.1083,8.10976,1.00,1.00
2018.02.22 15:47:16.247,8.10825,8.10971,1.00,1.00
2018.02.22 15:47:16.868,8.10833,8.10977,1.00,1.00
2018.02.22 15:47:17.186,8.10836,8.10982,1.00,1.00
2018.02.22 15:47:19.966,8.10825,8.10965,1.00,1.00
2018.02.22 15:47:20.118,8.1082,8.10965,1.00,1.00
2018.02.22 15:47:21.440,8.10815,8.10961,1.00,1.00
2018.02.22 15:47:21.544,8.10812,8.10959,1.00,1.00
2018.02.22 15:47:21.596,8.10806,8.10959,1.00,1.00
2018.02.22 15:47:21.998,8.10804,8.10959,1.00,1.00
2018.02.22 15:47:22.222,8.10807,8.10959,1.00,1.00
2018.02.22 15:47:23.007,8.10805,8.10959,1.00,1.00
2018.02.22 15:47:23.307,8.10803,8.10959,1.00,1.00
2018.02.22 15:47:24.540,8.10802,8.10959,1.00,1.00
2018.02.22 15:47:25.037,8.10792,8.10959,1.00,1.00
2018.02.22 15:47:25.089,8.10792,8.10954,1.00,1.00
2018.02.22 15:47:25.395,8.1079,8.10949,1.00,1.00
2018.02.22 15:47:26.553,8.10801,8.10947,1.00,1.00
2018.02.22 15:47:27.662,8.10798,8.10944,1.00,1.00
2018.02.22 15:47:27.916,8.10767,8.10919,1.00,1.00
2018.02.22 15:47:31.182,8.10762,8.10919,1.00,1.50
2018.02.22 15:47:31.234,8.10757,8.10904,1.00,1.00
2018.02.22 15:47:31.336,8.10752,8.10904,1.00,1.00
2018.02.22 15:47:31.414,8.10755,8.10904,1.00,1.00
2018.02.22 15:47:31.778,8.10758,8.10902,1.00,1.00
2018.02.22 15:47:31.950,8.10752,8.10902,1.00,1.00
2018.02.22 15:47:32.989,8.10752,8.1089,1.00,1.00
2018.02.22 15:47:34.241,8.10755,8.1089,1.00,1.00
2018.02.22 15:47:34.651,8.10766,8.1089,1.00,1.00
2018.02.22 15:47:34.702,8.10769,8.10902,1.00,1.00
2018.02.22 15:47:36.432,8.10754,8.10902,1.00,1.00
2018.02.22 15:47:37.036,8.10755,8.10902,1.00,1.00
2018.02.22 15:47:37.844,8.10752,8.10902,1.00,1.00
2018.02.22 15:47:38.148,8.10746,8.10902,1.00,1.00
2018.02.22 15:47:38.317,8.10746,8.10888,1.00,1.00
2018.02.22 15:47:38.623,8.10744,8.10884,1.00,1.00
2018.02.22 15:47:38.777,8.10741,8.10885,1.00,1.00
2018.02.22 15:47:38.860,8.10737,8.10885,1.00,1.00
2018.02.22 15:47:39.753,8.10742,8.10885,1.00,1.00
2018.02.22 15:47:40.091,8.10751,8.10885,1.00,1.00
2018.02.22 15:47:41.160,8.10744,8.10885,1.00,1.00
2018.02.22 15:47:42.675,8.1075,8.10885,1.00,1.00
2018.02.22 15:47:44.176,8.1075,8.10896,1.00,1.00
2018.02.22 15:47:44.226,8.10755,8.10889,1.00,1.00
2018.02.22 15:47:44.888,8.10758,8.10889,1.00,1.00
2018.02.22 15:47:45.401,8.10762,8.10889,1.00,1.00
2018.02.22 15:47:46.747,8.10771,8.10889,1.00,1.00
2018.02.22 15:47:46.815,8.10786,8.10906,1.00,1.00
2018.02.22 15:47:46.968,8.10786,8.10921,1.00,1.00
2018.02.22 15:47:47.936,8.10788,8.10921,1.00,1.00
2018.02.22 15:47:48.141,8.10786,8.10921,1.00,1.00
2018.02.22 15:47:49.413,8.10778,8.10921,1.00,1.00
2018.02.22 15:47:49.572,8.10776,8.10921,1.00,1.00
2018.02.22 15:47:49.623,8.10785,8.10921,1.00,1.00
2018.02.22 15:47:49.674,8.10778,8.10921,1.00,1.00
2018.02.22 15:47:50.031,8.10778,8.10913,1.00,1.00
2018.02.22 15:47:50.813,8.10769,8.10913,1.00,1.00
2018.02.22 15:47:52.179,8.10768,8.10913,1.00,1.00
2018.02.22 15:47:52.281,8.10768,8.10923,1.00,1.00
2018.02.22 15:47:52.483,8.10776,8.10923,1.00,1.00
2018.02.22 15:47:52.803,8.1078,8.10925,1.00,1.00
2018.02.22 15:47:53.260,8.10795,8.10925,1.00,1.00
2018.02.22 15:47:55.352,8.10792,8.10925,1.00,1.00
2018.02.22 15:47:55.454,8.1078,8.10925,1.00,1.00
2018.02.22 15:47:55.506,8.1078,8.10915,1.00,1.00
2018.02.22 15:47:55.557,8.10776,8.10915,1.00,1.00
2018.02.22 15:47:56.797,8.10771,8.10915,1.00,1.00
2018.02.22 15:47:56.900,8.10771,8.10907,1.00,1.00
2018.02.22 15:47:57.690,8.10763,8.10907,1.00,1.00
2018.02.22 15:47:59.878,8.10761,8.10901,1.00,1.00
2018.02.22 15:48:00.448,8.10763,8.10901,1.00,1.00
2018.02.22 15:48:00.609,8.10759,8.10901,1.00,1.00
2018.02.22 15:48:00.766,8.10741,8.10883,1.00,1.00
2018.02.22 15:48:02.305,8.1075,8.10883,1.00,1.00
2018.02.22 15:48:02.457,8.10762,8.1091,1.00,1.00
2018.02.22 15:48:02.558,8.10762,8.10916,1.00,1.00
2018.02.22 15:48:03.596,8.10762,8.10918,1.00,1.00
2018.02.22 15:48:04.279,8.10787,8.10918,1.00,1.00
2018.02.22 15:48:04.330,8.10787,8.10924,1.00,1.00
2018.02.22 15:48:04.807,8.10787,8.10931,1.00,1.00
2018.02.22 15:48:06.244,8.10779,8.10931,1.00,1.00
2018.02.22 15:48:07.217,8.10779,8.1093,1.00,1.00
2018.02.22 15:48:07.390,8.10779,8.10932,1.00,1.00
2018.02.22 15:48:07.491,8.108,8.10945,1.00,1.00
2018.02.22 15:48:07.794,8.108,8.10935,1.00,1.00
2018.02.22 15:48:08.130,8.10819,8.10949,1.00,1.00
2018.02.22 15:48:08.704,8.10812,8.10949,1.00,1.00
2018.02.22 15:48:08.918,8.10806,8.10949,1.00,1.00
2018.02.22 15:48:08.969,8.108,8.10948,1.00,1.00
2018.02.22 15:48:09.277,8.1081,8.10949,1.00,1.00
2018.02.22 15:48:09.380,8.108,8.10949,1.00,1.00
2018.02.22 15:48:09.772,8.10772,8.10911,1.00,1.00
2018.02.22 15:48:09.824,8.10761,8.10911,1.00,1.00
2018.02.22 15:48:09.977,8.10758,8.109,1.00,1.00
2018.02.22 15:48:10.896,8.10754,8.109,1.00,1.00
2018.02.22 15:48:11.048,8.10759,8.109,1.00,1.00
2018.02.22 15:48:12.720,8.10748,8.109,1.00,1.00
2018.02.22 15:48:12.889,8.10748,8.10895,1.00,1.00
2018.02.22 15:48:13.326,8.10744,8.10895,1.00,1.00
2018.02.22 15:48:13.427,8.10742,8.10895,1.00,1.00
2018.02.22 15:48:13.478,8.10742,8.10882,1.00,1.00
2018.02.22 15:48:13.808,8.10741,8.10878,1.00,1.00
2018.02.22 15:48:14.865,8.10739,8.10878,1.00,1.00
2018.02.22 15:48:16.660,8.10747,8.10878,1.00,1.00
2018.02.22 15:48:17.244,8.10748,8.10878,1.00,1.00
2018.02.22 15:48:17.584,8.10751,8.10878,1.00,1.00
2018.02.22 15:48:18.572,8.10757,8.10878,1.00,1.00
2018.02.22 15:48:18.623,8.10757,8.10894,1.00,1.00
2018.02.22 15:48:18.786,8.10759,8.10894,1.00,1.00
2018.02.22 15:48:19.137,8.10764,8.10894,1.00,1.00
2018.02.22 15:48:19.684,8.10762,8.10894,1.00,1.00
2018.02.22 15:48:20.182,8.10763,8.1089,1.00,1.00
2018.02.22 15:48:20.233,8.10744,8.10888,1.50,1.00
2018.02.22 15:48:21.313,8.10742,8.10886,1.00,1.00
2018.02.22 15:48:21.757,8.1074,8.10884,1.00,1.00
2018.02.22 15:48:22.091,8.10739,8.1087,1.00,1.00
2018.02.22 15:48:22.602,8.10744,8.1087,1.00,1.00
2018.02.22 15:48:22.714,8.10739,8.1087,1.00,1.00
2018.02.22 15:48:24.644,8.10743,8.1087,1.00,1.00
2018.02.22 15:48:28.480,8.10739,8.1087,1.00,1.00
2018.02.22 15:48:29.419,8.10731,8.1087,1.00,1.00
2018.02.22 15:48:29.479,8.10734,8.1087,1.00,1.00
2018.02.22 15:48:29.910,8.10717,8.10861,1.00,1.00
2018.02.22 15:48:29.961,8.10712,8.1086,1.00,1.00
2018.02.22 15:48:30.013,8.10717,8.1086,1.00,1.00
2018.02.22 15:48:30.116,8.10698,8.10851,1.00,1.00
2018.02.22 15:48:31.599,8.1071,8.10851,1.00,1.00
2018.02.22 15:48:31.916,8.10714,8.10851,1.00,1.00
2018.02.22 15:48:32.615,8.10718,8.10851,1.00,1.00
2018.02.22 15:48:32.770,8.10733,8.10868,1.00,1.00
2018.02.22 15:48:32.973,8.10742,8.10885,1.00,1.00
2018.02.22 15:48:33.024,8.10746,8.10893,1.00,1.00
2018.02.22 15:48:33.169,8.10746,8.10895,1.00,1.00
2018.02.22 15:48:33.816,8.10746,8.10888,1.00,1.00
2018.02.22 15:48:34.232,8.10748,8.10892,1.00,1.00
2018.02.22 15:48:34.534,8.10746,8.10892,1.00,1.00
2018.02.22 15:48:35.162,8.10746,8.10897,1.00,1.00
2018.02.22 15:48:37.301,8.10746,8.10898,1.00,1.00
2018.02.22 15:48:37.402,8.10748,8.10904,1.00,1.00
2018.02.22 15:48:37.453,8.10751,8.10904,1.00,1.00
2018.02.22 15:48:37.818,8.10709,8.10852,1.00,1.00
2018.02.22 15:48:38.177,8.10704,8.10848,1.00,1.00
2018.02.22 15:48:42.781,8.10698,8.10842,1.50,1.00
2018.02.22 15:48:44.509,8.10703,8.10847,1.00,1.00
2018.02.22 15:48:47.589,8.10707,8.10851,1.00,1.00
2018.02.22 15:48:47.997,8.10703,8.10847,1.00,1.00
2018.02.22 15:48:48.365,8.10708,8.10852,1.00,1.00
2018.02.22 15:48:49.546,8.10708,8.10856,1.00,1.00
2018.02.22 15:48:49.699,8.10706,8.1085,1.00,1.00
2018.02.22 15:48:49.750,8.10708,8.10856,1.00,1.00
2018.02.22 15:48:50.049,8.10706,8.10849,1.00,1.00
2018.02.22 15:48:50.381,8.10698,8.1084,1.50,1.00
2018.02.22 15:48:50.852,8.10706,8.10823,1.00,1.00
2018.02.22 15:48:50.905,8.10704,8.10823,1.00,1.00
2018.02.22 15:48:51.095,8.10713,8.10856,1.00,1.00
2018.02.22 15:48:51.233,8.10726,8.10856,1.00,1.00
2018.02.22 15:48:51.336,8.10713,8.10849,1.00,1.00
2018.02.22 15:48:51.387,8.10705,8.10849,1.00,1.00
2018.02.22 15:48:51.540,8.1071,8.10856,1.00,1.00
2018.02.22 15:48:51.643,8.10727,8.10883,1.00,1.00
2018.02.22 15:48:51.694,8.10742,8.10883,1.00,1.00
2018.02.22 15:48:51.897,8.10745,8.10901,1.00,1.00
2018.02.22 15:48:52.135,8.10763,8.10915,1.00,1.00
2018.02.22 15:48:52.331,8.10763,8.10921,1.00,1.00
2018.02.22 15:48:52.487,8.10781,8.10921,1.00,1.00
2018.02.22 15:48:53.127,8.10763,8.10921,1.00,1.00
2018.02.22 15:48:53.604,8.10745,8.10902,1.00,1.00
2018.02.22 15:48:54.147,8.10744,8.10902,1.00,1.00
2018.02.22 15:48:56.212,8.10738,8.10877,1.00,1.00
2018.02.22 15:48:56.365,8.1071,8.10855,1.00,1.00
2018.02.22 15:48:56.416,8.10705,8.10855,1.00,1.00
2018.02.22 15:48:56.467,8.10703,8.10846,1.00,1.00
2018.02.22 15:48:56.671,8.10706,8.1085,1.00,1.00
2018.02.22 15:48:56.721,8.10702,8.10846,1.00,1.00
2018.02.22 15:48:56.823,8.10703,8.10855,1.00,1.00
2018.02.22 15:48:56.874,8.10697,8.10855,1.50,1.00
2018.02.22 15:48:56.926,8.107,8.10855,1.00,1.00
2018.02.22 15:48:58.792,8.10719,8.10859,1.00,1.00
2018.02.22 15:48:58.843,8.10719,8.10875,1.00,1.00
2018.02.22 15:48:58.894,8.10719,8.10853,1.00,1.00
2018.02.22 15:48:59.047,8.107,8.10853,1.00,1.00
2018.02.22 15:49:00.812,8.10696,8.10835,1.00,1.00
2018.02.22 15:49:01.117,8.10682,8.10813,1.00,1.00
2018.02.22 15:49:01.896,8.10678,8.10813,1.00,1.00
2018.02.22 15:49:02.470,8.10681,8.10813,1.00,1.00
2018.02.22 15:49:03.003,8.10682,8.10813,1.00,1.00
2018.02.22 15:49:03.240,8.10682,8.10819,1.00,1.00
2018.02.22 15:49:03.291,8.10691,8.10819,1.00,1.00
2018.02.22 15:49:03.343,8.10682,8.10819,1.00,1.00
2018.02.22 15:49:03.394,8.10682,8.10814,1.00,1.00
2018.02.22 15:49:03.446,8.10689,8.10832,1.00,1.00
2018.02.22 15:49:03.498,8.10693,8.10833,1.00,1.50
2018.02.22 15:49:03.804,8.10734,8.10878,1.00,1.00
2018.02.22 15:49:03.856,8.10748,8.10889,1.00,1.00
2018.02.22 15:49:03.956,8.10742,8.10884,1.00,1.00
2018.02.22 15:49:04.163,8.10731,8.10889,1.50,1.00
2018.02.22 15:49:05.854,8.10754,8.10889,1.00,1.00
2018.02.22 15:49:05.956,8.10761,8.10903,1.67,1.00
2018.02.22 15:49:06.153,8.10763,8.1091,1.42,1.00
2018.02.22 15:49:06.941,8.10769,8.10927,1.50,1.50
2018.02.22 15:49:07.980,8.1077,8.10927,1.00,1.00
2018.02.22 15:49:08.734,8.10772,8.10927,1.00,1.00
2018.02.22 15:49:09.064,8.10776,8.10927,1.00,1.00
2018.02.22 15:49:09.586,8.10779,8.10927,1.00,1.00
2018.02.22 15:49:09.891,8.10789,8.10927,1.00,1.00
2018.02.22 15:49:10.239,8.10792,8.10927,1.00,1.00
2018.02.22 15:49:10.543,8.10761,8.10879,1.00,1.00
2018.02.22 15:49:10.644,8.10752,8.10879,1.00,1.00
2018.02.22 15:49:10.812,8.10744,8.10879,1.00,1.00
2018.02.22 15:49:11.379,8.10743,8.10879,1.00,1.00
2018.02.22 15:49:11.494,8.10754,8.10879,1.00,1.00
2018.02.22 15:49:11.546,8.10753,8.10897,1.00,1.00
2018.02.22 15:49:11.647,8.10756,8.109,1.00,1.00
2018.02.22 15:49:12.003,8.10777,8.10921,1.00,1.00
2018.02.22 15:49:12.308,8.1077,8.10912,1.50,1.00
2018.02.22 15:49:12.876,8.10783,8.10927,1.00,1.00
2018.02.22 15:49:12.928,8.10787,8.10928,1.00,1.00
2018.02.22 15:49:13.132,8.10811,8.10953,1.00,1.00
2018.02.22 15:49:13.183,8.10826,8.10953,1.00,1.00
2018.02.22 15:49:13.235,8.10827,8.1097,1.00,1.00
2018.02.22 15:49:13.287,8.10814,8.10957,1.00,1.00
2018.02.22 15:49:13.681,8.10819,8.10961,1.00,1.00
2018.02.22 15:49:13.945,8.10823,8.10967,1.00,1.00
2018.02.22 15:49:13.996,8.10827,8.10971,1.00,1.00
2018.02.22 15:49:14.370,8.10819,8.10963,1.00,1.00
2018.02.22 15:49:14.693,8.10816,8.1096,1.50,1.00
2018.02.22 15:49:15.003,8.10819,8.1096,1.00,1.00
2018.02.22 15:49:15.415,8.10821,8.10965,1.00,1.00
2018.02.22 15:49:15.627,8.10825,8.10965,1.00,1.00
2018.02.22 15:49:15.735,8.10828,8.10971,1.00,1.00
2018.02.22 15:49:15.785,8.10825,8.10964,1.00,1.00
2018.02.22 15:49:15.846,8.1082,8.10964,1.00,1.00
2018.02.22 15:49:15.947,8.10824,8.10967,1.00,1.00
2018.02.22 15:49:15.998,8.10826,8.1097,1.00,1.00
2018.02.22 15:49:16.646,8.10823,8.10967,1.00,1.00
2018.02.22 15:49:17.475,8.10822,8.10964,1.00,1.00
2018.02.22 15:49:17.788,8.10825,8.10962,1.00,1.00
2018.02.22 15:49:17.839,8.10818,8.10962,1.00,1.00
2018.02.22 15:49:19.344,8.10822,8.10962,1.00,1.00
2018.02.22 15:49:19.664,8.10825,8.10962,1.00,1.00
2018.02.22 15:49:20.213,8.10824,8.10962,1.00,1.00
2018.02.22 15:49:20.803,8.10823,8.10962,1.00,1.00
2018.02.22 15:49:20.854,8.10821,8.10962,1.00,1.00
2018.02.22 15:49:21.125,8.10818,8.10962,1.00,1.00
2018.02.22 15:49:21.302,8.10822,8.10965,1.00,1.00
2018.02.22 15:49:21.648,8.10822,8.1096,1.00,1.00
2018.02.22 15:49:22.403,8.1082,8.1096,1.00,1.00
2018.02.22 15:49:22.570,8.10818,8.1096,1.00,1.00
2018.02.22 15:49:22.673,8.10814,8.10958,1.00,1.00
2018.02.22 15:49:22.837,8.10828,8.1096,1.00,1.00
2018.02.22 15:49:22.939,8.10825,8.1096,1.00,1.00
2018.02.22 15:49:23.042,8.1082,8.1096,1.00,1.00
2018.02.22 15:49:23.316,8.10823,8.1096,1.00,1.00
2018.02.22 15:49:23.367,8.10828,8.10972,1.00,1.00
2018.02.22 15:49:23.826,8.10832,8.10975,1.00,1.00
2018.02.22 15:49:25.332,8.10837,8.10975,1.00,1.00
2018.02.22 15:49:25.383,8.1086,8.11004,1.00,1.00
2018.02.22 15:49:25.435,8.1087,8.11012,1.00,1.00
2018.02.22 15:49:25.961,8.10869,8.11012,1.00,1.00
2018.02.22 15:49:26.342,8.10948,8.11017,1.00,1.00
2018.02.22 15:49:26.393,8.10902,8.11042,1.67,1.00
2018.02.22 15:49:26.444,8.10922,8.11066,1.00,1.00
2018.02.22 15:49:26.495,8.10913,8.11056,1.00,1.00
2018.02.22 15:49:26.596,8.10917,8.11061,1.42,1.00
2018.02.22 15:49:26.648,8.10902,8.11044,1.67,1.00
2018.02.22 15:49:26.750,8.10892,8.11035,1.00,1.00
2018.02.22 15:49:26.890,8.109,8.11044,1.00,1.00
2018.02.22 15:49:26.991,8.10908,8.11052,1.00,1.00
2018.02.22 15:49:27.042,8.10916,8.11061,1.00,1.00
2018.02.22 15:49:27.195,8.10929,8.11073,1.00,1.00
2018.02.22 15:49:27.498,8.10933,8.11068,1.00,1.00
2018.02.22 15:49:27.649,8.10914,8.11066,1.00,1.00
2018.02.22 15:49:28.018,8.10919,8.11071,1.00,1.00
2018.02.22 15:49:28.324,8.10922,8.11074,1.00,1.00
2018.02.22 15:49:28.641,8.10917,8.11069,1.00,1.00
2018.02.22 15:49:29.036,8.10943,8.11087,1.00,1.00
2018.02.22 15:49:29.421,8.10935,8.11077,1.00,1.00
2018.02.22 15:49:29.472,8.10933,8.11077,1.00,1.00
2018.02.22 15:49:29.625,8.1093,8.11074,1.00,1.00
2018.02.22 15:49:29.937,8.10932,8.11074,1.00,1.00
2018.02.22 15:49:29.987,8.10944,8.11087,1.00,1.00
2018.02.22 15:49:30.546,8.10926,8.1107,1.00,1.00
2018.02.22 15:49:30.597,8.10913,8.11056,1.42,1.00
2018.02.22 15:49:30.963,8.10921,8.11065,1.00,1.00
2018.02.22 15:49:31.015,8.10942,8.1108,1.00,1.00
2018.02.22 15:49:31.072,8.10936,8.11078,1.00,1.00
2018.02.22 15:49:31.124,8.1093,8.11073,1.00,1.00
2018.02.22 15:49:32.365,8.10923,8.11067,1.00,1.00
2018.02.22 15:49:32.839,8.10933,8.11075,1.00,1.00
2018.02.22 15:49:32.940,8.10937,8.1108,1.00,1.00
2018.02.22 15:49:33.219,8.10934,8.11076,1.00,1.00
2018.02.22 15:49:33.270,8.10928,8.11072,1.00,1.00
2018.02.22 15:49:33.365,8.10936,8.1108,1.00,1.00
2018.02.22 15:49:33.810,8.10933,8.11077,1.00,1.00
2018.02.22 15:49:35.726,8.10938,8.11082,1.00,1.00
2018.02.22 15:49:36.473,8.10921,8.11065,1.00,1.00
2018.02.22 15:49:36.815,8.1091,8.11054,1.00,1.00
2018.02.22 15:49:37.164,8.10884,8.11004,1.00,1.00
2018.02.22 15:49:37.339,8.10866,8.11009,1.00,1.00
2018.02.22 15:49:37.687,8.10857,8.11001,1.00,1.00
2018.02.22 15:49:38.160,8.10863,8.11007,1.00,1.00
2018.02.22 15:49:38.555,8.10868,8.1101,1.00,1.00
2018.02.22 15:49:38.607,8.10874,8.11018,1.00,1.00
2018.02.22 15:49:38.660,8.1088,8.11023,1.00,1.00
2018.02.22 15:49:39.047,8.10875,8.11019,1.00,1.00
2018.02.22 15:49:39.505,8.1088,8.11024,1.00,1.00
2018.02.22 15:49:40.184,8.10884,8.11028,1.00,1.00
2018.02.22 15:49:41.549,8.10878,8.11022,1.00,1.00
2018.02.22 15:49:41.924,8.10874,8.11016,1.00,1.00
2018.02.22 15:49:44.529,8.10874,8.11011,1.00,1.00
2018.02.22 15:49:44.993,8.10874,8.11003,1.00,1.00
2018.02.22 15:49:45.169,8.10859,8.11003,1.00,1.00
2018.02.22 15:49:46.631,8.10872,8.11016,1.00,1.00
2018.02.22 15:49:47.034,8.10875,8.11019,1.00,1.00
2018.02.22 15:49:47.591,8.10876,8.1102,1.00,1.00
2018.02.22 15:49:48.079,8.10878,8.1102,1.00,1.00
2018.02.22 15:49:48.821,8.10882,8.1102,1.00,1.00
2018.02.22 15:49:48.922,8.10884,8.11028,1.00,1.00
2018.02.22 15:49:49.125,8.10884,8.1103,1.00,1.00
2018.02.22 15:49:50.368,8.10891,8.11037,1.00,1.00
2018.02.22 15:49:51.027,8.10895,8.1104,1.00,1.00
2018.02.22 15:49:52.136,8.109,8.11041,1.00,1.00
2018.02.22 15:49:52.187,8.109,8.11045,1.00,1.00
2018.02.22 15:49:52.288,8.10905,8.11051,1.00,1.00
2018.02.22 15:49:52.340,8.10918,8.11064,1.00,1.00
2018.02.22 15:49:52.662,8.10923,8.11069,1.00,1.00
2018.02.22 15:49:52.997,8.10889,8.11018,1.00,1.00
2018.02.22 15:49:53.052,8.10877,8.11021,1.00,1.00
2018.02.22 15:49:53.154,8.10872,8.11016,1.00,1.00
2018.02.22 15:49:53.504,8.10872,8.11011,1.00,1.00
2018.02.22 15:49:54.632,8.10874,8.1102,1.00,1.00
2018.02.22 15:49:54.985,8.10878,8.11024,1.00,1.00
2018.02.22 15:49:56.391,8.10882,8.11028,1.00,1.00
2018.02.22 15:49:57.929,8.10873,8.1103,1.00,1.00
2018.02.22 15:49:59.296,8.10878,8.1103,1.00,1.00
2018.02.22 15:50:00.280,8.10872,8.1103,1.00,1.00
2018.02.22 15:50:00.331,8.10872,8.11022,1.00,1.00
2018.02.22 15:50:00.660,8.10872,8.11017,1.00,1.00
2018.02.22 15:50:01.109,8.10872,8.1103,1.00,1.00
2018.02.22 15:50:01.482,8.10872,8.11024,1.00,1.00
2018.02.22 15:50:02.136,8.10872,8.11019,1.00,1.00
2018.02.22 15:50:02.498,8.10872,8.11013,1.00,1.00
2018.02.22 15:50:02.725,8.10879,8.11025,1.00,1.00
2018.02.22 15:50:03.114,8.10872,8.11012,1.00,1.00
2018.02.22 15:50:03.420,8.10872,8.11008,1.00,1.00
2018.02.22 15:50:03.634,8.10872,8.11016,1.00,1.00
2018.02.22 15:50:03.685,8.10872,8.11007,1.00,1.00
2018.02.22 15:50:04.304,8.10872,8.11004,1.00,1.00
2018.02.22 15:50:04.683,8.10872,8.10999,1.00,1.00
2018.02.22 15:50:04.951,8.10872,8.11012,1.00,1.00
2018.02.22 15:50:05.002,8.10872,8.11016,1.00,1.00
2018.02.22 15:50:05.239,8.10872,8.11001,1.00,1.00
2018.02.22 15:50:05.399,8.10872,8.11006,1.00,1.00
2018.02.22 15:50:05.655,8.1086,8.11006,1.00,1.00
2018.02.22 15:50:05.858,8.10856,8.11002,1.00,1.00
2018.02.22 15:50:06.174,8.10861,8.11007,1.00,1.00
2018.02.22 15:50:07.477,8.10862,8.11008,1.00,1.00
2018.02.22 15:50:07.882,8.10865,8.11011,1.00,1.50
2018.02.22 15:50:08.227,8.1087,8.11011,1.00,1.00
2018.02.22 15:50:10.287,8.10865,8.11011,1.00,1.50
2018.02.22 15:50:10.339,8.10873,8.11011,1.00,1.00
2018.02.22 15:50:10.673,8.10886,8.11024,1.00,1.00
2018.02.22 15:50:10.907,8.10886,8.11028,1.00,1.00
2018.02.22 15:50:11.454,8.10886,8.11032,1.50,1.00
2018.02.22 15:50:11.669,8.10891,8.11037,1.67,1.00
2018.02.22 15:50:11.824,8.10896,8.11042,1.00,1.00
2018.02.22 15:50:11.875,8.10901,8.11044,1.67,1.00
2018.02.22 15:50:12.693,8.10916,8.1106,1.00,1.00
2018.02.22 15:50:12.744,8.10929,8.11068,1.00,1.00
2018.02.22 15:50:13.005,8.10929,8.1107,1.00,1.00
2018.02.22 15:50:13.523,8.1093,8.1107,1.00,1.00
2018.02.22 15:50:13.575,8.10931,8.11075,1.00,1.00
2018.02.22 15:50:13.676,8.10938,8.11075,1.00,1.00
2018.02.22 15:50:13.935,8.10935,8.11075,1.00,1.00
2018.02.22 15:50:14.268,8.10931,8.11075,1.00,1.00
2018.02.22 15:50:14.370,8.10924,8.11066,1.00,1.00
2018.02.22 15:50:14.677,8.10875,8.11006,1.00,1.00
2018.02.22 15:50:15.812,8.10875,8.11002,1.00,1.00
2018.02.22 15:50:16.167,8.10875,8.11006,1.00,1.00
2018.02.22 15:50:16.945,8.10875,8.1101,1.00,1.00
2018.02.22 15:50:16.996,8.10875,8.11014,1.00,1.00
2018.02.22 15:50:17.048,8.10882,8.11018,1.00,1.00
2018.02.22 15:50:17.360,8.10902,8.11038,1.00,1.00
2018.02.22 15:50:17.525,8.10902,8.11042,1.00,1.00
2018.02.22 15:50:17.626,8.10907,8.11049,1.00,1.00
2018.02.22 15:50:18.254,8.10909,8.11051,1.00,1.00
2018.02.22 15:50:18.515,8.10909,8.11053,1.00,1.00
2018.02.22 15:50:18.770,8.10909,8.11049,1.00,1.00
2018.02.22 15:50:19.091,8.10905,8.11049,1.00,1.50
2018.02.22 15:50:19.399,8.10909,8.11049,1.00,1.00
2018.02.22 15:50:19.503,8.10902,8.11044,1.00,1.00
2018.02.22 15:50:20.284,8.10919,8.11044,1.00,1.00
2018.02.22 15:50:20.338,8.10919,8.11049,1.00,1.00
2018.02.22 15:50:20.441,8.10919,8.11059,1.00,1.00
2018.02.22 15:50:20.595,8.10921,8.11065,1.00,1.00
2018.02.22 15:50:20.998,8.10926,8.1107,1.00,1.00
2018.02.22 15:50:21.302,8.10939,8.11067,1.00,1.00
2018.02.22 15:50:21.608,8.10939,8.11075,1.00,1.00
2018.02.22 15:50:22.205,8.10939,8.1107,1.00,1.00
2018.02.22 15:50:23.129,8.10939,8.11074,1.00,1.00
2018.02.22 15:50:24.741,8.10939,8.11082,1.50,1.00
2018.02.22 15:50:24.848,8.1094,8.11084,1.00,1.00
2018.02.22 15:50:25.039,8.1095,8.11094,1.00,1.00
2018.02.22 15:50:26.234,8.10967,8.11097,1.00,1.00
2018.02.22 15:50:26.286,8.10978,8.11118,1.00,1.00
2018.02.22 15:50:26.408,8.10978,8.1111,1.00,1.00
2018.02.22 15:50:26.460,8.10959,8.11103,1.00,1.00
2018.02.22 15:50:26.841,8.10957,8.11097,1.00,1.00
2018.02.22 15:50:27.634,8.10962,8.11105,1.00,1.00
2018.02.22 15:50:27.789,8.10966,8.1111,1.00,1.00
2018.02.22 15:50:28.238,8.1098,8.11124,1.00,1.00
2018.02.22 15:50:28.576,8.10988,8.11132,1.00,1.00
2018.02.22 15:50:29.596,8.10993,8.11137,1.00,1.00
2018.02.22 15:50:29.901,8.11005,8.11149,1.00,1.00
2018.02.22 15:50:30.474,8.11019,8.11163,1.00,1.00
2018.02.22 15:50:30.812,8.11013,8.11156,1.00,1.00
2018.02.22 15:50:31.458,8.11019,8.11156,1.00,1.00
2018.02.22 15:50:31.509,8.11021,8.11165,1.00,1.00
2018.02.22 15:50:31.848,8.11026,8.11168,1.00,1.00
2018.02.22 15:50:32.349,8.11036,8.1118,1.00,1.00
2018.02.22 15:50:32.482,8.11047,8.11191,1.00,1.00
2018.02.22 15:50:32.637,8.11042,8.11202,1.00,1.00
2018.02.22 15:50:33.139,8.11045,8.11205,1.00,1.00
2018.02.22 15:50:33.481,8.11054,8.11214,1.00,1.00
2018.02.22 15:50:33.815,8.1105,8.11209,1.50,1.00
2018.02.22 15:50:34.193,8.1105,8.11206,1.00,1.00
2018.02.22 15:50:34.590,8.1105,8.11202,1.00,1.00
2018.02.22 15:50:34.793,8.1105,8.1121,1.50,1.00
2018.02.22 15:50:35.726,8.1107,8.1123,1.00,1.00
2018.02.22 15:50:36.031,8.1108,8.1124,1.00,1.00
2018.02.22 15:50:36.334,8.11096,8.11238,1.00,1.00
2018.02.22 15:50:36.435,8.11098,8.11242,1.00,1.00
2018.02.22 15:50:36.486,8.11098,8.11259,1.00,1.00
2018.02.22 15:50:36.537,8.11115,8.11259,1.00,1.00
2018.02.22 15:50:36.588,8.11115,8.11269,1.00,1.00
2018.02.22 15:50:36.720,8.11115,8.11255,1.00,1.00
2018.02.22 15:50:36.975,8.11066,8.11207,1.00,1.00
2018.02.22 15:50:37.435,8.1106,8.11204,1.00,1.00
2018.02.22 15:50:38.134,8.11077,8.11221,1.00,1.00
2018.02.22 15:50:39.222,8.11073,8.11217,1.00,1.00
2018.02.22 15:50:39.477,8.11053,8.11215,1.00,1.00
2018.02.22 15:50:39.527,8.11074,8.11218,1.00,1.00
2018.02.22 15:50:39.834,8.11086,8.1123,1.00,1.00
2018.02.22 15:50:40.135,8.11082,8.11225,1.00,1.00
2018.02.22 15:50:41.022,8.11078,8.11222,1.00,1.00
2018.02.22 15:50:41.608,8.11086,8.1123,1.00,1.00
2018.02.22 15:50:42.041,8.11083,8.11227,1.00,1.00
2018.02.22 15:50:42.420,8.11092,8.11249,1.00,1.00
2018.02.22 15:50:42.472,8.11125,8.11269,1.00,1.00
2018.02.22 15:50:42.573,8.11118,8.11282,1.00,1.00
2018.02.22 15:50:42.624,8.11112,8.11256,1.00,1.00
2018.02.22 15:50:42.955,8.11125,8.11267,1.00,1.00
2018.02.22 15:50:43.137,8.11116,8.1126,1.00,1.00
2018.02.22 15:50:43.340,8.11109,8.11253,1.00,1.00
2018.02.22 15:50:44.080,8.11124,8.11264,1.00,1.00
2018.02.22 15:50:44.398,8.11133,8.11264,1.00,1.00
2018.02.22 15:50:44.683,8.11123,8.11264,1.00,1.00
2018.02.22 15:50:44.805,8.11116,8.11259,1.00,1.00
2018.02.22 15:50:45.118,8.11122,8.11264,1.00,1.00
2018.02.22 15:50:45.470,8.1113,8.11264,1.00,1.00
2018.02.22 15:50:45.794,8.11123,8.11264,1.00,1.00
2018.02.22 15:50:45.845,8.11134,8.11264,1.00,1.00
2018.02.22 15:50:45.897,8.11132,8.11264,1.00,1.00
2018.02.22 15:50:45.948,8.11128,8.11264,1.00,1.00
2018.02.22 15:50:46.101,8.11132,8.11264,1.00,1.00
2018.02.22 15:50:46.153,8.11123,8.11264,1.00,1.00
2018.02.22 15:50:46.205,8.11116,8.1126,1.00,1.00
2018.02.22 15:50:46.256,8.11125,8.11264,1.00,1.00
2018.02.22 15:50:46.308,8.11123,8.11264,1.00,1.00
2018.02.22 15:50:46.359,8.11132,8.11264,1.00,1.00
2018.02.22 15:50:46.999,8.11126,8.11264,1.00,1.00
2018.02.22 15:50:47.050,8.11102,8.11246,1.00,1.00
2018.02.22 15:50:47.102,8.11094,8.11238,1.00,1.00
2018.02.22 15:50:47.405,8.11106,8.1125,1.00,1.00
2018.02.22 15:50:47.755,8.11117,8.11254,1.00,1.00
2018.02.22 15:50:47.931,8.11112,8.11254,1.00,1.00
2018.02.22 15:50:47.982,8.11116,8.11254,1.00,1.00
2018.02.22 15:50:48.615,8.11097,8.11241,1.00,1.00
2018.02.22 15:50:48.717,8.11088,8.11231,1.00,1.00
2018.02.22 15:50:48.771,8.11096,8.1124,1.00,1.00
2018.02.22 15:50:49.055,8.11071,8.11213,1.00,1.00
2018.02.22 15:50:49.313,8.11086,8.11229,1.00,1.00
2018.02.22 15:50:49.414,8.11072,8.11214,1.00,1.00
2018.02.22 15:50:49.829,8.11082,8.11226,1.00,1.00
2018.02.22 15:50:49.880,8.11072,8.11216,1.00,1.00
2018.02.22 15:50:50.185,8.11074,8.11217,1.00,1.00
2018.02.22 15:50:50.597,8.11086,8.11228,1.00,1.00
2018.02.22 15:50:50.800,8.11073,8.11217,1.00,1.00
2018.02.22 15:50:51.435,8.11063,8.11198,1.00,1.00
2018.02.22 15:50:51.537,8.11052,8.11193,1.00,1.00
2018.02.22 15:50:51.588,8.11047,8.11191,1.00,1.00
2018.02.22 15:50:51.781,8.11071,8.11215,1.00,1.00
2018.02.22 15:50:52.085,8.11061,8.11204,1.00,1.00
2018.02.22 15:50:52.268,8.11074,8.11218,1.00,1.00
2018.02.22 15:50:52.319,8.11082,8.1122,1.00,1.00
2018.02.22 15:50:52.422,8.11082,8.11225,1.00,1.00
2018.02.22 15:50:52.525,8.11085,8.11229,1.00,1.00
2018.02.22 15:50:53.189,8.11083,8.11227,1.00,1.00
2018.02.22 15:50:54.624,8.11081,8.11227,1.00,1.00
2018.02.22 15:50:55.640,8.11073,8.11216,1.00,1.00
2018.02.22 15:50:55.793,8.11052,8.11197,1.00,1.00
2018.02.22 15:50:56.007,8.11062,8.11208,1.00,1.00
2018.02.22 15:50:56.058,8.11068,8.11214,1.00,1.00
2018.02.22 15:50:56.365,8.11074,8.11229,1.00,1.00
2018.02.22 15:50:57.036,8.11087,8.11233,1.00,1.00
2018.02.22 15:50:57.384,8.11071,8.11233,1.00,1.00
2018.02.22 15:50:57.772,8.11088,8.11233,1.00,1.00
2018.02.22 15:50:58.437,8.11088,8.11234,1.00,1.00
2018.02.22 15:50:59.229,8.11088,8.11233,1.00,1.00
2018.02.22 15:51:00.448,8.11104,8.11249,1.00,1.00
2018.02.22 15:51:00.777,8.11104,8.11238,1.00,1.00
2018.02.22 15:51:00.879,8.11104,8.11245,1.00,1.00
2018.02.22 15:51:00.930,8.11104,8.11238,1.00,1.00
2018.02.22 15:51:01.262,8.11104,8.11245,1.00,1.00
2018.02.22 15:51:01.315,8.11104,8.11239,1.00,1.00
2018.02.22 15:51:01.523,8.11106,8.11249,1.00,1.00
2018.02.22 15:51:01.574,8.11104,8.11248,1.00,1.00
2018.02.22 15:51:01.626,8.11102,8.11236,1.00,1.00
2018.02.22 15:51:02.208,8.1108,8.11225,1.00,1.00
2018.02.22 15:51:02.412,8.1108,8.11221,1.00,1.00
2018.02.22 15:51:02.463,8.11081,8.11224,1.00,1.00
2018.02.22 15:51:02.852,8.11088,8.11224,1.00,1.00
2018.02.22 15:51:03.064,8.11088,8.11234,1.00,1.50
2018.02.22 15:51:04.786,8.11081,8.11227,1.00,1.00
2018.02.22 15:51:05.128,8.11089,8.11234,1.00,1.00
2018.02.22 15:51:05.233,8.11083,8.11229,1.00,1.00
2018.02.22 15:51:05.287,8.11089,8.11234,1.00,1.00
2018.02.22 15:51:05.614,8.11093,8.11234,1.00,1.00
2018.02.22 15:51:05.828,8.11089,8.11234,1.00,1.00
2018.02.22 15:51:07.570,8.11086,8.11232,1.00,1.00
2018.02.22 15:51:07.621,8.11083,8.11218,1.00,1.00
2018.02.22 15:51:07.927,8.11048,8.11178,1.00,1.00
2018.02.22 15:51:08.135,8.11048,8.11185,1.00,1.00
2018.02.22 15:51:08.236,8.11048,8.11187,1.00,1.00
2018.02.22 15:51:08.287,8.11048,8.11179,1.00,1.00
2018.02.22 15:51:08.882,8.11048,8.11187,1.00,1.00
2018.02.22 15:51:09.411,8.11048,8.11191,1.00,1.00
2018.02.22 15:51:09.682,8.1105,8.11194,1.00,1.00
2018.02.22 15:51:09.735,8.11066,8.11202,1.00,1.00
2018.02.22 15:51:09.787,8.11066,8.11207,1.00,1.00
2018.02.22 15:51:09.974,8.11066,8.11212,1.50,1.00
2018.02.22 15:51:10.407,8.11066,8.11207,1.00,1.00
2018.02.22 15:51:11.646,8.11082,8.11217,1.00,1.00
2018.02.22 15:51:11.956,8.11098,8.11217,1.00,1.00
2018.02.22 15:51:12.127,8.11098,8.11227,1.00,1.00
2018.02.22 15:51:13.081,8.11098,8.11225,1.00,1.00
2018.02.22 15:51:13.133,8.11081,8.11225,1.00,1.00
2018.02.22 15:51:14.174,8.11085,8.11227,1.00,1.00
2018.02.22 15:51:15.241,8.11084,8.11227,1.00,1.00
2018.02.22 15:51:16.109,8.11084,8.11228,1.00,1.00
2018.02.22 15:51:16.418,8.11106,8.11237,1.00,1.00
2018.02.22 15:51:17.936,8.11106,8.11233,1.00,1.00
2018.02.22 15:51:18.271,8.11086,8.11216,1.00,1.00
2018.02.22 15:51:18.323,8.11086,8.11212,1.00,1.00
2018.02.22 15:51:18.692,8.11061,8.11184,1.00,1.00
2018.02.22 15:51:19.099,8.11061,8.1119,1.00,1.00
2018.02.22 15:51:19.234,8.11061,8.11185,1.00,1.00
2018.02.22 15:51:20.163,8.11061,8.11194,1.00,1.00
2018.02.22 15:51:20.902,8.11061,8.11185,1.00,1.00
2018.02.22 15:51:21.818,8.11061,8.11193,1.00,1.00
2018.02.22 15:51:22.609,8.11061,8.11194,1.00,1.00
2018.02.22 15:51:23.259,8.11061,8.11199,1.00,1.00
2018.02.22 15:51:24.107,8.11061,8.11202,1.00,1.00
2018.02.22 15:51:24.158,8.11073,8.11217,1.00,2.25
2018.02.22 15:51:24.306,8.11068,8.11212,1.00,1.00
2018.02.22 15:51:24.636,8.11065,8.11209,1.00,1.00
2018.02.22 15:51:24.761,8.11061,8.11209,1.50,1.00
2018.02.22 15:51:24.812,8.11065,8.11209,1.00,1.00
2018.02.22 15:51:25.615,8.11061,8.11204,1.50,1.00
2018.02.22 15:51:30.018,8.11065,8.11209,1.00,1.00
2018.02.22 15:51:30.068,8.1107,8.11214,1.00,1.00
2018.02.22 15:51:30.713,8.11069,8.11213,1.00,1.00
2018.02.22 15:51:31.928,8.11089,8.11228,1.00,1.00
2018.02.22 15:51:32.183,8.11093,8.11236,1.00,1.00
2018.02.22 15:51:32.412,8.11101,8.11242,1.50,1.00
2018.02.22 15:51:35.264,8.11104,8.11242,1.00,1.00
2018.02.22 15:51:36.479,8.11107,8.11242,1.00,1.00
2018.02.22 15:51:36.633,8.11103,8.11242,1.00,1.00
2018.02.22 15:51:37.675,8.11105,8.11242,1.00,1.00
2018.02.22 15:51:37.779,8.1111,8.11254,1.00,1.00
2018.02.22 15:51:37.831,8.11117,8.11254,1.00,1.00
2018.02.22 15:51:38.279,8.11117,8.1125,1.00,1.00
2018.02.22 15:51:38.717,8.11117,8.11254,1.00,1.00
2018.02.22 15:51:38.818,8.1111,8.11254,1.00,1.00
2018.02.22 15:51:39.055,8.11102,8.11246,1.00,1.50
2018.02.22 15:51:39.427,8.11101,8.11242,1.00,1.00
2018.02.22 15:51:40.656,8.11102,8.11246,1.00,1.50
2018.02.22 15:51:41.224,8.11106,8.11246,1.00,1.00
2018.02.22 15:51:41.377,8.11118,8.11259,1.00,1.00
2018.02.22 15:51:41.537,8.11118,8.11251,1.00,1.00
2018.02.22 15:51:41.588,8.11118,8.1126,1.00,1.00
2018.02.22 15:51:41.639,8.11118,8.11254,1.00,1.00
2018.02.22 15:51:41.971,8.11118,8.11247,1.00,1.00
2018.02.22 15:51:42.075,8.11097,8.11231,1.00,1.00
2018.02.22 15:51:42.235,8.11102,8.11245,1.00,1.00
2018.02.22 15:51:43.241,8.11101,8.11247,1.00,1.00
2018.02.22 15:51:43.292,8.11105,8.11247,1.00,1.00
2018.02.22 15:51:43.577,8.11098,8.11242,1.00,1.00
2018.02.22 15:51:44.231,8.11097,8.11241,1.50,1.00
2018.02.22 15:51:44.617,8.11097,8.11233,1.50,1.00
2018.02.22 15:51:44.930,8.11116,8.11245,1.00,1.50
2018.02.22 15:51:45.134,8.11118,8.11256,1.00,1.00
2018.02.22 15:51:45.778,8.11118,8.11255,1.00,1.00
2018.02.22 15:51:45.829,8.11116,8.11255,1.00,1.00
2018.02.22 15:51:46.255,8.11118,8.11255,1.00,1.00
2018.02.22 15:51:46.561,8.111,8.11227,1.00,1.00
2018.02.22 15:51:47.083,8.111,8.11228,1.00,1.00
2018.02.22 15:51:47.799,8.111,8.11226,1.00,1.00
2018.02.22 15:51:50.968,8.111,8.1123,1.00,1.00
2018.02.22 15:51:51.019,8.111,8.11234,1.50,1.00
2018.02.22 15:51:51.162,8.11124,8.11245,1.00,1.00
2018.02.22 15:51:51.265,8.1112,8.11243,1.00,1.00
2018.02.22 15:51:52.600,8.11103,8.11243,1.00,1.00
2018.02.22 15:51:52.708,8.11118,8.1124,1.00,1.00
2018.02.22 15:51:52.861,8.11118,8.11247,1.00,1.00
2018.02.22 15:51:52.912,8.11118,8.11252,1.00,1.00
2018.02.22 15:51:52.963,8.11135,8.11266,1.00,1.00
2018.02.22 15:51:53.472,8.11135,8.11272,1.00,1.00
2018.02.22 15:51:53.663,8.11135,8.11266,1.00,1.00
2018.02.22 15:51:54.100,8.11157,8.11277,1.00,1.00
2018.02.22 15:51:55.551,8.11157,8.11289,1.00,1.00
2018.02.22 15:51:56.839,8.11167,8.11304,1.00,1.00
2018.02.22 15:51:57.031,8.11175,8.11321,1.00,1.00
2018.02.22 15:51:57.083,8.11199,8.11334,1.00,1.00
2018.02.22 15:51:57.135,8.11201,8.11338,1.00,1.00
2018.02.22 15:51:57.186,8.11206,8.11343,1.00,1.00
2018.02.22 15:51:58.171,8.11209,8.11347,1.00,1.00
2018.02.22 15:51:58.502,8.11217,8.11355,1.00,1.00
2018.02.22 15:51:58.553,8.1122,8.11369,1.00,1.00
2018.02.22 15:51:58.883,8.1122,8.11353,1.00,1.00
2018.02.22 15:51:58.934,8.11217,8.11367,1.00,1.00
2018.02.22 15:51:58.985,8.1122,8.11367,1.00,1.00
2018.02.22 15:52:00.407,8.1122,8.11338,1.00,1.00
2018.02.22 15:52:00.458,8.112,8.11338,1.00,1.00
2018.02.22 15:52:00.610,8.112,8.11334,1.00,1.00
2018.02.22 15:52:01.017,8.112,8.11343,1.00,1.00
2018.02.22 15:52:01.228,8.11185,8.11325,1.00,1.00
2018.02.22 15:52:01.432,8.11159,8.11309,1.00,1.00
2018.02.22 15:52:01.601,8.11139,8.11278,1.00,1.00
2018.02.22 15:52:01.653,8.11139,8.11281,1.00,1.00
2018.02.22 15:52:01.704,8.11142,8.11286,1.00,1.00
2018.02.22 15:52:01.755,8.11142,8.11284,1.00,1.00
2018.02.22 15:52:01.807,8.11142,8.11289,1.00,1.00
2018.02.22 15:52:02.774,8.11154,8.11298,1.00,1.00
2018.02.22 15:52:03.177,8.11146,8.1129,1.00,1.00
2018.02.22 15:52:03.498,8.11155,8.11299,1.00,1.00
2018.02.22 15:52:03.895,8.11167,8.11303,1.00,1.00
2018.02.22 15:52:04.209,8.11152,8.11289,1.67,1.00
2018.02.22 15:52:04.263,8.11152,8.11289,1.00,1.00
2018.02.22 15:52:04.315,8.11148,8.1128,1.00,1.00
2018.02.22 15:52:04.417,8.11138,8.11276,1.67,1.00
2018.02.22 15:52:04.680,8.11129,8.11266,1.00,1.00
2018.02.22 15:52:05.455,8.11129,8.11257,1.00,1.00
2018.02.22 15:52:05.557,8.11099,8.11232,1.67,1.00
2018.02.22 15:52:05.608,8.11099,8.1123,1.00,1.00
2018.02.22 15:52:05.710,8.11099,8.11234,1.00,1.00
2018.02.22 15:52:06.328,8.11099,8.11237,1.50,1.00
2018.02.22 15:52:06.948,8.11122,8.11243,1.00,1.00
2018.02.22 15:52:06.999,8.1113,8.11267,1.00,1.00
2018.02.22 15:52:07.486,8.11134,8.11271,1.00,1.00
2018.02.22 15:52:07.795,8.11122,8.11253,1.00,1.00
2018.02.22 15:52:08.207,8.11122,8.11261,1.50,1.00
2018.02.22 15:52:08.366,8.11141,8.11268,1.00,1.00
2018.02.22 15:52:10.509,8.11154,8.11293,1.00,1.00
2018.02.22 15:52:10.561,8.11162,8.11298,1.00,1.00
2018.02.22 15:52:10.905,8.11162,8.11282,1.00,1.00
2018.02.22 15:52:11.108,8.11162,8.11298,1.00,1.00
2018.02.22 15:52:11.211,8.11162,8.11294,1.00,1.00
2018.02.22 15:52:11.644,8.11162,8.1128,1.00,1.00
2018.02.22 15:52:11.695,8.11146,8.11278,1.00,1.00
2018.02.22 15:52:12.762,8.11146,8.11275,1.00,1.00
2018.02.22 15:52:13.200,8.11146,8.11273,1.00,1.00
2018.02.22 15:52:17.390,8.11134,8.11273,1.00,1.00
2018.02.22 15:52:17.644,8.11129,8.11263,1.00,1.00
2018.02.22 15:52:17.695,8.11113,8.11252,1.00,1.00
2018.02.22 15:52:18.820,8.11119,8.11259,1.00,1.00
2018.02.22 15:52:18.872,8.11129,8.11269,1.00,1.00
2018.02.22 15:52:19.215,8.11132,8.1127,1.00,1.00
2018.02.22 15:52:19.748,8.11133,8.1127,1.00,1.00
2018.02.22 15:52:19.939,8.11112,8.11267,1.00,1.00
2018.02.22 15:52:20.143,8.11112,8.11269,1.00,1.00
2018.02.22 15:52:22.692,8.11112,8.1127,1.00,1.00
2018.02.22 15:52:23.205,8.11112,8.1127,1.67,1.00
2018.02.22 15:52:23.764,8.11112,8.11269,1.67,1.00
2018.02.22 15:52:24.115,8.1113,8.11269,1.00,1.00
2018.02.22 15:52:24.406,8.1111,8.11258,1.00,1.00
2018.02.22 15:52:24.459,8.1109,8.11242,1.00,1.00
2018.02.22 15:52:24.510,8.11085,8.11226,1.00,1.00
2018.02.22 15:52:24.561,8.11073,8.11229,1.00,1.50
2018.02.22 15:52:24.665,8.11068,8.11193,1.00,1.00
2018.02.22 15:52:24.716,8.11055,8.1121,1.00,1.00
2018.02.22 15:52:24.767,8.11052,8.11191,1.00,1.00
2018.02.22 15:52:24.870,8.11052,8.1121,1.00,1.00
2018.02.22 15:52:29.997,8.11061,8.1121,1.00,1.00
2018.02.22 15:52:30.048,8.11069,8.11222,1.00,1.00
2018.02.22 15:52:30.100,8.11069,8.11227,1.00,1.50
2018.02.22 15:52:30.974,8.1109,8.11243,1.00,1.00
2018.02.22 15:52:31.320,8.11093,8.11243,1.00,1.00
2018.02.22 15:52:31.652,8.11098,8.11243,1.00,1.00
2018.02.22 15:52:32.889,8.11097,8.11243,1.00,1.00
2018.02.22 15:52:33.271,8.11104,8.11243,1.00,1.00
2018.02.22 15:52:33.324,8.11118,8.11263,1.00,1.00
2018.02.22 15:52:33.467,8.11128,8.11281,1.00,1.00
2018.02.22 15:52:33.570,8.1112,8.11269,1.00,1.00
2018.02.22 15:52:34.099,8.11116,8.11269,1.00,1.00
2018.02.22 15:52:34.191,8.11122,8.11263,1.00,1.00
2018.02.22 15:52:34.736,8.11121,8.11263,1.00,1.00
2018.02.22 15:52:35.235,8.11111,8.1125,1.00,1.00
2018.02.22 15:52:35.288,8.11076,8.11217,1.00,1.00
2018.02.22 15:52:35.342,8.11083,8.11212,1.00,1.00
2018.02.22 15:52:35.687,8.11063,8.112,1.00,1.00
2018.02.22 15:52:36.869,8.11058,8.112,1.00,1.00
2018.02.22 15:52:38.259,8.11061,8.112,1.00,1.00
2018.02.22 15:52:38.310,8.11062,8.11203,1.00,1.00
2018.02.22 15:52:38.399,8.11066,8.11207,1.00,1.00
2018.02.22 15:52:38.722,8.11064,8.11204,1.00,1.00
2018.02.22 15:52:39.784,8.11069,8.11208,1.00,1.00
2018.02.22 15:52:40.230,8.11083,8.11208,1.00,1.00
2018.02.22 15:52:40.687,8.11083,8.11218,1.00,1.00
2018.02.22 15:52:40.739,8.11105,8.11242,1.00,1.00
2018.02.22 15:52:40.790,8.11101,8.11241,1.50,1.00
2018.02.22 15:52:40.841,8.1111,8.11249,1.00,1.00
2018.02.22 15:52:41.263,8.11118,8.11251,1.00,1.00
2018.02.22 15:52:41.809,8.11118,8.1125,1.00,1.00
2018.02.22 15:52:42.377,8.11118,8.11254,1.00,1.00
2018.02.22 15:52:42.960,8.11118,8.11258,1.00,1.00
2018.02.22 15:52:43.565,8.1112,8.11262,1.00,1.00
2018.02.22 15:52:43.667,8.11118,8.11258,1.00,1.00
2018.02.22 15:52:44.475,8.11143,8.11281,1.00,1.00
2018.02.22 15:52:44.577,8.11147,8.11289,1.00,1.00
2018.02.22 15:52:45.349,8.11155,8.11297,1.00,1.00
2018.02.22 15:52:45.666,8.1116,8.11297,1.00,1.00
2018.02.22 15:52:46.578,8.11168,8.1131,1.00,1.00
2018.02.22 15:52:46.719,8.11176,8.11309,1.00,1.00
2018.02.22 15:52:46.922,8.11135,8.11274,1.00,1.00
2018.02.22 15:52:46.973,8.11135,8.11261,1.00,1.00
2018.02.22 15:52:47.277,8.11135,8.11258,1.00,1.00
2018.02.22 15:52:49.698,8.11135,8.1127,1.00,1.00
2018.02.22 15:52:49.750,8.11135,8.11274,1.00,1.00
2018.02.22 15:52:49.902,8.11135,8.11268,1.00,1.00
2018.02.22 15:52:50.109,8.11135,8.1127,1.00,1.00
2018.02.22 15:52:50.398,8.11135,8.11264,1.00,1.00
2018.02.22 15:52:50.449,8.11135,8.1127,1.00,1.00
2018.02.22 15:52:50.900,8.1118,8.11294,1.00,1.00
2018.02.22 15:52:50.952,8.11204,8.11345,1.00,1.00
2018.02.22 15:52:51.003,8.1121,8.1135,1.00,1.50
2018.02.22 15:52:51.105,8.11206,8.11348,1.00,1.00
2018.02.22 15:52:51.258,8.11211,8.11353,1.00,1.00
2018.02.22 15:52:51.602,8.11214,8.11355,1.00,1.00
2018.02.22 15:52:52.349,8.11215,8.11357,1.00,1.00
2018.02.22 15:52:52.451,8.11209,8.1135,1.00,1.00
2018.02.22 15:52:52.991,8.11205,8.11347,1.00,1.00
2018.02.22 15:52:53.294,8.11212,8.11354,1.00,1.00
2018.02.22 15:52:53.611,8.11219,8.1136,1.00,1.00
2018.02.22 15:52:54.312,8.11212,8.11354,1.00,1.00
2018.02.22 15:52:54.363,8.11208,8.11348,1.00,1.00
2018.02.22 15:52:54.415,8.11204,8.11346,1.00,1.00
2018.02.22 15:52:54.628,8.11202,8.11344,1.00,1.00
2018.02.22 15:52:54.937,8.11206,8.11348,1.00,1.00
2018.02.22 15:52:56.842,8.11211,8.11351,1.00,1.00
2018.02.22 15:52:57.184,8.11218,8.11355,1.00,1.00
2018.02.22 15:52:57.235,8.11211,8.11351,1.00,1.00
2018.02.22 15:52:58.212,8.11204,8.11344,1.00,1.00
2018.02.22 15:52:58.533,8.11214,8.11352,1.00,1.00
2018.02.22 15:52:58.686,8.11217,8.11357,1.00,1.00
2018.02.22 15:52:59.128,8.11225,8.11362,1.00,1.00
2018.02.22 15:52:59.179,8.11219,8.11359,1.00,1.00
2018.02.22 15:52:59.534,8.11217,8.11359,1.00,1.00
2018.02.22 15:53:00.072,8.11202,8.11344,1.67,1.00
2018.02.22 15:53:00.123,8.11197,8.11338,1.00,1.00
2018.02.22 15:53:00.278,8.11196,8.11334,1.00,1.00
2018.02.22 15:53:01.259,8.11196,8.11326,1.00,1.00
2018.02.22 15:53:01.424,8.11181,8.11323,1.00,1.00
2018.02.22 15:53:01.476,8.11175,8.11306,1.00,1.00
2018.02.22 15:53:01.527,8.11175,8.11316,1.00,1.00
2018.02.22 15:53:01.578,8.11171,8.11313,1.00,1.00
2018.02.22 15:53:01.628,8.11177,8.11318,1.00,1.00
2018.02.22 15:53:01.932,8.11183,8.11321,1.00,1.00
2018.02.22 15:53:02.389,8.11179,8.11318,1.00,1.00
2018.02.22 15:53:02.505,8.11225,8.11355,1.00,1.00
2018.02.22 15:53:02.607,8.11259,8.11402,1.00,1.00
2018.02.22 15:53:02.658,8.11276,8.11422,1.00,1.00
2018.02.22 15:53:02.814,8.11287,8.11425,1.00,1.00
2018.02.22 15:53:03.118,8.11266,8.11404,1.00,1.00
2018.02.22 15:53:03.462,8.11288,8.11426,1.00,1.00
2018.02.22 15:53:03.944,8.11293,8.11431,1.00,1.00
2018.02.22 15:53:04.262,8.11266,8.11404,1.00,1.00
2018.02.22 15:53:04.627,8.11278,8.11415,1.00,1.00
2018.02.22 15:53:04.959,8.11263,8.114,1.00,1.00
2018.02.22 15:53:05.216,8.11278,8.11416,1.00,1.00
2018.02.22 15:53:05.759,8.11288,8.11425,1.00,1.00
2018.02.22 15:53:06.205,8.11292,8.1143,1.00,1.00
2018.02.22 15:53:06.257,8.11296,8.11433,1.00,1.00
2018.02.22 15:53:06.568,8.113,8.11437,1.00,1.00
2018.02.22 15:53:07.722,8.11299,8.11437,1.00,1.00
2018.02.22 15:53:08.035,8.11287,8.11425,1.67,1.00
2018.02.22 15:53:08.389,8.11294,8.11429,1.00,1.00
2018.02.22 15:53:08.490,8.11292,8.11429,1.00,1.00
2018.02.22 15:53:08.796,8.11288,8.11425,1.67,1.00
2018.02.22 15:53:09.334,8.11288,8.11425,1.00,1.00
2018.02.22 15:53:09.844,8.11268,8.11406,1.00,1.00
2018.02.22 15:53:09.951,8.11271,8.11409,1.00,1.00
2018.02.22 15:53:10.300,8.11269,8.11407,1.00,1.00
2018.02.22 15:53:11.067,8.11273,8.11411,1.00,1.00
2018.02.22 15:53:11.409,8.11287,8.11425,1.00,1.00
2018.02.22 15:53:11.769,8.11277,8.11415,1.00,1.00
2018.02.22 15:53:12.110,8.11266,8.11403,1.00,1.00
2018.02.22 15:53:12.433,8.11229,8.11359,1.00,1.00
2018.02.22 15:53:12.772,8.11222,8.11359,1.00,1.00
2018.02.22 15:53:12.957,8.11211,8.11349,1.00,1.00
2018.02.22 15:53:13.008,8.11205,8.11338,1.00,1.00
2018.02.22 15:53:13.058,8.112,8.11338,1.00,1.00
2018.02.22 15:53:13.160,8.11196,8.11333,1.00,1.00
2018.02.22 15:53:13.494,8.11212,8.1135,1.00,1.00
2018.02.22 15:53:13.545,8.11202,8.1134,1.00,1.00
2018.02.22 15:53:13.932,8.11199,8.11336,1.00,1.00
2018.02.22 15:53:14.530,8.11206,8.11341,1.00,1.00
2018.02.22 15:53:14.972,8.11201,8.11339,1.00,1.00
2018.02.22 15:53:15.022,8.11198,8.11335,1.00,1.00
2018.02.22 15:53:16.767,8.11216,8.11345,1.00,1.00
2018.02.22 15:53:17.598,8.11216,8.11348,1.00,1.00
2018.02.22 15:53:17.795,8.11238,8.11375,1.00,1.00
2018.02.22 15:53:17.897,8.11257,8.11395,1.00,1.00
2018.02.22 15:53:18.015,8.11261,8.11395,1.00,1.00
2018.02.22 15:53:21.046,8.11264,8.11402,1.00,1.00
2018.02.22 15:53:21.359,8.11261,8.11398,1.00,1.00
2018.02.22 15:53:21.410,8.11263,8.11406,1.00,1.00
2018.02.22 15:53:21.461,8.11266,8.1141,1.00,1.00
2018.02.22 15:53:23.492,8.11264,8.11408,1.00,1.00
2018.02.22 15:53:24.807,8.11278,8.11417,1.50,1.00
2018.02.22 15:53:25.144,8.11278,8.11409,1.00,1.00
2018.02.22 15:53:25.458,8.11278,8.11405,1.00,1.00
2018.02.22 15:53:25.509,8.11278,8.11409,1.00,1.00
2018.02.22 15:53:26.630,8.11272,8.11415,1.50,1.00
2018.02.22 15:53:26.732,8.11272,8.11409,1.00,1.00
2018.02.22 15:53:26.947,8.1127,8.11412,1.00,1.00
2018.02.22 15:53:26.999,8.11265,8.11409,1.00,1.00
2018.02.22 15:53:27.100,8.11268,8.1141,1.00,1.00
2018.02.22 15:53:28.316,8.11263,8.11407,1.00,1.00
2018.02.22 15:53:28.419,8.11267,8.11411,1.00,1.00
2018.02.22 15:53:30.751,8.11264,8.11407,1.00,1.00
2018.02.22 15:53:31.615,8.11275,8.11419,1.00,1.50
2018.02.22 15:53:31.666,8.1127,8.11414,1.00,1.00
2018.02.22 15:53:31.986,8.11268,8.11411,1.00,1.00
2018.02.22 15:53:32.676,8.11274,8.11418,1.00,1.50
2018.02.22 15:53:32.778,8.1127,8.11413,1.00,1.00
2018.02.22 15:53:33.486,8.11277,8.11419,1.00,1.00
2018.02.22 15:53:33.693,8.11294,8.11437,1.00,1.00
2018.02.22 15:53:33.850,8.11297,8.11439,1.00,1.00
2018.02.22 15:53:33.953,8.11293,8.11437,1.00,1.00
2018.02.22 15:53:34.004,8.11298,8.11439,1.00,1.00
2018.02.22 15:53:34.291,8.11293,8.11437,1.00,1.00
2018.02.22 15:53:34.342,8.11297,8.11439,1.00,1.00
2018.02.22 15:53:34.395,8.11293,8.11437,1.00,1.00
2018.02.22 15:53:34.497,8.1129,8.11433,1.00,1.00
2018.02.22 15:53:34.904,8.11298,8.11439,1.00,1.00
2018.02.22 15:53:36.078,8.11289,8.11432,1.00,1.00
2018.02.22 15:53:36.130,8.11273,8.11415,1.00,1.00
2018.02.22 15:53:36.181,8.11279,8.11423,1.00,1.00
2018.02.22 15:53:36.233,8.11277,8.11419,1.00,1.00
2018.02.22 15:53:36.387,8.11265,8.11409,1.00,1.00
2018.02.22 15:53:36.753,8.11269,8.11412,1.00,1.00
2018.02.22 15:53:37.109,8.11263,8.11407,1.00,1.00
2018.02.22 15:53:37.162,8.11258,8.11399,1.00,1.00
2018.02.22 15:53:37.264,8.11214,8.11372,1.00,1.00
2018.02.22 15:53:37.400,8.11249,8.11372,1.00,1.00
2018.02.22 15:53:37.938,8.11245,8.11372,1.00,1.00
2018.02.22 15:53:37.989,8.11241,8.11372,1.00,1.00
2018.02.22 15:53:38.136,8.11237,8.11372,1.00,1.00
2018.02.22 15:53:38.374,8.11245,8.11372,1.00,1.50
2018.02.22 15:53:38.526,8.11232,8.11372,1.00,1.00
2018.02.22 15:53:38.683,8.11235,8.11372,1.00,1.00
2018.02.22 15:53:38.784,8.11231,8.11372,1.00,1.50
2018.02.22 15:53:38.942,8.11225,8.11369,1.00,1.00
2018.02.22 15:53:39.144,8.11225,8.11366,1.00,1.00
2018.02.22 15:53:39.677,8.11225,8.11365,1.00,1.00
2018.02.22 15:53:39.728,8.11225,8.11367,1.00,1.00
2018.02.22 15:53:40.154,8.11229,8.11367,1.00,1.00
2018.02.22 15:53:40.306,8.11233,8.11372,1.00,1.00
2018.02.22 15:53:40.790,8.11237,8.11372,1.00,1.00
2018.02.22 15:53:41.213,8.11264,8.11372,1.00,1.00
2018.02.22 15:53:41.264,8.11264,8.11393,1.00,1.00
2018.02.22 15:53:41.315,8.1126,8.11393,1.00,1.00
2018.02.22 15:53:41.367,8.11258,8.11393,1.00,1.00
2018.02.22 15:53:41.758,8.11252,8.11393,1.00,1.00
2018.02.22 15:53:42.422,8.11248,8.11392,1.00,1.00
2018.02.22 15:53:43.416,8.1125,8.11393,1.00,1.00
2018.02.22 15:53:43.850,8.11265,8.11393,1.00,1.00
2018.02.22 15:53:43.901,8.11265,8.11408,1.00,1.00
2018.02.22 15:53:43.953,8.11261,8.11405,1.00,1.00
2018.02.22 15:53:44.004,8.11255,8.11399,1.00,1.00
2018.02.22 15:53:44.305,8.11262,8.11406,1.00,1.00
2018.02.22 15:53:44.650,8.1125,8.11394,1.50,1.00
2018.02.22 15:53:45.114,8.1125,8.11388,1.00,1.00
2018.02.22 15:53:45.166,8.11229,8.11373,1.00,1.00
2018.02.22 15:53:45.217,8.11238,8.11382,1.00,1.00
2018.02.22 15:53:45.599,8.11236,8.11379,1.00,1.00
2018.02.22 15:53:45.824,8.11239,8.11383,1.00,1.50
2018.02.22 15:53:47.627,8.11248,8.11383,1.00,1.00
2018.02.22 15:53:48.007,8.11227,8.11369,1.00,1.00
2018.02.22 15:53:48.059,8.1123,8.11373,1.00,1.00
2018.02.22 15:53:48.161,8.11228,8.11367,1.00,1.00
2018.02.22 15:53:48.491,8.11236,8.11367,1.00,1.00
2018.02.22 15:53:48.542,8.11222,8.11366,1.00,1.00
2018.02.22 15:53:48.594,8.11218,8.11362,1.00,1.00
2018.02.22 15:53:52.934,8.11217,8.11361,1.00,1.00
2018.02.22 15:53:53.551,8.11224,8.11367,1.00,1.00
2018.02.22 15:53:54.352,8.11209,8.11352,1.00,1.00
2018.02.22 15:53:54.663,8.11206,8.11347,1.00,1.00
2018.02.22 15:53:55.614,8.11201,8.11345,1.00,1.00
2018.02.22 15:53:58.410,8.11198,8.11342,1.00,1.00
2018.02.22 15:53:58.784,8.11194,8.11338,1.00,1.00
2018.02.22 15:53:59.097,8.11192,8.11336,1.00,1.00
2018.02.22 15:53:59.411,8.11189,8.11333,1.50,1.00
2018.02.22 15:53:59.740,8.11189,8.11323,1.00,1.00
2018.02.22 15:54:00.266,8.11189,8.11328,1.00,1.00
2018.02.22 15:54:00.319,8.11171,8.11302,1.00,1.00
2018.02.22 15:54:00.396,8.11159,8.11302,1.00,1.50
2018.02.22 15:54:00.447,8.11144,8.11287,1.00,1.00
2018.02.22 15:54:00.944,8.11144,8.11285,1.00,1.00
2018.02.22 15:54:02.430,8.11144,8.11283,1.00,1.00
2018.02.22 15:54:03.663,8.11144,8.11282,1.00,1.00
2018.02.22 15:54:03.829,8.11123,8.11267,1.00,1.00
2018.02.22 15:54:03.881,8.1112,8.11262,1.00,1.50
2018.02.22 15:54:03.982,8.11118,8.11262,1.00,1.00
2018.02.22 15:54:04.249,8.11114,8.11261,1.50,1.00
2018.02.22 15:54:04.578,8.11098,8.11259,1.00,1.00
2018.02.22 15:54:04.630,8.11097,8.11243,1.00,1.00
2018.02.22 15:54:05.559,8.11095,8.11252,1.00,1.50
2018.02.22 15:54:05.852,8.11102,8.11252,1.00,1.00
2018.02.22 15:54:06.160,8.11105,8.11252,1.00,1.00
2018.02.22 15:54:07.074,8.11105,8.11255,1.00,1.00
2018.02.22 15:54:07.302,8.11105,8.11257,1.00,1.00
2018.02.22 15:54:07.628,8.11105,8.11255,1.00,1.00
2018.02.22 15:54:07.928,8.11105,8.1126,1.00,1.00
2018.02.22 15:54:08.432,8.11133,8.11265,1.00,1.00
2018.02.22 15:54:08.483,8.11134,8.11277,1.00,1.00
2018.02.22 15:54:08.738,8.11133,8.11289,1.00,1.00
2018.02.22 15:54:09.137,8.11136,8.1128,1.00,1.00
2018.02.22 15:54:09.442,8.11104,8.11248,1.00,1.00
2018.02.22 15:54:10.842,8.1109,8.11234,1.00,1.00
2018.02.22 15:54:11.158,8.11052,8.11196,1.00,1.00
2018.02.22 15:54:11.858,8.11049,8.11193,1.00,1.00
2018.02.22 15:54:12.169,8.1104,8.11183,1.00,1.00
2018.02.22 15:54:13.570,8.11042,8.11186,1.00,1.00
2018.02.22 15:54:15.134,8.11071,8.11197,1.00,1.00
2018.02.22 15:54:15.188,8.1108,8.11207,1.00,1.00
2018.02.22 15:54:15.239,8.1108,8.11216,1.00,1.00
2018.02.22 15:54:15.404,8.1107,8.11213,1.00,1.00
2018.02.22 15:54:15.456,8.11065,8.11209,1.00,1.00
2018.02.22 15:54:15.612,8.11069,8.11213,1.00,1.00
2018.02.22 15:54:16.089,8.11065,8.11208,1.00,1.00
2018.02.22 15:54:16.455,8.11072,8.11215,1.00,1.00
2018.02.22 15:54:16.714,8.11086,8.1123,1.00,1.00
2018.02.22 15:54:16.766,8.11077,8.11221,1.00,1.00
2018.02.22 15:54:17.144,8.11079,8.11223,1.00,1.00
2018.02.22 15:54:17.508,8.11084,8.11228,1.00,1.00
2018.02.22 15:54:17.813,8.11091,8.11233,1.00,1.00
2018.02.22 15:54:18.164,8.11087,8.11227,1.00,1.00
2018.02.22 15:54:18.546,8.11087,8.11223,1.00,1.00
2018.02.22 15:54:18.648,8.1108,8.11223,1.00,1.00
2018.02.22 15:54:18.699,8.11084,8.11223,1.00,1.00
2018.02.22 15:54:18.854,8.11084,8.11228,1.00,1.50
2018.02.22 15:54:19.149,8.11084,8.11225,1.00,1.00
2018.02.22 15:54:19.450,8.11084,8.11223,1.00,1.00
2018.02.22 15:54:19.864,8.11084,8.1122,1.00,1.00
2018.02.22 15:54:19.916,8.11053,8.11197,1.00,1.00
2018.02.22 15:54:19.968,8.11049,8.11192,1.00,1.00
2018.02.22 15:54:20.019,8.11034,8.11178,1.00,1.00
2018.02.22 15:54:20.070,8.11041,8.11184,1.00,1.00
2018.02.22 15:54:20.286,8.11048,8.11192,1.00,1.00
2018.02.22 15:54:20.338,8.11039,8.11183,1.00,1.00
2018.02.22 15:54:20.665,8.11056,8.11195,1.00,1.00
2018.02.22 15:54:20.716,8.11059,8.11202,1.00,1.00
2018.02.22 15:54:20.767,8.11062,8.11206,1.00,1.00
2018.02.22 15:54:20.818,8.11046,8.1119,1.00,1.00
2018.02.22 15:54:21.221,8.11044,8.11188,1.00,1.00
2018.02.22 15:54:21.758,8.11042,8.11186,1.00,1.00
2018.02.22 15:54:23.610,8.11035,8.11187,1.00,1.00
2018.02.22 15:54:24.158,8.11035,8.11186,1.00,1.00
2018.02.22 15:54:24.850,8.11043,8.11194,1.00,1.00
2018.02.22 15:54:25.258,8.11038,8.11188,1.00,1.00
2018.02.22 15:54:25.947,8.11041,8.11192,1.00,1.00
2018.02.22 15:54:25.998,8.11036,8.11187,1.00,1.00
2018.02.22 15:54:28.472,8.11042,8.11186,1.00,1.00
2018.02.22 15:54:30.687,8.11046,8.1119,1.00,1.00
2018.02.22 15:54:31.011,8.11069,8.11211,1.00,1.00
2018.02.22 15:54:31.420,8.11084,8.11228,1.00,1.00
2018.02.22 15:54:31.549,8.11078,8.11222,1.00,1.00
2018.02.22 15:54:31.917,8.1107,8.11214,1.00,1.00
2018.02.22 15:54:33.407,8.11034,8.11176,1.37,1.00
2018.02.22 15:54:33.458,8.11031,8.11175,1.00,1.00
2018.02.22 15:54:33.559,8.11017,8.11161,1.37,1.00
2018.02.22 15:54:33.611,8.11031,8.11175,1.00,1.00
2018.02.22 15:54:33.777,8.11034,8.11178,1.00,1.00
2018.02.22 15:54:34.101,8.11043,8.11185,1.00,1.00
2018.02.22 15:54:34.426,8.11082,8.11185,1.00,1.00
2018.02.22 15:54:34.477,8.11065,8.11199,1.00,1.00
2018.02.22 15:54:34.529,8.11065,8.11213,1.00,1.00
2018.02.22 15:54:35.882,8.11071,8.11219,1.00,1.00
2018.02.22 15:54:36.221,8.11104,8.11251,1.00,1.00
2018.02.22 15:54:36.972,8.11101,8.11244,1.00,1.00
2018.02.22 15:54:37.343,8.11101,8.11238,1.00,1.00
2018.02.22 15:54:38.001,8.11101,8.11237,1.00,1.00
2018.02.22 15:54:38.277,8.11083,8.11225,1.00,1.00
2018.02.22 15:54:38.563,8.11081,8.11217,1.00,1.00
2018.02.22 15:54:38.870,8.11098,8.11239,1.00,1.00
2018.02.22 15:54:38.921,8.11097,8.11247,1.00,1.00
2018.02.22 15:54:38.973,8.11097,8.11222,1.00,1.00
2018.02.22 15:54:39.136,8.1108,8.11213,1.00,1.00
2018.02.22 15:54:39.188,8.11069,8.11213,1.00,1.50
2018.02.22 15:54:39.240,8.11077,8.11213,1.00,1.00
2018.02.22 15:54:39.342,8.1109,8.1123,1.00,1.00
2018.02.22 15:54:39.394,8.11088,8.1123,1.00,1.00
2018.02.22 15:54:39.497,8.11097,8.11241,1.00,1.00
2018.02.22 15:54:39.548,8.11101,8.11244,1.00,1.00
2018.02.22 15:54:39.976,8.11104,8.11246,1.00,1.00
2018.02.22 15:54:40.318,8.11107,8.11246,1.00,1.00
2018.02.22 15:54:40.750,8.11125,8.11267,1.00,1.00
2018.02.22 15:54:40.801,8.11134,8.11267,1.00,1.00
2018.02.22 15:54:40.954,8.11148,8.11285,1.00,1.00
2018.02.22 15:54:41.128,8.11144,8.11285,1.00,1.00
2018.02.22 15:54:41.229,8.1114,8.11284,1.00,1.00
2018.02.22 15:54:42.051,8.11125,8.11269,1.00,1.50
2018.02.22 15:54:42.397,8.11117,8.11253,1.00,1.00
2018.02.22 15:54:43.500,8.11121,8.11253,1.00,1.00
2018.02.22 15:54:43.654,8.11105,8.11249,1.00,1.00
2018.02.22 15:54:43.781,8.11103,8.11247,1.00,1.00
2018.02.22 15:54:44.085,8.11092,8.11236,1.37,1.00
2018.02.22 15:54:44.136,8.11091,8.11238,1.37,1.00
2018.02.22 15:54:44.559,8.11091,8.11238,1.37,1.00
2018.02.22 15:54:44.756,8.11113,8.11265,1.00,1.00
2018.02.22 15:54:45.151,8.11117,8.11265,1.00,1.00
2018.02.22 15:54:45.901,8.11122,8.11265,1.00,1.00
2018.02.22 15:54:46.226,8.11126,8.11265,1.00,1.00
2018.02.22 15:54:47.228,8.11129,8.11265,1.00,1.00
2018.02.22 15:54:47.333,8.11142,8.11286,1.00,1.00
2018.02.22 15:54:47.536,8.11147,8.11289,1.00,1.00
2018.02.22 15:54:47.894,8.11152,8.11291,1.00,1.00
2018.02.22 15:54:48.111,8.11148,8.1129,1.00,1.00
2018.02.22 15:54:48.162,8.11142,8.11286,1.00,1.00
2018.02.22 15:54:48.213,8.11147,8.11291,1.00,1.50
2018.02.22 15:54:48.516,8.11151,8.11291,1.00,1.00
2018.02.22 15:54:48.658,8.11174,8.11318,1.00,1.00
2018.02.22 15:54:48.709,8.11179,8.11322,1.00,1.50
2018.02.22 15:54:48.864,8.112,8.11344,1.00,1.00
2018.02.22 15:54:49.402,8.112,8.11337,1.00,1.00
2018.02.22 15:54:49.453,8.11179,8.11323,1.00,1.00
2018.02.22 15:54:49.504,8.11176,8.1132,1.00,1.00
2018.02.22 15:54:49.807,8.11188,8.11331,1.00,1.00
2018.02.22 15:54:49.858,8.11184,8.11328,1.00,1.00
2018.02.22 15:54:50.177,8.1118,8.11324,1.00,1.00
2018.02.22 15:54:50.563,8.11172,8.11316,1.00,1.00
2018.02.22 15:54:50.865,8.1118,8.11324,1.00,1.00
2018.02.22 15:54:51.182,8.11194,8.11337,1.00,1.50
2018.02.22 15:54:52.152,8.11198,8.11337,1.00,1.00
2018.02.22 15:54:52.255,8.11198,8.11341,1.00,1.00
2018.02.22 15:54:52.357,8.11189,8.11333,1.00,1.00
2018.02.22 15:54:53.019,8.11188,8.11331,1.00,1.00
2018.02.22 15:54:53.336,8.11189,8.11333,1.00,1.00
2018.02.22 15:54:53.387,8.11162,8.11306,1.50,1.00
2018.02.22 15:54:53.728,8.11164,8.11308,1.00,1.00
2018.02.22 15:54:54.051,8.11173,8.11315,1.00,1.00
2018.02.22 15:54:54.350,8.11169,8.11312,1.00,1.00
2018.02.22 15:54:54.968,8.11177,8.11321,1.00,1.00
2018.02.22 15:54:55.218,8.11192,8.11336,1.00,1.00
2018.02.22 15:54:55.534,8.11196,8.11339,1.00,1.00
2018.02.22 15:54:55.937,8.11185,8.11329,1.00,1.00
2018.02.22 15:54:55.989,8.11181,8.11325,1.00,1.00
2018.02.22 15:54:56.309,8.112,8.11339,1.00,1.00
2018.02.22 15:54:56.360,8.11201,8.11344,1.00,1.00
2018.02.22 15:54:56.462,8.11197,8.1134,1.00,1.00
2018.02.22 15:54:56.513,8.11192,8.11336,1.00,1.00
2018.02.22 15:54:56.564,8.11185,8.11329,1.00,1.00
2018.02.22 15:54:56.896,8.11194,8.11338,1.00,1.00
2018.02.22 15:54:57.268,8.11187,8.11331,1.00,1.00
2018.02.22 15:54:57.579,8.11189,8.11333,1.00,1.00
2018.02.22 15:54:57.916,8.11204,8.11348,1.00,1.00
2018.02.22 15:54:58.219,8.1124,8.11383,1.00,1.00
2018.02.22 15:54:58.731,8.11239,8.11383,1.00,1.00
2018.02.22 15:55:00.245,8.11248,8.11392,1.00,1.00
2018.02.22 15:55:00.622,8.11254,8.11398,1.00,1.50
2018.02.22 15:55:01.232,8.11251,8.11394,1.00,1.00
2018.02.22 15:55:01.588,8.11259,8.11403,1.00,1.50
2018.02.22 15:55:03.211,8.11258,8.11402,1.00,1.00
2018.02.22 15:55:03.871,8.11263,8.11407,1.00,1.00
2018.02.22 15:55:04.204,8.11258,8.11401,1.00,1.00
2018.02.22 15:55:05.017,8.11249,8.11393,1.00,1.00
2018.02.22 15:55:05.233,8.11258,8.11401,1.00,1.00
2018.02.22 15:55:08.049,8.11258,8.11402,1.00,1.00
2018.02.22 15:55:08.727,8.11264,8.11405,1.00,1.00
2018.02.22 15:55:10.059,8.11259,8.11401,1.00,1.00
2018.02.22 15:55:10.239,8.11276,8.1142,1.00,1.00
2018.02.22 15:55:10.444,8.11292,8.11434,1.00,1.00
2018.02.22 15:55:10.496,8.11297,8.11441,1.00,1.00
2018.02.22 15:55:11.227,8.11305,8.11449,1.00,1.00
2018.02.22 15:55:11.600,8.113,8.11444,1.00,1.00
2018.02.22 15:55:11.921,8.11305,8.11449,1.00,1.00
2018.02.22 15:55:12.333,8.113,8.11444,1.00,1.00
2018.02.22 15:55:13.444,8.11277,8.11421,1.00,1.00
2018.02.22 15:55:13.756,8.11263,8.11406,1.00,1.00
2018.02.22 15:55:14.109,8.11266,8.1141,1.00,1.00
2018.02.22 15:55:14.161,8.11263,8.11406,1.00,1.00
2018.02.22 15:55:14.384,8.11247,8.11391,1.00,1.00
2018.02.22 15:55:14.435,8.11258,8.11402,1.00,1.00
2018.02.22 15:55:14.746,8.11279,8.11423,1.00,1.00
2018.02.22 15:55:15.055,8.11274,8.11417,1.00,1.00
2018.02.22 15:55:15.434,8.11278,8.11422,1.00,1.00
2018.02.22 15:55:16.563,8.11287,8.11431,1.00,1.00
2018.02.22 15:55:18.238,8.11288,8.11432,1.00,1.00
2018.02.22 15:55:18.887,8.11284,8.11428,1.00,1.00
2018.02.22 15:55:20.845,8.11287,8.11431,1.00,1.00
2018.02.22 15:55:21.307,8.11313,8.11447,1.00,1.00
2018.02.22 15:55:21.614,8.11313,8.11457,1.00,1.00
2018.02.22 15:55:21.665,8.11305,8.11448,1.00,1.00
2018.02.22 15:55:22.545,8.1131,8.11454,1.00,1.00
2018.02.22 15:55:22.597,8.11307,8.11451,1.00,1.00
2018.02.22 15:55:23.018,8.11306,8.11458,1.00,1.00
2018.02.22 15:55:23.069,8.11314,8.11472,1.00,1.00
2018.02.22 15:55:23.120,8.1132,8.11464,1.00,1.00
2018.02.22 15:55:23.171,8.1132,8.11476,1.00,1.00
2018.02.22 15:55:23.272,8.11319,8.11463,1.00,1.00
2018.02.22 15:55:23.575,8.11309,8.11453,1.00,1.00
2018.02.22 15:55:23.942,8.11299,8.11443,1.00,1.00
2018.02.22 15:55:24.314,8.11306,8.1145,1.00,1.00
2018.02.22 15:55:24.911,8.11303,8.11447,1.00,1.00
2018.02.22 15:55:26.390,8.11294,8.11438,1.00,1.00
2018.02.22 15:55:26.737,8.11293,8.11429,1.00,1.00
2018.02.22 15:55:27.285,8.11293,8.11436,1.00,1.00
2018.02.22 15:55:27.844,8.113,8.11446,1.00,1.00
2018.02.22 15:55:28.186,8.1131,8.11454,1.00,1.00
2018.02.22 15:55:28.842,8.11305,8.11451,1.00,1.00
2018.02.22 15:55:29.538,8.11318,8.11464,1.00,1.00
2018.02.22 15:55:29.590,8.11347,8.11508,1.00,1.00
2018.02.22 15:55:29.693,8.11367,8.11536,1.00,1.00
2018.02.22 15:55:29.747,8.11371,8.1155,1.00,1.00
2018.02.22 15:55:29.798,8.11393,8.11554,1.00,1.00
2018.02.22 15:55:30.105,8.11442,8.11584,1.00,1.00
2018.02.22 15:55:30.191,8.11447,8.11591,1.00,1.00
2018.02.22 15:55:30.242,8.11444,8.11588,1.00,1.00
2018.02.22 15:55:30.547,8.11424,8.11567,1.00,1.00
2018.02.22 15:55:30.785,8.11392,8.11536,1.00,1.00
2018.02.22 15:55:30.836,8.11388,8.11562,1.00,1.00
2018.02.22 15:55:30.888,8.11391,8.11533,1.00,1.00
2018.02.22 15:55:31.196,8.11396,8.11538,1.00,1.00
2018.02.22 15:55:31.539,8.11407,8.11547,1.00,1.00
2018.02.22 15:55:31.870,8.11435,8.11575,1.00,1.00
2018.02.22 15:55:32.669,8.11436,8.11606,1.00,1.00
2018.02.22 15:55:32.720,8.11436,8.11614,1.00,1.00
2018.02.22 15:55:32.771,8.11446,8.11585,1.00,1.00
2018.02.22 15:55:33.140,8.11461,8.116,1.00,1.00
2018.02.22 15:55:33.661,8.11467,8.11606,1.00,1.00
2018.02.22 15:55:33.712,8.11466,8.11627,1.00,1.00
2018.02.22 15:55:33.764,8.1149,8.11638,1.00,1.00
2018.02.22 15:55:33.814,8.11482,8.11652,1.00,1.00
2018.02.22 15:55:33.908,8.11488,8.11652,1.00,1.00
2018.02.22 15:55:34.216,8.11498,8.11636,1.00,1.00
2018.02.22 15:55:34.267,8.11503,8.11643,1.00,1.00
2018.02.22 15:55:34.317,8.11497,8.11637,1.00,1.00
2018.02.22 15:55:34.815,8.11505,8.11645,1.00,1.00
2018.02.22 15:55:35.356,8.11506,8.11646,1.00,1.00
2018.02.22 15:55:35.694,8.11519,8.11657,1.00,1.00
2018.02.22 15:55:35.745,8.11519,8.11665,1.00,1.00
2018.02.22 15:55:36.458,8.11515,8.11661,1.00,1.00
2018.02.22 15:55:36.757,8.11503,8.11676,1.00,1.00
2018.02.22 15:55:36.808,8.11506,8.1165,1.00,1.00
2018.02.22 15:55:36.860,8.11503,8.1165,1.00,1.00
2018.02.22 15:55:36.911,8.11492,8.11638,1.00,1.00
2018.02.22 15:55:37.262,8.11488,8.11634,1.00,1.00
2018.02.22 15:55:37.827,8.11491,8.11638,1.00,1.00
2018.02.22 15:55:38.530,8.1149,8.11664,1.00,1.00
2018.02.22 15:55:38.581,8.11504,8.11667,1.00,1.00
2018.02.22 15:55:38.885,8.11518,8.11664,1.00,1.00
2018.02.22 15:55:39.471,8.11514,8.1166,1.00,1.00
2018.02.22 15:55:39.775,8.11489,8.11635,1.00,1.00
2018.02.22 15:55:40.375,8.11493,8.11639,1.00,1.00
2018.02.22 15:55:40.722,8.11509,8.11651,1.00,1.00
2018.02.22 15:55:40.856,8.11513,8.11659,1.00,1.00
2018.02.22 15:55:41.358,8.11511,8.11655,1.00,1.00
2018.02.22 15:55:41.409,8.11511,8.11657,1.00,1.00
2018.02.22 15:55:41.461,8.11507,8.11653,1.00,1.00
2018.02.22 15:55:42.183,8.11519,8.11663,1.00,1.00
2018.02.22 15:55:43.620,8.11519,8.11666,1.00,1.00
2018.02.22 15:55:43.671,8.11522,8.11666,1.00,1.00
2018.02.22 15:55:44.010,8.11542,8.11686,1.00,1.00
2018.02.22 15:55:44.682,8.11528,8.1167,1.00,1.00
2018.02.22 15:55:45.716,8.11523,8.11667,1.00,1.00
2018.02.22 15:55:45.768,8.11533,8.11677,1.00,1.00
2018.02.22 15:55:46.125,8.1154,8.11684,1.00,1.00
2018.02.22 15:55:46.546,8.11518,8.11669,1.00,1.00
2018.02.22 15:55:46.597,8.11512,8.11656,1.00,1.00
2018.02.22 15:55:46.649,8.11495,8.11642,1.00,1.00
2018.02.22 15:55:46.778,8.11492,8.11638,1.00,1.00
2018.02.22 15:55:47.125,8.11484,8.1163,1.00,1.00
2018.02.22 15:55:48.327,8.11486,8.11632,1.00,1.00
2018.02.22 15:55:48.651,8.11492,8.11636,1.00,1.00
2018.02.22 15:55:48.959,8.115,8.11646,1.00,1.00
2018.02.22 15:55:49.154,8.11505,8.11654,1.00,1.00
2018.02.22 15:55:50.129,8.11522,8.11674,1.00,1.00
2018.02.22 15:55:50.388,8.11516,8.11662,1.00,1.00
2018.02.22 15:55:50.592,8.11513,8.11664,1.00,1.00
2018.02.22 15:55:50.644,8.11518,8.11669,1.00,1.00
2018.02.22 15:55:52.475,8.11523,8.11674,1.00,1.00
2018.02.22 15:55:52.879,8.11539,8.1169,1.00,1.00
2018.02.22 15:55:53.221,8.11552,8.11703,1.00,1.00
2018.02.22 15:55:53.596,8.11555,8.11706,1.00,1.00
2018.02.22 15:55:53.916,8.11556,8.11704,1.00,1.00
2018.02.22 15:55:53.989,8.1155,8.11724,1.00,1.00
2018.02.22 15:55:54.091,8.11578,8.11739,1.00,1.00
2018.02.22 15:55:54.280,8.11569,8.11752,1.00,1.00
2018.02.22 15:55:54.331,8.11569,8.11715,1.00,1.00
2018.02.22 15:55:54.680,8.11566,8.11712,1.00,1.00
2018.02.22 15:55:55.335,8.1157,8.11716,1.00,1.00
2018.02.22 15:55:55.641,8.11566,8.11709,1.00,1.00
2018.02.22 15:55:55.693,8.11558,8.11704,1.00,1.00
2018.02.22 15:55:55.752,8.11562,8.11708,1.00,1.00
2018.02.22 15:55:56.076,8.11565,8.11711,1.00,1.00
2018.02.22 15:55:56.384,8.11553,8.11697,1.00,1.00
2018.02.22 15:55:56.698,8.11573,8.11717,1.00,1.00
2018.02.22 15:55:57.040,8.11553,8.11697,1.00,1.00
2018.02.22 15:55:57.141,8.11551,8.11697,1.00,1.00
2018.02.22 15:55:57.755,8.11562,8.11708,1.00,1.00
2018.02.22 15:55:58.059,8.11575,8.11719,1.00,1.00
2018.02.22 15:55:58.381,8.11573,8.11719,1.00,1.00
2018.02.22 15:55:58.615,8.1157,8.11714,1.00,1.00
2018.02.22 15:55:58.666,8.11564,8.1171,1.00,1.00
2018.02.22 15:55:59.145,8.11568,8.11714,1.00,1.00
2018.02.22 15:55:59.688,8.11569,8.11715,1.00,1.00
2018.02.22 15:55:59.893,8.1154,8.11687,1.00,1.00
2018.02.22 15:55:59.945,8.11538,8.11684,1.00,1.00
2018.02.22 15:56:00.280,8.11528,8.11674,1.00,1.00
2018.02.22 15:56:00.752,8.11542,8.11688,1.00,1.00
2018.02.22 15:56:00.904,8.11544,8.11691,1.00,1.00
2018.02.22 15:56:01.255,8.1154,8.11686,1.00,1.00
2018.02.22 15:56:01.655,8.11534,8.1168,1.00,1.00
2018.02.22 15:56:02.630,8.1153,8.11676,1.00,1.00
2018.02.22 15:56:02.966,8.11534,8.1168,1.00,1.00
2018.02.22 15:56:03.462,8.11538,8.11684,1.00,1.00
2018.02.22 15:56:04.470,8.11529,8.11675,1.00,1.00
2018.02.22 15:56:04.785,8.11518,8.11661,1.00,1.00
2018.02.22 15:56:04.837,8.11522,8.11668,1.00,1.00
2018.02.22 15:56:05.468,8.11518,8.11664,1.50,1.00
2018.02.22 15:56:06.731,8.11514,8.1166,1.00,1.00
2018.02.22 15:56:07.316,8.11523,8.1167,1.00,1.00
2018.02.22 15:56:07.742,8.11497,8.11638,1.00,1.00
2018.02.22 15:56:07.793,8.11477,8.11637,1.00,1.00
2018.02.22 15:56:07.845,8.11477,8.11633,1.00,1.00
2018.02.22 15:56:08.350,8.1149,8.11637,1.00,1.00
2018.02.22 15:56:08.819,8.11488,8.11634,1.00,1.00
2018.02.22 15:56:09.296,8.11494,8.1164,1.00,1.00
2018.02.22 15:56:09.919,8.115,8.11643,1.00,1.00
2018.02.22 15:56:10.021,8.11516,8.11662,1.00,1.50
2018.02.22 15:56:10.072,8.11527,8.11662,1.00,1.00
2018.02.22 15:56:10.124,8.1154,8.11684,1.00,1.00
2018.02.22 15:56:10.176,8.11538,8.11684,1.00,1.50
2018.02.22 15:56:10.328,8.11535,8.11681,1.00,1.00
2018.02.22 15:56:10.644,8.11543,8.1168,1.00,1.00
2018.02.22 15:56:11.059,8.1155,8.11684,1.00,1.00
2018.02.22 15:56:12.325,8.11559,8.11684,1.00,1.00
2018.02.22 15:56:13.023,8.11551,8.11684,1.00,1.00
2018.02.22 15:56:13.074,8.11546,8.11684,1.00,1.50
2018.02.22 15:56:13.380,8.11566,8.11701,1.00,1.00
2018.02.22 15:56:13.486,8.11566,8.11703,1.00,1.00
2018.02.22 15:56:13.537,8.11562,8.117,1.00,1.00
2018.02.22 15:56:13.642,8.11565,8.11703,1.00,1.00
2018.02.22 15:56:14.236,8.11566,8.11702,1.00,1.00
2018.02.22 15:56:14.537,8.11565,8.11711,1.00,1.00
2018.02.22 15:56:14.688,8.11548,8.11694,1.00,1.00
2018.02.22 15:56:15.055,8.11544,8.1169,1.00,1.00
2018.02.22 15:56:16.156,8.11541,8.11687,1.00,1.00
2018.02.22 15:56:16.587,8.11544,8.1169,1.00,1.00
2018.02.22 15:56:16.902,8.11541,8.11687,1.00,1.00
2018.02.22 15:56:17.246,8.11532,8.11678,1.00,1.00
2018.02.22 15:56:17.564,8.11539,8.11685,1.00,1.00
2018.02.22 15:56:18.398,8.11539,8.11677,1.00,1.00
2018.02.22 15:56:18.723,8.11536,8.11674,1.00,1.00
2018.02.22 15:56:20.548,8.11521,8.11656,1.00,1.00
2018.02.22 15:56:20.896,8.11525,8.11646,1.00,1.00
2018.02.22 15:56:21.049,8.11508,8.11646,1.00,1.00
2018.02.22 15:56:21.915,8.11516,8.11654,1.00,1.00
2018.02.22 15:56:22.287,8.11525,8.11662,1.00,1.50
2018.02.22 15:56:22.597,8.1153,8.11662,1.00,1.00
2018.02.22 15:56:22.695,8.11518,8.11653,1.00,1.00
2018.02.22 15:56:23.201,8.11518,8.11656,1.00,1.00
2018.02.22 15:56:23.869,8.11516,8.11653,1.00,1.00
2018.02.22 15:56:25.154,8.11527,8.11662,1.00,1.00
2018.02.22 15:56:25.712,8.11528,8.11662,1.00,1.00
2018.02.22 15:56:26.022,8.11536,8.11662,1.00,1.00
2018.02.22 15:56:26.504,8.11528,8.11662,1.00,1.00
2018.02.22 15:56:26.555,8.11525,8.11662,1.00,1.00
2018.02.22 15:56:26.952,8.11523,8.11662,1.00,1.00
2018.02.22 15:56:27.003,8.11517,8.11662,1.00,1.00
2018.02.22 15:56:28.754,8.11523,8.11662,1.00,1.00
2018.02.22 15:56:29.561,8.11504,8.11653,1.00,1.00
2018.02.22 15:56:29.613,8.1151,8.11662,1.00,1.00
2018.02.22 15:56:29.664,8.11518,8.11662,1.00,1.00
2018.02.22 15:56:29.982,8.11522,8.11662,1.00,1.00
2018.02.22 15:56:30.377,8.11533,8.11662,1.00,1.00
2018.02.22 15:56:30.690,8.11536,8.11662,1.00,1.00
2018.02.22 15:56:31.167,8.11527,8.11662,1.00,1.00
2018.02.22 15:56:31.360,8.11524,8.11662,1.00,1.00
2018.02.22 15:56:33.391,8.11525,8.11662,1.00,1.00
2018.02.22 15:56:35.883,8.1152,8.11662,1.00,1.00
2018.02.22 15:56:36.332,8.11526,8.11662,1.00,1.00
2018.02.22 15:56:37.216,8.11538,8.11662,1.00,1.00
2018.02.22 15:56:37.369,8.11538,8.1168,1.00,1.00
2018.02.22 15:56:37.585,8.1154,8.1168,1.00,1.00
2018.02.22 15:56:38.930,8.11539,8.1168,1.00,1.00
2018.02.22 15:56:39.950,8.11535,8.1168,1.00,1.00
2018.02.22 15:56:40.790,8.11546,8.1168,1.00,1.00
2018.02.22 15:56:41.392,8.11547,8.1168,1.00,1.00
2018.02.22 15:56:43.653,8.11585,8.11686,1.00,1.00
2018.02.22 15:56:43.704,8.11585,8.11695,1.00,1.00
2018.02.22 15:56:43.755,8.1159,8.11695,1.00,1.00
2018.02.22 15:56:43.806,8.11562,8.11695,1.00,1.00
2018.02.22 15:56:44.253,8.11559,8.11695,1.00,1.00
2018.02.22 15:56:44.404,8.11549,8.11695,1.00,1.00
2018.02.22 15:56:44.901,8.11549,8.11678,1.00,1.00
2018.02.22 15:56:45.846,8.11554,8.11709,1.00,1.00
2018.02.22 15:56:45.897,8.11554,8.11712,1.87,1.00
2018.02.22 15:56:46.202,8.11554,8.11712,1.87,1.00
2018.02.22 15:56:46.874,8.11565,8.11712,1.00,1.00
2018.02.22 15:56:47.201,8.11597,8.11735,1.00,1.00
2018.02.22 15:56:47.252,8.11589,8.11735,1.00,1.00
2018.02.22 15:56:47.303,8.11595,8.11735,1.00,1.00
2018.02.22 15:56:47.626,8.11605,8.11735,1.00,1.00
2018.02.22 15:56:48.605,8.11613,8.11735,1.00,1.00
2018.02.22 15:56:48.986,8.11619,8.11735,1.00,1.00
2018.02.22 15:56:49.651,8.11619,8.11754,1.00,1.00
2018.02.22 15:56:49.753,8.11623,8.11754,1.00,1.00
2018.02.22 15:56:51.812,8.11634,8.11754,1.00,1.00
2018.02.22 15:56:51.985,8.11648,8.11773,1.00,1.00
2018.02.22 15:56:52.036,8.1166,8.11802,1.00,1.00
2018.02.22 15:56:52.189,8.11654,8.11802,1.00,1.00
2018.02.22 15:56:52.240,8.11659,8.11804,1.00,1.00
2018.02.22 15:56:52.500,8.11653,8.11804,1.00,1.00
2018.02.22 15:56:52.702,8.1166,8.11804,1.00,1.00
2018.02.22 15:56:53.007,8.11671,8.11804,1.00,1.00
2018.02.22 15:56:53.349,8.11687,8.11804,1.00,1.00
2018.02.22 15:56:53.401,8.11692,8.11819,1.00,1.00
2018.02.22 15:56:53.504,8.11688,8.11819,1.00,1.00
2018.02.22 15:56:53.608,8.11675,8.11819,1.00,1.00
2018.02.22 15:56:53.659,8.11671,8.11819,1.00,1.00
2018.02.22 15:56:53.922,8.11676,8.11819,1.00,1.00
2018.02.22 15:56:54.328,8.11671,8.11819,1.00,1.00
2018.02.22 15:56:54.979,8.11668,8.11802,1.00,1.00
2018.02.22 15:56:55.029,8.11661,8.11802,1.00,1.00
2018.02.22 15:56:55.482,8.11657,8.11802,1.00,1.00
2018.02.22 15:56:55.773,8.11671,8.11802,1.00,1.00
2018.02.22 15:56:56.100,8.1168,8.11802,1.00,1.00
2018.02.22 15:56:56.203,8.11675,8.11802,1.00,1.00
2018.02.22 15:56:56.453,8.1168,8.11802,1.00,1.00
2018.02.22 15:56:57.566,8.11674,8.11802,1.00,1.00
2018.02.22 15:56:58.523,8.11679,8.11802,1.00,1.00
2018.02.22 15:56:58.818,8.11676,8.11802,1.00,1.00
2018.02.22 15:56:59.167,8.11648,8.11802,1.00,1.00
2018.02.22 15:56:59.251,8.11642,8.11802,1.00,1.00
2018.02.22 15:56:59.596,8.1164,8.11802,1.00,1.00
2018.02.22 15:56:59.878,8.11632,8.11802,1.00,1.00
2018.02.22 15:57:00.209,8.1162,8.11802,1.00,1.00
2018.02.22 15:57:00.311,8.11645,8.11802,1.00,2.25
2018.02.22 15:57:00.413,8.11612,8.11786,1.00,1.00
2018.02.22 15:57:00.792,8.11629,8.11802,1.00,1.50
2018.02.22 15:57:00.965,8.11623,8.11802,1.00,1.50
2018.02.22 15:57:01.069,8.11623,8.11802,1.37,1.50
2018.02.22 15:57:01.640,8.11671,8.11802,1.00,1.00
2018.02.22 15:57:01.742,8.1168,8.11819,1.00,1.00
2018.02.22 15:57:02.288,8.11683,8.11819,1.00,1.00
2018.02.22 15:57:02.390,8.11677,8.11819,1.00,1.00
2018.02.22 15:57:02.441,8.11677,8.11833,1.00,1.00
2018.02.22 15:57:02.696,8.11667,8.11819,1.00,1.00
2018.02.22 15:57:02.747,8.11626,8.118,1.00,1.00
2018.02.22 15:57:02.799,8.11622,8.11796,1.00,1.00
2018.02.22 15:57:03.113,8.11622,8.11786,1.00,1.00
2018.02.22 15:57:03.215,8.11618,8.11786,1.00,1.00
2018.02.22 15:57:03.424,8.11618,8.1177,1.00,1.00
2018.02.22 15:57:03.477,8.11609,8.11766,1.00,1.00
2018.02.22 15:57:03.528,8.11609,8.11739,1.00,1.00
2018.02.22 15:57:03.580,8.116,8.11739,1.00,1.00
2018.02.22 15:57:04.701,8.1159,8.11739,1.00,1.00
2018.02.22 15:57:04.752,8.11584,8.11739,1.00,1.00
2018.02.22 15:57:04.803,8.11584,8.11732,1.00,1.00
2018.02.22 15:57:05.081,8.11561,8.11713,1.37,1.00
2018.02.22 15:57:05.132,8.11575,8.11712,1.00,1.00
2018.02.22 15:57:05.439,8.11574,8.11709,1.00,1.00
2018.02.22 15:57:05.753,8.11593,8.11725,1.00,1.00
2018.02.22 15:57:07.143,8.11572,8.11725,1.00,1.00
2018.02.22 15:57:07.194,8.11585,8.11712,1.00,1.00
2018.02.22 15:57:07.346,8.11589,8.11725,1.00,1.00
2018.02.22 15:57:07.506,8.11586,8.11725,1.00,1.00
2018.02.22 15:57:07.608,8.11592,8.11725,1.00,1.00
2018.02.22 15:57:08.030,8.11597,8.11725,1.00,1.00
2018.02.22 15:57:08.235,8.11607,8.11748,1.00,1.00
2018.02.22 15:57:08.803,8.11606,8.11748,1.00,1.00
2018.02.22 15:57:08.940,8.11611,8.11748,1.00,1.00
2018.02.22 15:57:09.401,8.11611,8.11754,1.00,1.00
2018.02.22 15:57:09.452,8.11615,8.11754,1.00,1.00
2018.02.22 15:57:10.041,8.11603,8.11754,1.00,1.00
2018.02.22 15:57:10.092,8.11599,8.11743,1.00,1.00
2018.02.22 15:57:10.225,8.11597,8.11743,1.12,1.00
2018.02.22 15:57:10.531,8.11597,8.11754,1.00,1.00
2018.02.22 15:57:10.792,8.11612,8.11754,1.00,1.00
2018.02.22 15:57:10.893,8.11609,8.11754,1.37,1.00
2018.02.22 15:57:10.944,8.11619,8.11754,1.00,1.00
2018.02.22 15:57:11.304,8.11617,8.11754,1.00,1.00
2018.02.22 15:57:11.355,8.11607,8.11754,1.00,1.00
2018.02.22 15:57:11.602,8.11617,8.11754,1.00,1.00
2018.02.22 15:57:11.728,8.1161,8.11754,1.00,1.00
2018.02.22 15:57:11.916,8.1161,8.11746,1.00,1.00
2018.02.22 15:57:11.967,8.11578,8.11735,1.00,1.00
2018.02.22 15:57:12.017,8.11578,8.11735,1.37,1.00
2018.02.22 15:57:12.439,8.11577,8.11733,1.00,1.00
2018.02.22 15:57:12.490,8.11577,8.11727,1.00,1.00
2018.02.22 15:57:13.027,8.11585,8.11719,1.00,1.00
2018.02.22 15:57:13.078,8.11561,8.11719,1.37,1.00
2018.02.22 15:57:13.601,8.11575,8.11719,1.00,1.00
2018.02.22 15:57:14.359,8.11575,8.11719,1.37,1.00
2018.02.22 15:57:14.728,8.11608,8.11719,1.00,1.00
2018.02.22 15:57:14.780,8.11608,8.11739,1.00,1.00
2018.02.22 15:57:14.927,8.11617,8.11739,1.00,1.00
2018.02.22 15:57:15.788,8.1163,8.11758,1.00,1.00
2018.02.22 15:57:15.839,8.11644,8.11775,1.00,1.00
2018.02.22 15:57:15.890,8.11621,8.11775,1.37,1.00
2018.02.22 15:57:15.997,8.11621,8.11775,1.00,1.00
2018.02.22 15:57:16.150,8.11617,8.11775,1.00,1.00
2018.02.22 15:57:16.510,8.11617,8.1177,1.00,1.00
2018.02.22 15:57:16.818,8.11614,8.11754,1.00,1.00
2018.02.22 15:57:17.183,8.11619,8.11754,1.00,1.00
2018.02.22 15:57:17.489,8.11647,8.11778,1.00,1.00
2018.02.22 15:57:17.728,8.11631,8.11778,1.00,1.00
2018.02.22 15:57:17.871,8.11639,8.11772,1.00,1.00
2018.02.22 15:57:18.212,8.11641,8.11759,1.00,1.00
2018.02.22 15:57:18.446,8.11637,8.11759,1.00,1.00
2018.02.22 15:57:18.549,8.11637,8.11773,1.50,1.00
2018.02.22 15:57:18.939,8.11643,8.11773,1.00,1.00
2018.02.22 15:57:19.288,8.11661,8.11787,1.00,1.00
2018.02.22 15:57:19.490,8.11653,8.11787,1.00,1.00
2018.02.22 15:57:20.192,8.11659,8.11787,1.00,1.00
2018.02.22 15:57:20.345,8.11658,8.11793,1.00,1.50
2018.02.22 15:57:20.574,8.11637,8.11793,1.00,1.50
2018.02.22 15:57:20.626,8.11637,8.11777,1.00,1.00
2018.02.22 15:57:20.965,8.11646,8.11777,1.00,1.00
2018.02.22 15:57:21.344,8.11654,8.11777,1.00,1.00
2018.02.22 15:57:21.597,8.11646,8.11777,1.00,1.00
2018.02.22 15:57:22.414,8.11635,8.11777,1.00,1.00
2018.02.22 15:57:22.464,8.11637,8.11777,1.00,1.00
2018.02.22 15:57:22.566,8.11622,8.11773,1.00,1.00
2018.02.22 15:57:22.667,8.11613,8.11757,1.00,1.00
2018.02.22 15:57:22.989,8.11618,8.11757,1.00,1.00
2018.02.22 15:57:24.291,8.11605,8.11757,1.00,1.00
2018.02.22 15:57:25.060,8.11601,8.11757,1.50,1.00
2018.02.22 15:57:25.162,8.11601,8.11737,1.00,1.00
2018.02.22 15:57:25.533,8.11601,8.11732,1.00,1.00
2018.02.22 15:57:26.286,8.11589,8.11725,1.00,1.00
2018.02.22 15:57:26.463,8.11578,8.11725,1.00,1.00
2018.02.22 15:57:26.743,8.11586,8.11725,1.00,1.00
2018.02.22 15:57:26.939,8.11577,8.11725,1.00,1.00
2018.02.22 15:57:27.082,8.11586,8.11725,1.00,1.00
2018.02.22 15:57:27.704,8.11586,8.11711,1.00,1.00
2018.02.22 15:57:28.881,8.11579,8.11711,1.00,1.00
2018.02.22 15:57:28.932,8.1159,8.11711,1.00,1.00
2018.02.22 15:57:30.086,8.1159,8.11719,1.00,1.00
2018.02.22 15:57:30.137,8.11604,8.11719,1.00,1.00
2018.02.22 15:57:30.315,8.11608,8.11746,1.00,1.00
2018.02.22 15:57:30.367,8.11614,8.11746,1.00,1.00
2018.02.22 15:57:30.522,8.11632,8.11778,1.00,1.00
2018.02.22 15:57:30.573,8.11638,8.11778,1.00,1.00
2018.02.22 15:57:30.930,8.11697,8.1183,1.00,1.00
2018.02.22 15:57:30.981,8.11668,8.11825,1.00,1.00
2018.02.22 15:57:31.033,8.11693,8.11817,1.00,1.00
2018.02.22 15:57:31.135,8.11695,8.11848,1.00,1.00
2018.02.22 15:57:31.186,8.11715,8.11841,1.00,1.00
2018.02.22 15:57:31.488,8.11808,8.11881,1.00,1.00
2018.02.22 15:57:31.590,8.11796,8.11879,1.00,1.00
2018.02.22 15:57:31.641,8.11815,8.11939,1.00,1.00
2018.02.22 15:57:31.793,8.1186,8.11939,1.00,1.00
2018.02.22 15:57:31.844,8.1182,8.1197,1.00,1.00
2018.02.22 15:57:32.052,8.11816,8.1195,1.00,1.00
2018.02.22 15:57:32.103,8.11816,8.11981,1.00,1.00
2018.02.22 15:57:32.153,8.11819,8.11981,1.00,1.00
2018.02.22 15:57:32.204,8.11816,8.11981,1.00,1.00
2018.02.22 15:57:32.255,8.11825,8.11981,1.00,1.00
2018.02.22 15:57:32.359,8.11815,8.11981,1.00,1.00
2018.02.22 15:57:32.412,8.11825,8.11963,1.00,1.00
2018.02.22 15:57:32.573,8.11819,8.11987,1.00,1.00
2018.02.22 15:57:32.676,8.11829,8.11987,1.00,1.00
2018.02.22 15:57:32.779,8.11845,8.12004,1.00,1.00
2018.02.22 15:57:32.881,8.11851,8.12004,1.00,1.00
2018.02.22 15:57:33.108,8.11845,8.12009,1.00,1.00
2018.02.22 15:57:33.159,8.11852,8.12009,1.00,1.00
2018.02.22 15:57:33.210,8.1185,8.12009,1.00,1.00
2018.02.22 15:57:33.260,8.1185,8.11994,1.00,1.00
2018.02.22 15:57:33.311,8.11846,8.11994,1.00,1.00
2018.02.22 15:57:33.515,8.11846,8.12007,1.00,1.00
2018.02.22 15:57:33.566,8.1185,8.12007,1.00,1.00
2018.02.22 15:57:34.108,8.11851,8.12007,1.00,1.00
2018.02.22 15:57:34.210,8.11848,8.12007,1.00,1.00
2018.02.22 15:57:34.312,8.11853,8.12007,1.00,1.00
2018.02.22 15:57:34.620,8.11869,8.11998,1.00,1.00
2018.02.22 15:57:34.772,8.11882,8.12017,1.00,1.12
2018.02.22 15:57:34.924,8.11886,8.12039,1.00,1.75
2018.02.22 15:57:34.974,8.11881,8.1205,1.00,2.25
2018.02.22 15:57:35.244,8.11896,8.12057,1.00,1.75
2018.02.22 15:57:35.295,8.11884,8.12047,1.00,1.75
2018.02.22 15:57:35.396,8.11889,8.12047,1.00,1.75
2018.02.22 15:57:35.462,8.11881,8.12047,1.00,1.75
2018.02.22 15:57:35.665,8.11877,8.12038,1.00,1.37
2018.02.22 15:57:35.716,8.11867,8.12038,1.00,1.75
2018.02.22 15:57:35.767,8.11861,8.12021,1.00,1.37
2018.02.22 15:57:35.818,8.11883,8.12035,1.00,1.37
2018.02.22 15:57:35.949,8.11869,8.12035,1.00,1.37
2018.02.22 15:57:36.000,8.11864,8.12018,1.00,1.12
2018.02.22 15:57:36.304,8.1185,8.12011,1.00,1.37
2018.02.22 15:57:36.621,8.11876,8.12014,1.00,1.00
2018.02.22 15:57:36.673,8.11878,8.12027,1.00,1.37
2018.02.22 15:57:36.774,8.1187,8.12027,1.00,1.37
2018.02.22 15:57:36.876,8.11881,8.1204,1.00,1.75
2018.02.22 15:57:37.341,8.11876,8.12039,1.00,1.75
2018.02.22 15:57:37.392,8.11885,8.12039,1.00,1.37
2018.02.22 15:57:37.444,8.11891,8.12039,1.00,1.00
2018.02.22 15:57:37.648,8.11916,8.12081,1.00,1.00
2018.02.22 15:57:37.759,8.11913,8.12081,1.00,1.00
2018.02.22 15:57:37.813,8.11913,8.12079,1.00,1.00
2018.02.22 15:57:37.966,8.11901,8.12077,1.00,1.50
2018.02.22 15:57:38.092,8.11917,8.12059,1.00,1.00
2018.02.22 15:57:38.142,8.11911,8.12058,1.00,1.00
2018.02.22 15:57:38.193,8.11906,8.12058,1.00,1.00
2018.02.22 15:57:38.244,8.11897,8.12058,1.00,1.00
2018.02.22 15:57:38.345,8.11891,8.12058,1.00,1.00
2018.02.22 15:57:38.396,8.11891,8.12056,1.00,1.37
2018.02.22 15:57:38.548,8.11886,8.12056,1.00,1.37
2018.02.22 15:57:38.649,8.11892,8.12056,1.00,1.37
2018.02.22 15:57:38.802,8.11877,8.12053,1.00,1.12
2018.02.22 15:57:38.948,8.11856,8.12022,1.00,1.37
2018.02.22 15:57:39.255,8.11867,8.12011,1.00,1.00
2018.02.22 15:57:39.459,8.11853,8.12011,1.00,1.00
2018.02.22 15:57:39.510,8.1186,8.12011,1.00,1.00
2018.02.22 15:57:39.840,8.11864,8.12011,1.00,1.50
2018.02.22 15:57:40.288,8.1186,8.1201,1.00,1.00
2018.02.22 15:57:40.511,8.1186,8.12007,1.00,1.00
2018.02.22 15:57:40.826,8.11863,8.1202,1.00,1.37
2018.02.22 15:57:41.030,8.11929,8.12038,1.00,1.00
2018.02.22 15:57:41.080,8.119,8.12038,1.00,1.00
2018.02.22 15:57:41.131,8.11942,8.1207,1.60,1.00
2018.02.22 15:57:41.182,8.11937,8.12075,1.00,1.00
2018.02.22 15:57:41.233,8.11933,8.12075,1.00,1.00
2018.02.22 15:57:41.532,8.11934,8.12073,1.00,1.00
2018.02.22 15:57:41.747,8.11934,8.12078,1.00,1.00
2018.02.22 15:57:41.952,8.11931,8.12078,1.00,1.00
2018.02.22 15:57:42.054,8.11931,8.12064,1.00,1.00
2018.02.22 15:57:42.216,8.1194,8.12083,1.00,1.00
2018.02.22 15:57:42.432,8.11949,8.12083,1.00,1.00
2018.02.22 15:57:42.585,8.11941,8.12081,1.00,1.00
2018.02.22 15:57:42.637,8.11945,8.12081,1.00,1.00
2018.02.22 15:57:43.116,8.11947,8.12079,1.00,1.00
2018.02.22 15:57:43.433,8.11935,8.1207,1.00,1.00
2018.02.22 15:57:43.536,8.11945,8.1207,1.00,1.00
2018.02.22 15:57:43.688,8.1195,8.12098,1.00,1.00
2018.02.22 15:57:43.997,8.11952,8.12099,1.00,1.00
2018.02.22 15:57:44.048,8.11939,8.12099,1.00,1.00
2018.02.22 15:57:44.099,8.11943,8.12099,1.00,1.00
2018.02.22 15:57:44.330,8.11989,8.12154,1.00,1.00
2018.02.22 15:57:44.382,8.12006,8.1218,1.00,1.75
2018.02.22 15:57:44.433,8.12004,8.12168,1.00,1.00
2018.02.22 15:57:44.484,8.12004,8.1218,1.00,1.37
2018.02.22 15:57:44.773,8.12013,8.12189,1.00,1.00
2018.02.22 15:57:44.825,8.12033,8.12194,1.00,1.00
2018.02.22 15:57:45.131,8.12059,8.12207,1.00,1.00
2018.02.22 15:57:45.233,8.12059,8.12224,1.00,1.00
2018.02.22 15:57:45.284,8.12069,8.12224,1.00,1.00
2018.02.22 15:57:45.499,8.12079,8.12237,1.00,1.00
2018.02.22 15:57:45.654,8.12087,8.12237,1.00,1.00
2018.02.22 15:57:45.806,8.12105,8.12273,1.00,1.00
2018.02.22 15:57:45.858,8.12113,8.12273,1.00,1.00
2018.02.22 15:57:46.062,8.12103,8.12273,1.00,1.00
2018.02.22 15:57:46.113,8.12103,8.12267,1.00,1.00
2018.02.22 15:57:46.408,8.12128,8.12303,1.00,1.00
2018.02.22 15:57:46.509,8.12117,8.12293,1.00,1.00
2018.02.22 15:57:46.560,8.1212,8.12296,1.00,1.00
2018.02.22 15:57:46.888,8.1214,8.12313,1.00,1.00
2018.02.22 15:57:47.191,8.12161,8.12306,1.00,1.00
2018.02.22 15:57:47.529,8.12162,8.12319,1.00,1.00
2018.02.22 15:57:47.579,8.12166,8.12319,1.00,1.00
2018.02.22 15:57:47.630,8.1216,8.12315,1.00,1.00
2018.02.22 15:57:47.751,8.12152,8.12315,1.00,1.00
2018.02.22 15:57:47.803,8.12159,8.12315,1.00,1.00
2018.02.22 15:57:48.277,8.12165,8.1231,1.00,1.00
2018.02.22 15:57:48.328,8.12165,8.12312,1.00,1.00
2018.02.22 15:57:48.530,8.12157,8.12312,1.00,1.00
2018.02.22 15:57:48.581,8.12152,8.12312,1.00,1.00
2018.02.22 15:57:48.711,8.12152,8.12308,1.00,1.00
2018.02.22 15:57:48.919,8.12152,8.12312,1.00,1.00
2018.02.22 15:57:49.675,8.12171,8.12312,1.00,1.00
2018.02.22 15:57:49.727,8.12174,8.12338,1.00,1.37
2018.02.22 15:57:49.881,8.12192,8.12351,1.00,1.37
2018.02.22 15:57:50.188,8.12207,8.12351,1.00,1.00
2018.02.22 15:57:50.239,8.12207,8.12354,1.00,1.00
2018.02.22 15:57:50.341,8.12191,8.12354,1.00,1.00
2018.02.22 15:57:50.429,8.12196,8.12354,1.00,1.00
2018.02.22 15:57:50.746,8.12199,8.1234,1.00,1.00
2018.02.22 15:57:51.003,8.12202,8.12351,1.00,1.00
2018.02.22 15:57:51.540,8.12202,8.12352,1.00,1.00
2018.02.22 15:57:51.926,8.12205,8.12352,1.00,1.00
2018.02.22 15:57:52.230,8.12254,8.1239,1.00,1.00
2018.02.22 15:57:52.281,8.12254,8.12394,1.00,1.00
2018.02.22 15:57:52.332,8.12257,8.12394,1.00,1.00
2018.02.22 15:57:52.535,8.1229,8.12437,1.00,1.00
2018.02.22 15:57:52.586,8.12285,8.12437,1.00,1.00
2018.02.22 15:57:52.774,8.1229,8.12437,1.00,1.00
2018.02.22 15:57:52.925,8.12287,8.12435,1.00,1.00
2018.02.22 15:57:53.077,8.12306,8.12435,1.00,1.00
2018.02.22 15:57:53.128,8.12306,8.12445,1.00,1.00
2018.02.22 15:57:53.179,8.12292,8.12445,1.00,1.00
2018.02.22 15:57:53.381,8.12292,8.12428,1.00,1.00
2018.02.22 15:57:53.579,8.12287,8.12437,1.00,1.00
2018.02.22 15:57:53.637,8.12292,8.12437,1.00,1.00
2018.02.22 15:57:53.844,8.1231,8.12477,1.00,1.00
2018.02.22 15:57:53.894,8.12324,8.12485,1.00,1.00
2018.02.22 15:57:54.178,8.12324,8.12505,1.00,1.00
2018.02.22 15:57:54.279,8.12324,8.12509,1.00,1.12
2018.02.22 15:57:54.330,8.12319,8.12509,1.00,1.12
2018.02.22 15:57:54.431,8.12323,8.12509,1.00,1.75
2018.02.22 15:57:54.736,8.12365,8.12522,1.00,1.00
2018.02.22 15:57:54.944,8.12387,8.12545,1.00,1.50
2018.02.22 15:57:55.097,8.12393,8.12545,1.00,1.50
2018.02.22 15:57:55.403,8.12454,8.12572,1.00,1.00
2018.02.22 15:57:55.454,8.12418,8.12572,1.00,1.00
2018.02.22 15:57:55.594,8.12424,8.12572,1.00,1.00
2018.02.22 15:57:55.646,8.12424,8.12577,1.00,1.00
2018.02.22 15:57:55.799,8.12441,8.12578,1.00,1.00
2018.02.22 15:57:55.850,8.12445,8.12587,1.00,1.00
2018.02.22 15:57:56.002,8.12443,8.12587,1.00,1.00
2018.02.22 15:57:56.054,8.12424,8.12587,1.00,1.00
2018.02.22 15:57:56.239,8.12424,8.12579,1.00,1.00
2018.02.22 15:57:56.289,8.12414,8.12579,1.00,1.00
2018.02.22 15:57:56.390,8.12414,8.12562,1.00,1.00
2018.02.22 15:57:56.703,8.12405,8.12557,1.00,1.00
2018.02.22 15:57:56.755,8.12425,8.12557,1.00,1.00
2018.02.22 15:57:56.807,8.12419,8.12576,1.00,1.00
2018.02.22 15:57:56.859,8.12408,8.12576,1.00,1.00
2018.02.22 15:57:56.910,8.12408,8.12576,1.00,1.50
2018.02.22 15:57:57.221,8.12414,8.12558,1.00,1.00
2018.02.22 15:57:57.271,8.12423,8.12584,1.00,1.37
2018.02.22 15:57:57.322,8.12413,8.12584,1.00,1.37
2018.02.22 15:57:57.384,8.12418,8.12584,1.00,1.37
2018.02.22 15:57:57.687,8.12427,8.12581,1.00,1.00
2018.02.22 15:57:58.023,8.12459,8.12599,1.00,1.00
2018.02.22 15:57:58.074,8.12459,8.1261,1.00,1.50
2018.02.22 15:57:58.125,8.12462,8.1261,1.00,1.50
2018.02.22 15:57:58.549,8.12471,8.12611,1.00,1.00
2018.02.22 15:57:58.696,8.12498,8.12646,1.00,1.00
2018.02.22 15:57:58.748,8.1251,8.12646,1.00,1.00
2018.02.22 15:57:58.800,8.12459,8.12646,1.75,1.00
2018.02.22 15:57:58.851,8.125,8.12646,1.00,1.00
2018.02.22 15:57:58.903,8.12457,8.12646,1.00,1.00
2018.02.22 15:57:58.954,8.12499,8.12646,1.00,1.00
2018.02.22 15:57:59.006,8.1248,8.12638,1.00,1.00
2018.02.22 15:57:59.114,8.12463,8.12638,1.00,1.37
2018.02.22 15:57:59.217,8.12463,8.12638,1.00,1.75
2018.02.22 15:57:59.268,8.12454,8.12638,1.00,2.25
2018.02.22 15:57:59.521,8.12472,8.12643,1.00,1.00
2018.02.22 15:57:59.572,8.12486,8.12643,1.00,1.00
2018.02.22 15:57:59.778,8.12486,8.12648,1.00,1.00
2018.02.22 15:58:00.369,8.12476,8.12649,1.00,1.00
2018.02.22 15:58:00.421,8.12476,8.12652,1.00,1.00
2018.02.22 15:58:00.522,8.12486,8.12652,1.00,1.00
2018.02.22 15:58:00.624,8.12472,8.12652,1.00,1.00
2018.02.22 15:58:00.928,8.12476,8.12652,1.00,1.00
2018.02.22 15:58:00.979,8.12476,8.12658,1.00,1.00
2018.02.22 15:58:01.156,8.12476,8.12655,1.00,1.00
2018.02.22 15:58:01.582,8.12475,8.12652,1.00,1.00
2018.02.22 15:58:02.129,8.12479,8.12638,1.00,1.00
2018.02.22 15:58:02.457,8.12484,8.12638,1.00,1.00
2018.02.22 15:58:02.559,8.12493,8.1265,1.00,1.00
2018.02.22 15:58:02.660,8.12488,8.1265,1.00,1.00
2018.02.22 15:58:03.008,8.12488,8.12653,1.00,1.00
2018.02.22 15:58:03.060,8.12496,8.12661,1.00,1.00
2018.02.22 15:58:03.369,8.12505,8.1267,1.00,1.00
2018.02.22 15:58:03.605,8.12513,8.1268,1.00,1.50
2018.02.22 15:58:04.208,8.12517,8.12684,1.00,1.00
2018.02.22 15:58:04.527,8.12534,8.12705,1.00,1.00
2018.02.22 15:58:04.578,8.12531,8.12705,1.00,1.00
2018.02.22 15:58:04.725,8.12555,8.12705,1.00,1.00
2018.02.22 15:58:04.776,8.12555,8.12734,1.00,1.00
2018.02.22 15:58:04.991,8.12555,8.12726,1.00,1.00
2018.02.22 15:58:05.199,8.12545,8.12726,1.00,1.00
2018.02.22 15:58:05.350,8.12544,8.12729,1.00,1.00
2018.02.22 15:58:05.502,8.12551,8.12729,1.00,1.00
2018.02.22 15:58:05.635,8.12551,8.12731,1.00,1.00
2018.02.22 15:58:06.043,8.12547,8.12731,1.00,1.00
2018.02.22 15:58:06.095,8.12551,8.12731,1.00,1.00
2018.02.22 15:58:06.419,8.12567,8.12744,1.00,1.00
2018.02.22 15:58:06.769,8.12571,8.12745,1.00,1.00
2018.02.22 15:58:07.125,8.12571,8.12742,1.00,1.00
2018.02.22 15:58:07.428,8.12535,8.1267,1.00,1.00
2018.02.22 15:58:07.480,8.12508,8.1267,1.00,1.00
2018.02.22 15:58:07.531,8.12477,8.12664,1.00,1.00
2018.02.22 15:58:07.735,8.12474,8.12647,1.00,1.00
2018.02.22 15:58:07.786,8.12465,8.12647,1.00,1.00
2018.02.22 15:58:07.839,8.12457,8.12633,1.00,1.00
2018.02.22 15:58:08.145,8.12445,8.12619,1.00,1.00
2018.02.22 15:58:08.247,8.12437,8.12619,1.00,1.00
2018.02.22 15:58:08.426,8.12408,8.12591,1.00,1.00
2018.02.22 15:58:08.477,8.12382,8.12548,1.00,1.37
2018.02.22 15:58:08.629,8.12349,8.12533,1.00,1.37
2018.02.22 15:58:08.736,8.12349,8.12533,1.00,1.00
2018.02.22 15:58:08.961,8.12359,8.12533,1.00,1.00
2018.02.22 15:58:09.259,8.12352,8.12533,1.00,1.00
2018.02.22 15:58:09.400,8.12352,8.12529,1.00,1.00
2018.02.22 15:58:09.716,8.12349,8.12515,1.00,1.00
2018.02.22 15:58:10.174,8.12351,8.12515,1.00,1.00
2018.02.22 15:58:10.225,8.12347,8.12515,1.00,1.00
2018.02.22 15:58:10.437,8.12342,8.12515,1.50,1.00
2018.02.22 15:58:10.736,8.12392,8.12527,1.00,1.00
2018.02.22 15:58:10.787,8.12404,8.12586,1.00,1.00
2018.02.22 15:58:10.982,8.12413,8.12586,1.00,1.00
2018.02.22 15:58:11.301,8.12426,8.12586,1.00,1.00
2018.02.22 15:58:11.963,8.12426,8.12595,1.00,1.00
2018.02.22 15:58:12.047,8.1243,8.12595,1.00,1.00
2018.02.22 15:58:12.163,8.12447,8.12622,1.00,1.00
2018.02.22 15:58:12.214,8.12443,8.12622,1.00,1.00
2018.02.22 15:58:12.265,8.1244,8.12622,1.00,1.00
2018.02.22 15:58:12.679,8.12439,8.12602,1.00,1.00
2018.02.22 15:58:13.096,8.12432,8.12602,1.00,1.00
2018.02.22 15:58:13.294,8.12438,8.12602,1.00,1.00
2018.02.22 15:58:13.399,8.12433,8.12602,1.00,1.00
2018.02.22 15:58:13.607,8.12445,8.12602,1.00,1.00
2018.02.22 15:58:14.262,8.12462,8.12602,1.00,1.00
2018.02.22 15:58:14.313,8.12462,8.12619,1.00,1.00
2018.02.22 15:58:14.793,8.12469,8.12619,1.00,1.00
2018.02.22 15:58:14.947,8.12487,8.12642,1.00,1.00
2018.02.22 15:58:15.520,8.12503,8.12675,1.00,1.00
2018.02.22 15:58:15.572,8.12511,8.12675,1.00,1.00
2018.02.22 15:58:15.877,8.1252,8.12684,1.00,1.00
2018.02.22 15:58:16.084,8.12518,8.12684,1.00,1.00
2018.02.22 15:58:16.453,8.12522,8.12684,1.00,1.00
2018.02.22 15:58:16.555,8.12526,8.12698,1.00,1.00
2018.02.22 15:58:16.661,8.12526,8.12684,1.00,1.00
2018.02.22 15:58:16.775,8.1252,8.12684,1.00,1.00
2018.02.22 15:58:16.830,8.12539,8.1271,1.00,1.00
2018.02.22 15:58:16.884,8.12539,8.12689,1.00,1.00
2018.02.22 15:58:17.087,8.1253,8.12689,1.00,1.00
2018.02.22 15:58:17.140,8.12536,8.12689,1.00,1.00
2018.02.22 15:58:17.193,8.12531,8.12689,1.00,1.00
2018.02.22 15:58:17.391,8.12527,8.12689,1.00,1.00
2018.02.22 15:58:17.543,8.12522,8.12676,1.50,1.00
2018.02.22 15:58:17.848,8.12533,8.12676,1.00,1.00
2018.02.22 15:58:17.900,8.1253,8.12676,1.00,1.00
2018.02.22 15:58:17.951,8.12527,8.12676,1.00,1.00
2018.02.22 15:58:18.054,8.12522,8.1269,1.00,1.00
2018.02.22 15:58:18.105,8.12528,8.1269,1.00,1.00
2018.02.22 15:58:18.416,8.12543,8.1269,1.00,1.00
2018.02.22 15:58:18.523,8.12557,8.12711,1.00,1.00
2018.02.22 15:58:18.576,8.12559,8.12711,1.00,1.00
2018.02.22 15:58:18.629,8.12557,8.12711,1.00,1.00
2018.02.22 15:58:18.682,8.12559,8.12711,1.00,1.00
2018.02.22 15:58:18.785,8.12536,8.12703,1.00,1.00
2018.02.22 15:58:18.837,8.12536,8.12691,1.00,1.00
2018.02.22 15:58:18.939,8.12532,8.12691,1.00,1.00
2018.02.22 15:58:19.479,8.12541,8.12691,1.00,1.00
2018.02.22 15:58:19.921,8.12504,8.12679,1.00,1.00
2018.02.22 15:58:19.973,8.12487,8.12666,1.25,1.00
2018.02.22 15:58:20.036,8.12489,8.12666,1.00,1.00
2018.02.22 15:58:20.086,8.12489,8.12686,1.00,1.00
2018.02.22 15:58:20.137,8.12527,8.12686,1.00,1.00
2018.02.22 15:58:20.188,8.1252,8.12686,1.00,1.00
2018.02.22 15:58:20.238,8.12525,8.12686,1.00,1.00
2018.02.22 15:58:20.392,8.12527,8.12692,1.00,1.00
2018.02.22 15:58:20.486,8.12531,8.12696,1.00,1.00
2018.02.22 15:58:20.537,8.12526,8.12693,1.00,1.00
2018.02.22 15:58:21.002,8.12533,8.12687,1.00,1.00
2018.02.22 15:58:21.053,8.12533,8.127,1.00,1.00
2018.02.22 15:58:21.438,8.12537,8.12701,1.00,1.00
2018.02.22 15:58:21.490,8.12548,8.12713,1.00,1.00
2018.02.22 15:58:21.542,8.12551,8.12717,1.00,1.00
2018.02.22 15:58:21.594,8.12542,8.12709,1.00,1.00
2018.02.22 15:58:21.747,8.12534,8.12701,1.00,1.00
2018.02.22 15:58:22.050,8.12543,8.12707,1.00,1.00
2018.02.22 15:58:22.303,8.12525,8.12692,1.00,1.00
2018.02.22 15:58:22.355,8.12529,8.12694,1.00,1.00
2018.02.22 15:58:22.675,8.12538,8.12705,1.00,1.00
2018.02.22 15:58:23.195,8.12544,8.12703,1.00,1.00
2018.02.22 15:58:23.659,8.12535,8.12702,1.00,1.00
2018.02.22 15:58:23.760,8.12531,8.12698,1.00,1.00
2018.02.22 15:58:24.066,8.12541,8.12707,1.00,1.00
2018.02.22 15:58:24.167,8.12535,8.12702,1.00,1.00
2018.02.22 15:58:24.218,8.12534,8.12689,1.00,1.00
2018.02.22 15:58:24.269,8.12542,8.12709,1.00,1.00
2018.02.22 15:58:24.321,8.1255,8.12714,1.00,1.00
2018.02.22 15:58:24.516,8.12569,8.12742,1.00,1.00
2018.02.22 15:58:24.567,8.12574,8.12755,1.00,1.00
2018.02.22 15:58:24.711,8.12583,8.12755,1.00,1.00
2018.02.22 15:58:24.762,8.12575,8.12754,1.00,1.00
2018.02.22 15:58:24.863,8.12554,8.1274,1.00,1.00
2018.02.22 15:58:24.914,8.12533,8.12713,1.50,1.00
2018.02.22 15:58:25.217,8.12532,8.12702,1.00,1.00
2018.02.22 15:58:25.537,8.12541,8.12702,1.00,1.00
2018.02.22 15:58:25.588,8.12538,8.12702,1.00,1.00
2018.02.22 15:58:25.702,8.12534,8.12701,1.00,1.00
2018.02.22 15:58:25.753,8.1253,8.12697,1.00,1.00
2018.02.22 15:58:26.371,8.1253,8.12692,1.00,1.00
2018.02.22 15:58:26.720,8.1253,8.12697,1.00,1.00
2018.02.22 15:58:26.959,8.1253,8.12695,1.00,1.00
2018.02.22 15:58:27.863,8.1253,8.12697,1.00,1.00
2018.02.22 15:58:27.965,8.12537,8.12699,1.00,1.00
2018.02.22 15:58:28.016,8.12533,8.12699,1.00,1.00
2018.02.22 15:58:28.557,8.12533,8.12698,1.00,1.00
2018.02.22 15:58:28.737,8.12545,8.127,1.00,1.00
2018.02.22 15:58:28.788,8.12552,8.12719,1.00,1.50
2018.02.22 15:58:28.840,8.12561,8.12719,1.00,1.00
2018.02.22 15:58:28.942,8.12552,8.12719,1.00,1.50
2018.02.22 15:58:29.045,8.12542,8.12709,1.00,1.00
2018.02.22 15:58:29.347,8.12542,8.12704,1.00,1.00
2018.02.22 15:58:29.776,8.12542,8.12701,1.00,1.00
2018.02.22 15:58:30.209,8.12542,8.12697,1.00,1.00
2018.02.22 15:58:30.495,8.12533,8.12697,1.00,1.00
2018.02.22 15:58:30.746,8.12539,8.12698,1.00,1.00
2018.02.22 15:58:30.797,8.12535,8.12698,1.00,1.00
2018.02.22 15:58:30.911,8.12535,8.12702,1.00,1.00
2018.02.22 15:58:30.961,8.12544,8.12709,1.00,1.00
2018.02.22 15:58:31.481,8.12544,8.1271,1.00,1.00
2018.02.22 15:58:32.032,8.12544,8.12711,1.00,1.50
2018.02.22 15:58:32.631,8.12544,8.12708,1.00,1.00
2018.02.22 15:58:32.953,8.12544,8.12703,1.00,1.00
2018.02.22 15:58:33.301,8.12544,8.12705,1.00,1.00
2018.02.22 15:58:33.421,8.12539,8.12705,1.00,1.00
2018.02.22 15:58:33.473,8.1252,8.12679,1.00,1.00
2018.02.22 15:58:33.778,8.12529,8.1269,1.00,1.00
2018.02.22 15:58:33.829,8.12532,8.1269,1.00,1.00
2018.02.22 15:58:34.123,8.12537,8.12702,1.00,1.00
2018.02.22 15:58:34.392,8.12545,8.12712,1.00,1.00
2018.02.22 15:58:34.495,8.12528,8.12689,1.00,1.00
2018.02.22 15:58:34.546,8.12523,8.12689,1.00,1.00
2018.02.22 15:58:34.741,8.12523,8.12683,1.00,1.00
2018.02.22 15:58:34.849,8.12523,8.12689,1.00,1.00
2018.02.22 15:58:34.901,8.12533,8.12693,1.00,1.00
2018.02.22 15:58:35.104,8.12555,8.12718,1.00,1.00
2018.02.22 15:58:36.974,8.12559,8.12718,1.00,1.00
2018.02.22 15:58:37.161,8.12559,8.12726,1.00,1.00
2018.02.22 15:58:37.213,8.12575,8.12734,1.00,1.00
2018.02.22 15:58:37.264,8.12597,8.12738,1.00,1.00
2018.02.22 15:58:37.316,8.12583,8.12738,1.00,1.00
2018.02.22 15:58:37.418,8.12587,8.12738,1.00,1.00
2018.02.22 15:58:37.538,8.12578,8.12736,1.00,1.00
2018.02.22 15:58:37.590,8.12559,8.1269,1.00,1.00
2018.02.22 15:58:37.691,8.12543,8.1269,1.00,1.00
2018.02.22 15:58:37.792,8.12564,8.1271,1.00,1.00
2018.02.22 15:58:37.996,8.12571,8.12728,1.00,1.00
2018.02.22 15:58:38.047,8.12566,8.1271,1.00,1.00
2018.02.22 15:58:38.098,8.12549,8.1271,1.00,1.00
2018.02.22 15:58:38.149,8.12549,8.12691,1.00,1.00
2018.02.22 15:58:38.200,8.1254,8.12691,1.00,1.00
2018.02.22 15:58:38.391,8.12549,8.12691,1.00,1.00
2018.02.22 15:58:38.442,8.12545,8.12708,1.00,1.00
2018.02.22 15:58:38.544,8.12545,8.1271,1.00,1.00
2018.02.22 15:58:38.753,8.12543,8.12708,1.00,1.00
2018.02.22 15:58:39.001,8.12543,8.1271,1.00,1.00
2018.02.22 15:58:39.055,8.12575,8.12726,1.00,1.00
2018.02.22 15:58:39.107,8.12589,8.12726,1.00,1.00
2018.02.22 15:58:39.259,8.12585,8.12726,1.00,1.00
2018.02.22 15:58:39.310,8.12578,8.12733,1.00,1.00
2018.02.22 15:58:39.362,8.12571,8.12714,1.00,1.00
2018.02.22 15:58:39.515,8.12564,8.12714,1.00,1.00
2018.02.22 15:58:39.638,8.12564,8.1271,1.00,1.00
2018.02.22 15:58:39.965,8.12564,8.12712,1.00,1.00
2018.02.22 15:58:40.314,8.1257,8.12713,1.00,1.00
2018.02.22 15:58:40.585,8.12573,8.12723,1.00,1.00
2018.02.22 15:58:40.687,8.12569,8.12723,1.00,1.00
2018.02.22 15:58:40.738,8.12579,8.12723,1.00,1.00
2018.02.22 15:58:40.788,8.12579,8.12728,1.00,1.00
2018.02.22 15:58:40.840,8.12568,8.12713,1.00,1.00
2018.02.22 15:58:40.891,8.12568,8.12723,1.00,1.00
2018.02.22 15:58:40.942,8.12565,8.12719,1.00,1.00
2018.02.22 15:58:40.993,8.12565,8.12723,1.00,1.00
2018.02.22 15:58:41.044,8.12567,8.12731,1.00,1.00
2018.02.22 15:58:41.196,8.12567,8.12734,1.00,1.00
2018.02.22 15:58:41.427,8.12567,8.12729,1.00,1.00
2018.02.22 15:58:41.579,8.12533,8.12702,1.00,1.00
2018.02.22 15:58:41.630,8.12533,8.12692,1.00,1.00
2018.02.22 15:58:41.887,8.12536,8.12708,1.00,1.00
2018.02.22 15:58:41.938,8.12546,8.12731,1.00,1.00
2018.02.22 15:58:41.989,8.12522,8.12708,1.00,1.00
2018.02.22 15:58:42.040,8.12537,8.12706,1.00,1.00
2018.02.22 15:58:42.384,8.12546,8.12708,1.00,1.00
2018.02.22 15:58:42.688,8.12564,8.12718,1.00,1.00
2018.02.22 15:58:42.789,8.12564,8.12733,1.00,1.50
2018.02.22 15:58:42.997,8.1257,8.12733,1.00,1.00
2018.02.22 15:58:43.048,8.12584,8.12749,1.00,1.00
2018.02.22 15:58:43.099,8.12601,8.12749,1.00,1.00
2018.02.22 15:58:43.302,8.12601,8.12766,1.00,1.00
2018.02.22 15:58:43.356,8.1261,8.12766,1.00,1.00
2018.02.22 15:58:43.659,8.12639,8.12789,1.00,1.00
2018.02.22 15:58:43.811,8.12621,8.1279,1.00,1.00
2018.02.22 15:58:43.862,8.12644,8.12807,1.00,1.00
2018.02.22 15:58:44.186,8.12667,8.12817,1.00,1.00
2018.02.22 15:58:45.080,8.12653,8.12819,1.00,1.00
2018.02.22 15:58:45.131,8.12647,8.12819,1.75,1.00
2018.02.22 15:58:45.436,8.12675,8.12837,1.00,1.00
2018.02.22 15:58:45.684,8.12671,8.12834,1.00,1.00
2018.02.22 15:58:45.736,8.12678,8.12834,1.00,1.00
2018.02.22 15:58:45.873,8.12689,8.12853,1.00,1.50
2018.02.22 15:58:46.025,8.12709,8.12853,1.00,1.00
2018.02.22 15:58:46.076,8.12709,8.12872,1.00,1.00
2018.02.22 15:58:46.177,8.12706,8.12872,1.00,1.50
2018.02.22 15:58:46.391,8.12705,8.12869,1.00,1.00
2018.02.22 15:58:46.692,8.12712,8.12871,1.00,1.00
2018.02.22 15:58:47.029,8.12732,8.12884,1.00,1.00
2018.02.22 15:58:47.130,8.12729,8.12889,1.00,1.00
2018.02.22 15:58:47.282,8.12748,8.12889,1.00,1.00
2018.02.22 15:58:47.622,8.12742,8.12891,1.00,1.00
2018.02.22 15:58:47.673,8.12762,8.12914,1.00,1.00
2018.02.22 15:58:47.926,8.12743,8.12908,1.00,1.00
2018.02.22 15:58:47.977,8.12743,8.12906,1.00,1.00
2018.02.22 15:58:48.328,8.12743,8.12897,1.00,1.00
2018.02.22 15:58:48.558,8.12746,8.12902,1.00,1.00
2018.02.22 15:58:48.714,8.12739,8.12902,1.00,1.00
2018.02.22 15:58:48.765,8.12745,8.12902,1.00,1.00
2018.02.22 15:58:49.072,8.12758,8.12908,1.00,1.00
2018.02.22 15:58:49.626,8.12758,8.12897,1.00,1.00
2018.02.22 15:58:49.677,8.12748,8.12897,1.00,1.00
2018.02.22 15:58:49.729,8.12744,8.12897,1.00,1.00
2018.02.22 15:58:49.852,8.12744,8.12887,1.00,1.00
2018.02.22 15:58:49.904,8.12739,8.12887,1.00,1.00
2018.02.22 15:58:50.007,8.12751,8.12889,1.00,1.00
2018.02.22 15:58:50.058,8.12741,8.12889,1.00,1.00
2018.02.22 15:58:50.110,8.12735,8.12887,1.00,1.00
2018.02.22 15:58:50.217,8.12735,8.12876,1.00,1.00
2018.02.22 15:58:50.320,8.12731,8.12883,1.00,1.00
2018.02.22 15:58:50.371,8.12725,8.12859,1.00,1.00
2018.02.22 15:58:50.423,8.12713,8.12859,1.00,1.00
2018.02.22 15:58:50.655,8.12713,8.12845,1.00,1.00
2018.02.22 15:58:50.707,8.12707,8.12841,1.00,1.00
2018.02.22 15:58:50.808,8.12721,8.12864,1.00,1.00
2018.02.22 15:58:50.959,8.12721,8.12875,1.00,1.00
2018.02.22 15:58:51.010,8.12721,8.12864,1.00,1.00
2018.02.22 15:58:51.061,8.12698,8.12864,1.00,1.00
2018.02.22 15:58:51.111,8.12712,8.1285,1.00,1.00
2018.02.22 15:58:51.221,8.12684,8.12833,1.00,1.00
2018.02.22 15:58:51.273,8.12694,8.1285,1.00,1.00
2018.02.22 15:58:51.326,8.12677,8.12837,1.00,1.00
2018.02.22 15:58:51.377,8.12686,8.12827,1.00,1.00
2018.02.22 15:58:51.429,8.12668,8.12827,1.00,1.00
2018.02.22 15:58:51.481,8.12665,8.12818,1.00,1.00
2018.02.22 15:58:51.533,8.12654,8.12814,1.00,1.00
2018.02.22 15:58:51.584,8.12646,8.12797,1.00,1.00
2018.02.22 15:58:51.688,8.12629,8.12787,1.00,1.00
2018.02.22 15:58:51.952,8.12621,8.12781,1.00,1.00
2018.02.22 15:58:52.157,8.12633,8.12793,1.50,1.00
2018.02.22 15:58:52.313,8.12625,8.12786,1.00,1.00
2018.02.22 15:58:52.364,8.1262,8.1278,1.00,1.00
2018.02.22 15:58:52.552,8.12622,8.12783,1.00,1.00
2018.02.22 15:58:52.603,8.12612,8.12771,1.00,1.00
2018.02.22 15:58:52.806,8.12617,8.12777,1.00,1.00
2018.02.22 15:58:52.857,8.1261,8.12768,1.00,1.00
2018.02.22 15:58:52.907,8.12605,8.12776,1.00,1.00
2018.02.22 15:58:52.958,8.12605,8.12772,1.00,1.00
2018.02.22 15:58:53.335,8.12607,8.12767,1.00,1.00
2018.02.22 15:58:53.832,8.12638,8.12791,1.00,1.00
2018.02.22 15:58:54.042,8.1269,8.1285,1.00,1.00
2018.02.22 15:58:54.100,8.12669,8.12845,1.00,1.00
2018.02.22 15:58:54.155,8.12705,8.12852,1.00,1.00
2018.02.22 15:58:54.256,8.12715,8.12885,1.00,1.00
2018.02.22 15:58:54.307,8.12724,8.12863,1.00,1.00
2018.02.22 15:58:54.425,8.12707,8.12863,1.00,1.00
2018.02.22 15:58:54.477,8.12687,8.12863,1.00,1.00
2018.02.22 15:58:54.528,8.12684,8.12863,1.00,1.00
2018.02.22 15:58:54.629,8.1269,8.12871,1.00,1.00
2018.02.22 15:58:54.680,8.12687,8.12871,1.00,1.00
2018.02.22 15:58:54.781,8.12676,8.12862,1.00,1.00
2018.02.22 15:58:54.948,8.12682,8.12862,1.00,1.00
2018.02.22 15:58:55.153,8.12675,8.12862,1.00,1.00
2018.02.22 15:58:55.204,8.12689,8.12861,1.00,1.00
2018.02.22 15:58:55.407,8.12697,8.12876,1.00,1.00
2018.02.22 15:58:55.551,8.12683,8.12871,1.00,1.00
2018.02.22 15:58:55.706,8.12683,8.12869,1.00,1.00
2018.02.22 15:58:56.011,8.12714,8.12871,1.00,1.00
2018.02.22 15:58:56.215,8.12739,8.12913,1.00,1.00
2018.02.22 15:58:56.266,8.12749,8.12913,1.00,1.00
2018.02.22 15:58:56.316,8.12738,8.12908,1.00,1.50
2018.02.22 15:58:56.367,8.12732,8.12896,1.00,1.00
2018.02.22 15:58:56.418,8.12715,8.12886,1.00,1.00
2018.02.22 15:58:56.523,8.12713,8.12879,1.00,1.00
2018.02.22 15:58:56.747,8.12707,8.12878,1.00,1.00
2018.02.22 15:58:56.798,8.12728,8.12896,1.00,1.00
2018.02.22 15:58:56.950,8.12718,8.12888,1.00,1.00
2018.02.22 15:58:57.002,8.12715,8.12886,1.00,1.00
2018.02.22 15:58:57.114,8.12709,8.12879,1.00,1.00
2018.02.22 15:58:57.167,8.1271,8.12881,1.00,1.00
2018.02.22 15:58:57.365,8.12715,8.12876,1.00,1.00
2018.02.22 15:58:57.616,8.12709,8.12877,1.00,1.00
2018.02.22 15:58:57.667,8.12715,8.12877,1.00,1.00
2018.02.22 15:58:57.871,8.12712,8.12878,1.00,1.00
2018.02.22 15:58:58.050,8.12711,8.12887,1.00,1.00
2018.02.22 15:58:58.383,8.12711,8.12898,1.00,1.00
2018.02.22 15:58:58.434,8.1272,8.12898,1.00,1.00
2018.02.22 15:58:58.587,8.1272,8.129,1.00,1.00
2018.02.22 15:58:58.688,8.12728,8.1291,1.00,1.00
2018.02.22 15:58:58.740,8.12728,8.12913,1.00,1.00
2018.02.22 15:58:58.885,8.12718,8.12902,1.00,1.00
2018.02.22 15:58:59.190,8.12711,8.12892,1.00,1.00
2018.02.22 15:58:59.481,8.12711,8.12894,1.00,1.00
2018.02.22 15:58:59.710,8.12718,8.12894,1.00,1.00
2018.02.22 15:58:59.761,8.12713,8.12894,1.00,1.00
2018.02.22 15:58:59.813,8.12713,8.12889,1.00,1.00
2018.02.22 15:59:00.135,8.12714,8.12886,1.00,1.50
2018.02.22 15:59:00.474,8.12648,8.12799,1.00,1.00
2018.02.22 15:59:00.626,8.12645,8.12799,1.00,1.00
2018.02.22 15:59:00.677,8.12607,8.12781,1.00,1.00
2018.02.22 15:59:01.161,8.12616,8.12781,1.00,1.00
2018.02.22 15:59:01.504,8.12627,8.12775,1.00,1.00
2018.02.22 15:59:02.053,8.12636,8.12795,1.00,1.00
2018.02.22 15:59:02.156,8.12644,8.12795,1.00,1.00
2018.02.22 15:59:02.470,8.12654,8.12795,1.00,1.00
2018.02.22 15:59:02.522,8.12642,8.12786,1.00,1.00
2018.02.22 15:59:02.622,8.12626,8.12777,1.00,1.00
2018.02.22 15:59:02.674,8.12562,8.1272,1.00,1.00
2018.02.22 15:59:02.726,8.12562,8.12692,1.00,1.00
2018.02.22 15:59:02.778,8.12537,8.12709,1.00,1.00
2018.02.22 15:59:02.830,8.12529,8.12686,1.00,1.00
2018.02.22 15:59:03.238,8.12554,8.12686,1.00,1.00
2018.02.22 15:59:03.497,8.12576,8.12719,1.00,1.00
2018.02.22 15:59:03.549,8.12602,8.12734,1.00,1.00
2018.02.22 15:59:03.911,8.12595,8.12734,1.00,1.00
2018.02.22 15:59:03.962,8.12581,8.1273,1.00,1.00
2018.02.22 15:59:04.015,8.12592,8.1273,1.00,1.00
2018.02.22 15:59:04.227,8.1257,8.12709,1.00,1.00
2018.02.22 15:59:04.279,8.12581,8.12709,1.00,1.00
2018.02.22 15:59:04.517,8.126,8.12735,1.00,1.00
2018.02.22 15:59:04.899,8.1259,8.12735,1.00,1.00
2018.02.22 15:59:04.950,8.12588,8.12735,1.00,1.00
2018.02.22 15:59:05.001,8.12581,8.12735,1.00,1.00
2018.02.22 15:59:05.621,8.12596,8.12735,1.00,1.00
2018.02.22 15:59:05.971,8.12588,8.12735,1.00,1.00
2018.02.22 15:59:06.024,8.12585,8.12735,1.00,1.00
2018.02.22 15:59:06.075,8.12582,8.12735,1.00,1.00
2018.02.22 15:59:06.616,8.12586,8.12735,1.00,1.00
2018.02.22 15:59:06.962,8.12581,8.12735,1.00,1.00
2018.02.22 15:59:07.013,8.12593,8.12735,1.00,1.00
2018.02.22 15:59:07.064,8.12586,8.12735,1.00,1.00
2018.02.22 15:59:07.116,8.12614,8.12756,1.00,1.00
2018.02.22 15:59:07.167,8.12657,8.1281,1.00,1.00
2018.02.22 15:59:07.219,8.12672,8.12815,1.00,1.50
2018.02.22 15:59:07.559,8.12656,8.12798,1.00,1.00
2018.02.22 15:59:07.712,8.12646,8.12798,1.00,1.00
2018.02.22 15:59:08.119,8.1264,8.12798,1.00,1.00
2018.02.22 15:59:08.954,8.12633,8.12778,1.00,1.00
2018.02.22 15:59:09.635,8.12633,8.12762,1.00,1.00
2018.02.22 15:59:09.998,8.12628,8.12762,1.00,1.00
2018.02.22 15:59:10.049,8.12632,8.12762,1.00,1.00
2018.02.22 15:59:10.315,8.12608,8.12762,1.00,1.00
2018.02.22 15:59:10.558,8.1262,8.12778,1.00,1.00
2018.02.22 15:59:10.823,8.12637,8.12778,1.00,1.00
2018.02.22 15:59:11.073,8.1262,8.12778,1.00,1.00
2018.02.22 15:59:11.485,8.12644,8.12778,1.00,1.00
2018.02.22 15:59:11.979,8.12636,8.12778,1.00,1.00
2018.02.22 15:59:12.383,8.12645,8.12778,1.00,1.00
2018.02.22 15:59:12.688,8.12679,8.12813,1.00,1.00
2018.02.22 15:59:12.738,8.12689,8.12813,1.00,1.00
2018.02.22 15:59:13.074,8.12684,8.12813,1.00,1.00
2018.02.22 15:59:13.126,8.12684,8.12839,1.00,1.00
2018.02.22 15:59:13.177,8.12685,8.12821,1.00,1.00
2018.02.22 15:59:13.510,8.12676,8.12821,1.00,1.00
2018.02.22 15:59:13.654,8.12653,8.12801,1.00,1.00
2018.02.22 15:59:13.705,8.12645,8.12801,1.50,1.00
2018.02.22 15:59:15.478,8.12656,8.12801,1.00,1.00
2018.02.22 15:59:15.683,8.12656,8.12821,1.00,1.00
2018.02.22 15:59:15.814,8.1266,8.12821,1.00,1.00
2018.02.22 15:59:16.161,8.12691,8.12821,1.00,1.00
2018.02.22 15:59:16.212,8.12665,8.12821,1.00,1.00
2018.02.22 15:59:16.263,8.12649,8.12821,1.00,1.00
2018.02.22 15:59:16.314,8.12648,8.12804,1.00,1.00
2018.02.22 15:59:16.415,8.12631,8.12804,1.00,1.00
2018.02.22 15:59:16.468,8.12656,8.12804,1.00,1.00
2018.02.22 15:59:16.519,8.12651,8.12804,1.00,1.00
2018.02.22 15:59:16.676,8.12656,8.12804,1.00,1.00
2018.02.22 15:59:16.983,8.12682,8.12801,1.00,1.00
2018.02.22 15:59:17.176,8.12674,8.12801,1.00,1.00
2018.02.22 15:59:17.315,8.12662,8.12801,1.00,1.00
2018.02.22 15:59:17.366,8.12666,8.12801,1.00,1.00
2018.02.22 15:59:17.684,8.12686,8.12801,1.00,1.00
2018.02.22 15:59:17.845,8.12686,8.12822,1.00,1.00
2018.02.22 15:59:18.727,8.12684,8.12822,1.00,1.00
2018.02.22 15:59:18.949,8.12678,8.12822,1.00,1.00
2018.02.22 15:59:19.088,8.12655,8.12822,1.00,1.00
2018.02.22 15:59:19.138,8.12645,8.12799,1.00,1.00
2018.02.22 15:59:19.290,8.12632,8.12799,1.00,1.00
2018.02.22 15:59:19.417,8.12659,8.12799,1.00,1.00
2018.02.22 15:59:19.753,8.12672,8.12794,1.00,1.00
2018.02.22 15:59:20.149,8.12674,8.12794,1.00,1.00
2018.02.22 15:59:20.470,8.12678,8.12794,1.00,1.00
2018.02.22 15:59:20.648,8.12663,8.12794,1.00,1.00
2018.02.22 15:59:21.034,8.12655,8.12794,1.00,1.00
2018.02.22 15:59:21.188,8.12638,8.12794,1.00,1.00
2018.02.22 15:59:21.501,8.12636,8.12794,1.00,1.00
2018.02.22 15:59:23.451,8.12613,8.12771,1.00,1.00
2018.02.22 15:59:23.785,8.12561,8.12714,1.00,1.00
2018.02.22 15:59:24.095,8.12572,8.12698,1.00,1.00
2018.02.22 15:59:24.148,8.12557,8.12698,1.00,1.00
2018.02.22 15:59:24.252,8.12561,8.12698,1.00,1.00
2018.02.22 15:59:24.303,8.12554,8.12701,1.00,1.00
2018.02.22 15:59:24.628,8.12554,8.1268,1.00,1.00
2018.02.22 15:59:24.731,8.12562,8.12698,1.00,1.00
2018.02.22 15:59:24.782,8.12562,8.12701,1.00,1.00
2018.02.22 15:59:24.833,8.12547,8.12701,1.00,1.00
2018.02.22 15:59:25.116,8.12543,8.12701,1.00,1.00
2018.02.22 15:59:25.269,8.12543,8.12696,1.00,1.00
2018.02.22 15:59:25.372,8.12507,8.12674,1.00,1.00
2018.02.22 15:59:25.423,8.12507,8.12672,1.00,1.00
2018.02.22 15:59:25.628,8.12475,8.12648,1.00,1.00
2018.02.22 15:59:25.887,8.12495,8.12655,1.00,1.00
2018.02.22 15:59:26.193,8.12522,8.12663,1.00,1.00
2018.02.22 15:59:26.244,8.12522,8.1268,1.00,1.00
2018.02.22 15:59:26.295,8.12522,8.12672,1.00,1.00
2018.02.22 15:59:26.346,8.125,8.12657,1.00,1.00
2018.02.22 15:59:26.657,8.12496,8.12657,1.00,1.00
2018.02.22 15:59:26.951,8.12492,8.12657,1.00,1.00
2018.02.22 15:59:27.271,8.12509,8.12657,1.00,1.00
2018.02.22 15:59:27.543,8.125,8.12657,1.00,1.00
2018.02.22 15:59:27.811,8.12507,8.12657,1.00,1.00
2018.02.22 15:59:27.964,8.12507,8.12676,1.00,1.00
2018.02.22 15:59:28.044,8.12507,8.12679,1.00,1.00
2018.02.22 15:59:28.096,8.12507,8.12674,1.00,1.00
2018.02.22 15:59:28.403,8.12517,8.12679,1.00,1.00
2018.02.22 15:59:28.455,8.12515,8.12679,1.00,1.00
2018.02.22 15:59:28.506,8.12515,8.12675,1.00,1.00
2018.02.22 15:59:28.794,8.12518,8.12683,1.00,1.00
2018.02.22 15:59:28.895,8.12518,8.12678,1.00,1.00
2018.02.22 15:59:29.209,8.12529,8.12683,1.00,1.50
2018.02.22 15:59:29.536,8.12531,8.12683,1.00,1.00
2018.02.22 15:59:29.716,8.12528,8.12683,1.00,1.00
2018.02.22 15:59:29.769,8.12545,8.12683,1.00,1.00
2018.02.22 15:59:30.075,8.12536,8.12683,1.00,1.00
2018.02.22 15:59:30.332,8.12532,8.12683,1.00,1.00
2018.02.22 15:59:30.633,8.12534,8.12683,1.00,1.00
2018.02.22 15:59:30.968,8.12536,8.12683,1.00,1.00
2018.02.22 15:59:31.344,8.12561,8.12702,1.00,1.00
2018.02.22 15:59:31.647,8.12551,8.12702,1.00,1.00
2018.02.22 15:59:31.698,8.12529,8.12679,1.00,1.00
2018.02.22 15:59:31.901,8.12511,8.12679,1.00,1.00
2018.02.22 15:59:32.028,8.12494,8.12656,1.00,1.00
2018.02.22 15:59:32.332,8.12501,8.12656,1.00,1.00
2018.02.22 15:59:32.648,8.12481,8.12621,1.00,1.00
2018.02.22 15:59:33.063,8.12487,8.12621,1.00,1.00
2018.02.22 15:59:33.338,8.1251,8.12652,1.00,1.00
2018.02.22 15:59:33.390,8.12516,8.12652,1.00,1.00
2018.02.22 15:59:33.700,8.12525,8.12652,1.00,1.00
2018.02.22 15:59:34.031,8.12528,8.12652,1.00,1.00
2018.02.22 15:59:34.185,8.12517,8.12652,1.00,1.00
2018.02.22 15:59:34.501,8.12523,8.12652,1.00,1.00
2018.02.22 15:59:34.807,8.1254,8.12652,1.00,1.00
2018.02.22 15:59:34.858,8.12519,8.12652,1.00,1.00
2018.02.22 15:59:35.010,8.12492,8.12633,1.00,1.00
2018.02.22 15:59:35.061,8.12492,8.12615,1.00,1.00
2018.02.22 15:59:35.356,8.12489,8.12615,1.00,1.00
2018.02.22 15:59:35.406,8.12517,8.12634,1.00,1.00
2018.02.22 15:59:35.769,8.12511,8.12634,1.00,1.00
2018.02.22 15:59:35.822,8.12506,8.12634,1.00,1.00
2018.02.22 15:59:36.177,8.12511,8.12634,1.00,1.00
2018.02.22 15:59:37.136,8.12504,8.12619,1.00,1.00
2018.02.22 15:59:37.467,8.12542,8.12639,1.00,1.00
2018.02.22 15:59:37.518,8.12506,8.12639,1.00,1.00
2018.02.22 15:59:37.670,8.12548,8.1267,1.00,1.00
2018.02.22 15:59:37.954,8.1257,8.12705,1.00,1.00
2018.02.22 15:59:38.006,8.12553,8.12667,1.50,1.00
2018.02.22 15:59:38.310,8.12514,8.12646,1.00,1.00
2018.02.22 15:59:38.361,8.12509,8.12646,1.00,1.00
2018.02.22 15:59:38.654,8.12505,8.12648,1.00,1.00
2018.02.22 15:59:38.705,8.12501,8.12648,1.00,1.00
2018.02.22 15:59:38.756,8.12501,8.12631,1.00,1.00
2018.02.22 15:59:38.959,8.12496,8.12631,1.00,1.00
2018.02.22 15:59:39.199,8.12491,8.12631,1.00,1.00
2018.02.22 15:59:39.250,8.12483,8.12615,1.00,1.00
2018.02.22 15:59:39.427,8.12463,8.12599,1.00,1.00
2018.02.22 15:59:39.732,8.12447,8.12599,1.00,1.50
2018.02.22 15:59:40.013,8.12438,8.12599,1.00,1.50
2018.02.22 15:59:40.353,8.1243,8.12599,1.50,1.50
2018.02.22 15:59:40.403,8.12437,8.12599,1.00,1.00
2018.02.22 15:59:40.455,8.1243,8.12599,1.00,1.00
2018.02.22 15:59:40.506,8.1243,8.12583,1.00,1.00
2018.02.22 15:59:40.796,8.12394,8.12558,1.00,1.00
2018.02.22 15:59:40.847,8.124,8.12558,1.00,1.00
2018.02.22 15:59:40.950,8.12402,8.12571,1.00,1.00
2018.02.22 15:59:41.161,8.12407,8.12547,1.00,1.00
2018.02.22 15:59:41.468,8.12406,8.12533,1.00,1.00
2018.02.22 15:59:41.620,8.12377,8.12513,1.00,1.00
2018.02.22 15:59:41.671,8.1237,8.12528,1.00,1.00
2018.02.22 15:59:41.722,8.1237,8.12514,1.00,1.00
2018.02.22 15:59:41.824,8.12374,8.12536,1.00,1.00
2018.02.22 15:59:41.876,8.12381,8.12536,1.00,1.00
2018.02.22 15:59:42.191,8.12378,8.12536,1.00,1.00
2018.02.22 15:59:42.293,8.12385,8.12536,1.00,1.00
2018.02.22 15:59:42.344,8.12398,8.12562,1.00,1.00
2018.02.22 15:59:42.446,8.12405,8.12541,1.00,1.00
2018.02.22 15:59:42.496,8.12398,8.12536,1.00,1.00
2018.02.22 15:59:42.614,8.1238,8.12541,1.50,1.00
2018.02.22 15:59:42.665,8.12401,8.12541,1.00,1.00
2018.02.22 15:59:42.817,8.12443,8.12598,1.00,1.00
2018.02.22 15:59:42.868,8.1245,8.12617,1.00,2.25
2018.02.22 15:59:43.071,8.12462,8.12617,1.00,1.00
2018.02.22 15:59:43.364,8.12459,8.12617,1.00,1.00
2018.02.22 15:59:43.415,8.12449,8.12616,1.00,1.00
2018.02.22 15:59:43.466,8.1246,8.12613,1.00,1.00
2018.02.22 15:59:43.774,8.12464,8.12613,1.00,1.00
2018.02.22 15:59:44.221,8.12476,8.12613,1.00,1.00
2018.02.22 15:59:44.425,8.12472,8.12613,1.00,1.00
2018.02.22 15:59:44.476,8.12482,8.12613,1.00,1.00
2018.02.22 15:59:44.527,8.12466,8.12613,1.00,1.00
2018.02.22 15:59:44.579,8.12463,8.12613,1.00,1.00
2018.02.22 15:59:44.630,8.1246,8.12612,1.00,1.00
2018.02.22 15:59:44.911,8.1245,8.12612,1.50,1.00
2018.02.22 15:59:45.374,8.12454,8.12612,1.00,1.00
2018.02.22 15:59:45.488,8.12462,8.12621,1.00,1.00
2018.02.22 15:59:45.540,8.12509,8.12629,1.00,1.00
2018.02.22 15:59:45.767,8.12545,8.12669,1.00,1.00
2018.02.22 15:59:45.818,8.12562,8.12689,1.00,1.00
2018.02.22 15:59:45.868,8.12566,8.12689,1.00,1.00
2018.02.22 15:59:45.919,8.12557,8.12708,1.00,1.00
2018.02.22 15:59:45.970,8.12569,8.12671,1.00,1.00
2018.02.22 15:59:46.021,8.12553,8.12671,1.00,1.00
2018.02.22 15:59:46.072,8.12538,8.12659,1.00,1.00
2018.02.22 15:59:46.173,8.12521,8.12658,1.00,1.00
2018.02.22 15:59:46.224,8.12523,8.12658,1.00,1.00
2018.02.22 15:59:46.691,8.12527,8.12658,1.00,1.00
2018.02.22 15:59:46.838,8.12544,8.12679,1.00,1.00
2018.02.22 15:59:46.940,8.12552,8.12679,1.00,1.00
2018.02.22 15:59:47.094,8.12562,8.12695,1.00,1.00
2018.02.22 15:59:47.147,8.12553,8.12695,1.00,1.00
2018.02.22 15:59:47.454,8.12557,8.12695,1.00,1.00
2018.02.22 15:59:47.790,8.12583,8.12695,1.00,1.00
2018.02.22 15:59:47.841,8.12566,8.12692,1.00,1.00
2018.02.22 15:59:47.892,8.12574,8.12692,1.00,1.00
2018.02.22 15:59:48.080,8.12551,8.12711,1.00,1.00
2018.02.22 15:59:48.131,8.12548,8.12683,1.00,1.00
2018.02.22 15:59:48.450,8.12588,8.12699,1.00,1.00
2018.02.22 15:59:48.559,8.12585,8.12699,1.00,1.00
2018.02.22 15:59:48.874,8.12601,8.12699,1.00,1.00
2018.02.22 15:59:49.130,8.12613,8.12723,1.00,1.00
2018.02.22 15:59:49.233,8.12605,8.12723,1.00,1.00
2018.02.22 15:59:49.372,8.12601,8.12707,1.00,1.00
2018.02.22 15:59:49.527,8.12591,8.12707,1.00,1.00
2018.02.22 15:59:49.578,8.12585,8.12707,1.00,1.00
2018.02.22 15:59:49.630,8.12652,8.12735,1.00,1.00
2018.02.22 15:59:49.733,8.1268,8.1278,1.00,1.00
2018.02.22 15:59:49.836,8.12691,8.12809,1.00,1.00
2018.02.22 15:59:49.938,8.12697,8.12809,1.00,1.00
2018.02.22 15:59:50.209,8.12672,8.12812,1.00,1.00
2018.02.22 15:59:50.362,8.12655,8.12796,1.00,1.00
2018.02.22 15:59:50.413,8.12637,8.12796,1.25,1.00
2018.02.22 15:59:50.515,8.12653,8.12796,1.00,1.00
2018.02.22 15:59:50.566,8.12653,8.12816,1.00,1.00
2018.02.22 15:59:50.618,8.12653,8.12797,1.00,1.00
2018.02.22 15:59:50.669,8.12655,8.12826,1.00,1.00
2018.02.22 15:59:50.721,8.12691,8.12826,1.00,1.00
2018.02.22 15:59:50.773,8.12685,8.12826,1.00,1.00
2018.02.22 15:59:50.874,8.12693,8.12862,1.00,1.00
2018.02.22 15:59:50.926,8.12667,8.12837,1.00,1.75
2018.02.22 15:59:51.027,8.12647,8.12816,1.69,1.00
2018.02.22 15:59:51.283,8.12647,8.12816,1.69,1.37
2018.02.22 15:59:51.586,8.12674,8.12816,1.00,1.00
2018.02.22 15:59:51.690,8.12656,8.12816,1.00,1.00
2018.02.22 15:59:51.791,8.12656,8.12791,1.00,1.00
2018.02.22 15:59:52.168,8.1266,8.12791,1.00,1.00
2018.02.22 15:59:52.219,8.1266,8.12808,1.00,1.00
2018.02.22 15:59:52.270,8.12664,8.12808,1.00,1.00
2018.02.22 15:59:52.605,8.12702,8.12808,1.00,1.00
2018.02.22 15:59:52.655,8.12702,8.12839,1.00,1.00
2018.02.22 15:59:52.706,8.12702,8.12859,1.00,1.00
2018.02.22 15:59:52.944,8.1268,8.12842,1.00,1.00
2018.02.22 15:59:53.098,8.12698,8.12842,1.00,1.00
2018.02.22 15:59:53.405,8.12701,8.12838,1.00,1.00
2018.02.22 15:59:53.740,8.12687,8.12838,1.00,1.00
2018.02.22 15:59:54.033,8.12681,8.12838,1.00,1.00
2018.02.22 15:59:54.360,8.12678,8.12838,1.00,1.00
2018.02.22 15:59:54.461,8.12658,8.12826,1.00,1.00
2018.02.22 15:59:54.816,8.12653,8.12803,1.00,1.00
2018.02.22 15:59:55.068,8.12643,8.12798,1.00,1.00
2018.02.22 15:59:55.348,8.12643,8.12774,1.00,1.00
2018.02.22 15:59:55.399,8.12635,8.12793,1.00,1.00
2018.02.22 15:59:55.451,8.12654,8.12793,1.00,1.00
2018.02.22 15:59:55.649,8.12654,8.1281,1.00,1.00
2018.02.22 15:59:55.701,8.12617,8.12787,1.00,1.00
2018.02.22 15:59:55.752,8.12617,8.12755,1.00,1.00
2018.02.22 15:59:55.803,8.12612,8.12755,1.25,1.00
2018.02.22 15:59:55.855,8.12597,8.12755,1.00,1.00
2018.02.22 15:59:55.957,8.12597,8.1277,1.00,1.00
2018.02.22 15:59:56.008,8.12623,8.12789,1.00,1.00
2018.02.22 15:59:56.349,8.12669,8.12799,1.00,1.00
2018.02.22 15:59:56.400,8.12666,8.12799,1.00,1.00
2018.02.22 15:59:56.501,8.12666,8.12818,1.00,1.00
2018.02.22 15:59:56.551,8.12684,8.12818,1.00,1.00
2018.02.22 15:59:56.653,8.12684,8.1284,1.00,1.75
2018.02.22 15:59:56.703,8.12684,8.12822,1.00,1.00
2018.02.22 15:59:56.754,8.12665,8.12822,1.00,1.12
2018.02.22 15:59:56.906,8.12648,8.12822,1.00,1.12
2018.02.22 15:59:56.957,8.12648,8.12822,1.00,1.37
2018.02.22 15:59:57.308,8.12606,8.12757,1.00,1.00
2018.02.22 15:59:57.463,8.12624,8.12789,1.00,1.00
2018.02.22 15:59:57.617,8.12606,8.12789,1.00,1.00
2018.02.22 15:59:57.737,8.12606,8.12789,1.00,1.75
2018.02.22 15:59:57.892,8.1262,8.12789,1.00,1.37
2018.02.22 15:59:58.000,8.12623,8.12789,1.00,1.37
2018.02.22 15:59:58.101,8.12623,8.12789,1.00,1.00
2018.02.22 15:59:58.319,8.12626,8.12789,1.00,1.00
2018.02.22 15:59:58.594,8.12624,8.12789,1.00,1.00
2018.02.22 15:59:58.938,8.12628,8.12789,1.00,1.00
2018.02.22 15:59:59.261,8.12627,8.12787,1.00,1.00
2018.02.22 15:59:59.593,8.12629,8.12787,1.00,1.00
2018.02.22 15:59:59.803,8.12624,8.12787,1.00,1.00
