2009.05.25 06:00:00.690,7.4518,7.455,1.40,1.20
2009.05.25 06:00:11.977,7.4518,7.4524,1.40,1.20
2009.05.25 06:00:12.197,7.4518,7.4524,1.40,1.80
2009.05.25 06:00:13.017,7.45025,7.4524,1.60,1.80
2009.05.25 06:00:13.257,7.45025,7.4607,1.60,1.00
2009.05.25 06:00:13.707,7.4516,7.4607,1.40,1.00
2009.05.25 06:00:16.446,7.4523,7.4587,1.40,1.00
2009.05.25 06:00:17.356,7.4523,7.46,1.40,1.00
2009.05.25 06:00:22.345,7.4529,7.4598,1.40,1.00
2009.05.25 06:00:23.145,7.4523,7.4598,1.40,1.00
2009.05.25 06:00:41.800,7.45055,7.4598,1.60,1.00
2009.05.25 06:00:46.409,7.451,7.4598,1.60,1.00
2009.05.25 06:00:46.759,7.4521,7.4598,1.40,1.00
2009.05.25 06:00:47.259,7.4527,7.4598,1.40,1.00
2009.05.25 06:01:19.291,7.4529,7.4593,1.40,1.00
2009.05.25 06:01:19.631,7.4529,7.4592,1.40,1.00
2009.05.25 06:01:20.101,7.45255,7.4592,1.00,1.00
2009.05.25 06:01:20.341,7.4518,7.4592,1.40,1.00
2009.05.25 06:01:20.621,7.4523,7.4592,1.40,1.00
2009.05.25 06:01:21.301,7.4523,7.45915,1.40,1.00
2009.05.25 06:01:26.160,7.4523,7.45865,1.40,1.00
2009.05.25 06:01:28.569,7.452,7.45865,1.40,1.00
2009.05.25 06:01:28.799,7.45195,7.45865,1.00,1.00
2009.05.25 06:01:29.039,7.4518,7.45865,1.40,1.00
2009.05.25 06:01:36.677,7.4518,7.4582,1.40,1.00
2009.05.25 06:01:36.797,7.4518,7.4581,1.40,1.00
2009.05.25 06:01:43.096,7.4513,7.4581,1.40,1.00
2009.05.25 06:01:47.904,7.4512,7.4581,1.40,1.00
2009.05.25 06:01:48.514,7.4512,7.45855,3.00,1.00
2009.05.25 06:01:48.854,7.4521,7.45855,1.40,1.00
2009.05.25 06:01:49.194,7.4521,7.4598,1.40,1.00
2009.05.25 06:01:49.434,7.4521,7.4599,1.40,1.00
2009.05.25 06:01:49.654,7.4516,7.4595,1.40,1.00
2009.05.25 06:01:50.104,7.4517,7.45935,1.40,1.00
2009.05.25 06:01:50.334,7.4519,7.4596,1.40,1.00
2009.05.25 06:01:50.564,7.4523,7.4596,1.40,1.00
2009.05.25 06:01:51.473,7.4523,7.46015,1.40,1.00
2009.05.25 06:01:54.223,7.4523,7.45965,1.40,1.00
2009.05.25 06:01:54.803,7.4523,7.46015,1.40,1.00
2009.05.25 06:01:59.681,7.4523,7.4598,1.40,1.00
2009.05.25 06:01:59.921,7.4523,7.45965,1.40,1.00
2009.05.25 06:02:01.541,7.4523,7.4589,1.40,1.00
2009.05.25 06:02:01.881,7.4523,7.4598,1.40,1.00
2009.05.25 06:02:04.120,7.45295,7.4596,1.40,1.00
2009.05.25 06:02:04.290,7.4535,7.4596,1.40,1.00
2009.05.25 06:02:04.580,7.4535,7.45925,1.40,1.00
2009.05.25 06:02:06.090,7.4521,7.4597,1.40,1.00
2009.05.25 06:02:07.070,7.45225,7.4597,2.20,1.00
2009.05.25 06:02:07.360,7.4528,7.46015,1.40,1.00
2009.05.25 06:02:08.589,7.4534,7.45945,1.40,1.00
2009.05.25 06:02:08.809,7.4534,7.4603,1.40,1.00
2009.05.25 06:02:14.818,7.4534,7.4598,1.40,1.00
2009.05.25 06:02:14.988,7.4535,7.4598,1.40,1.00
2009.05.25 06:02:15.268,7.4539,7.46085,1.40,1.00
2009.05.25 06:02:15.438,7.4544,7.46085,1.40,1.00
2009.05.25 06:02:15.608,7.4544,7.461,1.40,1.00
2009.05.25 06:02:16.127,7.455,7.46145,1.40,1.00
2009.05.25 06:02:22.406,7.4534,7.4609,1.40,1.00
2009.05.25 06:02:22.626,7.4533,7.46115,1.40,1.00
2009.05.25 06:02:23.316,7.4539,7.46075,1.40,1.00
2009.05.25 06:02:23.656,7.4539,7.4608,1.40,1.00
2009.05.25 06:02:23.996,7.4539,7.46075,1.40,1.00
2009.05.25 06:02:34.423,7.4541,7.46075,1.40,1.00
2009.05.25 06:02:34.533,7.4542,7.4602,1.40,1.00
2009.05.25 06:02:34.813,7.4541,7.4602,1.00,1.00
2009.05.25 06:02:35.174,7.4539,7.4602,1.40,1.00
2009.05.25 06:02:35.393,7.4539,7.46025,1.40,1.00
2009.05.25 06:02:37.213,7.4539,7.4607,1.40,1.00
2009.05.25 06:02:37.553,7.4544,7.4607,1.40,1.00
2009.05.25 06:02:38.432,7.4542,7.4603,2.20,1.00
2009.05.25 06:02:38.772,7.4542,7.4606,1.40,1.00
2009.05.25 06:02:39.132,7.4544,7.46065,1.40,1.00
2009.05.25 06:02:39.912,7.4542,7.4603,2.20,1.00
2009.05.25 06:02:40.082,7.4542,7.4603,1.00,1.00
2009.05.25 06:02:40.251,7.4532,7.4603,1.40,1.00
2009.05.25 06:02:40.661,7.4532,7.46065,1.40,1.00
2009.05.25 06:02:42.031,7.4534,7.4602,1.40,1.00
2009.05.25 06:02:42.711,7.4534,7.4603,1.40,1.00
2009.05.25 06:02:43.101,7.4534,7.46065,1.40,1.00
2009.05.25 06:02:46.030,7.4542,7.4606,1.40,1.00
2009.05.25 06:02:46.320,7.4543,7.4606,1.40,1.00
2009.05.25 06:02:46.550,7.4543,7.46125,1.40,1.00
2009.05.25 06:02:47.769,7.45405,7.46125,2.20,1.00
2009.05.25 06:02:48.220,7.454,7.4614,2.20,1.00
2009.05.25 06:02:48.659,7.4553,7.4616,1.40,1.00
2009.05.25 06:02:54.818,7.4558,7.4616,1.40,1.00
2009.05.25 06:02:54.928,7.4555,7.4616,1.40,1.00
2009.05.25 06:02:55.158,7.4558,7.4618,1.40,1.00
2009.05.25 06:02:55.278,7.4555,7.4618,1.40,1.00
2009.05.25 06:02:56.727,7.454,7.4618,1.60,1.00
2009.05.25 06:02:56.947,7.455,7.4617,2.20,1.00
2009.05.25 06:02:58.407,7.4552,7.46135,2.20,1.00
2009.05.25 06:02:58.587,7.4554,7.46155,2.20,1.00
2009.05.25 06:02:58.817,7.45545,7.46155,1.40,1.00
2009.05.25 06:02:59.207,7.45545,7.46135,1.40,1.00
2009.05.25 06:02:59.387,7.4553,7.46135,2.20,1.00
2009.05.25 06:02:59.867,7.4555,7.46135,1.40,1.00
2009.05.25 06:03:00.166,7.4555,7.46155,2.20,1.00
2009.05.25 06:03:01.896,7.4558,7.46155,1.40,1.00
2009.05.25 06:03:07.515,7.4558,7.46185,1.00,1.00
2009.05.25 06:03:07.745,7.4556,7.46165,2.20,1.00
2009.05.25 06:03:15.863,7.45625,7.46185,1.60,1.00
2009.05.25 06:03:16.153,7.45625,7.4644,1.60,4.80
2009.05.25 06:03:16.313,7.45625,7.46575,1.60,1.00
2009.05.25 06:03:26.400,7.457,7.46535,1.40,1.00
2009.05.25 06:03:26.511,7.457,7.4648,1.40,1.00
2009.05.25 06:03:29.440,7.4567,7.4648,1.60,1.00
2009.05.25 06:03:29.660,7.4567,7.46495,1.60,1.00
2009.05.25 06:03:33.089,7.45795,7.46495,2.20,1.00
2009.05.25 06:03:36.748,7.45835,7.46495,1.00,1.00
2009.05.25 06:03:37.148,7.45765,7.46565,2.20,1.00
2009.05.25 06:03:46.626,7.45785,7.46565,1.40,1.00
2009.05.25 06:03:46.855,7.45785,7.4659,2.20,1.00
2009.05.25 06:03:46.975,7.45805,7.4659,1.40,1.00
2009.05.25 06:03:47.265,7.45805,7.4661,2.20,1.00
2009.05.25 06:03:47.965,7.45785,7.4659,2.20,1.00
2009.05.25 06:03:48.245,7.45785,7.4659,1.00,1.00
2009.05.25 06:03:48.595,7.4584,7.4635,1.40,1.00
2009.05.25 06:03:49.785,7.4569,7.4625,1.40,1.00
2009.05.25 06:03:52.994,7.4565,7.4625,1.40,1.00
2009.05.25 06:03:56.373,7.4565,7.4625,1.40,1.00
2009.05.25 06:03:58.693,7.4571,7.4625,1.40,1.00
2009.05.25 06:04:04.091,7.4565,7.4625,1.40,1.00
2009.05.25 06:04:04.381,7.4568,7.4622,1.40,1.00
2009.05.25 06:04:04.501,7.4571,7.4625,1.40,1.00
2009.05.25 06:04:09.090,7.456,7.4601,1.00,1.00
2009.05.25 06:04:09.270,7.4555,7.4601,1.40,1.00
2009.05.25 06:04:17.438,7.4557,7.4582,1.40,1.00
2009.05.25 06:04:17.558,7.45455,7.4582,1.00,1.00
2009.05.25 06:04:17.618,7.4544,7.4582,1.40,1.00
2009.05.25 06:04:18.948,7.45395,7.458,1.60,1.00
2009.05.25 06:04:19.128,7.45395,7.4641,1.60,1.00
2009.05.25 06:04:33.514,7.45395,7.4627,1.60,1.00
2009.05.25 06:04:34.414,7.4547,7.4627,1.40,1.00
2009.05.25 06:04:41.262,7.4554,7.46285,1.40,1.00
2009.05.25 06:04:41.612,7.4549,7.46285,1.40,1.00
2009.05.25 06:04:43.032,7.4548,7.46285,3.80,1.00
2009.05.25 06:04:43.212,7.4548,7.4619,2.20,4.80
2009.05.25 06:04:43.382,7.4548,7.4596,1.40,1.00
2009.05.25 06:04:47.261,7.4482,7.4593,8.00,1.00
2009.05.25 06:04:47.871,7.4469,7.4593,2.20,1.00
2009.05.25 06:04:48.840,7.4479,7.4596,2.20,1.00
2009.05.25 06:04:49.170,7.44795,7.4596,1.40,1.00
2009.05.25 06:04:49.790,7.44795,7.4593,1.40,1.00
2009.05.25 06:04:51.430,7.4513,7.4593,1.40,1.00
2009.05.25 06:04:51.600,7.4513,7.4615,2.20,1.00
2009.05.25 06:04:51.830,7.4515,7.4618,1.00,1.00
2009.05.25 06:04:52.230,7.4515,7.4618,2.20,1.00
2009.05.25 06:04:53.519,7.4519,7.4611,1.00,1.00
2009.05.25 06:04:53.689,7.4517,7.4611,2.20,1.00
2009.05.25 06:04:57.359,7.452,7.4614,1.40,1.00
2009.05.25 06:04:59.898,7.4524,7.4619,1.60,1.00
2009.05.25 06:05:00.068,7.45235,7.4622,2.20,4.80
2009.05.25 06:05:00.298,7.45235,7.462,2.20,1.00
2009.05.25 06:05:00.468,7.45235,7.4617,2.20,4.80
2009.05.25 06:05:00.817,7.45235,7.4614,2.20,1.00
2009.05.25 06:05:01.567,7.45255,7.4614,1.40,1.00
2009.05.25 06:05:01.727,7.45255,7.4614,2.20,1.00
2009.05.25 06:05:01.897,7.45255,7.4613,2.20,1.00
2009.05.25 06:05:02.357,7.45255,7.46075,2.20,1.00
2009.05.25 06:05:03.277,7.45255,7.46075,1.00,1.00
2009.05.25 06:05:03.397,7.45255,7.46055,1.00,1.00
2009.05.25 06:05:04.487,7.4527,7.46075,2.20,1.00
2009.05.25 06:05:05.007,7.4532,7.46075,1.40,1.00
2009.05.25 06:05:05.237,7.4532,7.46125,2.20,1.00
2009.05.25 06:05:05.476,7.45355,7.46125,1.40,1.00
2009.05.25 06:05:05.646,7.45355,7.4616,2.20,1.00
2009.05.25 06:05:06.516,7.45335,7.4614,2.20,1.00
2009.05.25 06:05:07.437,7.45335,7.4614,1.00,1.00
2009.05.25 06:05:07.776,7.45305,7.4611,2.20,1.00
2009.05.25 06:05:10.585,7.45305,7.4611,1.00,1.00
2009.05.25 06:05:10.635,7.45285,7.4609,2.20,1.00
2009.05.25 06:05:12.365,7.45305,7.4609,1.40,1.00
2009.05.25 06:05:12.485,7.45325,7.4611,1.40,1.00
2009.05.25 06:05:12.775,7.45325,7.4613,2.20,1.00
2009.05.25 06:05:14.184,7.45355,7.4616,2.20,1.00
2009.05.25 06:05:15.954,7.45355,7.4616,1.00,1.00
2009.05.25 06:05:16.234,7.45335,7.4614,1.00,1.00
2009.05.25 06:05:16.934,7.45305,7.4611,2.20,1.00
2009.05.25 06:05:24.702,7.45285,7.46085,2.20,1.00
2009.05.25 06:05:25.072,7.45285,7.46085,1.00,1.00
2009.05.25 06:05:31.510,7.453,7.46105,1.00,1.00
2009.05.25 06:05:32.880,7.4528,7.46085,1.00,1.00
2009.05.25 06:05:46.287,7.45215,7.4621,1.60,1.00
2009.05.25 06:05:48.356,7.4519,7.4619,1.60,1.00
2009.05.25 06:05:48.696,7.4519,7.4613,1.60,1.00
2009.05.25 06:05:50.416,7.45215,7.4613,1.60,1.00
2009.05.25 06:05:50.586,7.45215,7.4616,1.60,1.00
2009.05.25 06:05:53.045,7.4527,7.4616,1.60,1.00
2009.05.25 06:05:53.505,7.4527,7.4626,1.60,1.00
2009.05.25 06:05:54.425,7.45215,7.4618,1.60,1.00
2009.05.25 06:05:56.644,7.4519,7.4616,1.60,1.00
2009.05.25 06:05:56.944,7.4519,7.4613,1.60,1.00
2009.05.25 06:06:04.352,7.4511,7.4607,1.60,1.00
2009.05.25 06:06:04.702,7.4508,7.4607,1.60,1.00
2009.05.25 06:06:05.052,7.4508,7.4605,1.60,1.00
2009.05.25 06:06:05.172,7.45055,7.4605,1.60,1.00
2009.05.25 06:06:05.642,7.4508,7.4603,1.60,1.00
2009.05.25 06:06:06.262,7.45055,7.4603,1.60,1.00
2009.05.25 06:06:06.772,7.4508,7.4603,1.60,1.00
2009.05.25 06:06:08.001,7.45055,7.4603,1.60,1.00
2009.05.25 06:06:09.121,7.4503,7.4597,1.60,1.00
2009.05.25 06:06:09.811,7.45055,7.4597,1.60,1.00
2009.05.25 06:06:17.589,7.45,7.4597,1.60,1.00
2009.05.25 06:06:17.639,7.44975,7.4595,1.60,1.00
2009.05.25 06:06:17.809,7.44975,7.4592,1.60,1.00
2009.05.25 06:06:18.539,7.4495,7.4592,1.60,1.00
2009.05.25 06:06:21.728,7.44975,7.4592,1.60,1.00
2009.05.25 06:06:22.858,7.4492,7.4592,1.60,1.00
2009.05.25 06:06:23.098,7.4495,7.4592,1.60,1.00
2009.05.25 06:06:23.438,7.4492,7.4587,1.60,1.00
2009.05.25 06:06:33.385,7.4495,7.4587,1.60,1.00
2009.05.25 06:06:33.725,7.4495,7.4592,1.60,1.00
2009.05.25 06:06:34.935,7.44975,7.4592,1.60,1.00
2009.05.25 06:06:37.475,7.4495,7.4592,1.60,1.00
2009.05.25 06:06:37.644,7.44975,7.4592,1.60,1.00
2009.05.25 06:06:38.854,7.4495,7.4592,1.60,1.00
2009.05.25 06:06:43.933,7.4492,7.4587,1.60,1.00
2009.05.25 06:06:58.190,7.4495,7.4587,1.60,1.00
2009.05.25 06:06:58.300,7.4495,7.4591,1.60,4.80
2009.05.25 06:06:58.639,7.4495,7.4592,1.60,1.00
2009.05.25 06:07:03.448,7.44975,7.4592,1.60,1.00
2009.05.25 06:07:14.345,7.4495,7.4592,1.60,1.00
2009.05.25 06:07:16.525,7.4492,7.4592,1.60,1.00
2009.05.25 06:07:16.585,7.4492,7.4587,1.60,1.00
2009.05.25 06:07:17.885,7.4495,7.4591,1.60,4.80
2009.05.25 06:07:18.175,7.4495,7.4592,1.60,1.00
2009.05.25 06:07:35.130,7.4492,7.4592,1.60,1.00
2009.05.25 06:07:35.350,7.4492,7.4587,1.60,1.00
2009.05.25 06:07:35.980,7.4495,7.4587,1.60,1.00
2009.05.25 06:07:36.140,7.4495,7.4591,1.60,4.80
2009.05.25 06:07:36.490,7.4495,7.4592,1.60,1.00
2009.05.25 06:08:00.414,7.4492,7.4592,1.60,1.00
2009.05.25 06:08:00.704,7.4492,7.4587,1.60,1.00
2009.05.25 06:08:01.234,7.4492,7.4592,1.60,1.00
2009.05.25 06:08:01.454,7.44975,7.4592,1.60,1.00
2009.05.25 06:08:01.574,7.4495,7.4592,1.60,1.00
2009.05.25 06:08:03.403,7.4492,7.4587,1.60,1.00
2009.05.25 06:08:09.922,7.4484,7.4581,1.60,1.00
2009.05.25 06:08:10.092,7.4484,7.4582,1.60,1.00
2009.05.25 06:08:10.262,7.4487,7.4581,1.60,1.00
2009.05.25 06:08:12.591,7.44895,7.4581,1.60,1.00
2009.05.25 06:08:12.821,7.44895,7.4587,1.60,1.00
2009.05.25 06:08:24.478,7.4487,7.4587,1.60,1.00
2009.05.25 06:08:24.769,7.44895,7.4587,1.60,1.00
2009.05.25 06:08:34.376,7.4487,7.4581,1.60,1.00
2009.05.25 06:08:38.305,7.4493,7.4581,1.40,1.00
2009.05.25 06:08:38.645,7.44795,7.4576,1.60,1.00
2009.05.25 06:08:39.125,7.4482,7.4582,1.60,1.00
2009.05.25 06:09:02.150,7.44815,7.4582,1.60,1.00
2009.05.25 06:09:02.380,7.44815,7.4576,1.60,1.00
2009.05.25 06:09:03.429,7.4484,7.458,1.60,4.80
2009.05.25 06:09:03.769,7.4484,7.4582,1.60,1.00
2009.05.25 06:09:04.939,7.4487,7.4581,1.60,1.00
2009.05.25 06:09:06.819,7.4484,7.4579,1.60,1.00
2009.05.25 06:09:07.048,7.44815,7.4579,1.60,1.00
2009.05.25 06:09:07.218,7.44815,7.4576,1.60,1.00
2009.05.25 06:09:08.448,7.4484,7.4576,1.60,1.00
2009.05.25 06:09:08.798,7.44815,7.4582,1.60,1.00
2009.05.25 06:09:09.098,7.44815,7.4576,1.60,1.00
2009.05.25 06:09:15.417,7.4484,7.4576,1.60,1.00
2009.05.25 06:09:15.646,7.4484,7.4582,1.60,1.00
2009.05.25 06:09:19.855,7.4487,7.4582,1.60,1.00
2009.05.25 06:09:20.035,7.4484,7.4582,1.60,1.00
2009.05.25 06:09:20.206,7.4484,7.4581,1.60,1.00
2009.05.25 06:09:20.425,7.4484,7.4582,1.60,1.00
2009.05.25 06:09:21.545,7.44815,7.4582,1.60,1.00
2009.05.25 06:09:21.715,7.44815,7.4576,1.60,1.00
2009.05.25 06:09:28.313,7.4479,7.4576,1.60,1.00
2009.05.25 06:09:32.512,7.4476,7.4576,1.60,1.00
2009.05.25 06:09:32.622,7.4476,7.4575,1.60,4.80
2009.05.25 06:09:32.902,7.4476,7.4571,1.60,1.00
2009.05.25 06:09:59.526,7.4477,7.4571,1.40,1.00
2009.05.25 06:09:59.696,7.44635,7.4562,1.60,1.00
2009.05.25 06:10:04.075,7.44585,7.456,1.60,1.00
2009.05.25 06:10:05.104,7.44575,7.456,1.60,1.00
2009.05.25 06:10:05.224,7.44575,7.4561,1.60,1.00
2009.05.25 06:10:06.374,7.44605,7.456,1.60,1.00
2009.05.25 06:10:08.224,7.4463,7.456,1.60,1.00
2009.05.25 06:10:10.653,7.44655,7.456,1.60,1.00
2009.05.25 06:10:12.952,7.4472,7.456,1.40,1.00
2009.05.25 06:10:13.072,7.44585,7.4555,1.60,1.00
2009.05.25 06:10:14.252,7.4469,7.4571,1.60,4.80
2009.05.25 06:10:14.652,7.44635,7.4568,1.60,1.00
2009.05.25 06:10:25.019,7.4468,7.4566,1.60,1.00
2009.05.25 06:10:27.159,7.44655,7.4566,1.60,1.00
2009.05.25 06:10:27.449,7.44655,7.456,1.60,1.00
2009.05.25 06:10:34.607,7.4463,7.456,1.60,1.00
2009.05.25 06:10:39.386,7.44655,7.456,1.60,1.00
2009.05.25 06:10:40.746,7.4472,7.456,1.40,1.00
2009.05.25 06:10:40.916,7.44585,7.4555,1.60,1.00
2009.05.25 06:10:42.345,7.44575,7.4555,1.60,1.00
2009.05.25 06:10:42.695,7.44575,7.4553,1.60,4.80
2009.05.25 06:10:42.866,7.44575,7.4555,1.60,1.00
2009.05.25 06:10:43.675,7.4455,7.4555,1.60,1.00
2009.05.25 06:10:44.035,7.44575,7.4555,1.60,1.00
2009.05.25 06:10:44.795,7.4455,7.4555,1.60,1.00
2009.05.25 06:10:45.125,7.44575,7.4555,1.60,1.00
2009.05.25 06:10:48.874,7.4455,7.4555,1.60,1.00
2009.05.25 06:10:48.994,7.4455,7.4553,1.60,4.80
2009.05.25 06:10:49.274,7.4455,7.4549,1.60,1.00
2009.05.25 06:10:54.772,7.4455,7.4553,1.60,4.80
2009.05.25 06:10:54.942,7.4455,7.4549,1.60,1.00
2009.05.25 06:10:58.941,7.44605,7.4555,1.60,1.00
2009.05.25 06:10:59.711,7.44575,7.4555,1.60,1.00
2009.05.25 06:11:01.021,7.4455,7.4549,1.60,1.00
2009.05.25 06:11:02.171,7.44605,7.4549,1.60,1.00
2009.05.25 06:11:02.401,7.44605,7.4555,1.60,1.00
2009.05.25 06:11:03.280,7.44605,7.4553,1.60,4.80
2009.05.25 06:11:03.560,7.44575,7.4549,1.60,1.00
2009.05.25 06:11:03.800,7.44605,7.4553,1.60,4.80
2009.05.25 06:11:04.100,7.44605,7.4555,1.60,1.00
2009.05.25 06:11:04.380,7.4463,7.456,1.60,1.00
2009.05.25 06:11:04.710,7.44575,7.4555,1.60,1.00
2009.05.25 06:11:05.040,7.44605,7.4555,1.60,1.00
2009.05.25 06:11:05.210,7.44575,7.4555,1.60,1.00
2009.05.25 06:11:10.609,7.44605,7.4555,1.60,1.00
2009.05.25 06:11:21.406,7.44575,7.4555,1.60,1.00
2009.05.25 06:11:21.746,7.44605,7.4555,1.60,1.00
2009.05.25 06:11:21.966,7.44575,7.456,1.60,1.00
2009.05.25 06:11:22.126,7.44575,7.4555,1.60,1.00
2009.05.25 06:11:27.174,7.4469,7.4555,1.60,1.00
2009.05.25 06:11:27.345,7.4469,7.4567,1.60,1.00
2009.05.25 06:11:27.465,7.4475,7.4567,1.40,1.00
2009.05.25 06:11:27.704,7.44565,7.4568,1.60,1.00
2009.05.25 06:11:27.884,7.44615,7.4557,1.60,1.00
2009.05.25 06:11:28.114,7.44615,7.4566,1.60,5.60
2009.05.25 06:11:28.234,7.44565,7.4557,1.60,1.00
2009.05.25 06:11:32.573,7.4467,7.4555,1.40,1.00
2009.05.25 06:11:32.863,7.4479,7.4528,1.40,1.00
2009.05.25 06:11:33.273,7.4476,7.4525,1.40,1.00
2009.05.25 06:11:33.573,7.4479,7.4534,1.40,1.00
2009.05.25 06:11:33.793,7.4473,7.4534,1.40,1.00
2009.05.25 06:11:37.792,7.4477,7.4524,1.40,1.00
2009.05.25 06:11:40.881,7.4483,7.4524,1.40,1.00
2009.05.25 06:11:42.091,7.4483,7.453,1.40,1.00
2009.05.25 06:11:43.341,7.4488,7.453,1.40,1.00
2009.05.25 06:11:43.620,7.4488,7.4529,1.40,1.00
2009.05.25 06:11:44.470,7.4483,7.453,1.40,1.00
2009.05.25 06:11:44.800,7.4483,7.4524,1.40,1.00
2009.05.25 06:11:46.170,7.4478,7.4519,1.40,1.00
2009.05.25 06:11:47.590,7.448,7.4521,1.40,1.00
2009.05.25 06:11:48.060,7.4478,7.4519,1.40,1.00
2009.05.25 06:11:50.129,7.4475,7.4516,1.40,1.00
2009.05.25 06:11:50.639,7.4478,7.4519,1.40,1.00
2009.05.25 06:11:50.989,7.4478,7.4534,1.40,1.00
2009.05.25 06:11:51.209,7.4473,7.4529,1.40,1.00
2009.05.25 06:11:52.938,7.4473,7.4533,1.40,1.00
2009.05.25 06:11:53.688,7.4473,7.4527,1.40,1.00
2009.05.25 06:11:54.568,7.4468,7.4522,1.40,1.00
2009.05.25 06:11:58.547,7.4463,7.4517,1.40,1.00
2009.05.25 06:11:58.847,7.4457,7.4517,1.40,1.00
2009.05.25 06:12:00.137,7.4445,7.4505,1.40,1.00
2009.05.25 06:12:00.497,7.445,7.4516,1.40,1.00
2009.05.25 06:12:01.166,7.4446,7.4511,1.40,1.00
2009.05.25 06:12:03.156,7.4441,7.4512,1.40,1.00
2009.05.25 06:12:04.626,7.4441,7.4503,1.40,1.00
2009.05.25 06:12:04.955,7.4441,7.4514,1.40,1.00
2009.05.25 06:12:05.535,7.4446,7.4513,1.40,1.00
2009.05.25 06:12:09.534,7.4447,7.4503,1.40,1.00
2009.05.25 06:12:09.874,7.4446,7.4513,1.40,1.00
2009.05.25 06:12:10.394,7.4452,7.4514,1.40,1.00
2009.05.25 06:12:11.904,7.4446,7.4511,1.40,1.00
2009.05.25 06:12:12.254,7.4452,7.4512,1.40,1.00
2009.05.25 06:12:12.434,7.4452,7.4506,1.40,1.00
2009.05.25 06:12:12.614,7.4457,7.4511,1.40,1.00
2009.05.25 06:12:12.904,7.4452,7.4512,1.40,1.00
2009.05.25 06:12:13.254,7.4457,7.4511,1.40,1.00
2009.05.25 06:12:14.783,7.4457,7.4517,1.40,1.00
2009.05.25 06:12:15.193,7.4463,7.4517,1.40,1.00
2009.05.25 06:12:15.703,7.4467,7.4542,1.40,1.00
2009.05.25 06:12:16.533,7.4454,7.4537,1.40,1.00
2009.05.25 06:12:16.763,7.4455,7.4528,1.40,1.00
2009.05.25 06:12:17.273,7.4449,7.4528,1.40,1.00
2009.05.25 06:12:18.332,7.4452,7.4519,1.40,1.00
2009.05.25 06:12:19.612,7.4457,7.4517,1.40,1.00
2009.05.25 06:12:20.612,7.4457,7.4511,1.40,1.00
2009.05.25 06:12:20.782,7.4452,7.4512,1.40,1.00
2009.05.25 06:12:21.241,7.4452,7.4517,1.40,1.00
2009.05.25 06:12:21.532,7.4457,7.4517,1.40,1.00
2009.05.25 06:12:22.201,7.4463,7.4517,1.40,1.00
2009.05.25 06:12:23.251,7.4462,7.4522,1.40,1.00
2009.05.25 06:12:27.340,7.445,7.4517,1.40,1.00
2009.05.25 06:12:28.100,7.4449,7.453,1.40,1.00
2009.05.25 06:12:28.280,7.445,7.4516,1.40,1.00
2009.05.25 06:12:29.400,7.4457,7.4511,1.40,1.00
2009.05.25 06:12:29.750,7.4457,7.4532,1.40,1.00
2009.05.25 06:12:30.090,7.4462,7.4531,1.40,1.00
2009.05.25 06:12:30.509,7.4468,7.4537,1.40,1.00
2009.05.25 06:12:30.859,7.4462,7.4539,1.40,1.00
2009.05.25 06:12:31.629,7.4445,7.4539,1.60,1.00
2009.05.25 06:12:32.439,7.446,7.4539,1.40,1.00
2009.05.25 06:12:33.679,7.4462,7.4533,1.40,1.00
2009.05.25 06:12:33.908,7.4462,7.4524,1.40,1.00
2009.05.25 06:12:37.238,7.4463,7.4517,1.40,1.00
2009.05.25 06:12:37.588,7.4465,7.4519,1.40,1.00
2009.05.25 06:12:38.288,7.4463,7.4517,1.40,1.00
2009.05.25 06:12:38.527,7.4457,7.4517,1.40,1.00
2009.05.25 06:12:39.917,7.4457,7.4522,1.40,1.00
2009.05.25 06:12:41.337,7.4462,7.4522,1.40,1.00
2009.05.25 06:12:41.898,7.4468,7.4522,1.40,1.00
2009.05.25 06:12:42.886,7.4462,7.4522,1.40,1.00
2009.05.25 06:12:43.246,7.4468,7.4522,1.40,1.00
2009.05.25 06:12:46.755,7.4462,7.4522,1.40,1.00
2009.05.25 06:12:52.484,7.4462,7.4527,1.40,1.00
2009.05.25 06:12:55.773,7.4462,7.4522,1.40,1.00
2009.05.25 06:12:56.713,7.4468,7.4522,1.40,1.00
2009.05.25 06:12:59.182,7.4467,7.4527,1.40,1.00
2009.05.25 06:12:59.572,7.4473,7.4527,1.40,1.00
2009.05.25 06:12:59.862,7.4467,7.4527,1.40,1.00
2009.05.25 06:13:01.292,7.4473,7.4527,1.40,1.00
2009.05.25 06:13:01.632,7.4467,7.4527,1.40,1.00
2009.05.25 06:13:02.801,7.4468,7.4522,1.40,1.00
2009.05.25 06:13:03.431,7.4467,7.4527,1.40,1.00
2009.05.25 06:13:03.661,7.4473,7.4527,1.40,1.00
2009.05.25 06:13:04.161,7.4467,7.4527,1.40,1.00
2009.05.25 06:13:05.861,7.4473,7.4527,1.40,1.00
2009.05.25 06:13:07.340,7.4467,7.4527,1.40,1.00
2009.05.25 06:13:07.920,7.4468,7.4522,1.40,1.00
2009.05.25 06:13:12.209,7.4465,7.4519,1.40,1.00
2009.05.25 06:13:12.369,7.4462,7.4522,1.40,1.00
2009.05.25 06:13:12.649,7.4463,7.4517,1.40,1.00
2009.05.25 06:13:20.067,7.4468,7.4522,1.40,1.00
2009.05.25 06:13:22.767,7.4462,7.4522,1.40,1.00
2009.05.25 06:13:23.007,7.4463,7.4517,1.40,1.00
2009.05.25 06:13:30.415,7.4457,7.4511,1.40,1.00
2009.05.25 06:13:33.814,7.4444,7.4506,1.40,1.00
2009.05.25 06:13:34.274,7.4445,7.4501,1.40,1.00
2009.05.25 06:13:34.684,7.4444,7.4506,1.40,1.00
2009.05.25 06:13:34.854,7.4452,7.4506,1.40,1.00
2009.05.25 06:13:35.194,7.4446,7.4506,1.40,1.00
2009.05.25 06:13:36.004,7.4452,7.4506,1.40,1.00
2009.05.25 06:13:39.932,7.4447,7.4501,1.40,1.00
2009.05.25 06:13:43.352,7.4441,7.4506,1.40,1.00
2009.05.25 06:13:43.792,7.4441,7.4512,1.40,1.00
2009.05.25 06:13:47.431,7.4429,7.4512,3.00,1.00
2009.05.25 06:13:47.661,7.4448,7.4512,1.40,1.00
2009.05.25 06:13:47.771,7.4448,7.4506,1.40,1.00
2009.05.25 06:13:48.051,7.4448,7.4512,1.40,1.00
2009.05.25 06:13:48.400,7.4448,7.4506,1.40,1.00
2009.05.25 06:13:48.630,7.4437,7.4506,1.40,1.00
2009.05.25 06:13:48.980,7.4441,7.4501,1.40,1.00
2009.05.25 06:13:49.370,7.4441,7.4506,1.40,1.00
2009.05.25 06:13:52.830,7.4439,7.4495,1.40,1.00
2009.05.25 06:13:53.549,7.4436,7.4498,1.40,1.00
2009.05.25 06:13:53.609,7.4441,7.4497,1.40,1.00
2009.05.25 06:13:55.919,7.4441,7.4508,1.40,1.00
2009.05.25 06:13:57.368,7.4446,7.4506,1.40,1.00
2009.05.25 06:13:57.538,7.4441,7.4501,1.40,1.00
2009.05.25 06:14:00.608,7.4447,7.4501,1.40,1.00
2009.05.25 06:14:09.436,7.4446,7.4506,1.40,1.00
2009.05.25 06:14:09.766,7.4452,7.4506,1.40,1.00
2009.05.25 06:14:10.066,7.4446,7.4506,1.40,1.00
2009.05.25 06:14:10.635,7.4452,7.4506,1.40,1.00
2009.05.25 06:14:12.455,7.4457,7.4511,1.40,1.00
2009.05.25 06:14:13.424,7.4463,7.4517,1.40,1.00
2009.05.25 06:14:13.695,7.4462,7.4529,1.40,1.00
2009.05.25 06:14:14.624,7.4462,7.4535,1.40,1.00
2009.05.25 06:14:15.004,7.4462,7.4524,1.40,1.00
2009.05.25 06:14:15.354,7.4457,7.4524,1.40,1.00
2009.05.25 06:14:15.754,7.4456,7.4535,1.40,1.00
2009.05.25 06:14:16.144,7.4456,7.4534,1.40,4.80
2009.05.25 06:14:16.594,7.4457,7.4515,1.40,1.00
2009.05.25 06:14:20.033,7.4457,7.4524,1.40,1.00
2009.05.25 06:14:20.713,7.4462,7.4524,1.40,1.00
2009.05.25 06:14:21.952,7.4463,7.4517,1.40,1.00
2009.05.25 06:14:24.432,7.4468,7.4522,1.40,1.00
2009.05.25 06:14:24.722,7.4462,7.4522,1.40,1.00
2009.05.25 06:14:25.422,7.4468,7.4522,1.40,1.00
2009.05.25 06:14:26.971,7.4462,7.4522,1.40,1.00
2009.05.25 06:14:28.711,7.4468,7.4522,1.40,1.00
2009.05.25 06:14:30.240,7.4467,7.4527,1.40,1.00
2009.05.25 06:14:31.930,7.4468,7.4522,1.40,1.00
2009.05.25 06:14:32.770,7.4465,7.4519,1.40,1.00
2009.05.25 06:14:33.000,7.4462,7.4529,1.40,1.00
2009.05.25 06:14:33.180,7.4462,7.4524,1.40,1.00
2009.05.25 06:14:34.549,7.4463,7.4517,1.40,1.00
2009.05.25 06:14:35.049,7.4462,7.4522,1.40,1.00
2009.05.25 06:14:36.779,7.4463,7.4522,1.40,1.00
2009.05.25 06:14:36.889,7.4463,7.4543,1.40,1.00
2009.05.25 06:14:37.059,7.4452,7.4543,1.60,1.00
2009.05.25 06:14:37.179,7.4467,7.4543,1.40,1.00
2009.05.25 06:14:37.509,7.4461,7.4543,1.40,1.00
2009.05.25 06:14:37.849,7.4461,7.4533,1.40,1.00
2009.05.25 06:14:38.078,7.4467,7.4539,1.40,1.00
2009.05.25 06:14:39.098,7.4463,7.4539,1.40,1.00
2009.05.25 06:14:39.918,7.4463,7.4533,1.40,1.00
2009.05.25 06:14:42.188,7.4463,7.4533,1.40,1.00
2009.05.25 06:14:43.047,7.4458,7.4534,1.40,1.00
2009.05.25 06:14:44.817,7.4458,7.4528,1.40,1.00
2009.05.25 06:14:45.927,7.4452,7.4528,1.40,1.00
2009.05.25 06:14:48.776,7.4458,7.4528,1.40,1.00
2009.05.25 06:14:49.126,7.4452,7.4528,1.40,1.00
2009.05.25 06:14:49.286,7.4458,7.4528,1.40,1.00
2009.05.25 06:14:50.366,7.4452,7.451,1.40,1.00
2009.05.25 06:14:50.536,7.4452,7.4516,1.40,1.00
2009.05.25 06:14:51.215,7.4452,7.4521,1.40,1.00
2009.05.25 06:14:51.555,7.4451,7.4522,1.40,1.00
2009.05.25 06:14:52.185,7.4457,7.4522,1.40,1.00
2009.05.25 06:14:52.866,7.4451,7.4522,1.40,1.00
2009.05.25 06:14:55.764,7.4457,7.4517,1.40,1.00
2009.05.25 06:14:56.294,7.4457,7.4511,1.40,1.00
2009.05.25 06:14:58.174,7.4457,7.4517,1.40,1.00
2009.05.25 06:15:01.763,7.4463,7.4517,1.40,1.00
2009.05.25 06:15:03.832,7.4457,7.4511,1.40,1.00
2009.05.25 06:15:04.572,7.4457,7.4517,1.40,1.00
2009.05.25 06:15:04.922,7.4457,7.4522,1.40,1.00
2009.05.25 06:15:10.461,7.4462,7.4522,1.40,1.00
2009.05.25 06:15:10.821,7.4462,7.4527,1.40,1.00
2009.05.25 06:15:12.521,7.4467,7.4527,1.40,1.00
2009.05.25 06:15:12.700,7.4468,7.4522,1.40,1.00
2009.05.25 06:15:24.817,7.4472,7.4562,4.80,4.80
2009.05.25 06:15:25.157,7.4475,7.4565,4.80,4.80
2009.05.25 06:15:27.967,7.4472,7.4562,4.80,4.80
2009.05.25 06:15:31.126,7.4468,7.4522,1.40,1.00
2009.05.25 06:15:32.305,7.4462,7.4522,1.40,1.00
2009.05.25 06:15:32.645,7.4468,7.4522,1.40,1.00
2009.05.25 06:15:33.165,7.4462,7.4522,1.40,1.00
2009.05.25 06:15:33.445,7.4472,7.4574,4.80,4.80
2009.05.25 06:15:35.475,7.4474,7.4532,4.80,1.00
2009.05.25 06:15:35.765,7.446,7.4532,1.40,1.00
2009.05.25 06:15:51.211,7.4463,7.4517,1.40,1.00
2009.05.25 06:16:34.301,7.4467,7.4527,1.40,1.00
2009.05.25 06:16:38.330,7.4473,7.4533,1.40,1.00
2009.05.25 06:16:41.309,7.4478,7.4532,1.40,1.00
2009.05.25 06:16:41.549,7.4473,7.4527,1.40,1.00
2009.05.25 06:16:42.189,7.446,7.4527,1.40,1.00
2009.05.25 06:16:48.647,7.445,7.4527,3.00,1.00
2009.05.25 06:16:48.977,7.4469,7.4527,1.40,1.00
2009.05.25 06:16:50.657,7.446,7.4527,1.40,1.00
2009.05.25 06:16:57.295,7.4467,7.4527,1.40,1.00
2009.05.25 06:17:10.792,7.4462,7.4522,1.40,1.00
2009.05.25 06:17:10.962,7.4468,7.4522,1.40,1.00
2009.05.25 06:17:25.838,7.4457,7.4517,1.40,1.00
2009.05.25 06:17:26.118,7.446,7.4514,1.40,1.00
2009.05.25 06:17:26.358,7.4457,7.4511,1.40,1.00
2009.05.25 06:17:26.528,7.446,7.4514,1.40,1.00
2009.05.25 06:17:26.648,7.4457,7.4511,1.40,1.00
2009.05.25 06:17:27.218,7.4452,7.4517,1.40,1.00
2009.05.25 06:17:27.808,7.4452,7.4508,1.40,1.00
2009.05.25 06:17:32.667,7.4457,7.4519,1.40,1.00
2009.05.25 06:17:33.027,7.4452,7.4519,1.40,1.00
2009.05.25 06:18:00.230,7.4473,7.4533,1.40,1.00
2009.05.25 06:18:00.580,7.4467,7.4527,1.40,1.00
2009.05.25 06:18:01.790,7.4468,7.4533,1.40,1.00
2009.05.25 06:18:02.140,7.4468,7.4524,1.40,1.00
2009.05.25 06:18:09.708,7.447,7.4524,1.40,1.00
2009.05.25 06:18:10.158,7.4473,7.4535,1.40,1.00
2009.05.25 06:18:10.447,7.4473,7.4529,1.40,1.00
2009.05.25 06:18:10.787,7.4473,7.4535,1.40,1.00
2009.05.25 06:18:11.087,7.4478,7.4534,1.40,1.00
2009.05.25 06:18:13.077,7.4473,7.4533,1.40,1.00
2009.05.25 06:18:20.535,7.4478,7.4538,1.40,1.00
2009.05.25 06:18:20.895,7.4473,7.4533,1.40,1.00
2009.05.25 06:18:21.645,7.4473,7.4538,1.40,1.00
2009.05.25 06:18:22.155,7.4482,7.4538,1.40,1.00
2009.05.25 06:18:24.714,7.4484,7.4551,1.40,1.00
2009.05.25 06:18:24.954,7.4489,7.4551,1.40,1.00
2009.05.25 06:18:25.124,7.4494,7.455,1.40,1.00
2009.05.25 06:18:25.574,7.4489,7.4545,1.40,1.00
2009.05.25 06:18:25.924,7.4494,7.4548,1.40,1.00
2009.05.25 06:18:26.264,7.4482,7.4549,1.40,1.00
2009.05.25 06:18:26.494,7.4482,7.454,1.40,1.00
2009.05.25 06:18:26.783,7.4487,7.4551,1.40,1.00
2009.05.25 06:18:27.004,7.4482,7.4551,1.40,1.00
2009.05.25 06:18:27.693,7.4483,7.4545,1.40,1.00
2009.05.25 06:18:28.213,7.4489,7.4543,1.40,1.00
2009.05.25 06:18:32.482,7.4483,7.4543,1.40,1.00
2009.05.25 06:18:33.042,7.4484,7.4538,1.40,1.00
2009.05.25 06:18:33.862,7.4478,7.4538,1.40,1.00
2009.05.25 06:18:35.501,7.4484,7.4538,1.40,1.00
2009.05.25 06:18:36.021,7.4478,7.4538,1.40,1.00
2009.05.25 06:18:36.731,7.4478,7.4532,1.40,1.00
2009.05.25 06:18:44.869,7.4473,7.4527,1.40,1.00
2009.05.25 06:18:45.379,7.4473,7.4533,1.40,1.00
2009.05.25 06:18:46.529,7.4478,7.4532,1.40,1.00
2009.05.25 06:18:47.799,7.4481,7.4535,1.40,1.00
2009.05.25 06:18:48.028,7.4478,7.4538,1.40,1.00
2009.05.25 06:18:50.378,7.4484,7.4538,1.40,1.00
2009.05.25 06:18:55.377,7.4483,7.4538,1.40,1.00
2009.05.25 06:18:55.657,7.4483,7.4543,1.40,1.00
2009.05.25 06:18:56.886,7.4481,7.4537,1.40,1.00
2009.05.25 06:18:57.066,7.4483,7.4545,1.40,1.00
2009.05.25 06:19:01.935,7.4489,7.4543,1.40,1.00
2009.05.25 06:19:02.635,7.4483,7.4543,1.40,1.00
2009.05.25 06:19:03.895,7.4489,7.4543,1.40,1.00
2009.05.25 06:19:10.103,7.4483,7.4543,1.40,1.00
2009.05.25 06:19:10.563,7.4489,7.4543,1.40,1.00
2009.05.25 06:19:16.641,7.4494,7.4548,1.40,1.00
2009.05.25 06:19:17.431,7.4494,7.4554,1.40,1.00
2009.05.25 06:19:18.741,7.4499,7.4559,1.40,1.00
2009.05.25 06:19:19.081,7.45,7.4565,1.40,1.00
2009.05.25 06:19:19.951,7.4505,7.4565,1.40,1.00
2009.05.25 06:19:20.550,7.4505,7.4559,1.40,1.00
2009.05.25 06:19:25.079,7.45,7.4554,1.40,1.00
2009.05.25 06:19:29.768,7.4499,7.4559,1.40,1.00
2009.05.25 06:19:30.338,7.45,7.4554,1.40,1.00
2009.05.25 06:19:30.908,7.4499,7.4559,1.40,1.00
2009.05.25 06:19:31.548,7.45,7.4554,1.40,1.00
2009.05.25 06:19:36.367,7.4494,7.4554,1.40,1.00
2009.05.25 06:19:44.315,7.4474,7.4545,1.40,1.00
2009.05.25 06:19:44.645,7.4469,7.4546,1.40,1.00
2009.05.25 06:19:45.375,7.4473,7.4538,1.40,1.00
2009.05.25 06:19:45.726,7.4473,7.4533,1.40,1.00
2009.05.25 06:19:47.095,7.4478,7.4532,1.40,1.00
2009.05.25 06:19:47.435,7.4481,7.4535,1.40,1.00
2009.05.25 06:19:47.995,7.4487,7.4551,1.40,1.00
2009.05.25 06:19:48.225,7.4487,7.4556,1.40,1.00
2009.05.25 06:19:48.814,7.4482,7.4551,1.40,1.00
2009.05.25 06:19:49.044,7.4483,7.4543,1.40,1.00
2009.05.25 06:19:51.154,7.44615,7.4544,1.60,1.00
2009.05.25 06:19:51.384,7.4469,7.4544,1.40,1.00
2009.05.25 06:19:51.664,7.4469,7.4538,1.40,1.00
2009.05.25 06:19:53.713,7.4478,7.4538,1.40,1.00
2009.05.25 06:19:53.994,7.4478,7.4532,1.40,1.00
2009.05.25 06:19:54.573,7.4466,7.4533,1.40,1.00
2009.05.25 06:19:54.913,7.4465,7.4527,1.40,1.00
2009.05.25 06:19:55.203,7.446,7.4533,1.40,1.00
2009.05.25 06:19:55.953,7.4462,7.4527,1.40,1.00
2009.05.25 06:19:57.412,7.4467,7.4527,1.40,1.00
2009.05.25 06:20:00.282,7.4468,7.4522,1.40,1.00
2009.05.25 06:20:01.332,7.4413,7.452,1.00,1.00
2009.05.25 06:20:05.520,7.4422,7.4523,1.00,1.00
2009.05.25 06:20:11.349,7.4422,7.4525,1.00,1.00
2009.05.25 06:20:11.559,7.4417,7.4525,2.20,1.00
2009.05.25 06:20:11.789,7.4425,7.4525,1.00,1.00
2009.05.25 06:20:19.297,7.4437,7.4534,1.40,4.80
2009.05.25 06:20:19.517,7.4434,7.4534,1.40,4.80
2009.05.25 06:20:20.067,7.4424,7.4532,1.40,1.00
2009.05.25 06:20:20.237,7.443,7.4541,1.40,1.00
2009.05.25 06:20:20.627,7.4437,7.4545,1.40,1.00
2009.05.25 06:20:20.977,7.4432,7.454,1.40,1.00
2009.05.25 06:20:21.307,7.4437,7.454,1.40,1.00
2009.05.25 06:20:21.587,7.4431,7.4539,1.00,1.00
2009.05.25 06:20:22.347,7.4432,7.4539,1.40,1.00
2009.05.25 06:20:22.526,7.4437,7.454,1.40,1.00
2009.05.25 06:20:23.776,7.4432,7.4539,2.20,1.00
2009.05.25 06:20:26.845,7.4437,7.454,1.40,1.00
2009.05.25 06:20:27.255,7.4434,7.454,1.40,1.00
2009.05.25 06:20:27.425,7.4434,7.4538,1.40,1.00
2009.05.25 06:20:32.054,7.44325,7.4532,1.00,1.00
2009.05.25 06:20:32.224,7.4431,7.4535,1.40,1.00
2009.05.25 06:20:32.444,7.4429,7.4532,1.40,1.00
2009.05.25 06:20:33.174,7.4431,7.4535,1.40,1.00
2009.05.25 06:20:33.514,7.4429,7.4532,1.40,1.00
2009.05.25 06:20:33.854,7.4431,7.4535,1.40,1.00
2009.05.25 06:20:34.234,7.4427,7.4533,2.20,1.00
2009.05.25 06:20:44.781,7.4434,7.4538,1.40,1.00
2009.05.25 06:20:51.229,7.4424,7.4528,1.00,1.00
2009.05.25 06:20:51.479,7.4422,7.4528,1.40,1.00
2009.05.25 06:21:01.447,7.4426,7.453,1.40,1.00
2009.05.25 06:21:11.964,7.4429,7.4532,1.40,1.00
2009.05.25 06:21:12.304,7.4431,7.4535,1.40,1.00
2009.05.25 06:21:18.603,7.4434,7.4538,1.40,1.00
2009.05.25 06:21:18.713,7.4432,7.4539,1.40,1.00
2009.05.25 06:21:21.252,7.44315,7.4535,1.00,1.00
2009.05.25 06:21:21.482,7.4431,7.4535,1.40,1.00
2009.05.25 06:21:39.108,7.4434,7.4538,1.40,1.00
2009.05.25 06:21:40.828,7.4437,7.454,1.40,1.00
2009.05.25 06:21:41.007,7.4439,7.4543,1.40,1.00
2009.05.25 06:21:41.227,7.4437,7.454,1.40,1.00
2009.05.25 06:21:41.457,7.4439,7.4543,1.40,1.00
2009.05.25 06:21:41.857,7.4437,7.454,1.40,1.00
2009.05.25 06:21:46.246,7.44345,7.4539,1.00,1.00
2009.05.25 06:21:46.516,7.44325,7.4539,1.00,1.00
2009.05.25 06:21:46.806,7.4437,7.454,1.40,1.00
2009.05.25 06:21:47.096,7.4432,7.4539,2.20,1.00
2009.05.25 06:21:50.245,7.44305,7.4541,1.00,1.00
2009.05.25 06:21:52.175,7.4432,7.4539,1.40,1.00
2009.05.25 06:21:52.235,7.4429,7.4532,1.40,1.00
2009.05.25 06:21:52.515,7.4435,7.4542,1.40,1.00
2009.05.25 06:21:52.635,7.443,7.4541,1.40,1.00
2009.05.25 06:21:52.695,7.4435,7.4542,1.40,1.00
2009.05.25 06:22:11.450,7.4439,7.4543,1.40,1.00
2009.05.25 06:22:11.840,7.4437,7.454,1.40,1.00
2009.05.25 06:22:15.089,7.44345,7.4538,1.00,1.00
2009.05.25 06:22:15.269,7.4434,7.4538,1.40,1.00
2009.05.25 06:22:15.669,7.4437,7.454,1.40,1.00
2009.05.25 06:22:16.399,7.44415,7.4551,1.00,1.00
2009.05.25 06:22:16.929,7.4443,7.4551,1.40,1.00
2009.05.25 06:22:17.389,7.4447,7.4553,2.20,1.00
2009.05.25 06:22:17.919,7.4443,7.4549,2.20,1.00
2009.05.25 06:22:18.488,7.4447,7.4551,1.40,1.00
2009.05.25 06:22:45.152,7.44485,7.4562,1.00,1.00
2009.05.25 06:22:45.662,7.44485,7.4567,1.00,1.00
2009.05.25 06:22:46.182,7.44495,7.456,1.00,1.00
2009.05.25 06:22:52.440,7.4454,7.456,1.40,1.00
2009.05.25 06:23:02.378,7.4453,7.4556,1.40,1.00
2009.05.25 06:23:05.967,7.4455,7.4559,1.40,1.00
2009.05.25 06:23:06.187,7.4458,7.4562,1.40,1.00
2009.05.25 06:23:06.717,7.44555,7.4559,1.00,1.00
2009.05.25 06:23:07.127,7.4458,7.4562,1.40,1.00
2009.05.25 06:23:16.284,7.4461,7.4564,1.40,1.00
2009.05.25 06:23:16.695,7.4458,7.4562,2.20,1.00
2009.05.25 06:23:17.094,7.4458,7.4562,1.40,1.00
2009.05.25 06:23:18.834,7.4464,7.4573,1.40,1.00
2009.05.25 06:23:19.344,7.4469,7.4574,1.40,1.00
2009.05.25 06:23:19.564,7.4466,7.4572,1.40,1.00
2009.05.25 06:23:19.914,7.4463,7.4565,1.40,1.00
2009.05.25 06:23:20.094,7.4463,7.4567,1.40,1.00
2009.05.25 06:23:22.843,7.4459,7.4565,2.20,1.00
2009.05.25 06:23:24.403,7.4466,7.457,1.40,1.00
2009.05.25 06:23:29.281,7.4463,7.4567,1.40,1.00
2009.05.25 06:23:38.049,7.4455,7.4559,1.40,1.00
2009.05.25 06:23:40.299,7.4453,7.4556,1.40,1.00
2009.05.25 06:23:40.859,7.4454,7.4567,1.40,1.00
2009.05.25 06:23:41.159,7.4454,7.4567,2.20,1.00
2009.05.25 06:23:41.398,7.4454,7.4562,2.20,1.00
2009.05.25 06:23:41.748,7.4453,7.4558,1.40,1.00
2009.05.25 06:23:41.988,7.445,7.4554,1.40,1.00
2009.05.25 06:23:42.668,7.4453,7.4556,1.40,1.00
2009.05.25 06:23:44.609,7.4454,7.4556,1.00,1.00
2009.05.25 06:23:44.728,7.4454,7.4567,2.20,1.00
2009.05.25 06:23:44.888,7.4454,7.4562,2.20,1.00
2009.05.25 06:23:45.577,7.4453,7.4558,1.40,1.00
2009.05.25 06:23:45.977,7.445,7.4554,1.40,1.00
2009.05.25 06:23:46.887,7.4453,7.4556,1.40,1.00
2009.05.25 06:23:47.157,7.445,7.4554,1.40,1.00
2009.05.25 06:23:47.577,7.4453,7.4556,1.40,1.00
2009.05.25 06:23:50.606,7.4455,7.4559,1.40,1.00
2009.05.25 06:23:55.055,7.4453,7.4556,1.40,1.00
2009.05.25 06:23:55.345,7.4455,7.4559,1.40,1.00
2009.05.25 06:23:55.515,7.4453,7.4556,1.40,1.00
2009.05.25 06:24:20.629,7.445,7.4554,1.40,1.00
2009.05.25 06:24:25.598,7.4453,7.4556,1.40,1.00
2009.05.25 06:24:26.408,7.4455,7.4559,1.40,1.00
2009.05.25 06:24:30.237,7.4459,7.4565,1.40,1.00
2009.05.25 06:24:30.597,7.4458,7.4562,1.40,1.00
2009.05.25 06:24:39.374,7.4454,7.4561,1.40,1.00
2009.05.25 06:24:46.153,7.4453,7.4557,1.40,1.00
2009.05.25 06:24:48.332,7.4456,7.456,1.40,1.00
2009.05.25 06:24:49.592,7.446,7.4566,1.40,1.00
2009.05.25 06:24:50.662,7.4464,7.4568,1.40,1.00
2009.05.25 06:24:56.590,7.4464,7.4568,1.40,1.00
2009.05.25 06:24:57.140,7.4466,7.457,1.40,1.00
2009.05.25 06:24:58.910,7.4469,7.4573,1.40,1.00
2009.05.25 06:24:59.030,7.4466,7.457,1.40,1.00
2009.05.25 06:24:59.849,7.44645,7.4568,1.00,1.00
2009.05.25 06:24:59.960,7.4464,7.4568,1.40,1.00
2009.05.25 06:25:00.879,7.4466,7.457,1.40,1.00
2009.05.25 06:25:02.419,7.4464,7.4568,1.40,1.00
2009.05.25 06:25:55.106,7.4458,7.4562,1.40,1.00
2009.05.25 06:25:55.506,7.4456,7.456,1.40,1.00
2009.05.25 06:25:55.847,7.4458,7.4562,1.40,1.00
2009.05.25 06:25:56.146,7.4454,7.4561,1.40,1.00
2009.05.25 06:25:56.716,7.44555,7.4561,1.00,1.00
2009.05.25 06:25:57.006,7.4458,7.4562,1.40,1.00
2009.05.25 06:25:58.585,7.4461,7.4565,1.40,1.00
2009.05.25 06:26:02.355,7.4458,7.4562,1.40,1.00
2009.05.25 06:26:03.734,7.44555,7.4561,1.00,1.00
2009.05.25 06:26:03.854,7.4458,7.4562,1.40,1.00
2009.05.25 06:26:04.134,7.4456,7.456,1.40,1.00
2009.05.25 06:26:04.364,7.4458,7.456,1.40,1.00
2009.05.25 06:26:04.484,7.4458,7.4562,1.40,1.00
2009.05.25 06:26:06.674,7.4461,7.4565,1.40,1.00
2009.05.25 06:26:11.622,7.4458,7.4562,1.40,1.00
2009.05.25 06:26:18.191,7.4448,7.4556,1.40,1.00
2009.05.25 06:26:18.421,7.4452,7.4563,1.40,1.00
2009.05.25 06:26:19.461,7.4453,7.4557,1.40,1.00
2009.05.25 06:26:26.349,7.4454,7.4561,1.40,1.00
2009.05.25 06:26:27.768,7.4453,7.4557,1.40,1.00
2009.05.25 06:26:27.968,7.4456,7.456,1.40,1.00
2009.05.25 06:26:29.358,7.4458,7.4562,1.40,1.00
2009.05.25 06:26:31.397,7.4456,7.456,1.40,1.00
2009.05.25 06:26:31.738,7.4458,7.4562,1.40,1.00
2009.05.25 06:26:38.806,7.44445,7.456,1.60,1.00
2009.05.25 06:26:47.344,7.44465,7.4567,1.60,2.40
2009.05.25 06:26:47.404,7.44445,7.4559,1.60,1.00
2009.05.25 06:26:52.032,7.44445,7.4554,1.60,1.00
2009.05.25 06:26:52.143,7.44415,7.4554,1.60,1.00
2009.05.25 06:26:52.713,7.4439,7.4552,1.60,1.00
2009.05.25 06:26:52.943,7.4439,7.4549,1.60,1.00
2009.05.25 06:26:57.601,7.4428,7.4541,1.60,1.00
2009.05.25 06:27:01.300,7.443,7.4541,1.60,1.00
2009.05.25 06:27:02.060,7.443,7.4538,1.60,1.00
2009.05.25 06:27:02.300,7.44275,7.455,1.60,2.40
2009.05.25 06:27:03.260,7.44325,7.4535,1.00,1.00
2009.05.25 06:27:03.540,7.44195,7.4535,1.60,1.00
2009.05.25 06:27:03.870,7.4424,7.4548,1.60,2.40
2009.05.25 06:27:04.270,7.4424,7.454,1.60,1.00
2009.05.25 06:27:04.670,7.4431,7.4543,1.60,1.00
2009.05.25 06:27:06.269,7.4437,7.4544,1.60,1.00
2009.05.25 06:27:07.599,7.4439,7.4554,1.60,1.00
2009.05.25 06:27:07.769,7.4441,7.4554,1.60,1.00
2009.05.25 06:27:08.339,7.44425,7.4556,1.60,1.00
2009.05.25 06:27:19.956,7.44435,7.4566,1.60,2.40
2009.05.25 06:27:21.485,7.44415,7.4556,1.60,1.00
2009.05.25 06:27:24.555,7.44435,7.4566,1.60,2.40
2009.05.25 06:27:26.214,7.4446,7.4557,1.60,1.00
2009.05.25 06:27:26.854,7.44465,7.456,1.60,1.00
2009.05.25 06:27:29.783,7.4456,7.4562,1.40,1.00
2009.05.25 06:27:29.893,7.44495,7.4574,1.60,2.40
2009.05.25 06:27:32.323,7.44525,7.4565,1.60,1.00
2009.05.25 06:27:49.049,7.4472,7.4578,1.40,1.00
2009.05.25 06:27:49.109,7.44625,7.4578,1.60,1.00
2009.05.25 06:27:50.368,7.4468,7.4578,1.60,1.00
2009.05.25 06:27:50.888,7.4468,7.4575,1.60,1.00
2009.05.25 06:28:00.636,7.4462,7.4573,1.60,1.00
2009.05.25 06:28:00.856,7.4462,7.457,1.60,1.00
2009.05.25 06:28:01.026,7.4466,7.457,1.40,1.00
2009.05.25 06:28:01.326,7.4453,7.4571,3.00,1.00
2009.05.25 06:28:01.676,7.4458,7.4571,1.60,1.00
2009.05.25 06:28:02.076,7.4458,7.4573,1.60,1.00
2009.05.25 06:28:02.416,7.44625,7.4575,1.60,1.00
2009.05.25 06:28:02.886,7.44625,7.457,1.60,1.00
2009.05.25 06:28:03.115,7.4457,7.457,1.60,1.00
2009.05.25 06:28:03.845,7.4457,7.4567,1.60,1.00
2009.05.25 06:28:04.075,7.4455,7.4567,1.60,1.00
2009.05.25 06:28:05.465,7.4464,7.457,1.40,1.00
2009.05.25 06:28:05.746,7.4455,7.4571,3.00,1.00
2009.05.25 06:28:06.085,7.4456,7.4565,1.60,1.00
2009.05.25 06:28:07.375,7.4456,7.4565,1.60,1.00
2009.05.25 06:28:07.604,7.4456,7.4568,1.60,1.00
2009.05.25 06:28:08.164,7.4458,7.4571,1.60,1.00
2009.05.25 06:28:08.954,7.4459,7.4571,1.60,1.00
2009.05.25 06:28:09.415,7.44775,7.45655,1.00,1.00
2009.05.25 06:28:09.634,7.44775,7.45655,2.20,1.00
2009.05.25 06:28:16.822,7.4482,7.45655,1.40,1.00
2009.05.25 06:28:17.222,7.4487,7.45715,1.40,1.00
2009.05.25 06:28:17.452,7.4487,7.45765,2.20,1.00
2009.05.25 06:28:19.062,7.44875,7.4572,1.40,1.00
2009.05.25 06:28:22.211,7.4482,7.4572,2.20,1.00
2009.05.25 06:28:22.801,7.44825,7.45665,1.40,1.00
2009.05.25 06:28:22.911,7.4482,7.45665,2.20,1.00
2009.05.25 06:28:23.021,7.4482,7.45715,2.20,1.00
2009.05.25 06:28:23.611,7.4482,7.45715,1.00,1.00
2009.05.25 06:28:23.831,7.4482,7.4576,1.00,1.00
2009.05.25 06:28:25.800,7.4482,7.4576,2.20,1.00
2009.05.25 06:28:26.170,7.4482,7.45715,2.20,1.00
2009.05.25 06:28:29.549,7.44865,7.45715,1.40,1.00
2009.05.25 06:28:29.809,7.44865,7.45705,2.20,1.00
2009.05.25 06:28:33.718,7.44915,7.45705,1.40,1.00
2009.05.25 06:28:33.828,7.44915,7.45755,2.20,1.00
2009.05.25 06:28:34.058,7.44915,7.45755,1.00,1.00
2009.05.25 06:28:34.168,7.4487,7.45765,2.20,1.00
2009.05.25 06:28:34.279,7.4492,7.45765,1.40,1.00
2009.05.25 06:28:34.338,7.4492,7.45765,2.20,1.00
2009.05.25 06:28:38.207,7.4487,7.45785,2.20,1.00
2009.05.25 06:28:39.647,7.44875,7.4572,1.40,1.00
2009.05.25 06:29:11.149,7.44825,7.45765,2.20,1.00
2009.05.25 06:29:11.449,7.4487,7.45765,1.00,1.00
2009.05.25 06:29:11.609,7.4487,7.45765,2.20,1.00
2009.05.25 06:29:16.168,7.4483,7.45765,1.00,1.00
2009.05.25 06:29:16.498,7.44775,7.4577,2.20,1.00
2009.05.25 06:29:16.838,7.44835,7.4576,1.40,1.00
2009.05.25 06:29:17.138,7.44835,7.4572,1.40,1.00
2009.05.25 06:29:17.538,7.44825,7.4572,2.20,1.00
2009.05.25 06:29:20.407,7.44885,7.4572,1.40,1.00
2009.05.25 06:29:20.637,7.44885,7.4576,2.20,1.60
2009.05.25 06:29:20.977,7.44905,7.45735,1.00,1.00
2009.05.25 06:29:21.247,7.44895,7.4576,1.00,1.00
2009.05.25 06:29:21.517,7.44915,7.45735,1.00,1.00
2009.05.25 06:29:21.817,7.44875,7.4572,1.40,1.00
2009.05.25 06:29:22.217,7.44875,7.4572,2.20,1.00
2009.05.25 06:29:23.536,7.44915,7.4572,1.40,1.00
2009.05.25 06:29:23.656,7.44935,7.4576,1.40,1.00
2009.05.25 06:29:23.776,7.44935,7.45735,1.40,1.00
2009.05.25 06:29:28.975,7.44915,7.4576,1.00,1.00
2009.05.25 06:29:29.085,7.4487,7.4576,2.20,1.00
2009.05.25 06:29:29.885,7.44875,7.4572,1.40,1.00
2009.05.25 06:29:33.054,7.44905,7.4572,1.40,1.00
2009.05.25 06:29:33.274,7.4492,7.45705,1.40,1.00
2009.05.25 06:29:33.444,7.4492,7.4576,1.40,1.00
2009.05.25 06:29:33.564,7.4492,7.4576,2.20,1.00
2009.05.25 06:29:35.403,7.4492,7.4576,1.00,1.00
2009.05.25 06:29:35.643,7.4487,7.4576,2.20,1.00
2009.05.25 06:29:36.163,7.4492,7.4576,1.40,1.00
2009.05.25 06:29:36.463,7.4492,7.4576,2.20,1.00
2009.05.25 06:29:40.922,7.4488,7.4572,2.20,1.00
2009.05.25 06:29:41.222,7.4488,7.45765,1.40,1.00
2009.05.25 06:29:41.512,7.4492,7.45765,2.20,1.00
2009.05.25 06:29:48.190,7.44925,7.4582,1.40,1.00
2009.05.25 06:29:48.360,7.4493,7.4581,1.40,1.00
2009.05.25 06:29:48.530,7.4493,7.4577,2.20,1.00
2009.05.25 06:29:48.710,7.4493,7.4582,2.20,1.00
2009.05.25 06:29:48.870,7.4493,7.4581,2.20,1.00
2009.05.25 06:29:49.040,7.4497,7.4577,1.40,1.00
2009.05.25 06:29:49.210,7.4497,7.4581,2.20,1.00
2009.05.25 06:30:02.097,7.4498,7.45875,1.40,1.00
2009.05.25 06:30:02.677,7.45025,7.45875,2.20,1.00
2009.05.25 06:30:02.916,7.45025,7.45875,1.00,1.00
2009.05.25 06:30:03.417,7.4498,7.45825,1.40,1.00
2009.05.25 06:30:03.756,7.4498,7.4587,1.40,1.00
2009.05.25 06:30:04.097,7.4498,7.45875,1.40,1.00
2009.05.25 06:30:05.217,7.44985,7.45875,1.40,1.00
2009.05.25 06:30:05.446,7.44985,7.45825,1.40,1.00
2009.05.25 06:30:05.616,7.4498,7.45825,1.40,1.00
2009.05.25 06:30:05.906,7.44985,7.45825,1.40,1.00
2009.05.25 06:30:07.505,7.4498,7.45825,1.40,1.00
2009.05.25 06:30:07.676,7.4498,7.45875,1.40,1.00
2009.05.25 06:30:12.814,7.4505,7.4577,1.60,1.60
2009.05.25 06:30:16.423,7.4506,7.4575,1.60,1.60
2009.05.25 06:30:16.933,7.4503,7.4571,1.60,1.60
2009.05.25 06:30:17.403,7.4501,7.4569,1.60,1.60
2009.05.25 06:30:17.573,7.4503,7.4572,1.60,1.60
2009.05.25 06:30:17.783,7.4502,7.457,1.60,1.60
2009.05.25 06:30:18.063,7.4498,7.457,1.60,1.60
2009.05.25 06:30:18.283,7.4501,7.457,1.60,1.60
2009.05.25 06:30:19.143,7.4503,7.4572,1.60,1.60
2009.05.25 06:30:19.433,7.4499,7.4565,1.60,1.60
2009.05.25 06:30:19.673,7.4498,7.457,1.60,1.60
2009.05.25 06:30:19.963,7.4493,7.4584,1.00,1.00
2009.05.25 06:30:20.992,7.4499,7.4571,1.60,1.60
2009.05.25 06:30:49.255,7.4499,7.4564,1.60,1.60
2009.05.25 06:30:55.214,7.4498,7.4564,1.60,1.60
2009.05.25 06:30:57.574,7.4498,7.457,1.60,1.60
2009.05.25 06:30:57.683,7.4503,7.457,1.60,1.60
2009.05.25 06:30:58.513,7.4498,7.457,1.60,1.60
2009.05.25 06:30:58.853,7.4499,7.4568,1.60,1.60
2009.05.25 06:31:01.023,7.4497,7.4566,1.60,1.60
2009.05.25 06:31:07.321,7.4499,7.4566,1.60,1.60
2009.05.25 06:31:19.688,7.45,7.457,1.60,1.60
2009.05.25 06:31:22.747,7.4499,7.4566,1.60,1.60
2009.05.25 06:31:23.487,7.4499,7.4577,1.60,1.60
2009.05.25 06:31:23.887,7.4503,7.4576,1.60,1.60
2009.05.25 06:31:24.407,7.4491,7.45895,2.20,1.00
2009.05.25 06:31:25.527,7.44975,7.45875,2.20,1.00
2009.05.25 06:31:25.817,7.4503,7.4576,1.60,1.60
2009.05.25 06:31:30.226,7.4504,7.4572,1.60,1.60
2009.05.25 06:31:31.945,7.4502,7.4567,1.60,1.60
2009.05.25 06:31:32.235,7.45,7.457,1.60,1.60
2009.05.25 06:31:32.705,7.44565,7.4572,2.20,1.00
2009.05.25 06:31:32.885,7.44565,7.4566,2.20,1.60
2009.05.25 06:31:36.904,7.4465,7.4566,2.20,1.60
2009.05.25 06:31:43.312,7.4465,7.45645,2.20,1.40
2009.05.25 06:31:43.613,7.4465,7.45645,1.00,1.40
2009.05.25 06:31:43.672,7.4465,7.4563,1.00,1.60
2009.05.25 06:31:43.733,7.4461,7.4563,1.40,1.60
2009.05.25 06:31:43.962,7.4461,7.4562,1.40,1.60
2009.05.25 06:31:44.392,7.4461,7.4561,1.40,1.60
2009.05.25 06:31:44.572,7.44335,7.45335,2.20,1.40
2009.05.25 06:31:44.792,7.44335,7.4515,2.20,1.00
2009.05.25 06:31:45.412,7.4436,7.4515,1.60,2.40
2009.05.25 06:31:46.862,7.444,7.451,1.60,1.60
2009.05.25 06:31:48.781,7.4455,7.451,1.60,1.60
2009.05.25 06:31:49.181,7.4455,7.4545,1.60,4.80
2009.05.25 06:31:49.811,7.4459,7.4536,1.60,1.60
2009.05.25 06:31:51.181,7.44535,7.4529,1.60,1.60
2009.05.25 06:31:51.351,7.44535,7.4527,1.60,1.60
2009.05.25 06:31:51.750,7.4443,7.4537,4.80,4.80
2009.05.25 06:31:52.100,7.4433,7.4514,1.60,1.00
2009.05.25 06:31:52.511,7.4435,7.4514,1.60,1.00
2009.05.25 06:31:52.730,7.4435,7.4509,1.60,1.00
2009.05.25 06:31:53.100,7.4433,7.4509,1.60,1.00
2009.05.25 06:31:53.520,7.4435,7.451,1.60,1.00
2009.05.25 06:31:53.850,7.4437,7.451,1.60,2.40
2009.05.25 06:31:55.419,7.4439,7.4511,1.60,2.40
2009.05.25 06:31:55.759,7.4439,7.451,1.60,1.60
2009.05.25 06:31:57.389,7.4439,7.4511,1.60,2.40
2009.05.25 06:32:04.817,7.4439,7.4505,1.60,1.00
2009.05.25 06:32:05.047,7.4434,7.4505,1.60,1.00
2009.05.25 06:32:05.287,7.4434,7.4506,1.60,1.60
2009.05.25 06:32:05.347,7.4437,7.451,1.60,1.60
2009.05.25 06:32:05.747,7.4424,7.4515,1.00,1.00
2009.05.25 06:32:06.097,7.4424,7.451,1.00,1.00
2009.05.25 06:32:06.507,7.4433,7.451,1.60,1.00
2009.05.25 06:32:06.867,7.4435,7.451,1.60,2.40
2009.05.25 06:32:07.967,7.4437,7.4505,1.60,1.00
2009.05.25 06:32:08.137,7.4434,7.4505,1.60,1.00
2009.05.25 06:32:08.356,7.4436,7.4505,1.60,1.00
2009.05.25 06:32:08.767,7.4435,7.4504,1.60,1.60
2009.05.25 06:32:20.263,7.4436,7.4505,1.60,1.00
2009.05.25 06:32:22.703,7.4435,7.4505,1.60,1.00
2009.05.25 06:32:26.202,7.4436,7.4505,1.60,1.00
2009.05.25 06:32:26.612,7.4436,7.4505,1.60,2.40
2009.05.25 06:32:28.112,7.4435,7.4505,1.60,2.40
2009.05.25 06:32:30.531,7.4436,7.4505,1.60,2.40
2009.05.25 06:32:32.760,7.4435,7.4505,1.60,2.40
2009.05.25 06:33:04.213,7.4428,7.4503,1.60,1.60
2009.05.25 06:33:04.553,7.4427,7.4501,1.60,1.60
2009.05.25 06:33:04.903,7.4416,7.4495,1.00,1.00
2009.05.25 06:33:05.203,7.4421,7.4495,1.60,2.40
2009.05.25 06:33:05.483,7.4422,7.4495,1.60,2.40
2009.05.25 06:33:05.833,7.4422,7.4495,1.60,1.60
2009.05.25 06:33:06.073,7.4418,7.45,1.40,1.00
2009.05.25 06:33:06.423,7.4427,7.4496,1.60,1.60
2009.05.25 06:33:06.752,7.4421,7.4494,1.60,1.00
2009.05.25 06:33:07.102,7.4432,7.4507,1.60,1.00
2009.05.25 06:33:07.402,7.4433,7.4507,1.60,2.40
2009.05.25 06:33:09.302,7.4436,7.4505,1.60,1.00
2009.05.25 06:33:09.712,7.4435,7.4505,1.60,1.00
2009.05.25 06:33:09.991,7.4435,7.4503,1.60,1.00
2009.05.25 06:33:10.571,7.4433,7.4502,1.60,1.60
2009.05.25 06:33:10.742,7.4427,7.45,1.60,2.40
2009.05.25 06:33:22.239,7.4424,7.4504,1.60,2.40
2009.05.25 06:33:22.689,7.4407,7.4504,1.60,2.40
2009.05.25 06:33:23.149,7.4405,7.4499,1.60,1.00
2009.05.25 06:33:23.268,7.4405,7.4497,1.60,1.60
2009.05.25 06:33:23.798,7.4417,7.4494,1.60,2.40
2009.05.25 06:33:25.458,7.4418,7.4493,1.60,1.60
2009.05.25 06:33:25.748,7.4421,7.4494,1.60,2.40
2009.05.25 06:33:34.846,7.4421,7.4494,1.60,1.60
2009.05.25 06:33:35.145,7.4423,7.4495,1.60,2.40
2009.05.25 06:33:35.305,7.4425,7.4495,1.60,2.40
2009.05.25 06:33:38.885,7.4425,7.4494,1.60,1.00
2009.05.25 06:33:39.115,7.4419,7.4494,1.60,1.00
2009.05.25 06:33:39.295,7.4421,7.4494,1.60,2.40
2009.05.25 06:33:40.434,7.4418,7.4493,1.60,1.60
2009.05.25 06:33:40.884,7.4419,7.4493,1.60,1.60
2009.05.25 06:33:41.524,7.44275,7.4493,1.60,1.60
2009.05.25 06:33:41.864,7.44275,7.45005,1.60,1.00
2009.05.25 06:33:42.214,7.44275,7.45115,1.60,1.00
2009.05.25 06:33:42.864,7.44295,7.4507,1.60,1.60
2009.05.25 06:33:43.034,7.4427,7.4507,1.60,1.60
2009.05.25 06:33:43.264,7.4427,7.4505,1.60,1.60
2009.05.25 06:33:43.384,7.44245,7.4503,3.20,1.60
2009.05.25 06:33:43.603,7.44245,7.4501,3.20,1.60
2009.05.25 06:33:43.953,7.4427,7.4501,1.60,1.60
2009.05.25 06:33:44.243,7.4427,7.4503,1.60,1.60
2009.05.25 06:33:44.773,7.44245,7.4503,1.60,1.60
2009.05.25 06:33:45.013,7.44245,7.4501,1.60,1.60
2009.05.25 06:33:46.083,7.4427,7.4501,1.60,1.60
2009.05.25 06:33:46.323,7.4427,7.4503,1.60,1.60
2009.05.25 06:33:46.833,7.4427,7.4505,1.60,1.60
2009.05.25 06:33:52.351,7.4409,7.4482,1.60,1.60
2009.05.25 06:33:52.811,7.4395,7.44875,2.20,1.40
2009.05.25 06:33:53.441,7.4405,7.4481,1.60,2.40
2009.05.25 06:33:53.841,7.4406,7.448,1.60,1.60
2009.05.25 06:33:54.821,7.4408,7.4479,1.60,1.60
2009.05.25 06:33:55.161,7.4413,7.44895,1.60,1.40
2009.05.25 06:33:55.270,7.441,7.4489,1.60,1.60
2009.05.25 06:33:55.961,7.44145,7.4489,1.60,1.60
2009.05.25 06:33:56.240,7.44145,7.4493,1.60,1.60
2009.05.25 06:33:57.960,7.4412,7.4493,1.60,1.60
2009.05.25 06:33:58.130,7.4412,7.4492,1.60,1.60
2009.05.25 06:33:58.300,7.4412,7.4491,1.60,1.60
2009.05.25 06:34:01.159,7.4412,7.4493,1.60,1.60
2009.05.25 06:34:01.389,7.44095,7.4493,1.60,1.60
2009.05.25 06:34:01.499,7.441,7.4493,1.60,1.60
2009.05.25 06:34:01.609,7.441,7.4492,1.60,1.00
2009.05.25 06:34:01.959,7.441,7.4486,1.60,2.40
2009.05.25 06:34:04.788,7.4409,7.4479,1.60,2.40
2009.05.25 06:34:06.868,7.4409,7.4478,1.60,1.60
2009.05.25 06:34:08.038,7.4416,7.4482,1.60,1.60
2009.05.25 06:34:08.857,7.4407,7.4482,1.60,1.60
2009.05.25 06:34:09.037,7.4416,7.4482,1.60,1.60
2009.05.25 06:34:09.377,7.4424,7.4492,1.60,1.60
2009.05.25 06:34:10.907,7.4425,7.4489,1.60,1.60
2009.05.25 06:34:11.477,7.4424,7.4488,1.60,1.60
2009.05.25 06:34:11.777,7.4426,7.449,1.60,1.60
2009.05.25 06:34:14.036,7.4426,7.44895,1.60,1.00
2009.05.25 06:34:14.146,7.442,7.4484,1.60,1.60
2009.05.25 06:34:14.256,7.4419,7.4483,1.60,1.60
2009.05.25 06:34:18.275,7.4413,7.4496,1.60,2.20
2009.05.25 06:34:19.075,7.4413,7.4481,1.60,1.60
2009.05.25 06:34:19.315,7.4412,7.448,1.60,1.60
2009.05.25 06:34:20.065,7.4414,7.4482,1.60,1.60
2009.05.25 06:34:20.235,7.44105,7.4493,1.00,1.00
2009.05.25 06:34:20.575,7.44085,7.4491,2.20,1.00
2009.05.25 06:34:20.754,7.4419,7.4487,1.60,1.60
2009.05.25 06:34:21.444,7.44045,7.4478,1.60,1.60
2009.05.25 06:34:21.904,7.442,7.4488,1.60,1.60
2009.05.25 06:34:22.304,7.4405,7.4489,2.20,1.00
2009.05.25 06:34:22.934,7.4413,7.4481,1.60,1.60
2009.05.25 06:34:23.854,7.4415,7.4483,1.60,1.60
2009.05.25 06:34:24.714,7.4416,7.448,1.60,1.60
2009.05.25 06:34:27.773,7.4415,7.4479,1.60,1.60
2009.05.25 06:34:36.541,7.4425,7.4465,1.40,1.00
2009.05.25 06:34:37.341,7.442,7.446,1.40,1.00
2009.05.25 06:34:37.571,7.4415,7.4465,1.40,1.00
2009.05.25 06:35:00.685,7.4425,7.447,1.40,1.00
2009.05.25 06:35:02.644,7.4425,7.4465,1.40,1.00
2009.05.25 06:35:08.253,7.4393,7.4465,1.60,1.00
2009.05.25 06:35:08.373,7.43925,7.4463,1.60,1.00
2009.05.25 06:35:08.553,7.4409,7.4463,1.60,1.00
2009.05.25 06:35:08.733,7.4394,7.4462,1.60,1.60
2009.05.25 06:35:08.843,7.4387,7.4458,1.60,1.60
2009.05.25 06:35:09.013,7.439,7.4461,1.60,1.60
2009.05.25 06:35:09.313,7.4391,7.4459,1.60,1.60
2009.05.25 06:35:09.882,7.4379,7.4463,1.40,1.00
2009.05.25 06:35:10.453,7.4388,7.4463,1.40,1.00
2009.05.25 06:35:10.632,7.4397,7.4463,1.60,1.60
2009.05.25 06:35:11.512,7.4401,7.4467,1.60,1.60
2009.05.25 06:35:11.683,7.4402,7.4466,1.60,1.60
2009.05.25 06:35:16.041,7.4405,7.4469,1.60,1.60
2009.05.25 06:35:17.961,7.4408,7.4472,1.60,1.60
2009.05.25 06:35:18.311,7.4413,7.4477,1.60,1.60
2009.05.25 06:35:18.541,7.4416,7.448,1.60,1.60
2009.05.25 06:35:19.261,7.4417,7.4481,1.60,1.60
2009.05.25 06:35:20.180,7.44065,7.4481,1.60,1.60
2009.05.25 06:35:21.030,7.4404,7.4481,1.60,1.60
2009.05.25 06:35:21.420,7.4406,7.4478,1.60,1.60
2009.05.25 06:35:21.660,7.4406,7.4477,1.60,1.60
2009.05.25 06:35:22.560,7.44035,7.4475,1.60,1.60
2009.05.25 06:35:22.800,7.44035,7.4476,1.60,1.60
2009.05.25 06:35:32.877,7.4387,7.4462,1.60,1.60
2009.05.25 06:35:40.145,7.4393,7.4477,1.60,1.60
2009.05.25 06:35:40.325,7.4393,7.4476,1.60,1.60
2009.05.25 06:35:41.925,7.4395,7.4475,1.60,1.60
2009.05.25 06:35:59.611,7.44065,7.4473,1.60,1.60
2009.05.25 06:35:59.721,7.44065,7.448,1.60,1.60
2009.05.25 06:35:59.771,7.44095,7.448,1.60,1.60
2009.05.25 06:36:00.631,7.4407,7.448,1.60,1.60
2009.05.25 06:36:00.800,7.4407,7.4477,1.60,1.60
2009.05.25 06:36:07.959,7.441,7.448,1.60,1.60
2009.05.25 06:36:08.369,7.4412,7.448,1.60,1.60
2009.05.25 06:36:08.489,7.4412,7.4485,1.60,1.60
2009.05.25 06:36:08.769,7.4412,7.4486,1.60,1.60
2009.05.25 06:36:09.878,7.4412,7.4487,1.60,1.60
2009.05.25 06:36:10.558,7.44145,7.4487,1.60,1.60
2009.05.25 06:36:10.788,7.4415,7.4489,1.60,1.60
2009.05.25 06:36:11.298,7.4418,7.44945,1.60,1.00
2009.05.25 06:36:11.888,7.4422,7.44945,1.60,1.00
2009.05.25 06:36:12.527,7.4421,7.44945,1.60,1.00
2009.05.25 06:36:13.437,7.44185,7.44945,1.60,1.00
2009.05.25 06:36:17.526,7.4422,7.44945,1.60,1.00
2009.05.25 06:36:20.096,7.44225,7.4491,3.20,1.00
2009.05.25 06:36:20.396,7.44225,7.4495,3.20,1.60
2009.05.25 06:36:20.736,7.44225,7.4495,1.60,1.60
2009.05.25 06:36:20.916,7.44225,7.4492,3.20,1.60
2009.05.25 06:36:21.136,7.44225,7.45025,3.20,1.00
2009.05.25 06:36:21.485,7.44225,7.4498,3.20,1.60
2009.05.25 06:36:22.865,7.44225,7.4494,3.20,1.60
2009.05.25 06:36:23.145,7.44225,7.4495,3.20,1.60
2009.05.25 06:36:24.205,7.44225,7.4495,1.60,1.60
2009.05.25 06:36:24.964,7.44225,7.4492,1.60,1.60
2009.05.25 06:36:25.924,7.442,7.4492,3.20,1.60
2009.05.25 06:36:27.174,7.44225,7.4491,1.60,1.00
2009.05.25 06:36:27.454,7.44225,7.4492,1.60,1.60
2009.05.25 06:36:27.694,7.44225,7.449,1.60,1.60
2009.05.25 06:36:27.934,7.4418,7.449,1.60,1.60
2009.05.25 06:36:28.114,7.4418,7.4487,1.60,1.60
2009.05.25 06:36:28.284,7.4418,7.4489,1.60,1.60
2009.05.25 06:36:32.823,7.44195,7.4489,1.60,1.60
2009.05.25 06:36:33.623,7.444,7.4489,1.60,1.60
2009.05.25 06:36:33.902,7.444,7.4513,1.60,1.00
2009.05.25 06:36:36.072,7.4455,7.4528,1.60,1.60
2009.05.25 06:36:38.871,7.4462,7.4516,1.60,1.00
2009.05.25 06:36:39.041,7.4434,7.451,1.60,1.60
2009.05.25 06:36:40.981,7.44445,7.4508,1.60,1.60
2009.05.25 06:36:41.031,7.44445,7.4519,1.60,1.60
2009.05.25 06:36:41.721,7.4445,7.4519,1.60,1.60
2009.05.25 06:36:42.180,7.4447,7.4519,1.60,1.60
2009.05.25 06:36:44.320,7.44475,7.4519,1.60,1.60
2009.05.25 06:36:45.160,7.4456,7.4507,1.40,1.00
2009.05.25 06:36:46.170,7.4458,7.4508,1.40,1.00
2009.05.25 06:36:46.450,7.4458,7.4503,1.40,1.00
2009.05.25 06:36:47.010,7.4453,7.4503,1.40,1.00
2009.05.25 06:36:52.738,7.4458,7.4503,1.40,1.00
2009.05.25 06:36:53.778,7.4458,7.4508,1.40,1.00
2009.05.25 06:36:54.198,7.4453,7.4508,1.40,1.00
2009.05.25 06:36:54.429,7.4458,7.4508,1.40,1.00
2009.05.25 06:37:07.255,7.4463,7.4508,1.40,1.00
2009.05.25 06:37:08.184,7.4463,7.4513,1.40,1.00
2009.05.25 06:37:08.974,7.4468,7.4513,1.40,1.00
2009.05.25 06:37:09.594,7.4469,7.4519,1.40,1.00
2009.05.25 06:37:12.153,7.4468,7.4513,1.40,1.00
2009.05.25 06:37:18.592,7.4463,7.4513,1.40,1.00
2009.05.25 06:37:18.962,7.4449,7.4508,1.60,1.00
2009.05.25 06:37:19.252,7.4456,7.4508,1.40,1.00
2009.05.25 06:37:19.662,7.4456,7.4503,1.40,1.00
2009.05.25 06:37:22.541,7.4458,7.4508,1.40,1.00
2009.05.25 06:37:22.871,7.4458,7.4513,1.40,1.00
2009.05.25 06:37:22.991,7.4458,7.4508,1.40,1.00
2009.05.25 06:37:23.631,7.4458,7.4513,1.40,1.00
2009.05.25 06:37:35.068,7.4458,7.4513,3.00,1.00
2009.05.25 06:37:35.398,7.4458,7.4513,1.40,1.00
2009.05.25 06:37:35.848,7.4463,7.4508,1.40,1.00
2009.05.25 06:37:40.207,7.4453,7.4523,3.00,1.00
2009.05.25 06:37:47.105,7.4457,7.4526,1.60,1.00
2009.05.25 06:37:47.675,7.4468,7.4526,1.40,1.00
2009.05.25 06:37:48.005,7.44555,7.4526,1.60,1.00
2009.05.25 06:37:49.475,7.4455,7.4521,3.00,1.00
2009.05.25 06:38:14.378,7.44555,7.4521,1.60,1.00
2009.05.25 06:38:15.518,7.4468,7.4526,1.40,1.00
2009.05.25 06:38:18.997,7.447,7.4531,1.40,1.00
2009.05.25 06:38:19.167,7.447,7.4531,3.00,1.00
2009.05.25 06:38:19.337,7.447,7.4531,1.40,1.00
2009.05.25 06:38:20.897,7.44625,7.4531,1.60,1.00
2009.05.25 06:38:22.167,7.4465,7.4531,1.60,1.00
2009.05.25 06:38:22.517,7.4465,7.4531,3.00,1.00
2009.05.25 06:38:23.797,7.44655,7.4531,1.60,1.00
2009.05.25 06:38:27.785,7.4472,7.4537,1.60,1.00
2009.05.25 06:38:28.085,7.4479,7.4537,1.40,1.00
2009.05.25 06:38:28.365,7.4474,7.4535,1.40,1.60
2009.05.25 06:38:28.695,7.4474,7.4537,1.40,1.00
2009.05.25 06:38:28.975,7.4464,7.4536,1.60,1.00
2009.05.25 06:38:29.215,7.4464,7.4537,3.00,1.00
2009.05.25 06:38:29.665,7.4464,7.4536,1.60,1.00
2009.05.25 06:38:31.094,7.4468,7.4537,1.60,1.00
2009.05.25 06:38:35.643,7.4468,7.4537,1.60,2.40
2009.05.25 06:38:36.393,7.4468,7.4537,1.60,1.00
2009.05.25 06:38:37.143,7.4471,7.4537,3.00,1.00
2009.05.25 06:38:37.793,7.4479,7.4537,1.40,1.00
2009.05.25 06:38:38.483,7.4466,7.4537,1.60,1.00
2009.05.25 06:38:39.462,7.4471,7.4537,1.60,1.00
2009.05.25 06:38:40.022,7.44685,7.4537,1.60,1.00
2009.05.25 06:38:42.872,7.4466,7.4537,3.00,1.00
2009.05.25 06:38:43.042,7.4466,7.4531,1.60,1.00
2009.05.25 06:38:49.420,7.44655,7.4531,1.60,1.00
2009.05.25 06:38:52.269,7.44655,7.4529,1.60,1.00
2009.05.25 06:38:52.499,7.4463,7.4529,3.00,1.00
2009.05.25 06:38:53.179,7.44655,7.4529,1.60,1.00
2009.05.25 06:38:53.509,7.44655,7.4531,1.60,1.00
2009.05.25 06:38:53.839,7.44655,7.4529,1.60,1.00
2009.05.25 06:38:54.089,7.4473,7.4531,1.40,1.00
2009.05.25 06:38:54.389,7.4461,7.4529,3.00,1.00
2009.05.25 06:38:54.569,7.44635,7.4529,1.60,1.00
2009.05.25 06:38:54.689,7.44635,7.4531,1.60,1.00
2009.05.25 06:39:08.825,7.4463,7.4531,1.60,1.00
2009.05.25 06:39:09.345,7.4473,7.4531,1.40,1.00
2009.05.25 06:39:11.125,7.4461,7.4531,1.60,1.00
2009.05.25 06:39:11.245,7.44615,7.4531,1.60,1.00
2009.05.25 06:39:33.269,7.44685,7.4537,1.60,1.00
2009.05.25 06:39:33.959,7.4471,7.4537,3.00,1.00
2009.05.25 06:39:34.149,7.4471,7.4537,1.60,1.00
2009.05.25 06:39:39.918,7.4476,7.4537,1.40,1.00
2009.05.25 06:39:40.028,7.4475,7.4531,1.40,1.00
2009.05.25 06:39:52.935,7.4469,7.4537,3.00,1.00
2009.05.25 06:40:02.213,7.44715,7.4542,1.60,2.40
2009.05.25 06:40:02.382,7.44715,7.4537,1.60,1.00
2009.05.25 06:40:02.732,7.4469,7.4537,3.00,1.00
2009.05.25 06:40:07.611,7.4473,7.4537,1.60,1.00
2009.05.25 06:40:07.731,7.4473,7.4542,1.60,1.00
2009.05.25 06:40:09.461,7.4471,7.4537,3.00,1.00
2009.05.25 06:40:12.590,7.4471,7.4537,1.60,1.00
2009.05.25 06:40:12.820,7.4477,7.4537,1.60,1.00
2009.05.25 06:40:12.940,7.44635,7.4531,1.60,1.00
2009.05.25 06:40:13.060,7.4474,7.4537,1.40,2.40
2009.05.25 06:40:13.280,7.4474,7.4537,3.00,1.00
2009.05.25 06:40:14.469,7.4477,7.4537,1.60,1.00
2009.05.25 06:40:15.219,7.44635,7.4536,1.60,1.00
2009.05.25 06:40:15.389,7.44655,7.4536,1.60,1.00
2009.05.25 06:40:15.560,7.44655,7.4537,1.60,1.00
2009.05.25 06:40:15.919,7.44655,7.4536,1.60,1.00
2009.05.25 06:40:16.099,7.4466,7.4537,1.60,2.40
2009.05.25 06:40:16.279,7.4468,7.4537,1.60,1.00
2009.05.25 06:40:17.739,7.44635,7.4531,1.60,1.00
2009.05.25 06:40:17.969,7.44635,7.4536,1.60,1.00
2009.05.25 06:40:28.426,7.44635,7.4531,1.60,1.00
2009.05.25 06:40:36.015,7.44605,7.4526,1.60,1.00
2009.05.25 06:40:37.624,7.44605,7.4531,1.60,1.00
2009.05.25 06:40:37.904,7.4463,7.4531,1.60,1.00
2009.05.25 06:40:38.314,7.4463,7.4526,1.60,1.00
2009.05.25 06:40:38.714,7.4463,7.4531,1.60,1.00
2009.05.25 06:41:02.818,7.4473,7.4531,1.40,1.00
2009.05.25 06:41:02.928,7.44635,7.4531,1.60,1.00
2009.05.25 06:41:03.698,7.44615,7.4531,1.60,1.00
2009.05.25 06:41:05.377,7.44655,7.4531,1.60,1.00
2009.05.25 06:41:09.896,7.44635,7.4531,1.60,1.00
2009.05.25 06:41:10.076,7.44635,7.4526,1.60,1.00
2009.05.25 06:41:11.046,7.44635,7.4531,1.60,1.00
2009.05.25 06:41:18.394,7.4474,7.4537,1.40,1.00
2009.05.25 06:41:18.454,7.4474,7.4537,3.00,1.00
2009.05.25 06:41:18.574,7.44655,7.4537,1.60,1.00
2009.05.25 06:41:27.842,7.44675,7.4531,1.60,1.00
2009.05.25 06:41:28.012,7.44655,7.4531,1.60,1.00
2009.05.25 06:41:29.182,7.44635,7.4531,1.60,1.00
2009.05.25 06:41:33.330,7.446,7.4526,3.00,1.00
2009.05.25 06:41:34.690,7.4458,7.4526,1.60,1.00
2009.05.25 06:41:35.270,7.4457,7.4526,1.60,1.00
2009.05.25 06:41:36.110,7.4455,7.4521,3.00,1.00
2009.05.25 06:41:36.820,7.4465,7.4523,1.40,1.00
2009.05.25 06:41:37.100,7.4453,7.4521,3.00,1.00
2009.05.25 06:41:40.849,7.4463,7.4521,1.40,1.00
2009.05.25 06:41:55.466,7.4453,7.4521,3.00,1.00
2009.05.25 06:41:56.195,7.44575,7.4521,1.60,1.00
2009.05.25 06:41:56.535,7.44575,7.4526,1.60,1.00
2009.05.25 06:41:56.645,7.44575,7.4526,1.60,1.00
2009.05.25 06:42:06.043,7.44575,7.4521,1.60,1.00
2009.05.25 06:42:06.163,7.4455,7.4521,3.00,1.00
2009.05.25 06:42:17.070,7.4456,7.4521,1.60,1.00
2009.05.25 06:42:20.379,7.4461,7.4526,1.60,1.00
2009.05.25 06:42:22.269,7.44605,7.4526,1.60,1.00
2009.05.25 06:42:24.668,7.4473,7.4531,1.40,2.40
2009.05.25 06:42:25.238,7.4473,7.4531,1.40,1.00
2009.05.25 06:42:25.478,7.4462,7.4531,1.60,1.00
2009.05.25 06:42:27.418,7.4463,7.4531,1.60,1.00
2009.05.25 06:42:28.897,7.4464,7.4531,1.60,1.00
2009.05.25 06:42:31.087,7.4464,7.4526,1.60,1.00
2009.05.25 06:42:31.207,7.4461,7.4526,1.60,1.00
2009.05.25 06:42:31.387,7.4461,7.4531,1.60,1.00
2009.05.25 06:42:32.077,7.4473,7.4531,1.40,1.00
2009.05.25 06:42:32.366,7.4462,7.4531,1.60,1.00
2009.05.25 06:42:34.296,7.44675,7.4531,1.60,1.00
2009.05.25 06:42:35.196,7.44665,7.4531,1.60,1.00
2009.05.25 06:42:47.813,7.44675,7.4531,1.60,1.00
2009.05.25 06:42:54.731,7.4468,7.4531,1.60,1.00
2009.05.25 06:42:54.911,7.4467,7.4531,1.60,1.00
2009.05.25 06:42:58.740,7.44735,7.4537,1.60,1.00
2009.05.25 06:42:58.960,7.4482,7.4537,1.60,1.00
2009.05.25 06:42:59.300,7.4484,7.4549,1.40,1.00
2009.05.25 06:42:59.660,7.449,7.4555,1.40,1.00
2009.05.25 06:42:59.950,7.44895,7.4563,1.60,1.00
2009.05.25 06:43:00.300,7.4492,7.4565,1.40,1.00
2009.05.25 06:43:00.630,7.44975,7.4565,1.60,1.00
2009.05.25 06:43:00.920,7.44975,7.4555,1.60,1.00
2009.05.25 06:43:01.270,7.4484,7.4549,1.60,1.00
2009.05.25 06:43:01.789,7.44795,7.4549,1.60,1.00
2009.05.25 06:43:08.288,7.44925,7.4555,1.60,1.00
2009.05.25 06:43:09.318,7.44925,7.4555,1.60,1.00
2009.05.25 06:43:09.557,7.4492,7.4558,1.60,1.00
2009.05.25 06:43:10.927,7.44945,7.4558,1.60,1.00
2009.05.25 06:43:15.226,7.4498,7.4558,1.60,1.00
2009.05.25 06:43:15.346,7.4498,7.4563,1.60,1.00
2009.05.25 06:43:23.264,7.4495,7.4558,1.60,1.00
2009.05.25 06:43:23.554,7.4498,7.4569,1.60,1.60
2009.05.25 06:43:23.784,7.4503,7.4569,1.60,1.60
2009.05.25 06:43:23.895,7.4508,7.4572,1.40,1.60
2009.05.25 06:43:24.064,7.4508,7.4576,1.40,1.00
2009.05.25 06:43:25.434,7.45055,7.4579,1.60,1.00
2009.05.25 06:43:25.544,7.45055,7.457,1.60,1.00
2009.05.25 06:43:25.783,7.45005,7.457,1.60,1.00
2009.05.25 06:43:26.124,7.45005,7.4565,1.60,1.00
2009.05.25 06:43:26.404,7.44945,7.4565,1.60,1.00
2009.05.25 06:43:26.513,7.44945,7.4567,1.60,1.60
2009.05.25 06:43:26.743,7.44945,7.4564,1.60,1.60
2009.05.25 06:43:27.373,7.44945,7.4562,1.60,1.60
2009.05.25 06:43:28.293,7.44975,7.4563,1.60,1.00
2009.05.25 06:43:29.043,7.44975,7.4558,1.60,1.00
2009.05.25 06:43:29.153,7.44945,7.4558,1.60,1.00
2009.05.25 06:43:35.631,7.45,7.4563,1.60,1.00
2009.05.25 06:43:46.239,7.4498,7.457,1.60,1.00
2009.05.25 06:43:46.489,7.45025,7.4568,1.60,1.60
2009.05.25 06:43:46.609,7.45025,7.4565,1.60,1.00
2009.05.25 06:43:47.398,7.45025,7.4567,1.60,1.60
2009.05.25 06:43:49.808,7.45025,7.4568,1.60,1.00
2009.05.25 06:43:58.056,7.45025,7.4567,1.60,1.60
2009.05.25 06:43:58.276,7.45025,7.4568,1.60,1.00
2009.05.25 06:43:58.805,7.45025,7.4563,1.60,1.00
2009.05.25 06:43:58.966,7.44965,7.4563,1.60,1.00
2009.05.25 06:43:59.425,7.4505,7.4563,1.40,1.00
2009.05.25 06:44:03.225,7.4508,7.4569,3.00,1.00
2009.05.25 06:44:03.694,7.4508,7.4569,1.40,1.00
2009.05.25 06:44:15.751,7.4508,7.4569,3.00,1.00
2009.05.25 06:44:16.051,7.45015,7.4569,1.60,1.00
2009.05.25 06:44:20.890,7.4501,7.4569,1.60,1.00
2009.05.25 06:44:29.728,7.4501,7.4566,1.60,1.60
2009.05.25 06:44:29.908,7.4501,7.454,1.60,1.00
2009.05.25 06:44:30.148,7.4504,7.454,1.40,1.00
2009.05.25 06:44:41.685,7.4499,7.4536,1.40,1.00
2009.05.25 06:44:45.015,7.4504,7.4536,1.40,1.00
2009.05.25 06:44:57.432,7.4504,7.4531,1.40,1.00
2009.05.25 06:44:59.401,7.4504,7.4536,1.40,1.00
2009.05.25 06:45:01.291,7.4504,7.4531,1.40,1.00
2009.05.25 06:45:11.048,7.4504,7.4536,1.40,1.00
2009.05.25 06:45:11.628,7.4509,7.4536,1.40,1.00
2009.05.25 06:45:25.915,7.4492,7.4541,3.00,1.00
2009.05.25 06:45:25.965,7.4511,7.4542,1.40,1.00
2009.05.25 06:45:26.265,7.45,7.4536,1.40,1.00
2009.05.25 06:45:26.684,7.45,7.4541,1.40,1.00
2009.05.25 06:45:27.774,7.4504,7.4533,1.40,1.00
2009.05.25 06:45:28.124,7.4509,7.4538,1.40,1.00
2009.05.25 06:45:28.244,7.4504,7.4543,1.40,1.00
2009.05.25 06:45:43.960,7.4509,7.4541,1.40,1.00
2009.05.25 06:45:44.140,7.4504,7.4541,1.40,1.00
2009.05.25 06:45:45.270,7.4509,7.4541,1.40,1.00
2009.05.25 06:45:45.660,7.4504,7.4541,1.40,1.00
2009.05.25 06:45:46.250,7.4509,7.4541,1.40,1.00
2009.05.25 06:45:56.287,7.4509,7.4536,1.40,1.00
2009.05.25 06:45:56.687,7.4509,7.4541,1.40,1.00
2009.05.25 06:45:58.037,7.4509,7.4536,1.40,1.00
2009.05.25 06:45:58.217,7.4509,7.4541,1.40,1.00
2009.05.25 06:46:03.746,7.4509,7.4536,1.40,1.00
2009.05.25 06:46:04.105,7.4509,7.4541,1.40,1.00
2009.05.25 06:46:05.375,7.4509,7.4536,1.40,1.00
2009.05.25 06:46:05.605,7.4509,7.4541,1.40,1.00
2009.05.25 06:46:12.613,7.4509,7.4536,1.40,1.00
2009.05.25 06:46:12.994,7.4509,7.4541,1.40,1.00
2009.05.25 06:46:33.258,7.4509,7.4536,1.40,1.00
2009.05.25 06:46:45.465,7.4509,7.4541,1.40,1.00
2009.05.25 06:46:46.145,7.4515,7.4542,1.40,1.00
2009.05.25 06:47:08.250,7.4509,7.4536,1.40,1.00
2009.05.25 06:47:23.536,7.4509,7.4541,1.40,1.00
2009.05.25 06:47:24.116,7.4509,7.4536,1.40,1.00
2009.05.25 06:47:24.386,7.4504,7.4536,1.40,1.00
2009.05.25 06:47:25.066,7.4504,7.4541,1.40,1.00
2009.05.25 06:47:50.150,7.4504,7.4546,1.40,1.00
2009.05.25 06:47:56.638,7.4502,7.4542,1.40,1.00
2009.05.25 06:47:56.808,7.4502,7.4541,1.40,1.00
2009.05.25 06:47:58.588,7.4504,7.4546,1.40,1.00
2009.05.25 06:48:04.156,7.44935,7.4546,1.60,1.00
2009.05.25 06:48:04.217,7.4508,7.4547,1.40,1.00
2009.05.25 06:48:15.504,7.4515,7.4547,1.40,1.00
2009.05.25 06:48:20.043,7.452,7.4547,1.40,1.00
2009.05.25 06:48:20.613,7.4525,7.4559,1.40,1.00
2009.05.25 06:48:20.893,7.452,7.4559,1.40,1.00
2009.05.25 06:48:23.722,7.452,7.4552,1.40,1.00
2009.05.25 06:48:25.921,7.452,7.4547,1.40,1.00
2009.05.25 06:48:32.170,7.452,7.4552,1.40,1.00
2009.05.25 06:48:34.579,7.452,7.4557,1.40,1.00
2009.05.25 06:48:35.219,7.452,7.4549,1.40,1.00
2009.05.25 06:48:35.379,7.452,7.4559,1.40,1.00
2009.05.25 06:48:35.549,7.452,7.4554,1.40,1.00
2009.05.25 06:48:36.729,7.452,7.4557,1.40,1.00
2009.05.25 06:48:40.028,7.4525,7.4557,1.40,1.00
2009.05.25 06:48:40.488,7.4525,7.4552,1.40,1.00
2009.05.25 06:49:03.602,7.4525,7.4552,1.40,1.00
2009.05.25 06:49:09.021,7.452,7.4547,1.40,1.00
2009.05.25 06:49:10.111,7.452,7.4552,1.40,1.00
2009.05.25 06:49:11.131,7.452,7.4547,1.40,1.00
2009.05.25 06:49:31.155,7.4515,7.4542,1.40,1.00
2009.05.25 06:49:31.606,7.4515,7.4547,1.40,1.00
2009.05.25 06:49:31.876,7.4515,7.4542,1.40,1.00
2009.05.25 06:49:35.515,7.4515,7.4547,1.40,1.00
2009.05.25 06:49:36.664,7.452,7.4547,1.40,1.00
2009.05.25 06:49:37.294,7.4515,7.4547,1.40,1.00
2009.05.25 06:49:37.634,7.4517,7.4544,1.40,1.00
2009.05.25 06:49:37.924,7.4515,7.4542,1.40,1.00
2009.05.25 06:49:43.103,7.452,7.4547,1.40,1.00
2009.05.25 06:49:43.283,7.4515,7.4547,1.40,1.00
2009.05.25 06:49:57.089,7.452,7.4552,1.40,1.00
2009.05.25 06:49:57.799,7.4525,7.4552,1.40,1.00
2009.05.25 06:50:10.276,7.452,7.4547,1.40,1.00
2009.05.25 06:50:13.146,7.4515,7.4542,1.40,1.00
2009.05.25 06:50:13.436,7.4515,7.4547,1.40,1.00
2009.05.25 06:50:18.804,7.4515,7.4547,1.40,1.00
2009.05.25 06:50:20.704,7.452,7.4547,1.40,1.00
2009.05.25 06:50:22.533,7.452,7.4552,1.40,1.00
2009.05.25 06:50:29.242,7.4525,7.4552,1.40,1.00
2009.05.25 06:50:31.641,7.452,7.4552,1.40,1.00
2009.05.25 06:50:31.811,7.4525,7.4552,1.40,1.00
2009.05.25 06:50:32.841,7.452,7.4552,1.40,1.00
2009.05.25 06:50:33.061,7.4525,7.4552,1.40,1.00
2009.05.25 06:50:36.130,7.452,7.4552,1.40,1.00
2009.05.25 06:50:36.410,7.452,7.4547,1.40,1.00
2009.05.25 06:50:37.510,7.452,7.4552,1.40,1.00
2009.05.25 06:50:42.638,7.452,7.4547,1.40,1.00
2009.05.25 06:50:43.389,7.452,7.4552,1.40,1.00
2009.05.25 06:50:49.167,7.45095,7.4557,1.60,1.00
2009.05.25 06:50:49.337,7.4523,7.4557,1.40,1.00
2009.05.25 06:50:49.777,7.4529,7.4558,1.40,1.00
2009.05.25 06:50:50.176,7.4529,7.457,1.40,1.00
2009.05.25 06:50:50.906,7.4536,7.457,1.40,1.00
2009.05.25 06:50:51.986,7.4541,7.4568,1.40,1.00
2009.05.25 06:50:52.546,7.4518,7.4568,1.60,1.00
2009.05.25 06:50:52.706,7.4532,7.4568,1.40,1.00
2009.05.25 06:50:53.236,7.4532,7.4563,1.40,1.00
2009.05.25 06:50:54.475,7.4531,7.4563,1.40,1.00
2009.05.25 06:50:55.555,7.4531,7.4558,1.40,1.00
2009.05.25 06:50:56.125,7.4531,7.457,1.40,1.00
2009.05.25 06:50:56.415,7.4521,7.457,1.60,1.00
2009.05.25 06:50:56.705,7.4534,7.4573,1.40,1.00
2009.05.25 06:50:57.165,7.4539,7.4572,1.40,1.00
2009.05.25 06:51:01.934,7.4536,7.4571,1.40,1.00
2009.05.25 06:51:03.293,7.4536,7.4567,1.40,1.00
2009.05.25 06:51:05.913,7.4541,7.4572,1.40,1.00
2009.05.25 06:51:06.483,7.4536,7.4571,1.40,1.00
2009.05.25 06:51:08.072,7.45245,7.4571,1.60,1.00
2009.05.25 06:51:08.252,7.4539,7.4572,1.40,1.00
2009.05.25 06:51:11.971,7.4542,7.4577,1.40,1.00
2009.05.25 06:51:12.082,7.4549,7.458,1.40,1.00
2009.05.25 06:51:12.571,7.4552,7.4583,1.40,1.00
2009.05.25 06:51:15.340,7.4554,7.4585,1.40,1.00
2009.05.25 06:51:15.561,7.4558,7.4595,1.40,1.00
2009.05.25 06:51:16.070,7.4553,7.4595,1.40,1.00
2009.05.25 06:51:16.360,7.4553,7.46,1.40,1.00
2009.05.25 06:51:16.660,7.4553,7.4598,1.40,2.40
2009.05.25 06:51:16.940,7.4557,7.459,1.40,1.00
2009.05.25 06:51:17.450,7.4533,7.4579,1.60,1.00
2009.05.25 06:51:17.801,7.4538,7.4584,1.40,1.00
2009.05.25 06:51:18.090,7.4538,7.4579,1.40,1.00
2009.05.25 06:51:19.430,7.4542,7.4582,1.40,1.00
2009.05.25 06:51:21.019,7.4542,7.4577,1.40,1.00
2009.05.25 06:51:23.709,7.4542,7.4582,1.40,1.00
2009.05.25 06:51:23.989,7.4541,7.4574,1.40,1.00
2009.05.25 06:51:26.998,7.4548,7.4583,1.40,1.00
2009.05.25 06:51:28.197,7.454,7.4587,1.40,1.00
2009.05.25 06:51:28.488,7.4531,7.4582,1.60,1.00
2009.05.25 06:51:28.727,7.454,7.4582,1.40,1.00
2009.05.25 06:51:29.007,7.454,7.4587,1.40,1.00
2009.05.25 06:51:29.647,7.4531,7.4587,1.60,1.00
2009.05.25 06:51:29.887,7.454,7.4579,1.40,1.00
2009.05.25 06:51:30.237,7.4531,7.4579,1.60,1.00
2009.05.25 06:51:30.977,7.4531,7.4582,1.60,1.00
2009.05.25 06:51:31.907,7.4534,7.4582,1.60,1.00
2009.05.25 06:51:32.366,7.4537,7.4582,3.00,1.00
2009.05.25 06:51:32.747,7.4545,7.4582,1.40,1.00
2009.05.25 06:51:32.986,7.4544,7.4577,1.40,1.00
2009.05.25 06:51:33.336,7.4535,7.4582,3.00,1.00
2009.05.25 06:51:34.386,7.4545,7.4582,1.40,1.00
2009.05.25 06:51:34.686,7.4545,7.4617,1.60,1.60
2009.05.25 06:51:35.526,7.45445,7.4613,1.60,1.00
2009.05.25 06:51:35.806,7.45495,7.4611,1.60,1.60
2009.05.25 06:51:36.026,7.45495,7.4615,1.60,1.00
2009.05.25 06:51:36.206,7.45495,7.4609,1.60,1.00
2009.05.25 06:51:36.615,7.45495,7.4614,1.60,2.40
2009.05.25 06:51:36.955,7.4549,7.4615,1.60,1.00
2009.05.25 06:51:37.436,7.45495,7.4615,1.60,1.00
2009.05.25 06:51:37.775,7.45495,7.4619,1.60,1.60
2009.05.25 06:51:37.955,7.4552,7.462,1.60,1.00
2009.05.25 06:51:39.225,7.45545,7.462,1.60,1.00
2009.05.25 06:51:39.735,7.45545,7.4615,1.60,1.00
2009.05.25 06:51:39.955,7.45495,7.4615,1.60,1.00
2009.05.25 06:51:44.524,7.4551,7.4581,1.40,1.00
2009.05.25 06:51:44.754,7.4551,7.4578,1.40,1.00
2009.05.25 06:51:44.924,7.4554,7.4581,1.40,1.00
2009.05.25 06:51:46.763,7.4554,7.4593,1.40,1.00
2009.05.25 06:51:49.813,7.4562,7.4591,1.40,1.00
2009.05.25 06:51:50.162,7.4552,7.4591,1.40,1.00
2009.05.25 06:51:52.572,7.4554,7.4586,1.40,1.00
2009.05.25 06:51:58.440,7.4554,7.4581,1.40,1.00
2009.05.25 06:52:05.299,7.4559,7.4586,1.40,1.00
2009.05.25 06:52:05.468,7.4554,7.4586,1.40,1.00
2009.05.25 06:52:07.868,7.4559,7.4586,1.40,1.00
2009.05.25 06:52:09.637,7.4556,7.4583,1.40,1.00
2009.05.25 06:52:09.908,7.4559,7.4586,1.40,1.00
2009.05.25 06:52:10.077,7.4554,7.4586,1.40,1.00
2009.05.25 06:52:17.136,7.4554,7.4581,1.40,1.00
2009.05.25 06:52:20.715,7.4559,7.4586,1.40,1.00
2009.05.25 06:52:21.275,7.4554,7.4586,1.40,1.00
2009.05.25 06:52:22.874,7.4559,7.4586,1.40,1.00
2009.05.25 06:52:29.193,7.4554,7.4586,1.40,1.00
2009.05.25 06:52:30.033,7.4559,7.4586,1.40,1.00
2009.05.25 06:52:31.222,7.4554,7.4586,1.40,1.00
2009.05.25 06:52:32.532,7.4559,7.4586,1.40,1.00
2009.05.25 06:52:36.561,7.4559,7.4591,1.40,1.00
2009.05.25 06:52:45.609,7.4554,7.4581,1.40,1.00
2009.05.25 06:52:49.088,7.4548,7.4575,1.40,1.00
2009.05.25 06:52:56.556,7.4543,7.4575,1.40,1.00
2009.05.25 06:52:56.916,7.4543,7.457,1.40,1.00
2009.05.25 06:52:57.716,7.4538,7.4565,1.40,1.00
2009.05.25 06:53:03.265,7.4538,7.457,1.40,1.00
2009.05.25 06:53:11.703,7.4538,7.4565,1.40,1.00
2009.05.25 06:53:12.572,7.4538,7.457,1.40,1.00
2009.05.25 06:53:13.922,7.4533,7.457,1.40,1.00
2009.05.25 06:53:14.162,7.4538,7.457,1.40,1.00
2009.05.25 06:53:18.871,7.4538,7.4565,1.40,1.00
2009.05.25 06:53:19.501,7.4538,7.457,1.40,1.00
2009.05.25 06:53:19.961,7.4538,7.4565,1.40,1.00
2009.05.25 06:53:32.168,7.4538,7.457,1.40,1.00
2009.05.25 06:53:45.774,7.4543,7.457,1.40,1.00
2009.05.25 06:53:46.624,7.4538,7.457,1.40,1.00
2009.05.25 06:53:48.424,7.4538,7.4565,1.40,1.00
2009.05.25 06:53:49.223,7.4538,7.457,1.40,1.00
2009.05.25 06:53:54.372,7.4533,7.457,1.40,1.00
2009.05.25 06:53:54.652,7.4538,7.457,1.40,1.00
2009.05.25 06:53:57.711,7.4526,7.457,1.40,1.00
2009.05.25 06:53:57.771,7.4536,7.457,1.40,1.00
2009.05.25 06:53:59.431,7.4538,7.4565,1.40,1.00
2009.05.25 06:54:00.290,7.4525,7.4564,1.40,1.00
2009.05.25 06:54:00.570,7.4536,7.4565,1.40,1.00
2009.05.25 06:54:00.750,7.4525,7.4565,1.40,1.00
2009.05.25 06:54:00.920,7.4525,7.4564,1.40,1.00
2009.05.25 06:54:01.710,7.4525,7.4559,1.40,1.00
2009.05.25 06:54:02.040,7.4532,7.4559,1.40,1.00
2009.05.25 06:54:02.630,7.4527,7.4559,1.40,1.00
2009.05.25 06:54:03.759,7.4532,7.4559,1.40,1.00
2009.05.25 06:54:04.149,7.4527,7.4559,1.40,1.00
2009.05.25 06:54:04.839,7.4532,7.4559,1.40,1.00
2009.05.25 06:54:05.119,7.4527,7.4559,1.40,1.00
2009.05.25 06:54:05.699,7.4532,7.4559,1.40,1.00
2009.05.25 06:54:06.669,7.4533,7.4565,1.40,1.00
2009.05.25 06:54:09.068,7.4538,7.4565,1.40,1.00
2009.05.25 06:54:10.588,7.4543,7.457,1.40,1.00
2009.05.25 06:54:10.878,7.4538,7.457,1.40,1.00
2009.05.25 06:54:12.667,7.4543,7.457,1.40,1.00
2009.05.25 06:54:21.875,7.4543,7.4575,1.40,1.00
2009.05.25 06:54:30.703,7.4541,7.4575,1.40,1.00
2009.05.25 06:54:30.943,7.4543,7.4596,1.40,1.60
2009.05.25 06:54:31.213,7.454,7.4611,1.60,1.00
2009.05.25 06:54:35.512,7.4538,7.4607,1.60,1.00
2009.05.25 06:54:35.842,7.4538,7.4607,1.60,2.40
2009.05.25 06:54:36.191,7.4538,7.4607,1.60,1.00
2009.05.25 06:54:36.371,7.45375,7.4607,1.60,1.00
2009.05.25 06:54:39.931,7.454,7.4607,1.60,1.00
2009.05.25 06:54:44.300,7.4558,7.4628,1.60,1.00
2009.05.25 06:54:44.940,7.4558,7.4627,1.60,1.60
2009.05.25 06:54:45.349,7.4558,7.4625,1.60,1.60
2009.05.25 06:54:46.389,7.4548,7.4615,1.60,1.00
2009.05.25 06:54:46.619,7.4548,7.4621,1.60,1.60
2009.05.25 06:54:46.849,7.4548,7.4625,1.60,1.00
2009.05.25 06:54:46.959,7.45515,7.4627,1.60,1.60
2009.05.25 06:54:47.559,7.45505,7.4618,1.60,1.00
2009.05.25 06:54:47.779,7.45505,7.4623,1.60,1.00
2009.05.25 06:54:48.409,7.45505,7.4623,1.60,2.40
2009.05.25 06:54:48.639,7.45505,7.4618,1.60,1.00
2009.05.25 06:54:49.838,7.45535,7.4618,1.60,1.00
2009.05.25 06:54:53.008,7.4551,7.4618,1.60,1.00
2009.05.25 06:54:53.637,7.45535,7.4618,1.60,1.00
2009.05.25 06:54:58.626,7.4555,7.4618,1.60,1.00
2009.05.25 06:54:58.796,7.4555,7.462,1.60,1.00
2009.05.25 06:55:00.985,7.4564,7.4622,1.40,1.60
2009.05.25 06:55:01.285,7.45585,7.4622,1.60,1.60
2009.05.25 06:55:01.565,7.45585,7.4625,1.60,1.00
2009.05.25 06:55:02.855,7.456,7.4624,1.60,1.60
2009.05.25 06:55:03.195,7.4555,7.4619,1.60,1.60
2009.05.25 06:55:04.385,7.4557,7.4622,1.60,1.60
2009.05.25 06:55:04.674,7.456,7.4628,1.60,1.60
2009.05.25 06:55:04.955,7.456,7.4627,1.60,1.60
2009.05.25 06:55:05.334,7.4565,7.4623,1.60,1.60
2009.05.25 06:55:05.505,7.4565,7.463,1.60,1.60
2009.05.25 06:55:05.684,7.4565,7.463,1.60,2.40
2009.05.25 06:55:05.855,7.45575,7.463,1.60,2.40
2009.05.25 06:55:06.135,7.45575,7.4625,1.60,1.60
2009.05.25 06:55:08.744,7.45575,7.4627,1.60,1.60
2009.05.25 06:55:09.424,7.456,7.4627,1.60,1.60
2009.05.25 06:55:09.603,7.456,7.4628,1.60,1.60
2009.05.25 06:55:17.121,7.456,7.4629,1.60,1.60
2009.05.25 06:55:19.171,7.4567,7.4629,1.40,1.60
2009.05.25 06:55:19.341,7.4571,7.4635,1.60,1.60
2009.05.25 06:55:19.451,7.4568,7.4635,1.60,1.60
2009.05.25 06:55:20.221,7.4568,7.4636,1.60,2.40
2009.05.25 06:55:20.701,7.4568,7.4636,1.60,1.60
2009.05.25 06:55:20.941,7.45705,7.4635,1.60,1.60
2009.05.25 06:55:21.231,7.45705,7.4638,1.60,1.60
2009.05.25 06:55:21.731,7.45705,7.4641,1.60,1.00
2009.05.25 06:55:22.091,7.45705,7.4641,1.60,2.40
2009.05.25 06:55:22.430,7.458,7.4638,1.40,1.60
2009.05.25 06:55:22.600,7.45685,7.4638,1.60,1.60
2009.05.25 06:55:22.780,7.45685,7.4639,1.60,1.60
2009.05.25 06:55:24.280,7.45735,7.4641,1.60,2.40
2009.05.25 06:55:27.049,7.45735,7.4641,1.60,1.00
2009.05.25 06:55:28.919,7.45735,7.4641,1.60,2.40
2009.05.25 06:55:29.209,7.458,7.464,1.40,1.60
2009.05.25 06:55:30.249,7.45715,7.4638,1.60,1.60
2009.05.25 06:55:31.168,7.45715,7.4641,1.60,1.00
2009.05.25 06:55:31.448,7.45735,7.464,1.60,1.60
2009.05.25 06:55:34.008,7.45735,7.4638,1.60,1.60
2009.05.25 06:55:34.688,7.457,7.4636,1.60,1.00
2009.05.25 06:55:34.857,7.457,7.4636,1.60,2.40
2009.05.25 06:55:35.318,7.457,7.4635,1.60,1.60
2009.05.25 06:55:35.497,7.4568,7.463,1.60,1.60
2009.05.25 06:55:35.837,7.4568,7.4632,1.60,1.60
2009.05.25 06:55:36.577,7.4563,7.4632,1.60,1.60
2009.05.25 06:55:36.907,7.4567,7.463,1.40,1.60
2009.05.25 06:55:37.237,7.4575,7.4636,1.40,2.40
2009.05.25 06:55:37.417,7.4566,7.4631,1.60,1.00
2009.05.25 06:55:37.587,7.4566,7.463,1.60,1.60
2009.05.25 06:55:38.047,7.4566,7.4633,1.60,1.60
2009.05.25 06:55:38.287,7.4571,7.4634,1.40,6.40
2009.05.25 06:55:38.507,7.4573,7.4609,1.40,1.00
2009.05.25 06:55:38.737,7.4573,7.4604,1.40,1.00
2009.05.25 06:55:39.016,7.4576,7.4607,1.40,1.00
2009.05.25 06:55:40.226,7.4573,7.46,1.40,1.00
2009.05.25 06:55:41.876,7.4579,7.4606,1.40,1.00
2009.05.25 06:55:42.676,7.4573,7.4605,1.40,1.00
2009.05.25 06:55:46.515,7.4573,7.46,1.40,1.00
2009.05.25 06:55:52.613,7.4568,7.46,1.40,1.00
2009.05.25 06:55:53.443,7.4573,7.46,1.40,1.00
2009.05.25 06:55:56.802,7.4579,7.4606,1.40,1.00
2009.05.25 06:55:57.202,7.4573,7.4605,1.40,1.00
2009.05.25 06:55:57.782,7.4573,7.46,1.40,1.00
2009.05.25 06:55:58.342,7.4573,7.4605,1.40,1.00
2009.05.25 06:56:09.379,7.4579,7.4606,1.40,1.00
2009.05.25 06:56:12.369,7.4587,7.4614,1.40,1.00
2009.05.25 06:56:13.388,7.4584,7.4616,1.40,1.00
2009.05.25 06:56:14.998,7.4584,7.4621,1.40,1.00
2009.05.25 06:56:15.338,7.4584,7.4616,1.40,1.00
2009.05.25 06:56:29.584,7.4584,7.4611,1.40,1.00
2009.05.25 06:56:29.814,7.4584,7.4616,1.40,1.00
2009.05.25 06:56:31.883,7.4589,7.4616,1.40,1.00
2009.05.25 06:56:38.332,7.4589,7.4621,1.40,1.00
2009.05.25 06:56:38.392,7.4591,7.4638,1.40,1.60
2009.05.25 06:56:38.552,7.45795,7.4638,1.60,1.60
2009.05.25 06:56:38.612,7.45795,7.464,1.60,1.60
2009.05.25 06:56:38.832,7.45795,7.465,1.60,1.60
2009.05.25 06:56:38.882,7.45815,7.465,1.60,1.60
2009.05.25 06:56:39.172,7.45815,7.4651,1.60,2.40
2009.05.25 06:56:40.431,7.45835,7.4649,1.60,1.00
2009.05.25 06:56:40.782,7.4591,7.4649,1.40,1.00
2009.05.25 06:56:41.072,7.45765,7.4643,1.60,1.00
2009.05.25 06:56:41.311,7.4589,7.4646,1.40,1.00
2009.05.25 06:56:44.121,7.45745,7.4638,1.60,1.00
2009.05.25 06:56:45.321,7.45785,7.4643,1.60,1.00
2009.05.25 06:56:47.770,7.45815,7.4643,1.60,1.00
2009.05.25 06:56:48.070,7.45815,7.4649,1.60,2.40
2009.05.25 06:56:48.240,7.45815,7.4648,1.60,1.60
2009.05.25 06:56:48.420,7.45835,7.4648,1.60,1.60
2009.05.25 06:56:53.399,7.45815,7.4644,1.60,1.00
2009.05.25 06:56:57.827,7.45815,7.4643,1.60,1.00
2009.05.25 06:57:01.206,7.45815,7.4644,1.60,1.00
2009.05.25 06:57:02.266,7.45795,7.4643,1.60,1.00
2009.05.25 06:57:05.046,7.4589,7.4644,1.40,1.00
2009.05.25 06:57:06.555,7.4577,7.4641,1.60,1.00
2009.05.25 06:57:06.915,7.45795,7.4644,1.60,1.00
2009.05.25 06:57:07.835,7.45795,7.4643,1.60,1.00
2009.05.25 06:57:08.235,7.4577,7.4643,1.60,1.00
2009.05.25 06:57:08.465,7.4577,7.4638,1.60,1.00
2009.05.25 06:57:16.263,7.45775,7.4638,1.60,1.00
2009.05.25 06:57:16.793,7.4577,7.4638,1.60,1.00
2009.05.25 06:57:17.493,7.4583,7.4638,1.40,1.00
2009.05.25 06:57:17.723,7.45725,7.4638,1.60,1.00
2009.05.25 06:57:17.842,7.45695,7.4638,1.60,1.00
2009.05.25 06:57:20.882,7.4571,7.4638,1.60,1.00
2009.05.25 06:57:28.342,7.45705,7.4638,1.60,1.00
2009.05.25 06:57:31.399,7.4578,7.4633,1.40,1.00
2009.05.25 06:57:33.859,7.4566,7.4633,1.60,1.00
2009.05.25 06:57:34.029,7.4566,7.4633,1.60,2.40
2009.05.25 06:57:34.149,7.45655,7.4633,1.60,2.40
2009.05.25 06:57:34.269,7.45655,7.4633,1.60,1.00
2009.05.25 06:57:35.059,7.45705,7.4633,1.60,1.00
2009.05.25 06:57:35.988,7.45655,7.4633,1.60,1.00
2009.05.25 06:57:38.258,7.4566,7.4633,1.60,1.00
2009.05.25 06:57:40.687,7.4578,7.4633,1.40,1.00
2009.05.25 06:57:40.917,7.45705,7.4633,1.60,1.00
2009.05.25 06:57:41.027,7.4573,7.4645,1.60,1.60
2009.05.25 06:57:45.076,7.45745,7.4643,1.60,1.60
2009.05.25 06:57:45.246,7.45745,7.4642,1.60,1.60
2009.05.25 06:57:46.396,7.45745,7.4641,1.60,1.00
2009.05.25 06:57:46.636,7.45705,7.4638,1.60,1.60
2009.05.25 06:57:46.866,7.45705,7.4639,1.60,1.60
2009.05.25 06:57:47.105,7.4573,7.4639,1.60,1.60
2009.05.25 06:57:47.266,7.4573,7.4642,1.60,1.60
2009.05.25 06:57:47.715,7.4573,7.4643,1.60,1.60
2009.05.25 06:57:47.955,7.4573,7.4645,1.60,1.60
2009.05.25 06:57:49.405,7.45725,7.4645,1.60,1.60
2009.05.25 06:57:49.855,7.4579,7.4645,1.60,1.60
2009.05.25 06:57:50.095,7.4579,7.4641,1.60,1.00
2009.05.25 06:57:50.215,7.4568,7.4641,1.60,1.00
2009.05.25 06:57:50.605,7.4568,7.4638,1.60,1.60
2009.05.25 06:57:50.935,7.4568,7.4639,1.60,1.60
2009.05.25 06:57:51.225,7.45705,7.4639,1.60,1.60
2009.05.25 06:57:51.854,7.45725,7.4639,1.60,1.60
2009.05.25 06:57:52.214,7.4573,7.4639,1.60,1.60
2009.05.25 06:57:52.554,7.45855,7.4649,1.60,1.60
2009.05.25 06:57:52.854,7.45855,7.46585,1.60,1.00
2009.05.25 06:57:53.704,7.45895,7.46595,1.60,1.00
2009.05.25 06:57:53.984,7.45945,7.46575,1.60,1.00
2009.05.25 06:57:54.624,7.45945,7.4656,1.60,1.00
2009.05.25 06:57:56.643,7.45895,7.4656,1.60,1.00
2009.05.25 06:57:56.985,7.45895,7.46525,1.60,1.00
2009.05.25 06:57:59.573,7.45915,7.46525,1.60,1.00
2009.05.25 06:58:05.041,7.45915,7.46545,1.60,1.00
2009.05.25 06:58:06.361,7.45915,7.46525,1.60,1.00
2009.05.25 06:58:06.651,7.4589,7.46525,1.60,1.00
2009.05.25 06:58:06.821,7.4589,7.46545,1.60,1.00
2009.05.25 06:58:10.470,7.45935,7.4658,1.60,1.00
2009.05.25 06:58:10.590,7.45935,7.466,1.60,1.00
2009.05.25 06:58:11.050,7.45965,7.466,1.60,1.00
2009.05.25 06:58:11.450,7.45965,7.4658,1.60,1.00
2009.05.25 06:58:12.139,7.4594,7.4658,1.60,1.00
2009.05.25 06:58:13.069,7.4592,7.4658,1.60,1.00
2009.05.25 06:58:14.519,7.4594,7.4658,1.60,1.00
2009.05.25 06:58:16.169,7.4594,7.466,1.60,1.00
2009.05.25 06:58:16.399,7.45965,7.466,1.60,1.00
2009.05.25 06:58:16.798,7.45945,7.466,1.60,1.00
2009.05.25 06:58:16.968,7.45945,7.4658,1.60,1.00
2009.05.25 06:58:18.148,7.4592,7.4658,1.60,1.00
2009.05.25 06:58:19.188,7.45915,7.4658,1.60,1.00
2009.05.25 06:58:20.158,7.45935,7.4658,1.60,1.00
2009.05.25 06:58:20.857,7.4592,7.4658,1.60,1.00
2009.05.25 06:58:22.067,7.4592,7.4657,1.60,1.60
2009.05.25 06:58:22.407,7.4592,7.46545,1.60,1.00
2009.05.25 06:58:23.207,7.45915,7.46545,1.60,1.00
2009.05.25 06:58:24.656,7.4596,7.46595,1.60,1.00
2009.05.25 06:58:28.786,7.45945,7.4658,1.60,1.00
2009.05.25 06:58:31.715,7.45965,7.466,1.60,1.00
2009.05.25 06:58:34.494,7.4594,7.4658,1.60,1.00
2009.05.25 06:58:35.174,7.45935,7.4656,1.60,1.00
2009.05.25 06:58:35.634,7.45935,7.4658,1.60,1.00
2009.05.25 06:58:36.444,7.4592,7.4658,1.60,1.00
2009.05.25 06:58:37.233,7.4594,7.4658,1.60,1.00
2009.05.25 06:58:37.523,7.4594,7.4656,1.60,1.00
2009.05.25 06:58:38.103,7.4596,7.466,1.60,2.40
2009.05.25 06:58:38.273,7.4596,7.466,1.60,1.00
2009.05.25 06:58:41.403,7.45965,7.466,1.60,1.00
2009.05.25 06:58:41.862,7.45965,7.4665,1.60,1.00
2009.05.25 06:58:42.142,7.46025,7.46675,1.60,1.00
2009.05.25 06:58:42.912,7.4599,7.46635,1.60,1.00
2009.05.25 06:58:44.152,7.4597,7.46635,1.60,1.00
2009.05.25 06:58:45.572,7.46015,7.4665,1.60,1.00
2009.05.25 06:58:46.081,7.4614,7.4648,1.60,1.00
2009.05.25 06:58:46.361,7.4602,7.4648,1.40,1.00
2009.05.25 06:58:46.651,7.4597,7.4648,1.40,1.00
2009.05.25 06:58:52.120,7.4598,7.4638,1.40,1.00
2009.05.25 06:58:53.710,7.4593,7.4633,1.40,1.00
2009.05.25 06:58:54.139,7.4593,7.4638,1.40,1.00
2009.05.25 06:58:56.089,7.4593,7.4633,1.40,1.00
2009.05.25 06:58:59.858,7.4599,7.4646,1.40,1.00
2009.05.25 06:59:00.088,7.4598,7.464,1.40,1.00
2009.05.25 06:59:00.368,7.4599,7.4646,1.40,1.00
2009.05.25 06:59:01.038,7.4598,7.4638,1.40,1.00
2009.05.25 06:59:01.907,7.4599,7.4644,1.40,1.00
2009.05.25 06:59:02.257,7.4598,7.4638,1.40,1.00
2009.05.25 06:59:04.607,7.4604,7.4644,1.40,1.00
2009.05.25 06:59:06.156,7.4598,7.4638,1.40,1.00
2009.05.25 06:59:06.836,7.4599,7.4644,1.40,1.00
2009.05.25 06:59:07.486,7.4593,7.4643,1.40,1.00
2009.05.25 06:59:11.805,7.4593,7.4638,1.40,1.00
2009.05.25 06:59:12.405,7.4598,7.4638,1.40,1.00
2009.05.25 06:59:13.315,7.4593,7.4638,1.40,1.00
2009.05.25 06:59:14.834,7.4598,7.4638,1.40,1.00
2009.05.25 06:59:25.742,7.4604,7.4644,1.40,1.00
2009.05.25 06:59:25.922,7.4599,7.4644,1.40,1.00
2009.05.25 06:59:27.631,7.4598,7.4638,1.40,1.00
2009.05.25 06:59:32.120,7.4593,7.4633,1.40,1.00
2009.05.25 06:59:32.400,7.4593,7.4638,1.40,1.00
2009.05.25 06:59:33.230,7.4593,7.4633,1.40,1.00
2009.05.25 06:59:39.968,7.4593,7.4638,1.40,1.00
2009.05.25 06:59:41.378,7.4593,7.4633,1.40,1.00
2009.05.25 06:59:43.828,7.4588,7.4628,1.40,1.00
2009.05.25 06:59:44.487,7.4588,7.4633,1.40,1.00
2009.05.25 06:59:46.757,7.4593,7.4633,1.40,1.00
2009.05.25 06:59:52.005,7.4588,7.4633,1.40,1.00
2009.05.25 06:59:53.665,7.4593,7.4633,1.40,1.00
