2015.07.13 05:00:00.125,8.44353,8.45097,2.41,1.66
2015.07.13 05:00:00.680,8.44353,8.45097,2.41,1.66
2015.07.13 05:00:05.975,8.44353,8.45097,2.04,1.66
2015.07.13 05:00:08.056,8.44353,8.45097,1.66,1.74
2015.07.13 05:00:10.933,8.44353,8.45097,1.66,3.16
2015.07.13 05:00:11.250,8.44353,8.45057,1.66,1.75
2015.07.13 05:00:11.680,8.44353,8.45077,1.66,1.75
2015.07.13 05:00:11.790,8.44353,8.45097,1.66,2.04
2015.07.13 05:00:12.027,8.44353,8.45097,1.74,1.74
2015.07.13 05:00:19.429,8.44353,8.45097,2.04,1.66
2015.07.13 05:00:19.759,8.44353,8.45097,2.41,1.66
2015.07.13 05:00:58.463,8.44268,8.45357,1.75,1.75
2015.07.13 05:01:09.453,8.44233,8.45286,1.75,1.75
2015.07.13 05:01:14.290,8.44233,8.45247,1.75,1.75
2015.07.13 05:01:14.852,8.44192,8.45237,1.75,1.75
2015.07.13 05:01:19.559,8.44223,8.44977,2.41,1.66
2015.07.13 05:01:34.877,8.44233,8.44977,2.04,1.66
2015.07.13 05:01:34.979,8.44183,8.44927,2.41,1.66
2015.07.13 05:01:35.286,8.44204,8.44946,2.41,1.66
2015.07.13 05:01:36.182,8.44243,8.44997,2.04,1.66
2015.07.13 05:01:36.283,8.44153,8.45217,1.75,1.75
2015.07.13 05:01:37.158,8.44153,8.45217,1.75,1.75
2015.07.13 05:01:38.255,8.44243,8.44997,2.41,1.66
2015.07.13 05:01:40.686,8.44253,8.44997,2.41,1.66
2015.07.13 05:01:41.986,8.44253,8.44997,2.41,1.66
2015.07.13 05:01:43.196,8.44253,8.44997,2.41,1.66
2015.07.13 05:01:44.736,8.44253,8.44997,2.41,1.66
2015.07.13 05:01:44.989,8.44046,8.45247,1.12,1.66
2015.07.13 05:01:45.090,8.44046,8.45317,1.12,1.66
2015.07.13 05:01:45.314,8.44103,8.45387,2.41,1.66
2015.07.13 05:01:46.287,8.44175,8.45417,1.75,1.66
2015.07.13 05:01:46.988,8.44113,8.45397,2.41,1.66
2015.07.13 05:01:49.079,8.44123,8.45407,2.41,1.66
2015.07.13 05:01:52.051,8.44113,8.45397,2.41,1.66
2015.07.13 05:01:52.998,8.44177,8.45387,1.75,2.04
2015.07.13 05:01:54.224,8.44177,8.45387,1.75,1.66
2015.07.13 05:01:55.352,8.44177,8.45417,1.75,1.74
2015.07.13 05:02:01.016,8.44213,8.45497,2.41,1.74
2015.07.13 05:02:02.138,8.44295,8.45517,1.75,2.41
2015.07.13 05:02:02.669,8.44219,8.45467,1.75,2.41
2015.07.13 05:02:05.530,8.44219,8.45497,1.75,2.41
2015.07.13 05:02:05.783,8.44294,8.45547,1.75,2.41
2015.07.13 05:02:08.715,8.44294,8.45507,1.75,2.41
2015.07.13 05:02:15.227,8.44294,8.45507,1.75,3.16
2015.07.13 05:02:15.536,8.44279,8.45477,1.75,1.75
2015.07.13 05:02:16.678,8.44279,8.45477,1.75,2.41
2015.07.13 05:02:27.646,8.44279,8.45447,1.75,2.04
2015.07.13 05:02:43.724,8.44227,8.45407,1.75,2.41
2015.07.13 05:02:49.096,8.44227,8.45367,1.75,2.41
2015.07.13 05:03:01.758,8.44093,8.45297,1.75,2.41
2015.07.13 05:03:02.174,8.44093,8.45297,1.75,2.41
2015.07.13 05:03:03.948,8.44093,8.45327,1.75,3.16
2015.07.13 05:03:14.295,8.44363,8.45117,1.66,1.66
2015.07.13 05:03:14.627,8.44363,8.45117,1.66,1.74
2015.07.13 05:03:16.263,8.44353,8.45097,1.66,1.66
2015.07.13 05:03:17.253,8.44314,8.45056,1.74,1.66
2015.07.13 05:03:21.213,8.44333,8.45077,1.66,1.66
2015.07.13 05:03:21.993,8.44333,8.45077,1.66,2.04
2015.07.13 05:03:22.313,8.44283,8.45037,1.66,1.74
2015.07.13 05:03:23.751,8.44253,8.44997,1.66,1.66
2015.07.13 05:03:24.293,8.44233,8.44977,1.74,1.66
2015.07.13 05:03:25.306,8.44203,8.44947,2.04,1.66
2015.07.13 05:03:27.504,8.44203,8.44947,1.74,1.66
2015.07.13 05:03:29.243,8.44183,8.44927,1.74,1.66
2015.07.13 05:03:35.292,8.44173,8.44917,2.04,1.66
2015.07.13 05:03:37.073,8.44173,8.44917,1.66,1.66
2015.07.13 05:03:42.023,8.44173,8.44917,2.04,1.66
2015.07.13 05:03:42.222,8.44018,8.45129,1.12,1.75
2015.07.13 05:03:49.173,8.44021,8.45129,1.12,1.75
2015.07.13 05:03:52.253,8.44017,8.45127,1.75,1.75
2015.07.13 05:03:54.212,8.44133,8.44877,2.04,1.66
2015.07.13 05:04:09.312,8.44036,8.45096,1.75,1.75
2015.07.13 05:04:13.242,8.44103,8.44847,2.41,1.66
2015.07.13 05:04:14.232,8.44036,8.45097,1.75,1.75
2015.07.13 05:04:15.242,8.44036,8.45097,1.75,1.75
2015.07.13 05:04:17.311,8.44104,8.44846,2.04,1.66
2015.07.13 05:04:20.293,8.44,8.45096,1.75,1.75
2015.07.13 05:04:26.269,8.44103,8.44847,2.04,1.66
2015.07.13 05:04:27.211,8.44,8.45115,1.75,1.75
2015.07.13 05:04:40.125,8.43963,8.45067,1.75,1.75
2015.07.13 05:04:40.227,8.43963,8.45057,1.37,1.12
2015.07.13 05:04:45.289,8.44063,8.44807,1.66,1.66
2015.07.13 05:04:47.167,8.44003,8.44747,2.04,1.66
2015.07.13 05:04:47.270,8.43881,8.44947,1.75,1.75
2015.07.13 05:04:47.942,8.43843,8.44911,1.75,1.75
2015.07.13 05:04:48.242,8.43797,8.44867,1.75,1.75
2015.07.13 05:04:53.281,8.43883,8.44637,1.74,1.66
2015.07.13 05:04:54.181,8.43883,8.44637,1.74,1.66
2015.07.13 05:04:56.250,8.43873,8.44617,1.74,1.66
2015.07.13 05:04:56.792,8.43873,8.44617,1.74,1.66
2015.07.13 05:04:56.843,8.43797,8.44867,1.75,1.75
2015.07.13 05:05:01.551,8.43797,8.44867,1.75,1.75
2015.07.13 05:05:11.772,8.43913,8.44657,2.04,1.66
2015.07.13 05:05:14.741,8.43793,8.44867,1.75,1.75
2015.07.13 05:05:16.972,8.43793,8.44867,1.75,1.75
2015.07.13 05:05:17.821,8.43913,8.44657,2.41,1.66
2015.07.13 05:05:22.771,8.43783,8.44867,1.75,1.75
2015.07.13 05:05:23.761,8.43923,8.44667,2.04,1.66
2015.07.13 05:05:24.779,8.43803,8.44867,1.75,1.75
2015.07.13 05:05:25.336,8.43854,8.44907,1.75,1.37
2015.07.13 05:05:27.181,8.43883,8.44986,2.25,1.75
2015.07.13 05:05:29.608,8.43933,8.44986,1.75,1.75
2015.07.13 05:05:29.761,8.43993,8.45037,1.75,1.75
2015.07.13 05:05:33.797,8.44053,8.44797,2.41,1.66
2015.07.13 05:05:38.868,8.44043,8.44787,2.41,1.66
2015.07.13 05:05:41.692,8.44083,8.44827,2.04,1.66
2015.07.13 05:05:47.740,8.43993,8.45037,1.75,1.75
2015.07.13 05:05:48.731,8.44103,8.44847,2.04,1.66
2015.07.13 05:05:49.830,8.43993,8.45037,1.75,1.75
2015.07.13 05:05:50.545,8.43993,8.45057,1.75,1.75
2015.07.13 05:05:56.709,8.43943,8.45007,1.75,1.37
2015.07.13 05:05:57.130,8.43941,8.44937,1.75,1.37
2015.07.13 05:05:57.332,8.43857,8.44917,1.75,1.75
2015.07.13 05:06:05.803,8.43933,8.44677,2.04,1.66
2015.07.13 05:06:06.770,8.43853,8.4491,1.75,1.75
2015.07.13 05:06:08.770,8.43933,8.44677,2.41,1.66
2015.07.13 05:06:09.981,8.43933,8.44677,2.04,1.66
2015.07.13 05:06:10.311,8.43933,8.44677,2.41,1.66
2015.07.13 05:06:23.510,8.43933,8.44677,1.74,1.66
2015.07.13 05:06:29.801,8.43853,8.44908,1.75,1.75
2015.07.13 05:06:35.338,8.43853,8.44908,1.75,1.75
2015.07.13 05:06:37.725,8.43876,8.44967,1.75,1.75
2015.07.13 05:06:45.939,8.43876,8.44956,1.75,1.75
2015.07.13 05:06:52.439,8.43823,8.44837,1.75,1.37
2015.07.13 05:06:52.591,8.43763,8.44787,1.75,1.00
2015.07.13 05:06:52.932,8.43713,8.44797,1.75,1.75
2015.07.13 05:06:53.250,8.43713,8.44807,1.75,1.75
2015.07.13 05:06:53.869,8.43713,8.44807,1.75,1.75
2015.07.13 05:06:56.731,8.43728,8.44824,1.12,1.75
2015.07.13 05:07:00.779,8.43884,8.44626,2.41,1.66
2015.07.13 05:07:06.764,8.43884,8.44626,2.41,1.66
2015.07.13 05:07:07.856,8.43823,8.44824,1.75,1.37
2015.07.13 05:07:08.809,8.43893,8.44637,2.41,1.66
2015.07.13 05:07:09.801,8.43944,8.44686,2.41,1.66
2015.07.13 05:07:18.521,8.43944,8.44686,2.04,1.66
2015.07.13 05:07:23.768,8.43823,8.44896,1.75,1.75
2015.07.13 05:07:41.401,8.43904,8.44997,1.75,1.75
2015.07.13 05:07:41.603,8.43904,8.44997,1.75,1.75
2015.07.13 05:08:45.737,8.43913,8.45007,1.75,2.41
2015.07.13 05:08:50.776,8.44123,8.44717,1.66,1.66
2015.07.13 05:08:51.766,8.43913,8.44987,1.75,2.41
2015.07.13 05:09:07.866,8.44113,8.44707,1.66,1.66
2015.07.13 05:09:11.786,8.44093,8.44677,1.66,1.66
2015.07.13 05:09:14.434,8.44014,8.44606,2.04,1.66
2015.07.13 05:09:14.484,8.44014,8.44606,2.04,1.66
2015.07.13 05:09:14.586,8.43875,8.44857,1.75,1.07
2015.07.13 05:09:14.788,8.43854,8.44877,1.75,1.75
2015.07.13 05:09:18.605,8.44023,8.44617,1.74,1.66
2015.07.13 05:09:19.506,8.44023,8.44617,1.66,1.66
2015.07.13 05:09:19.595,8.44033,8.44627,1.66,1.66
2015.07.13 05:09:20.023,8.44003,8.44597,1.66,1.66
2015.07.13 05:09:28.978,8.43963,8.44557,1.74,1.66
2015.07.13 05:09:29.218,8.43963,8.44557,1.66,1.66
2015.07.13 05:09:29.626,8.43743,8.44827,1.75,2.41
2015.07.13 05:09:31.386,8.43743,8.44827,1.75,2.41
2015.07.13 05:09:41.595,8.43963,8.44557,1.66,1.66
2015.07.13 05:09:44.150,8.43883,8.44477,2.04,1.66
2015.07.13 05:09:44.281,8.43883,8.44477,1.66,1.66
2015.07.13 05:09:44.597,8.43693,8.44747,1.75,2.41
2015.07.13 05:09:45.555,8.43883,8.44477,1.66,1.66
2015.07.13 05:09:49.528,8.43873,8.44467,1.66,1.66
2015.07.13 05:09:50.504,8.43863,8.44457,1.74,1.66
2015.07.13 05:09:53.926,8.43863,8.44457,1.66,1.66
2015.07.13 05:09:55.604,8.43853,8.44447,1.66,1.66
2015.07.13 05:09:57.544,8.43813,8.44407,1.66,1.66
2015.07.13 05:09:58.534,8.43803,8.44397,1.74,1.66
2015.07.13 05:09:59.542,8.43793,8.44387,1.74,1.66
2015.07.13 05:09:59.984,8.43804,8.44396,1.74,1.66
2015.07.13 05:10:00.977,8.43793,8.44387,1.74,1.66
2015.07.13 05:10:01.638,8.43833,8.44427,1.74,1.66
2015.07.13 05:10:01.941,8.43913,8.44497,1.66,1.66
2015.07.13 05:10:02.930,8.43853,8.44447,2.04,1.66
2015.07.13 05:10:04.910,8.43863,8.44457,1.74,1.66
2015.07.13 05:10:14.721,8.43863,8.44457,2.41,1.66
2015.07.13 05:10:15.497,8.43933,8.44527,1.74,1.66
2015.07.13 05:10:16.459,8.43903,8.44497,2.04,1.66
2015.07.13 05:10:19.429,8.43913,8.44507,2.04,1.66
2015.07.13 05:10:25.480,8.43903,8.44497,2.04,1.66
2015.07.13 05:10:27.471,8.43913,8.44507,2.04,1.66
2015.07.13 05:10:29.240,8.43913,8.44507,1.74,1.66
2015.07.13 05:10:31.420,8.43903,8.44497,2.04,1.66
2015.07.13 05:10:32.422,8.43873,8.44467,2.04,1.66
2015.07.13 05:10:37.469,8.43883,8.44477,2.04,1.66
2015.07.13 05:10:50.239,8.43883,8.44477,1.74,1.66
2015.07.13 05:10:55.410,8.43883,8.44477,2.04,1.66
2015.07.13 05:10:57.433,8.43854,8.44446,2.04,1.66
2015.07.13 05:10:58.479,8.43863,8.44457,2.04,1.66
2015.07.13 05:10:59.259,8.43863,8.44457,2.04,1.66
2015.07.13 05:11:08.300,8.43863,8.44457,2.04,1.66
2015.07.13 05:11:08.401,8.43903,8.44497,1.74,1.66
2015.07.13 05:11:08.502,8.43874,8.44456,2.04,1.66
2015.07.13 05:11:09.590,8.43903,8.44497,1.74,1.66
2015.07.13 05:11:11.459,8.43913,8.44507,1.74,1.66
2015.07.13 05:11:13.008,8.43913,8.44507,2.04,1.66
2015.07.13 05:11:13.438,8.43903,8.44497,2.41,1.66
2015.07.13 05:11:18.527,8.43893,8.44487,2.41,1.66
2015.07.13 05:11:21.468,8.43913,8.44507,2.04,1.66
2015.07.13 05:11:26.552,8.43963,8.44557,1.74,1.66
2015.07.13 05:11:26.653,8.43963,8.44557,2.04,1.66
2015.07.13 05:11:26.769,8.43994,8.44586,2.04,1.66
2015.07.13 05:11:26.870,8.43994,8.44586,2.04,1.66
2015.07.13 05:11:27.204,8.44013,8.44607,2.04,1.66
2015.07.13 05:11:28.002,8.43983,8.44577,2.41,1.66
2015.07.13 05:11:31.918,8.44013,8.44607,2.04,1.66
2015.07.13 05:11:33.946,8.43994,8.44586,2.04,1.66
2015.07.13 05:11:45.898,8.43994,8.44586,2.04,1.66
2015.07.13 05:11:46.877,8.44013,8.44607,1.74,1.66
2015.07.13 05:11:47.867,8.44004,8.44596,1.74,1.66
2015.07.13 05:11:50.993,8.44014,8.44606,1.74,1.66
2015.07.13 05:11:51.985,8.44003,8.44597,1.74,1.66
2015.07.13 05:11:53.965,8.44013,8.44607,1.74,1.66
2015.07.13 05:11:56.677,8.44013,8.44607,2.04,1.66
2015.07.13 05:11:57.777,8.44013,8.44607,2.04,1.66
2015.07.13 05:11:58.120,8.43983,8.44577,2.41,1.66
2015.07.13 05:11:58.916,8.44003,8.44597,2.41,1.66
2015.07.13 05:12:00.119,8.44003,8.44597,2.04,1.66
2015.07.13 05:12:00.972,8.44014,8.44606,2.04,1.66
2015.07.13 05:12:01.124,8.44014,8.44606,2.04,1.66
2015.07.13 05:12:02.216,8.44063,8.44657,1.74,1.66
2015.07.13 05:12:02.937,8.44033,8.44627,2.04,1.66
2015.07.13 05:12:03.489,8.44033,8.44627,2.41,1.66
2015.07.13 05:12:04.917,8.44064,8.44656,2.04,1.66
2015.07.13 05:12:10.967,8.44043,8.44637,2.04,1.66
2015.07.13 05:12:13.209,8.44113,8.44707,1.74,1.66
2015.07.13 05:12:15.379,8.44113,8.44707,2.04,1.66
2015.07.13 05:12:20.287,8.44103,8.44697,2.04,1.66
2015.07.13 05:12:22.527,8.44103,8.44697,2.04,1.66
2015.07.13 05:12:23.147,8.44113,8.44707,2.04,1.66
2015.07.13 05:12:23.616,8.44133,8.44727,1.74,1.66
2015.07.13 05:12:24.585,8.44113,8.44707,2.04,1.66
2015.07.13 05:12:25.607,8.44113,8.44707,2.04,1.66
2015.07.13 05:12:37.680,8.44144,8.44736,1.74,1.66
2015.07.13 05:12:38.656,8.44133,8.44727,1.74,1.66
2015.07.13 05:12:39.647,8.44163,8.44757,1.74,1.66
2015.07.13 05:12:43.716,8.44173,8.44767,1.66,1.66
2015.07.13 05:12:50.385,8.44173,8.44767,2.04,1.66
2015.07.13 05:12:50.713,8.44113,8.44707,2.41,1.66
2015.07.13 05:12:51.424,8.44143,8.44737,2.04,1.66
2015.07.13 05:13:23.096,8.44183,8.44777,1.74,1.66
2015.07.13 05:13:23.198,8.44183,8.44777,2.04,1.66
2015.07.13 05:13:23.534,8.44163,8.44757,2.41,1.66
2015.07.13 05:13:23.925,8.44163,8.44757,1.74,1.66
2015.07.13 05:13:24.416,8.44193,8.44787,1.66,1.66
2015.07.13 05:13:24.813,8.44193,8.44787,2.04,1.66
2015.07.13 05:13:25.416,8.44173,8.44767,2.04,1.66
2015.07.13 05:13:26.395,8.44193,8.44787,2.04,1.66
2015.07.13 05:13:32.418,8.44193,8.44787,2.04,1.66
2015.07.13 05:13:32.727,8.44193,8.44787,2.41,1.66
2015.07.13 05:13:33.985,8.44283,8.44877,2.04,1.66
2015.07.13 05:13:35.017,8.44114,8.45137,1.75,2.41
2015.07.13 05:13:35.965,8.44303,8.44897,1.74,1.66
2015.07.13 05:13:36.736,8.44243,8.44837,2.41,1.66
2015.07.13 05:13:36.838,8.44243,8.44837,2.04,1.66
2015.07.13 05:13:36.962,8.44114,8.45127,1.75,2.41
2015.07.13 05:13:38.935,8.44243,8.44837,2.04,1.66
2015.07.13 05:13:43.994,8.44114,8.45107,1.75,2.41
2015.07.13 05:13:46.964,8.44254,8.44846,1.74,1.66
2015.07.13 05:13:48.944,8.44263,8.44857,1.74,1.66
2015.07.13 05:13:51.914,8.44053,8.45117,1.75,2.41
2015.07.13 05:13:55.984,8.44263,8.44857,1.74,1.66
2015.07.13 05:13:59.736,8.44213,8.44807,2.04,1.66
2015.07.13 05:13:59.787,8.44213,8.44807,1.74,1.66
2015.07.13 05:13:59.956,8.44053,8.45077,1.75,2.41
2015.07.13 05:14:00.359,8.43993,8.45017,1.75,1.75
2015.07.13 05:14:01.468,8.43923,8.44947,1.75,2.41
2015.07.13 05:14:05.994,8.44053,8.44647,1.74,1.66
2015.07.13 05:14:08.964,8.43875,8.44927,1.75,2.41
2015.07.13 05:14:19.976,8.44063,8.44657,1.74,1.66
2015.07.13 05:14:22.957,8.43865,8.44927,1.35,2.41
2015.07.13 05:14:23.947,8.44063,8.44657,1.74,1.66
2015.07.13 05:14:31.969,8.43892,8.44937,1.12,2.41
2015.07.13 05:14:32.125,8.43933,8.44975,1.75,1.75
2015.07.13 05:14:34.104,8.43933,8.44975,1.75,1.37
2015.07.13 05:14:43.943,8.44133,8.44727,1.74,1.66
2015.07.13 05:14:44.934,8.44123,8.44717,2.04,1.66
2015.07.13 05:14:45.923,8.44133,8.44727,1.74,1.66
2015.07.13 05:14:50.031,8.43933,8.45017,2.25,2.41
2015.07.13 05:14:50.082,8.44003,8.45017,1.75,2.04
2015.07.13 05:14:53.939,8.44012,8.45066,1.75,2.41
2015.07.13 05:14:54.582,8.44064,8.45116,1.75,2.04
2015.07.13 05:15:04.955,8.44253,8.44847,2.04,1.66
2015.07.13 05:15:16.981,8.44073,8.45117,1.75,2.04
2015.07.13 05:15:17.032,8.44073,8.45117,1.75,2.41
2015.07.13 05:16:06.214,8.43981,8.45027,1.75,2.04
2015.07.13 05:16:06.315,8.43981,8.45027,1.75,2.41
2015.07.13 05:16:18.983,8.44123,8.44717,1.74,1.66
2015.07.13 05:16:21.478,8.44123,8.44717,1.66,1.66
2015.07.13 05:16:21.528,8.44093,8.44687,1.66,1.66
2015.07.13 05:16:21.953,8.43905,8.44957,1.75,2.41
2015.07.13 05:16:36.863,8.43905,8.44927,1.75,2.41
2015.07.13 05:16:43.686,8.43865,8.44953,1.35,1.75
2015.07.13 05:16:56.971,8.44073,8.44667,1.74,1.66
2015.07.13 05:17:00.025,8.43865,8.44937,1.35,2.04
2015.07.13 05:17:02.982,8.44104,8.44696,1.66,1.66
2015.07.13 05:17:03.972,8.43913,8.44967,1.75,2.41
2015.07.13 05:17:05.952,8.44103,8.44697,1.66,1.66
2015.07.13 05:17:18.345,8.44103,8.44697,2.04,1.66
2015.07.13 05:17:18.931,8.43917,8.44967,1.75,2.04
2015.07.13 05:17:19.435,8.43917,8.45007,1.75,2.04
2015.07.13 05:17:23.991,8.44193,8.44787,1.66,1.66
2015.07.13 05:17:29.978,8.43992,8.45047,1.75,2.41
2015.07.13 05:17:47.971,8.44203,8.44797,1.66,1.66
2015.07.13 05:18:00.970,8.44213,8.44807,1.66,1.66
2015.07.13 05:18:01.329,8.44213,8.44807,1.74,1.66
2015.07.13 05:18:05.061,8.44023,8.45076,1.75,2.41
2015.07.13 05:18:07.721,8.44023,8.45076,1.75,2.41
2015.07.13 05:18:08.980,8.44223,8.44817,1.66,1.66
2015.07.13 05:18:12.194,8.44263,8.44857,1.66,1.66
2015.07.13 05:18:12.964,8.44023,8.45098,1.75,1.37
2015.07.13 05:18:15.538,8.44065,8.45126,1.75,2.41
2015.07.13 05:18:22.950,8.44263,8.44857,1.74,1.66
2015.07.13 05:18:27.020,8.44073,8.45127,1.75,2.41
2015.07.13 05:18:27.672,8.44073,8.45127,1.75,2.41
2015.07.13 05:18:46.814,8.44073,8.45127,1.75,2.41
2015.07.13 05:18:47.312,8.44253,8.44847,2.04,1.66
2015.07.13 05:19:15.968,8.44089,8.45127,1.75,2.41
2015.07.13 05:19:20.649,8.44073,8.45087,1.75,2.04
2015.07.13 05:19:25.015,8.44233,8.44817,1.74,1.66
2015.07.13 05:19:32.028,8.44014,8.45067,1.75,2.04
2015.07.13 05:19:46.938,8.44004,8.45082,1.75,1.37
2015.07.13 05:19:49.688,8.44009,8.45082,1.12,1.75
2015.07.13 05:19:50.948,8.44253,8.44847,1.66,1.66
2015.07.13 05:19:52.438,8.44253,8.44847,1.74,1.66
2015.07.13 05:19:53.038,8.44233,8.44827,2.04,1.66
2015.07.13 05:19:55.018,8.44243,8.44837,2.04,1.66
2015.07.13 05:19:55.189,8.44243,8.44837,1.66,1.66
2015.07.13 05:19:56.008,8.44024,8.45067,1.75,1.37
2015.07.13 05:19:56.997,8.44213,8.44807,1.74,1.66
2015.07.13 05:20:03.427,8.44024,8.45077,1.75,1.50
2015.07.13 05:20:04.383,8.44223,8.44817,1.74,1.66
2015.07.13 05:20:05.384,8.44233,8.44827,1.66,1.66
2015.07.13 05:20:12.402,8.44203,8.44797,1.74,1.66
2015.07.13 05:20:13.442,8.44224,8.44816,1.74,1.66
2015.07.13 05:20:23.402,8.44233,8.44827,1.66,1.66
2015.07.13 05:20:27.924,8.44283,8.44877,1.66,1.66
2015.07.13 05:20:28.227,8.44323,8.44917,1.66,1.66
2015.07.13 05:20:28.809,8.44283,8.44877,1.66,1.66
2015.07.13 05:20:30.442,8.44133,8.45157,1.75,1.75
2015.07.13 05:20:31.432,8.44293,8.44887,1.66,1.66
2015.07.13 05:20:34.402,8.44283,8.44877,1.66,1.66
2015.07.13 05:20:44.412,8.44293,8.44887,1.66,1.66
2015.07.13 05:20:48.377,8.44273,8.44867,1.66,1.66
2015.07.13 05:20:49.366,8.44253,8.44847,1.66,1.66
2015.07.13 05:20:57.073,8.44213,8.44807,1.74,1.66
2015.07.13 05:20:57.413,8.44233,8.44827,1.66,1.66
2015.07.13 05:21:30.390,8.44243,8.44837,1.66,1.66
2015.07.13 05:21:33.360,8.44233,8.44827,1.66,1.66
2015.07.13 05:21:53.380,8.44244,8.44836,1.66,1.66
2015.07.13 05:22:04.830,8.44283,8.44877,1.66,1.66
2015.07.13 05:22:05.381,8.44253,8.44847,1.66,1.66
2015.07.13 05:22:06.372,8.44273,8.44867,1.66,1.66
2015.07.13 05:22:27.710,8.44243,8.44837,1.66,1.66
2015.07.13 05:22:28.151,8.44203,8.44797,1.66,1.66
2015.07.13 05:22:28.532,8.44223,8.44817,1.66,1.66
2015.07.13 05:22:29.174,8.44193,8.44787,1.66,1.66
2015.07.13 05:22:29.511,8.44153,8.44747,1.66,1.66
2015.07.13 05:22:30.119,8.44183,8.44777,1.66,1.66
2015.07.13 05:22:40.397,8.44163,8.44757,1.66,1.66
2015.07.13 05:22:40.699,8.44143,8.44737,1.66,1.66
2015.07.13 05:23:15.354,8.44153,8.44747,1.66,1.66
2015.07.13 05:23:16.357,8.44084,8.44676,1.66,1.66
2015.07.13 05:23:24.349,8.44073,8.44667,1.66,1.66
2015.07.13 05:23:42.387,8.44063,8.44657,1.66,1.66
2015.07.13 05:23:42.779,8.44023,8.44617,1.66,1.66
2015.07.13 05:23:43.083,8.43973,8.44567,1.66,1.66
2015.07.13 05:23:43.708,8.44013,8.44607,1.66,1.66
2015.07.13 05:23:44.019,8.43993,8.44577,1.66,1.66
2015.07.13 05:23:45.717,8.43963,8.44557,1.66,1.66
2015.07.13 05:23:45.818,8.43933,8.44527,1.66,1.66
2015.07.13 05:23:46.789,8.43924,8.44516,1.66,1.66
2015.07.13 05:23:52.640,8.43713,8.44747,1.75,2.41
2015.07.13 05:23:52.691,8.43713,8.44747,1.75,2.41
2015.07.13 05:23:54.467,8.43693,8.44687,1.75,2.41
2015.07.13 05:23:54.801,8.43913,8.44507,1.66,1.66
2015.07.13 05:23:55.106,8.43893,8.44477,1.66,1.66
2015.07.13 05:23:55.807,8.43723,8.44747,1.75,1.74
2015.07.13 05:23:56.797,8.43903,8.44497,1.66,1.66
2015.07.13 05:24:05.950,8.43944,8.44536,1.66,1.66
2015.07.13 05:24:08.786,8.43933,8.44527,1.66,1.66
2015.07.13 05:24:13.533,8.43963,8.44557,1.66,1.66
2015.07.13 05:24:13.848,8.43913,8.44507,1.66,1.66
2015.07.13 05:24:14.222,8.43953,8.44547,1.66,1.66
2015.07.13 05:24:14.563,8.43953,8.44547,1.74,1.66
2015.07.13 05:24:14.767,8.44013,8.44607,1.66,1.66
2015.07.13 05:24:16.727,8.44033,8.44627,1.66,1.66
2015.07.13 05:24:18.686,8.44053,8.44647,1.66,1.66
2015.07.13 05:24:21.458,8.44113,8.44697,1.66,1.66
2015.07.13 05:24:21.775,8.43973,8.44957,1.37,2.04
2015.07.13 05:24:22.784,8.44083,8.44677,1.66,1.66
2015.07.13 05:24:23.414,8.44083,8.44677,1.74,1.66
2015.07.13 05:24:23.791,8.44013,8.44957,1.37,2.04
2015.07.13 05:24:24.765,8.44153,8.44747,1.66,1.66
2015.07.13 05:24:25.773,8.44183,8.44777,1.66,1.66
2015.07.13 05:24:26.745,8.44173,8.44767,1.66,1.66
2015.07.13 05:24:48.314,8.44203,8.44797,1.66,1.66
2015.07.13 05:24:48.718,8.44073,8.45042,1.75,1.37
2015.07.13 05:24:49.705,8.44243,8.44837,1.66,1.66
2015.07.13 05:24:54.815,8.44233,8.44827,1.66,1.66
2015.07.13 05:24:58.761,8.44243,8.44837,1.66,1.66
2015.07.13 05:24:59.497,8.44293,8.44887,1.66,1.66
2015.07.13 05:24:59.766,8.44083,8.4513,1.75,1.75
2015.07.13 05:25:00.706,8.44273,8.44867,1.66,1.66
2015.07.13 05:25:08.737,8.44293,8.44887,1.66,1.66
2015.07.13 05:25:12.732,8.44283,8.44877,1.66,1.66
2015.07.13 05:25:14.691,8.44273,8.44867,1.66,1.66
2015.07.13 05:25:25.347,8.44304,8.44896,1.66,1.66
2015.07.13 05:25:37.667,8.44304,8.44896,1.74,1.66
2015.07.13 05:25:37.820,8.44133,8.45187,1.75,3.16
2015.07.13 05:25:38.820,8.44333,8.44927,1.66,1.66
2015.07.13 05:25:42.745,8.44343,8.44937,1.66,1.66
2015.07.13 05:26:01.756,8.44333,8.44927,1.66,1.66
2015.07.13 05:26:03.232,8.44314,8.44906,1.66,1.66
2015.07.13 05:26:03.333,8.44263,8.44857,1.66,1.66
2015.07.13 05:26:04.202,8.44283,8.44877,1.66,1.66
2015.07.13 05:26:04.527,8.44233,8.44827,1.66,1.66
2015.07.13 05:26:27.826,8.44273,8.44867,1.66,1.66
2015.07.13 05:26:28.182,8.44253,8.44847,1.66,1.66
2015.07.13 05:26:29.144,8.44243,8.44837,1.66,1.66
2015.07.13 05:26:32.115,8.44233,8.44827,1.66,1.66
2015.07.13 05:26:34.204,8.44213,8.44807,1.66,1.66
2015.07.13 05:26:39.154,8.44233,8.44827,1.66,1.66
2015.07.13 05:26:41.135,8.44243,8.44837,1.66,1.66
2015.07.13 05:26:43.114,8.44273,8.44867,1.66,1.66
2015.07.13 05:27:33.514,8.44223,8.44817,1.66,1.66
2015.07.13 05:27:33.838,8.44184,8.44776,1.66,1.66
2015.07.13 05:27:34.507,8.44223,8.44817,1.66,1.66
2015.07.13 05:27:35.061,8.44153,8.44747,1.66,1.66
2015.07.13 05:27:36.069,8.44183,8.44777,1.66,1.66
2015.07.13 05:27:49.156,8.44143,8.44737,1.66,1.66
2015.07.13 05:27:49.508,8.44103,8.44697,1.66,1.66
2015.07.13 05:27:50.103,8.44143,8.44737,1.66,1.66
2015.07.13 05:27:50.896,8.44053,8.44647,1.66,1.66
2015.07.13 05:27:55.822,8.44083,8.44677,1.66,1.66
2015.07.13 05:27:56.482,8.44053,8.44647,1.66,1.66
2015.07.13 05:28:02.422,8.44073,8.44667,1.66,1.66
2015.07.13 05:28:06.538,8.44083,8.44677,1.66,1.66
2015.07.13 05:28:07.532,8.44073,8.44667,1.66,1.66
2015.07.13 05:28:09.610,8.44053,8.44647,1.66,1.66
2015.07.13 05:28:09.943,8.43983,8.44577,1.74,1.66
2015.07.13 05:28:10.561,8.44024,8.44616,1.66,1.66
2015.07.13 05:28:12.342,8.44054,8.44646,1.66,1.66
2015.07.13 05:28:12.575,8.44023,8.44617,1.66,1.66
2015.07.13 05:28:13.131,8.44023,8.44617,1.74,1.66
2015.07.13 05:28:17.533,8.44043,8.44637,1.66,1.66
2015.07.13 05:28:27.986,8.44023,8.44617,1.74,1.66
2015.07.13 05:28:43.011,8.44043,8.44637,1.66,1.66
2015.07.13 05:28:47.082,8.44003,8.44597,2.04,1.66
2015.07.13 05:28:47.961,8.44013,8.44607,1.74,1.66
2015.07.13 05:28:49.401,8.44013,8.44607,1.66,1.66
2015.07.13 05:28:50.930,8.43993,8.44587,1.66,1.66
2015.07.13 05:28:51.274,8.43993,8.44587,1.74,1.66
2015.07.13 05:28:51.812,8.44023,8.44617,1.66,1.66
2015.07.13 05:28:57.970,8.44033,8.44627,1.66,1.66
2015.07.13 05:29:04.018,8.44033,8.44627,1.74,1.66
2015.07.13 05:29:13.929,8.44063,8.44657,1.74,1.66
2015.07.13 05:29:34.930,8.44053,8.44647,1.74,1.66
2015.07.13 05:29:36.366,8.44024,8.44616,2.04,1.66
2015.07.13 05:29:37.357,8.44033,8.44627,1.74,1.66
2015.07.13 05:29:39.338,8.44043,8.44637,1.74,1.66
2015.07.13 05:29:40.339,8.44033,8.44627,1.74,1.66
2015.07.13 05:29:42.409,8.44053,8.44647,1.74,1.66
2015.07.13 05:29:44.049,8.44053,8.44647,1.66,1.66
2015.07.13 05:30:00.339,8.44043,8.44637,1.66,1.66
2015.07.13 05:30:01.364,8.44013,8.44607,1.66,1.66
2015.07.13 05:30:02.322,8.44023,8.44617,1.66,1.66
2015.07.13 05:30:03.412,8.44023,8.44617,2.04,1.66
2015.07.13 05:30:05.292,8.44033,8.44627,1.74,1.66
2015.07.13 05:30:05.402,8.44033,8.44627,1.66,1.66
2015.07.13 05:30:06.202,8.44033,8.44627,2.04,1.66
2015.07.13 05:30:09.362,8.44053,8.44647,1.74,1.66
2015.07.13 05:30:10.352,8.44043,8.44637,2.04,1.66
2015.07.13 05:30:11.341,8.44033,8.44627,2.04,1.66
2015.07.13 05:30:18.262,8.44033,8.44627,1.74,1.66
2015.07.13 05:30:26.774,8.44063,8.44657,1.66,1.66
2015.07.13 05:30:27.514,8.44103,8.44697,1.66,1.66
2015.07.13 05:30:28.299,8.44064,8.44656,1.66,1.66
2015.07.13 05:30:29.271,8.44073,8.44667,1.66,1.66
2015.07.13 05:30:30.261,8.44053,8.44647,1.66,1.66
2015.07.13 05:30:33.231,8.44023,8.44617,1.66,1.66
2015.07.13 05:30:50.280,8.44043,8.44637,1.66,1.66
2015.07.13 05:30:51.294,8.44053,8.44647,1.66,1.66
2015.07.13 05:30:52.480,8.44073,8.44667,1.66,1.66
2015.07.13 05:31:04.470,8.44083,8.44677,1.66,1.66
2015.07.13 05:31:15.580,8.44073,8.44667,1.66,1.66
2015.07.13 05:32:01.559,8.44083,8.44677,1.66,1.66
2015.07.13 05:32:06.522,8.44054,8.44646,1.66,1.66
2015.07.13 05:32:09.479,8.44033,8.44627,1.66,1.66
2015.07.13 05:32:10.579,8.44043,8.44637,1.66,1.66
2015.07.13 05:32:11.010,8.44013,8.44607,1.66,1.66
2015.07.13 05:32:14.582,8.44003,8.44597,1.66,1.66
2015.07.13 05:32:16.535,8.43993,8.44587,1.66,1.66
2015.07.13 05:32:16.839,8.44023,8.44617,1.66,1.66
2015.07.13 05:32:17.180,8.44053,8.44647,1.66,1.66
2015.07.13 05:32:19.489,8.44063,8.44657,1.66,1.66
2015.07.13 05:32:29.501,8.44113,8.44707,1.66,1.66
2015.07.13 05:32:33.615,8.44133,8.44727,1.66,1.66
2015.07.13 05:32:40.396,8.44113,8.44707,1.66,1.66
2015.07.13 05:32:50.428,8.44123,8.44717,1.66,1.66
2015.07.13 05:32:50.882,8.44073,8.44667,1.66,1.66
2015.07.13 05:32:51.251,8.44043,8.44637,1.66,1.66
2015.07.13 05:32:51.938,8.44064,8.44656,1.66,1.66
2015.07.13 05:32:52.818,8.44033,8.44627,1.66,1.66
2015.07.13 05:32:52.928,8.44043,8.44637,1.66,1.66
2015.07.13 05:32:59.967,8.44033,8.44627,1.66,1.66
2015.07.13 05:33:10.859,8.44063,8.44657,1.66,1.66
2015.07.13 05:33:11.168,8.44053,8.44647,1.66,1.66
2015.07.13 05:33:15.917,8.44074,8.44666,1.66,1.66
2015.07.13 05:33:22.201,8.44053,8.44647,1.66,1.66
2015.07.13 05:33:40.278,8.44073,8.44667,1.66,1.66
2015.07.13 05:33:40.690,8.44104,8.44696,1.66,1.66
2015.07.13 05:33:42.206,8.44113,8.44707,1.66,1.66
2015.07.13 05:33:50.251,8.44133,8.44727,1.66,1.66
2015.07.13 05:33:58.916,8.44133,8.44727,1.74,1.66
2015.07.13 05:34:16.211,8.44123,8.44717,1.74,1.66
2015.07.13 05:34:16.530,8.44183,8.44777,1.66,1.66
2015.07.13 05:34:17.117,8.44253,8.44847,1.66,1.66
2015.07.13 05:34:17.429,8.44223,8.44817,1.66,1.66
2015.07.13 05:34:18.168,8.44233,8.44817,1.07,1.66
2015.07.13 05:34:18.218,8.44283,8.44877,1.66,1.66
2015.07.13 05:34:19.207,8.44303,8.44897,1.66,1.66
2015.07.13 05:34:28.176,8.44303,8.44897,1.74,1.66
2015.07.13 05:34:29.175,8.44323,8.44917,1.66,1.66
2015.07.13 05:34:32.585,8.44293,8.44887,1.74,1.66
2015.07.13 05:34:32.717,8.44293,8.44887,1.66,1.66
2015.07.13 05:34:33.619,8.44303,8.44897,1.66,1.66
2015.07.13 05:34:38.971,8.44333,8.44927,1.66,1.66
2015.07.13 05:34:39.521,8.44323,8.44917,1.66,1.66
2015.07.13 05:34:40.177,8.44323,8.44917,1.74,1.66
2015.07.13 05:34:42.485,8.44343,8.44937,1.74,1.66
2015.07.13 05:34:48.760,8.44314,8.44906,1.66,1.66
2015.07.13 05:34:48.988,8.44283,8.44877,1.74,1.66
2015.07.13 05:34:50.074,8.44304,8.44896,1.66,1.66
2015.07.13 05:34:55.785,8.44304,8.44896,2.04,1.66
2015.07.13 05:35:01.109,8.44283,8.44877,2.04,1.66
2015.07.13 05:35:02.068,8.44303,8.44897,2.04,1.66
2015.07.13 05:35:06.030,8.44293,8.44887,2.04,1.66
2015.07.13 05:35:06.390,8.44293,8.44887,2.41,1.66
2015.07.13 05:35:06.689,8.44323,8.44917,2.04,1.66
2015.07.13 05:35:07.018,8.44343,8.44937,2.04,1.66
2015.07.13 05:35:14.158,8.44343,8.44937,1.66,1.66
2015.07.13 05:35:27.741,8.44313,8.44907,1.74,1.66
2015.07.13 05:35:28.059,8.44303,8.44897,2.04,1.66
2015.07.13 05:35:28.401,8.44273,8.44867,2.04,1.66
2015.07.13 05:35:28.599,8.44273,8.44867,2.04,1.66
2015.07.13 05:35:28.700,8.44243,8.44837,2.04,1.66
2015.07.13 05:35:29.003,8.44233,8.44827,2.41,1.66
2015.07.13 05:35:29.457,8.44233,8.44827,1.74,1.66
2015.07.13 05:35:29.805,8.44243,8.44837,1.74,1.66
2015.07.13 05:35:31.768,8.44233,8.44827,1.74,1.66
2015.07.13 05:35:33.410,8.44233,8.44827,2.04,1.66
2015.07.13 05:35:33.663,8.44263,8.44857,2.04,1.66
2015.07.13 05:35:33.764,8.44263,8.44857,2.41,1.66
2015.07.13 05:35:36.718,8.44273,8.44867,2.04,1.66
2015.07.13 05:35:45.764,8.44303,8.44897,2.04,1.66
2015.07.13 05:35:50.504,8.44333,8.44927,1.74,1.66
2015.07.13 05:35:50.605,8.44333,8.44927,2.04,1.66
2015.07.13 05:35:50.992,8.44323,8.44917,2.04,1.66
2015.07.13 05:35:53.767,8.44343,8.44937,2.04,1.66
2015.07.13 05:35:55.635,8.44343,8.44937,1.66,1.66
2015.07.13 05:35:55.750,8.44323,8.44917,1.74,1.66
2015.07.13 05:35:56.177,8.44323,8.44917,2.04,1.66
2015.07.13 05:35:58.717,8.44343,8.44937,2.04,1.66
2015.07.13 05:36:00.807,8.44323,8.44917,2.04,1.66
2015.07.13 05:36:04.767,8.44343,8.44937,2.04,1.66
2015.07.13 05:36:07.737,8.44323,8.44917,2.04,1.66
2015.07.13 05:36:29.005,8.44323,8.44917,1.66,1.66
2015.07.13 05:36:29.117,8.44253,8.44847,2.04,1.66
2015.07.13 05:36:29.218,8.44253,8.44847,1.74,1.66
2015.07.13 05:36:29.420,8.44203,8.44797,2.04,1.66
2015.07.13 05:36:30.087,8.44203,8.44797,1.74,1.66
2015.07.13 05:36:33.417,8.44163,8.44757,1.74,1.66
2015.07.13 05:36:33.807,8.44143,8.44737,2.04,1.66
2015.07.13 05:36:34.358,8.44103,8.44697,2.41,1.66
2015.07.13 05:36:34.796,8.44133,8.44727,2.04,1.66
2015.07.13 05:36:52.874,8.44113,8.44707,1.74,1.66
2015.07.13 05:36:53.936,8.44123,8.44717,1.74,1.66
2015.07.13 05:36:54.047,8.44073,8.44667,2.04,1.66
2015.07.13 05:37:04.537,8.44103,8.44697,1.74,1.66
2015.07.13 05:37:07.905,8.44123,8.44717,1.74,1.66
2015.07.13 05:37:08.946,8.44123,8.44717,2.04,1.66
2015.07.13 05:37:11.230,8.44123,8.44717,2.41,1.66
2015.07.13 05:37:11.333,8.44193,8.44787,1.74,1.66
2015.07.13 05:37:11.908,8.44173,8.44767,2.04,1.66
2015.07.13 05:37:21.899,8.44203,8.44797,1.74,1.66
2015.07.13 05:37:26.054,8.44173,8.44767,2.04,1.66
2015.07.13 05:37:28.498,8.44123,8.44717,2.41,1.66
2015.07.13 05:37:28.629,8.44123,8.44717,2.04,1.66
2015.07.13 05:37:29.025,8.44143,8.44737,2.04,1.66
2015.07.13 05:37:35.954,8.44133,8.44727,2.04,1.66
2015.07.13 05:37:57.954,8.44143,8.44737,2.04,1.66
2015.07.13 05:38:04.597,8.44143,8.44737,2.41,1.66
2015.07.13 05:38:04.994,8.44133,8.44727,2.41,1.66
2015.07.13 05:38:05.482,8.44173,8.44767,2.04,1.66
2015.07.13 05:38:06.031,8.44183,8.44777,2.04,1.66
2015.07.13 05:38:06.974,8.44163,8.44757,2.04,1.66
2015.07.13 05:38:07.964,8.44203,8.44797,2.04,1.66
2015.07.13 05:38:33.045,8.44183,8.44777,2.04,1.66
2015.07.13 05:38:33.815,8.44143,8.44737,2.41,1.66
2015.07.13 05:38:33.944,8.44143,8.44737,2.04,1.66
2015.07.13 05:38:34.048,8.44163,8.44757,1.74,1.66
2015.07.13 05:38:53.098,8.44143,8.44737,2.04,1.66
2015.07.13 05:38:54.543,8.44143,8.44737,1.74,1.66
2015.07.13 05:38:59.002,8.44163,8.44757,1.66,1.66
2015.07.13 05:39:10.580,8.44163,8.44757,1.74,1.66
2015.07.13 05:39:11.102,8.44143,8.44737,2.04,1.66
2015.07.13 05:39:11.323,8.44173,8.44767,1.74,1.66
2015.07.13 05:39:13.082,8.44193,8.44787,1.66,1.66
2015.07.13 05:39:20.056,8.44184,8.44776,1.74,1.66
2015.07.13 05:39:41.461,8.44163,8.44757,1.74,1.66
2015.07.13 05:39:43.441,8.44183,8.44777,1.74,1.66
2015.07.13 05:39:50.060,8.44153,8.44747,1.74,1.66
2015.07.13 05:39:50.735,8.44123,8.44717,1.74,1.66
2015.07.13 05:39:51.031,8.44153,8.44747,1.66,1.66
2015.07.13 05:39:54.576,8.44123,8.44717,1.66,1.66
2015.07.13 05:39:55.541,8.44143,8.44737,1.66,1.66
2015.07.13 05:39:55.972,8.44103,8.44697,1.66,1.66
2015.07.13 05:40:02.583,8.44083,8.44677,1.74,1.66
2015.07.13 05:40:03.279,8.44113,8.44707,1.66,1.66
2015.07.13 05:40:04.243,8.44143,8.44737,1.66,1.66
2015.07.13 05:40:04.546,8.44143,8.44737,1.74,1.66
2015.07.13 05:40:04.597,8.44173,8.44767,1.66,1.66
2015.07.13 05:40:05.046,8.44173,8.44767,1.74,1.66
2015.07.13 05:40:05.586,8.44183,8.44777,1.74,1.66
2015.07.13 05:40:06.233,8.44183,8.44777,1.66,1.66
2015.07.13 05:40:06.543,8.44193,8.44787,1.66,1.66
2015.07.13 05:40:09.535,8.44213,8.44807,1.66,1.66
2015.07.13 05:40:19.524,8.44193,8.44787,1.66,1.66
2015.07.13 05:40:29.565,8.44203,8.44797,1.66,1.66
2015.07.13 05:40:42.512,8.44193,8.44787,1.66,1.66
2015.07.13 05:40:48.033,8.44154,8.44746,1.66,1.66
2015.07.13 05:40:48.376,8.44113,8.44707,2.04,1.66
2015.07.13 05:40:48.588,8.44113,8.44707,1.66,1.66
2015.07.13 05:40:49.112,8.44153,8.44747,1.66,1.66
2015.07.13 05:40:49.444,8.44103,8.44697,1.74,1.66
2015.07.13 05:40:50.135,8.44083,8.44677,1.74,1.66
2015.07.13 05:40:51.216,8.44093,8.44687,1.74,1.66
2015.07.13 05:41:01.703,8.44093,8.44687,1.66,1.66
2015.07.13 05:41:02.208,8.44083,8.44677,1.66,1.66
2015.07.13 05:41:02.715,8.44083,8.44677,2.04,1.66
2015.07.13 05:41:10.807,8.44083,8.44677,1.66,1.66
2015.07.13 05:41:11.013,8.44063,8.44657,1.66,1.66
2015.07.13 05:41:11.445,8.44003,8.44597,2.04,1.66
2015.07.13 05:41:12.981,8.44023,8.44617,1.74,1.66
2015.07.13 05:41:15.451,8.44023,8.44617,1.66,1.66
2015.07.13 05:41:16.061,8.44003,8.44597,1.66,1.66
2015.07.13 05:41:19.031,8.44024,8.44616,1.66,1.66
2015.07.13 05:41:20.021,8.44043,8.44637,1.66,1.66
2015.07.13 05:41:21.782,8.44003,8.44597,1.66,1.66
2015.07.13 05:41:22.772,8.44023,8.44617,1.66,1.66
2015.07.13 05:41:33.771,8.44013,8.44607,1.66,1.66
2015.07.13 05:41:34.171,8.43983,8.44577,1.66,1.66
2015.07.13 05:41:34.771,8.44013,8.44607,1.66,1.66
2015.07.13 05:41:35.444,8.44013,8.44607,1.74,1.66
2015.07.13 05:41:37.451,8.44013,8.44607,1.66,1.66
2015.07.13 05:41:40.422,8.44013,8.44607,1.74,1.66
2015.07.13 05:41:48.686,8.44013,8.44607,1.66,1.66
2015.07.13 05:41:48.737,8.44024,8.44616,1.66,1.66
2015.07.13 05:41:53.494,8.43983,8.44577,1.74,1.66
2015.07.13 05:41:53.688,8.43943,8.44537,2.04,1.66
2015.07.13 05:41:53.739,8.43943,8.44537,1.66,1.66
2015.07.13 05:41:54.560,8.43963,8.44557,1.66,1.66
2015.07.13 05:41:57.315,8.43883,8.44477,1.74,1.66
2015.07.13 05:41:57.487,8.43883,8.44477,1.66,1.66
2015.07.13 05:41:58.301,8.43903,8.44497,1.66,1.66
2015.07.13 05:42:01.397,8.43913,8.44507,1.66,1.66
2015.07.13 05:42:10.626,8.43893,8.44487,1.66,1.66
2015.07.13 05:42:11.172,8.43843,8.44437,1.74,1.66
2015.07.13 05:42:11.629,8.43833,8.44427,1.74,1.66
2015.07.13 05:42:12.634,8.43843,8.44437,1.74,1.66
2015.07.13 05:42:15.071,8.43803,8.44397,1.74,1.66
2015.07.13 05:42:15.614,8.43814,8.44406,1.66,1.66
2015.07.13 05:42:16.718,8.43793,8.44387,1.74,1.66
2015.07.13 05:42:19.709,8.43803,8.44397,1.74,1.66
2015.07.13 05:42:24.943,8.43803,8.44397,1.66,1.66
2015.07.13 05:42:25.150,8.43773,8.44367,1.66,1.66
2015.07.13 05:42:25.476,8.43773,8.44367,1.74,1.66
2015.07.13 05:42:26.620,8.43733,8.44327,2.04,1.66
2015.07.13 05:42:26.680,8.43754,8.44336,1.74,1.66
2015.07.13 05:42:27.250,8.43754,8.44336,1.74,1.66
2015.07.13 05:42:30.884,8.43723,8.44317,1.66,1.66
2015.07.13 05:42:30.986,8.43673,8.44267,1.74,1.66
2015.07.13 05:42:31.859,8.43663,8.44257,2.04,1.66
2015.07.13 05:42:32.173,8.43633,8.44227,2.04,1.66
2015.07.13 05:42:32.649,8.43633,8.44227,1.74,1.66
2015.07.13 05:42:36.062,8.43643,8.44227,1.66,1.66
2015.07.13 05:42:48.869,8.43653,8.44247,1.66,1.66
2015.07.13 05:42:55.449,8.43653,8.44247,1.74,1.66
2015.07.13 05:43:04.819,8.43643,8.44237,1.74,1.66
2015.07.13 05:43:11.472,8.43643,8.44237,1.66,1.66
2015.07.13 05:43:14.829,8.43643,8.44227,1.66,1.66
2015.07.13 05:43:23.848,8.43643,8.44237,1.66,1.66
2015.07.13 05:43:24.838,8.43643,8.44227,1.66,1.66
2015.07.13 05:43:26.019,8.43643,8.44227,1.74,1.66
2015.07.13 05:43:27.149,8.43673,8.44257,1.66,1.66
2015.07.13 05:43:43.899,8.43693,8.44287,1.66,1.66
2015.07.13 05:43:58.738,8.43753,8.44347,1.66,1.66
2015.07.13 05:43:59.042,8.43793,8.44376,1.00,1.66
2015.07.13 05:43:59.201,8.43843,8.44437,1.66,1.66
2015.07.13 05:43:59.428,8.43843,8.44437,2.04,1.66
2015.07.13 05:43:59.859,8.43853,8.44447,2.04,1.66
2015.07.13 05:44:03.717,8.43853,8.44447,1.66,1.66
2015.07.13 05:44:04.768,8.43873,8.44467,1.66,1.66
2015.07.13 05:44:06.899,8.43923,8.44517,1.66,1.66
2015.07.13 05:44:23.908,8.43893,8.44477,1.66,1.66
2015.07.13 05:44:26.812,8.43883,8.44477,1.66,1.66
2015.07.13 05:44:28.857,8.43894,8.44486,1.66,1.66
2015.07.13 05:44:37.766,8.43883,8.44477,1.66,1.66
2015.07.13 05:44:49.866,8.43893,8.44487,1.66,1.66
2015.07.13 05:44:52.837,8.43883,8.44477,1.66,1.66
2015.07.13 05:44:54.816,8.43894,8.44486,1.66,1.66
2015.07.13 05:44:58.776,8.43883,8.44477,1.66,1.66
2015.07.13 05:45:03.479,8.43883,8.44477,2.04,1.66
2015.07.13 05:45:03.839,8.43893,8.44487,1.74,1.66
2015.07.13 05:45:08.789,8.43883,8.44477,2.04,1.66
2015.07.13 05:45:18.769,8.43893,8.44477,1.66,1.66
2015.07.13 05:45:18.819,8.43873,8.44467,1.74,1.66
2015.07.13 05:45:18.958,8.43873,8.44467,1.66,1.66
2015.07.13 05:45:23.858,8.43833,8.44427,2.04,1.66
2015.07.13 05:45:38.818,8.43823,8.44417,2.04,1.66
2015.07.13 05:45:46.880,8.43833,8.44427,2.04,1.66
2015.07.13 05:45:54.708,8.43833,8.44427,1.66,1.66
2015.07.13 05:45:54.877,8.43823,8.44417,1.74,1.66
2015.07.13 05:46:09.837,8.43833,8.44427,1.66,1.66
2015.07.13 05:46:20.878,8.43823,8.44417,1.74,1.66
2015.07.13 05:46:31.837,8.43833,8.44427,1.66,1.66
2015.07.13 05:46:45.225,8.43833,8.44427,1.66,1.74
2015.07.13 05:46:46.796,8.43823,8.44417,1.66,1.66
2015.07.13 05:46:49.898,8.43803,8.44397,2.41,1.66
2015.07.13 05:46:55.092,8.43804,8.44397,1.00,1.66
2015.07.13 05:46:55.629,8.43803,8.44397,1.66,1.66
2015.07.13 05:47:02.728,8.43823,8.44397,1.00,1.66
2015.07.13 05:47:03.117,8.43863,8.44457,1.66,2.04
2015.07.13 05:47:04.216,8.43883,8.44457,1.00,2.04
2015.07.13 05:47:04.519,8.43943,8.44517,1.00,1.74
2015.07.13 05:47:04.620,8.43973,8.44517,1.00,1.74
2015.07.13 05:47:05.155,8.43983,8.44547,1.00,2.04
2015.07.13 05:47:05.366,8.43983,8.44547,1.00,1.74
2015.07.13 05:47:06.523,8.43973,8.44547,1.00,1.74
2015.07.13 05:47:07.152,8.43983,8.44547,1.00,1.74
2015.07.13 05:47:07.826,8.43964,8.44556,1.66,1.74
2015.07.13 05:47:08.041,8.43943,8.44517,1.00,1.66
2015.07.13 05:47:08.132,8.43923,8.44517,1.66,1.74
2015.07.13 05:47:08.337,8.43923,8.44517,1.66,2.04
2015.07.13 05:47:09.132,8.43903,8.44476,1.00,1.74
2015.07.13 05:47:09.733,8.43904,8.44497,1.00,1.74
2015.07.13 05:47:10.133,8.43913,8.44497,1.00,1.74
2015.07.13 05:47:10.518,8.43923,8.44497,1.00,1.74
2015.07.13 05:47:10.576,8.43913,8.44497,1.00,1.74
2015.07.13 05:47:10.783,8.43904,8.44497,1.00,1.74
2015.07.13 05:47:12.038,8.43903,8.44497,2.41,1.74
2015.07.13 05:47:15.195,8.43873,8.44467,2.41,1.66
2015.07.13 05:47:15.297,8.44023,8.44397,1.66,1.66
2015.07.13 05:47:15.398,8.43873,8.44467,1.66,1.74
2015.07.13 05:47:15.753,8.43873,8.44467,1.66,2.41
2015.07.13 05:47:16.277,8.43853,8.44427,1.00,2.04
2015.07.13 05:47:20.570,8.43863,8.44437,1.00,2.04
2015.07.13 05:47:22.586,8.43853,8.44437,1.00,2.04
2015.07.13 05:47:22.959,8.43863,8.44437,1.00,2.04
2015.07.13 05:47:23.295,8.43863,8.44437,1.00,1.74
2015.07.13 05:47:23.560,8.43853,8.44437,1.00,1.74
2015.07.13 05:47:32.675,8.43844,8.44437,1.00,1.74
2015.07.13 05:47:33.487,8.43843,8.44437,1.66,1.74
2015.07.13 05:47:34.425,8.43833,8.44417,1.00,1.66
2015.07.13 05:47:36.405,8.43843,8.44437,1.66,1.74
2015.07.13 05:47:39.375,8.43834,8.44426,1.66,1.74
2015.07.13 05:47:41.355,8.43973,8.44347,1.66,1.66
2015.07.13 05:47:42.345,8.43953,8.44327,1.66,1.66
2015.07.13 05:47:44.914,8.43804,8.44396,1.66,1.74
2015.07.13 05:47:45.347,8.43793,8.44357,1.00,1.66
2015.07.13 05:47:45.788,8.43804,8.44357,1.00,1.66
2015.07.13 05:47:46.116,8.43903,8.44287,1.66,1.66
2015.07.13 05:47:50.925,8.43813,8.44397,1.66,2.04
2015.07.13 05:47:51.156,8.43763,8.44357,2.41,1.74
2015.07.13 05:47:53.895,8.43753,8.44347,1.66,1.74
2015.07.13 05:47:55.274,8.43763,8.44347,1.00,1.74
2015.07.13 05:48:04.783,8.43753,8.44347,2.41,1.74
2015.07.13 05:48:11.754,8.43773,8.44337,1.00,1.74
2015.07.13 05:48:11.856,8.43763,8.44337,1.00,1.74
2015.07.13 05:48:12.155,8.43753,8.44337,1.00,1.74
2015.07.13 05:48:19.878,8.43873,8.44247,1.66,1.66
2015.07.13 05:48:20.847,8.43773,8.44367,1.66,2.04
2015.07.13 05:48:20.955,8.43743,8.44337,1.66,1.74
2015.07.13 05:48:21.524,8.43743,8.44337,1.66,2.04
2015.07.13 05:48:21.735,8.43703,8.44297,1.66,1.74
2015.07.13 05:48:21.836,8.43703,8.44297,1.66,2.04
2015.07.13 05:48:21.887,8.43673,8.44267,1.66,1.74
2015.07.13 05:48:22.173,8.43673,8.44267,1.66,2.04
2015.07.13 05:48:22.737,8.43693,8.44287,1.66,2.41
2015.07.13 05:48:23.045,8.43653,8.44247,1.66,2.04
2015.07.13 05:48:24.738,8.43633,8.44227,2.41,1.74
2015.07.13 05:48:25.284,8.43643,8.44227,1.00,1.74
2015.07.13 05:48:25.684,8.43763,8.44137,1.66,1.66
2015.07.13 05:48:27.664,8.43643,8.44237,2.41,2.04
2015.07.13 05:48:34.736,8.43633,8.44217,1.66,1.74
2015.07.13 05:48:35.094,8.43633,8.44217,2.41,1.66
2015.07.13 05:48:35.144,8.43643,8.44217,1.00,1.66
2015.07.13 05:48:35.202,8.43633,8.44217,2.41,1.66
2015.07.13 05:48:35.694,8.43633,8.44227,2.41,1.74
2015.07.13 05:48:35.745,8.43643,8.44227,1.00,1.74
2015.07.13 05:48:36.072,8.43643,8.44227,1.07,1.66
2015.07.13 05:48:38.663,8.43763,8.44137,1.66,1.66
2015.07.13 05:48:39.665,8.43753,8.44137,1.66,1.66
2015.07.13 05:48:40.753,8.43653,8.44247,2.49,1.66
2015.07.13 05:48:41.743,8.43743,8.44127,1.66,1.66
2015.07.13 05:48:43.522,8.43633,8.44207,1.82,1.66
2015.07.13 05:48:47.585,8.43653,8.44217,1.10,1.66
2015.07.13 05:48:48.563,8.43653,8.44247,2.49,1.66
2015.07.13 05:48:49.828,8.43663,8.44247,1.00,1.66
2015.07.13 05:48:52.833,8.43673,8.44247,1.00,1.66
2015.07.13 05:48:56.357,8.43663,8.44247,1.00,1.66
2015.07.13 05:49:00.447,8.43674,8.44247,1.00,1.66
2015.07.13 05:49:02.988,8.43653,8.44247,1.74,1.66
2015.07.13 05:49:03.543,8.43633,8.44217,1.74,1.66
2015.07.13 05:49:04.547,8.43653,8.44247,1.74,1.66
2015.07.13 05:49:07.483,8.43744,8.44126,1.66,1.66
2015.07.13 05:49:08.144,8.43713,8.44097,1.66,1.66
2015.07.13 05:49:08.583,8.43703,8.44087,1.66,1.66
2015.07.13 05:49:09.614,8.43593,8.44187,2.79,1.66
2015.07.13 05:49:13.109,8.43623,8.44217,2.86,1.66
2015.07.13 05:49:13.534,8.43636,8.44226,1.07,1.66
2015.07.13 05:49:16.503,8.43643,8.44217,1.07,1.66
2015.07.13 05:49:17.492,8.43744,8.44126,1.66,1.66
2015.07.13 05:49:18.929,8.43713,8.44097,1.66,1.66
2015.07.13 05:49:19.188,8.43593,8.43967,2.04,1.66
2015.07.13 05:49:19.499,8.43534,8.43906,2.41,1.66
2015.07.13 05:49:19.601,8.43453,8.44047,2.41,1.66
2015.07.13 05:49:19.702,8.43413,8.44007,2.41,1.66
2015.07.13 05:49:22.773,8.43443,8.44037,2.41,1.66
2015.07.13 05:49:24.018,8.43443,8.44037,1.66,1.66
2015.07.13 05:49:24.752,8.43423,8.44007,1.00,1.66
2015.07.13 05:49:25.132,8.43433,8.44007,1.00,1.66
2015.07.13 05:49:25.742,8.43523,8.43907,1.66,1.66
2015.07.13 05:49:26.732,8.43443,8.44007,1.00,1.66
2015.07.13 05:49:27.224,8.43434,8.44007,1.00,1.66
2015.07.13 05:49:27.656,8.43423,8.44007,1.00,1.66
2015.07.13 05:49:27.763,8.43443,8.44037,1.66,1.66
2015.07.13 05:49:27.965,8.43403,8.43997,1.66,1.66
2015.07.13 05:49:28.303,8.43363,8.43957,2.41,1.66
2015.07.13 05:49:28.756,8.43303,8.43897,1.66,1.66
2015.07.13 05:49:31.273,8.43253,8.43837,1.00,1.66
2015.07.13 05:49:31.388,8.43243,8.43837,1.66,1.66
2015.07.13 05:49:31.511,8.43204,8.43767,1.00,1.66
2015.07.13 05:49:31.814,8.43233,8.43767,1.00,1.66
2015.07.13 05:49:32.157,8.43243,8.43767,1.00,1.66
2015.07.13 05:49:32.275,8.43213,8.43767,1.00,1.66
2015.07.13 05:49:32.377,8.43183,8.43767,1.00,1.66
2015.07.13 05:49:32.486,8.43193,8.43767,1.00,1.66
2015.07.13 05:49:32.659,8.43173,8.43767,1.66,1.66
2015.07.13 05:49:32.910,8.43193,8.43787,1.66,1.66
2015.07.13 05:49:33.229,8.43113,8.43707,2.41,1.66
2015.07.13 05:49:33.584,8.43103,8.43657,1.00,1.66
2015.07.13 05:49:33.685,8.43093,8.43657,1.00,1.66
2015.07.13 05:49:33.804,8.43103,8.43657,1.00,1.66
2015.07.13 05:49:33.966,8.43093,8.43657,1.00,1.66
2015.07.13 05:49:34.102,8.43233,8.43607,1.66,1.66
2015.07.13 05:49:34.393,8.43103,8.43687,1.00,1.66
2015.07.13 05:49:34.444,8.43083,8.43657,1.00,1.66
2015.07.13 05:49:34.495,8.43073,8.43657,1.00,1.66
2015.07.13 05:49:34.794,8.43073,8.43617,1.00,1.66
2015.07.13 05:49:35.444,8.43183,8.43557,1.66,1.66
2015.07.13 05:49:36.106,8.43044,8.43636,1.66,1.66
2015.07.13 05:49:36.374,8.43053,8.43636,1.00,1.66
2015.07.13 05:49:36.794,8.43063,8.43636,1.00,1.66
2015.07.13 05:49:37.164,8.43063,8.43617,1.00,1.66
2015.07.13 05:49:37.477,8.43073,8.43617,1.00,1.66
2015.07.13 05:49:37.679,8.43063,8.43617,1.00,1.66
2015.07.13 05:49:37.780,8.43043,8.43617,1.00,1.66
2015.07.13 05:49:37.881,8.43043,8.43587,1.00,1.66
2015.07.13 05:49:37.986,8.43033,8.43587,1.00,1.66
2015.07.13 05:49:38.088,8.43043,8.43607,1.00,1.66
2015.07.13 05:49:38.983,8.43053,8.43607,1.00,1.66
2015.07.13 05:49:39.085,8.43043,8.43607,1.00,1.66
2015.07.13 05:49:39.296,8.43033,8.43607,1.00,1.66
2015.07.13 05:49:39.534,8.43023,8.43607,2.41,1.66
2015.07.13 05:49:39.631,8.43033,8.43607,1.00,1.66
2015.07.13 05:49:39.686,8.43023,8.43607,2.41,1.66
2015.07.13 05:49:40.042,8.43033,8.43627,1.66,1.66
2015.07.13 05:49:40.625,8.43043,8.43627,1.00,1.66
2015.07.13 05:49:40.892,8.43033,8.43627,2.41,1.66
2015.07.13 05:49:41.192,8.43043,8.43627,1.00,1.66
2015.07.13 05:49:41.726,8.43034,8.43627,1.00,1.66
2015.07.13 05:49:42.145,8.43023,8.43617,2.41,1.66
2015.07.13 05:49:42.604,8.43033,8.43617,1.00,1.66
2015.07.13 05:49:44.401,8.43043,8.43617,1.00,1.66
2015.07.13 05:49:44.993,8.43073,8.43667,1.66,1.66
2015.07.13 05:49:45.102,8.43043,8.43627,1.00,1.66
2015.07.13 05:49:45.473,8.43054,8.43627,1.00,1.66
2015.07.13 05:49:46.092,8.43083,8.43677,1.66,1.66
2015.07.13 05:49:48.233,8.43084,8.43677,1.00,1.66
2015.07.13 05:49:48.284,8.43084,8.43677,1.37,1.66
2015.07.13 05:49:48.601,8.43093,8.43677,1.00,1.66
2015.07.13 05:49:48.658,8.43103,8.43697,1.66,1.66
2015.07.13 05:49:54.563,8.43124,8.43716,1.66,1.66
2015.07.13 05:49:58.521,8.43113,8.43707,2.41,1.66
2015.07.13 05:49:59.945,8.43123,8.43707,1.00,1.66
2015.07.13 05:50:00.286,8.43133,8.43707,1.00,1.66
2015.07.13 05:50:00.437,8.43163,8.43757,1.66,1.66
2015.07.13 05:50:00.639,8.43203,8.43797,1.66,1.66
2015.07.13 05:50:01.605,8.43184,8.43776,1.66,1.66
2015.07.13 05:50:04.142,8.43163,8.43747,1.00,1.66
2015.07.13 05:50:04.193,8.43153,8.43747,1.66,1.66
2015.07.13 05:50:05.585,8.43163,8.43747,1.00,1.66
2015.07.13 05:50:05.857,8.43154,8.43747,1.00,1.66
2015.07.13 05:50:06.116,8.43173,8.43767,1.66,1.66
2015.07.13 05:50:08.534,8.43173,8.43757,1.00,1.66
2015.07.13 05:50:09.364,8.43184,8.43757,1.00,1.66
2015.07.13 05:50:09.802,8.43193,8.43757,1.00,1.66
2015.07.13 05:50:10.186,8.43213,8.43807,1.66,1.66
2015.07.13 05:50:10.515,8.43223,8.43807,1.66,1.66
2015.07.13 05:50:14.584,8.43203,8.43797,1.66,1.66
2015.07.13 05:50:16.068,8.43183,8.43887,1.00,1.00
2015.07.13 05:50:18.582,8.43183,8.43897,1.00,1.00
2015.07.13 05:50:18.883,8.43183,8.43887,1.00,1.00
2015.07.13 05:50:19.384,8.43193,8.43887,1.00,1.00
2015.07.13 05:50:20.120,8.43183,8.43887,1.00,1.00
2015.07.13 05:50:20.836,8.43193,8.43887,1.00,1.00
2015.07.13 05:50:25.395,8.43183,8.43887,1.00,1.00
2015.07.13 05:50:28.797,8.43193,8.43887,1.00,1.00
2015.07.13 05:50:31.905,8.43193,8.43897,1.00,1.00
2015.07.13 05:50:34.534,8.43183,8.43887,1.00,1.00
2015.07.13 05:50:34.606,8.43183,8.43897,1.00,1.00
2015.07.13 05:50:36.309,8.43194,8.43896,1.00,1.00
2015.07.13 05:50:37.836,8.43183,8.43897,1.00,1.00
2015.07.13 05:50:38.213,8.43183,8.43887,1.00,1.00
2015.07.13 05:50:40.145,8.43183,8.43877,1.00,1.00
2015.07.13 05:50:40.354,8.43183,8.43887,1.00,1.00
2015.07.13 05:50:40.555,8.43213,8.43807,1.66,1.66
2015.07.13 05:50:45.613,8.43203,8.43797,1.66,1.66
2015.07.13 05:50:46.525,8.43233,8.43827,1.66,1.66
2015.07.13 05:50:46.834,8.43253,8.43837,1.66,1.66
2015.07.13 05:50:47.613,8.43243,8.43837,1.66,1.66
2015.07.13 05:50:48.497,8.43203,8.43797,1.66,1.66
2015.07.13 05:50:49.006,8.43213,8.43807,1.66,1.66
2015.07.13 05:50:49.575,8.43223,8.43817,1.66,1.66
2015.07.13 05:50:50.590,8.43213,8.43807,1.66,1.66
2015.07.13 05:50:53.535,8.43183,8.43777,1.66,1.66
2015.07.13 05:50:55.571,8.43183,8.43637,1.66,1.00
2015.07.13 05:50:55.672,8.43173,8.43637,1.66,1.00
2015.07.13 05:50:57.074,8.43173,8.43647,1.66,1.00
2015.07.13 05:50:57.375,8.43173,8.43637,1.66,1.00
2015.07.13 05:50:59.622,8.43173,8.43647,1.66,1.00
2015.07.13 05:51:01.384,8.43173,8.43657,1.66,1.00
2015.07.13 05:51:01.603,8.43173,8.43627,1.66,1.00
2015.07.13 05:51:01.805,8.43123,8.43607,1.66,1.00
2015.07.13 05:51:01.906,8.43123,8.43597,1.66,1.00
2015.07.13 05:51:02.007,8.43103,8.43587,1.00,1.00
2015.07.13 05:51:02.108,8.43093,8.43587,2.41,1.00
2015.07.13 05:51:02.585,8.43103,8.43587,1.66,1.00
2015.07.13 05:51:02.889,8.43103,8.43577,1.66,1.00
2015.07.13 05:51:04.573,8.43113,8.43577,1.66,1.00
2015.07.13 05:51:06.623,8.43093,8.43577,1.66,1.00
2015.07.13 05:51:07.468,8.43093,8.43587,2.41,1.00
2015.07.13 05:51:07.924,8.43093,8.43577,2.41,1.00
2015.07.13 05:51:16.523,8.43103,8.43577,1.66,1.00
2015.07.13 05:51:16.964,8.43093,8.43577,1.00,1.00
2015.07.13 05:51:17.533,8.43193,8.43577,1.66,2.41
2015.07.13 05:51:19.314,8.43252,8.43577,1.60,2.41
2015.07.13 05:51:19.517,8.43423,8.43797,1.66,2.41
2015.07.13 05:51:19.668,8.43393,8.43636,1.66,1.00
2015.07.13 05:51:19.769,8.43313,8.43637,1.66,1.00
2015.07.13 05:51:19.870,8.43263,8.43637,1.66,2.41
2015.07.13 05:51:20.613,8.43152,8.43637,1.00,1.00
2015.07.13 05:51:20.843,8.43143,8.43637,1.00,1.00
2015.07.13 05:51:20.893,8.43153,8.43637,1.00,1.00
2015.07.13 05:51:21.277,8.43144,8.43626,1.00,1.00
2015.07.13 05:51:22.005,8.43143,8.43637,1.00,1.00
2015.07.13 05:51:22.066,8.43153,8.43657,1.00,1.00
2015.07.13 05:51:23.596,8.43263,8.43637,1.66,1.66
2015.07.13 05:51:28.676,8.43254,8.43626,1.66,1.66
2015.07.13 05:51:37.703,8.43263,8.43637,1.66,2.41
2015.07.13 05:51:43.613,8.43304,8.43656,1.66,1.00
2015.07.13 05:51:43.663,8.43304,8.43686,1.66,1.66
2015.07.13 05:51:43.865,8.43304,8.43657,1.66,1.00
2015.07.13 05:51:44.186,8.43273,8.43647,1.66,1.00
2015.07.13 05:51:44.287,8.43253,8.43627,1.66,1.66
2015.07.13 05:51:44.404,8.43153,8.43647,1.00,1.00
2015.07.13 05:51:45.989,8.43163,8.43657,1.00,1.00
2015.07.13 05:51:46.352,8.43154,8.43646,1.00,1.00
2015.07.13 05:51:48.442,8.43263,8.43637,1.66,1.66
2015.07.13 05:51:51.102,8.43313,8.43646,1.66,1.00
2015.07.13 05:51:54.203,8.43313,8.43677,1.66,1.00
2015.07.13 05:51:54.334,8.43363,8.43697,1.66,1.00
2015.07.13 05:51:54.386,8.43233,8.43727,1.66,1.00
2015.07.13 05:51:54.538,8.43253,8.43727,1.66,1.00
2015.07.13 05:51:54.704,8.43253,8.43757,1.66,1.00
2015.07.13 05:51:54.759,8.43283,8.43757,1.66,1.00
2015.07.13 05:51:54.810,8.43283,8.43776,1.66,1.00
2015.07.13 05:51:55.073,8.43313,8.43777,1.66,1.00
2015.07.13 05:51:55.376,8.43313,8.43757,1.66,1.00
2015.07.13 05:51:55.667,8.43263,8.43747,1.66,1.00
2015.07.13 05:51:56.167,8.43263,8.43737,1.66,1.00
2015.07.13 05:51:56.723,8.43293,8.43737,1.66,1.00
2015.07.13 05:51:57.304,8.43293,8.43727,1.66,1.00
2015.07.13 05:51:58.132,8.43273,8.43727,1.66,1.00
2015.07.13 05:51:59.875,8.43273,8.43717,1.66,1.00
2015.07.13 05:52:01.888,8.43273,8.43727,1.66,1.00
2015.07.13 05:52:01.990,8.43273,8.43737,1.66,1.00
2015.07.13 05:52:02.192,8.43273,8.43767,2.41,1.00
2015.07.13 05:52:02.293,8.43273,8.43757,1.66,1.00
2015.07.13 05:52:02.445,8.43253,8.43757,1.00,1.00
2015.07.13 05:52:03.429,8.43253,8.43747,1.00,1.00
2015.07.13 05:52:04.197,8.43253,8.43757,1.00,1.00
2015.07.13 05:52:05.740,8.43243,8.43747,2.41,1.00
2015.07.13 05:52:06.148,8.43253,8.43757,1.00,1.00
2015.07.13 05:52:06.454,8.43374,8.43787,1.66,1.00
2015.07.13 05:52:06.505,8.43293,8.43787,1.66,1.00
2015.07.13 05:52:06.816,8.43293,8.43777,1.66,1.00
2015.07.13 05:52:07.043,8.43293,8.43787,1.66,1.00
2015.07.13 05:52:07.343,8.43293,8.43777,1.66,1.00
2015.07.13 05:52:07.662,8.43293,8.43767,1.66,1.00
2015.07.13 05:52:07.718,8.43253,8.43767,1.00,1.00
2015.07.13 05:52:07.853,8.43243,8.43767,1.00,1.00
2015.07.13 05:52:08.462,8.43283,8.43767,1.66,1.00
2015.07.13 05:52:08.982,8.43283,8.43757,1.66,1.00
2015.07.13 05:52:09.354,8.43283,8.43746,1.66,1.00
2015.07.13 05:52:10.065,8.43283,8.43747,1.66,1.00
2015.07.13 05:52:10.625,8.43283,8.43737,1.66,1.00
2015.07.13 05:52:11.055,8.43283,8.43727,1.66,1.00
2015.07.13 05:52:11.629,8.43283,8.43717,1.66,1.00
2015.07.13 05:52:15.391,8.43273,8.43717,1.66,1.00
2015.07.13 05:52:17.743,8.43273,8.43727,1.66,1.00
2015.07.13 05:52:18.378,8.43273,8.43736,1.66,1.00
2015.07.13 05:52:18.479,8.43393,8.43737,1.66,1.00
2015.07.13 05:52:18.548,8.43393,8.43747,1.66,1.00
2015.07.13 05:52:19.462,8.43263,8.43747,1.66,1.00
2015.07.13 05:52:23.421,8.43383,8.43747,1.66,1.00
2015.07.13 05:52:25.595,8.43383,8.43737,1.66,1.00
2015.07.13 05:52:25.862,8.43383,8.43747,1.66,1.00
2015.07.13 05:52:26.391,8.43263,8.43747,1.66,1.00
2015.07.13 05:52:26.689,8.43263,8.43756,1.66,1.00
2015.07.13 05:52:26.790,8.43273,8.43767,1.00,1.00
2015.07.13 05:52:27.821,8.43293,8.43767,1.66,1.00
2015.07.13 05:52:29.273,8.43293,8.43777,1.66,1.00
2015.07.13 05:52:29.394,8.43303,8.43787,1.00,1.00
2015.07.13 05:52:29.970,8.43293,8.43797,2.41,1.00
2015.07.13 05:52:30.194,8.43293,8.43787,2.41,1.00
2015.07.13 05:52:31.402,8.43293,8.43797,2.41,1.00
2015.07.13 05:52:31.572,8.43454,8.43797,1.60,1.00
2015.07.13 05:52:31.877,8.43563,8.43937,1.75,1.66
2015.07.13 05:52:31.928,8.43633,8.44037,2.41,1.75
2015.07.13 05:52:35.403,8.43653,8.44037,2.41,1.00
2015.07.13 05:52:36.982,8.43673,8.44047,1.37,1.75
2015.07.13 05:52:38.886,8.43673,8.44037,1.37,1.00
2015.07.13 05:52:41.702,8.43673,8.44027,1.37,1.00
2015.07.13 05:52:44.329,8.43673,8.44037,1.37,1.00
2015.07.13 05:52:45.116,8.43683,8.44037,1.00,1.00
2015.07.13 05:52:48.002,8.43683,8.44047,1.00,1.75
2015.07.13 05:52:49.004,8.43683,8.44037,1.00,1.00
2015.07.13 05:52:49.505,8.43683,8.44047,1.00,1.75
2015.07.13 05:52:50.508,8.43683,8.44037,1.00,1.00
2015.07.13 05:52:56.662,8.43694,8.44036,1.00,1.00
2015.07.13 05:52:56.944,8.43703,8.44057,1.00,1.00
2015.07.13 05:52:57.045,8.43723,8.44067,1.00,1.00
2015.07.13 05:52:57.146,8.43743,8.44097,1.00,1.00
2015.07.13 05:52:57.254,8.43773,8.44127,1.00,1.75
2015.07.13 05:52:57.358,8.43753,8.44127,1.00,1.37
2015.07.13 05:52:57.472,8.43763,8.44127,1.00,1.37
2015.07.13 05:52:57.628,8.43753,8.44117,1.00,1.00
2015.07.13 05:52:59.741,8.43753,8.44107,1.00,1.00
2015.07.13 05:53:00.648,8.43744,8.44107,1.66,1.37
2015.07.13 05:53:03.740,8.43744,8.44097,1.66,1.00
2015.07.13 05:53:09.951,8.43753,8.44097,1.00,1.00
2015.07.13 05:53:11.351,8.43763,8.44097,1.00,1.00
2015.07.13 05:53:11.451,8.43763,8.44107,1.00,1.37
2015.07.13 05:53:12.473,8.43763,8.44107,1.00,1.00
2015.07.13 05:53:16.898,8.43793,8.44127,1.00,1.75
2015.07.13 05:53:17.004,8.43783,8.44127,1.50,1.75
2015.07.13 05:53:17.105,8.43783,8.44127,1.50,1.00
2015.07.13 05:53:17.155,8.43803,8.44127,1.00,1.00
2015.07.13 05:53:18.100,8.43793,8.44127,1.00,1.00
2015.07.13 05:53:18.201,8.43793,8.44107,1.00,1.00
2015.07.13 05:53:21.661,8.43763,8.44107,1.00,1.00
2015.07.13 05:53:21.712,8.43753,8.44077,1.00,1.75
2015.07.13 05:53:21.763,8.43753,8.44077,1.00,1.00
2015.07.13 05:53:21.881,8.43753,8.44097,1.75,2.41
2015.07.13 05:53:23.270,8.43793,8.44097,1.00,2.41
2015.07.13 05:53:24.600,8.43783,8.44097,1.00,1.66
2015.07.13 05:53:27.028,8.43773,8.44097,1.00,1.66
2015.07.13 05:53:28.018,8.43773,8.44117,1.00,1.00
2015.07.13 05:53:31.025,8.43773,8.44117,1.00,1.75
2015.07.13 05:53:34.951,8.43763,8.44117,1.50,1.75
2015.07.13 05:53:35.550,8.43763,8.44107,1.50,1.00
2015.07.13 05:53:36.433,8.43763,8.44107,1.00,1.75
2015.07.13 05:53:36.484,8.43753,8.44107,1.00,1.75
2015.07.13 05:53:36.535,8.43753,8.44107,1.00,1.75
2015.07.13 05:53:38.341,8.43763,8.44097,1.00,1.75
2015.07.13 05:53:40.013,8.43773,8.44097,1.00,1.75
2015.07.13 05:53:46.592,8.43783,8.44107,1.00,1.75
2015.07.13 05:53:47.333,8.43783,8.44107,1.00,1.00
2015.07.13 05:53:47.458,8.43783,8.44107,1.00,1.75
2015.07.13 05:53:48.140,8.43793,8.44116,1.00,1.75
2015.07.13 05:53:48.359,8.43793,8.44116,1.00,1.75
2015.07.13 05:53:49.119,8.43783,8.44116,1.00,1.75
2015.07.13 05:53:51.544,8.43793,8.44127,1.00,1.75
2015.07.13 05:53:51.916,8.43783,8.44127,1.00,1.75
2015.07.13 05:53:51.967,8.43783,8.44127,1.00,1.75
2015.07.13 05:53:52.068,8.43783,8.44117,1.00,1.75
2015.07.13 05:53:55.069,8.43763,8.44107,1.00,1.75
2015.07.13 05:53:55.171,8.43803,8.44177,2.25,1.66
2015.07.13 05:53:55.273,8.43803,8.44177,1.50,2.41
2015.07.13 05:53:55.324,8.43843,8.44177,1.00,2.41
2015.07.13 05:53:55.626,8.43844,8.44157,1.00,1.75
2015.07.13 05:53:59.814,8.43833,8.44147,1.00,3.16
2015.07.13 05:54:02.694,8.43833,8.44147,1.00,2.41
2015.07.13 05:54:03.997,8.43823,8.44157,1.00,3.16
2015.07.13 05:54:04.098,8.43814,8.44156,1.00,1.75
2015.07.13 05:54:04.522,8.43793,8.44147,1.00,1.75
2015.07.13 05:54:04.597,8.43793,8.44147,1.00,1.75
2015.07.13 05:54:04.751,8.43784,8.44137,1.00,1.75
2015.07.13 05:54:04.859,8.43793,8.44137,1.00,1.75
2015.07.13 05:54:05.100,8.43763,8.44126,1.00,1.75
2015.07.13 05:54:05.602,8.43753,8.44117,1.00,3.16
2015.07.13 05:54:06.069,8.43763,8.44107,1.00,1.75
2015.07.13 05:54:06.735,8.43763,8.44097,1.00,1.00
2015.07.13 05:54:06.902,8.43763,8.44097,1.00,1.75
2015.07.13 05:54:07.582,8.43764,8.44097,1.00,1.75
2015.07.13 05:54:08.263,8.43763,8.44087,1.00,1.75
2015.07.13 05:54:13.109,8.43733,8.44087,1.50,1.75
2015.07.13 05:54:13.160,8.43733,8.44087,2.25,1.00
2015.07.13 05:54:13.210,8.43753,8.44117,1.75,1.66
2015.07.13 05:54:13.329,8.43773,8.44117,1.00,2.41
2015.07.13 05:54:13.380,8.43773,8.44097,1.00,1.00
2015.07.13 05:54:13.721,8.43773,8.44097,1.00,1.75
2015.07.13 05:54:15.602,8.43763,8.44097,1.00,1.75
2015.07.13 05:54:24.068,8.43753,8.44087,1.00,1.75
2015.07.13 05:54:24.678,8.43753,8.44077,1.00,1.75
2015.07.13 05:54:25.766,8.43744,8.44067,1.00,1.75
2015.07.13 05:54:26.869,8.43744,8.44067,1.00,1.75
2015.07.13 05:54:29.682,8.43724,8.44067,1.00,1.75
2015.07.13 05:54:30.819,8.43724,8.44057,1.00,1.37
2015.07.13 05:54:30.870,8.43724,8.44057,1.00,1.75
2015.07.13 05:54:45.041,8.43724,8.44057,1.00,1.00
2015.07.13 05:54:45.095,8.43743,8.44077,1.00,1.75
2015.07.13 05:54:45.421,8.43733,8.44066,1.00,1.75
2015.07.13 05:54:46.709,8.43733,8.44066,1.00,1.75
2015.07.13 05:54:51.060,8.43733,8.44067,1.00,1.75
2015.07.13 05:54:51.161,8.43723,8.44057,1.00,1.75
2015.07.13 05:54:51.283,8.43713,8.44047,1.00,3.16
2015.07.13 05:54:51.351,8.43703,8.44047,1.00,3.16
2015.07.13 05:54:51.596,8.43693,8.44047,1.00,3.16
2015.07.13 05:54:53.589,8.43673,8.44017,1.00,1.75
2015.07.13 05:54:53.640,8.43673,8.44017,1.75,1.00
2015.07.13 05:54:53.691,8.43693,8.44047,1.75,1.66
2015.07.13 05:54:54.008,8.43733,8.44057,2.04,1.00
2015.07.13 05:54:55.829,8.43733,8.44057,1.66,1.75
2015.07.13 05:54:55.880,8.43703,8.44006,2.41,1.00
2015.07.13 05:54:56.138,8.43703,8.44006,1.00,1.75
2015.07.13 05:54:59.836,8.43703,8.44016,1.00,1.75
2015.07.13 05:55:05.544,8.43693,8.44007,1.00,1.37
2015.07.13 05:55:05.595,8.43693,8.43997,1.00,1.00
2015.07.13 05:55:08.100,8.43693,8.44006,1.00,1.37
2015.07.13 05:55:08.690,8.43693,8.44006,1.00,1.75
2015.07.13 05:55:09.811,8.43693,8.43997,1.00,1.00
2015.07.13 05:55:16.421,8.43693,8.44007,1.00,1.37
2015.07.13 05:55:17.815,8.43693,8.43997,1.00,1.00
2015.07.13 05:55:17.915,8.43693,8.44007,1.00,1.37
2015.07.13 05:55:18.933,8.43693,8.43997,1.00,1.00
2015.07.13 05:55:24.929,8.43693,8.44007,1.00,1.37
2015.07.13 05:55:32.821,8.43683,8.44007,1.00,1.37
2015.07.13 05:55:34.565,8.43683,8.43997,1.00,1.00
2015.07.13 05:55:35.254,8.43673,8.43997,1.00,1.00
2015.07.13 05:55:35.635,8.43673,8.43997,1.00,1.75
2015.07.13 05:55:35.685,8.43653,8.43997,1.50,1.75
2015.07.13 05:55:35.799,8.43663,8.43987,1.00,1.75
2015.07.13 05:55:36.650,8.43664,8.44006,1.00,1.75
2015.07.13 05:55:37.564,8.43683,8.44017,1.00,1.75
2015.07.13 05:55:39.562,8.43693,8.44026,1.00,1.75
2015.07.13 05:55:39.618,8.43693,8.44026,1.00,1.37
2015.07.13 05:55:39.765,8.43703,8.44047,1.00,3.16
2015.07.13 05:55:39.822,8.43703,8.44047,1.00,2.41
2015.07.13 05:55:39.873,8.43753,8.44047,1.00,1.66
2015.07.13 05:55:40.201,8.43763,8.44087,1.00,1.75
2015.07.13 05:55:45.630,8.43763,8.44097,1.00,1.75
2015.07.13 05:55:45.731,8.43783,8.44107,1.00,3.16
2015.07.13 05:55:45.832,8.43783,8.44107,1.00,3.16
2015.07.13 05:55:45.931,8.43783,8.44107,1.00,2.79
2015.07.13 05:55:46.032,8.43793,8.44107,1.00,2.04
2015.07.13 05:55:46.364,8.43833,8.44147,1.00,2.41
2015.07.13 05:55:46.675,8.43833,8.44177,1.00,1.75
2015.07.13 05:55:46.733,8.43833,8.44177,1.00,1.75
2015.07.13 05:55:47.056,8.43843,8.44177,1.00,1.75
2015.07.13 05:55:47.235,8.43843,8.44167,1.00,1.00
2015.07.13 05:55:47.286,8.43843,8.44177,1.00,1.75
2015.07.13 05:55:47.387,8.43843,8.44187,1.50,1.75
2015.07.13 05:55:47.488,8.43863,8.44197,1.00,1.75
2015.07.13 05:55:48.137,8.43863,8.44196,1.00,1.00
2015.07.13 05:55:48.639,8.43863,8.44197,1.00,1.00
2015.07.13 05:55:48.786,8.43873,8.44197,1.00,1.00
2015.07.13 05:55:49.241,8.43853,8.44197,1.00,1.75
2015.07.13 05:55:49.463,8.43853,8.44187,1.00,1.75
2015.07.13 05:55:49.540,8.43844,8.44187,1.00,1.75
2015.07.13 05:55:49.591,8.43844,8.44187,1.00,1.75
2015.07.13 05:55:49.949,8.43833,8.44177,1.00,1.75
2015.07.13 05:55:50.000,8.43814,8.44167,1.00,1.75
2015.07.13 05:55:55.260,8.43823,8.44146,1.00,1.75
2015.07.13 05:55:55.561,8.43833,8.44147,1.00,1.75
2015.07.13 05:55:55.926,8.43813,8.44157,1.00,1.75
2015.07.13 05:55:56.251,8.43823,8.44157,1.00,1.75
2015.07.13 05:55:57.254,8.43823,8.44187,1.00,2.41
2015.07.13 05:55:57.367,8.43813,8.44187,1.00,2.41
2015.07.13 05:55:57.468,8.43833,8.44187,1.00,2.41
2015.07.13 05:55:57.568,8.43833,8.44187,1.00,2.41
2015.07.13 05:55:58.019,8.43813,8.44187,1.50,2.41
2015.07.13 05:56:00.763,8.43823,8.44187,1.00,2.41
2015.07.13 05:56:05.636,8.43833,8.44187,1.00,2.41
2015.07.13 05:56:17.039,8.43823,8.44187,1.00,2.41
2015.07.13 05:56:17.700,8.43843,8.44187,1.00,2.41
2015.07.13 05:56:20.697,8.43843,8.44187,1.00,2.41
2015.07.13 05:56:20.801,8.43843,8.44187,1.00,2.41
2015.07.13 05:56:21.010,8.43863,8.44187,1.00,2.41
2015.07.13 05:56:21.330,8.43893,8.44187,1.00,1.66
2015.07.13 05:56:21.380,8.43893,8.44237,1.00,2.41
2015.07.13 05:56:21.811,8.43903,8.44237,1.00,2.41
2015.07.13 05:56:22.013,8.43913,8.44237,1.00,2.41
2015.07.13 05:56:22.114,8.43904,8.44237,1.00,2.41
2015.07.13 05:56:22.215,8.43913,8.44237,1.00,2.41
2015.07.13 05:56:22.302,8.43913,8.44237,1.00,2.41
2015.07.13 05:56:22.514,8.43913,8.44237,1.00,1.66
2015.07.13 05:56:22.565,8.43924,8.44237,1.00,1.66
2015.07.13 05:56:22.716,8.43943,8.44287,1.00,2.41
2015.07.13 05:56:22.817,8.43943,8.44287,1.00,2.41
2015.07.13 05:56:22.970,8.43953,8.44287,1.00,2.41
2015.07.13 05:56:23.105,8.43953,8.44287,1.00,1.66
2015.07.13 05:56:23.206,8.43953,8.44287,1.00,2.41
2015.07.13 05:56:23.458,8.43853,8.44236,1.00,2.41
2015.07.13 05:56:23.610,8.43833,8.44236,1.00,2.41
2015.07.13 05:56:23.711,8.43824,8.44197,1.00,2.41
2015.07.13 05:56:23.829,8.43824,8.44197,1.00,2.41
2015.07.13 05:56:24.300,8.43834,8.44197,1.00,2.41
2015.07.13 05:56:25.511,8.43834,8.44197,1.00,2.41
2015.07.13 05:56:25.613,8.43863,8.44197,1.00,2.41
2015.07.13 05:56:25.866,8.43853,8.44197,1.00,2.41
2015.07.13 05:56:25.950,8.43834,8.44197,1.00,2.41
2015.07.13 05:56:26.013,8.43834,8.44197,1.00,2.41
2015.07.13 05:56:26.361,8.43844,8.44197,1.00,2.41
2015.07.13 05:56:26.411,8.43824,8.44197,1.50,2.41
2015.07.13 05:56:27.543,8.43824,8.44197,1.00,2.41
2015.07.13 05:56:27.644,8.43813,8.44197,1.00,2.41
2015.07.13 05:56:27.695,8.43823,8.44197,1.00,2.41
2015.07.13 05:56:28.049,8.43833,8.44197,1.00,2.41
2015.07.13 05:56:28.520,8.43833,8.44197,1.00,2.41
2015.07.13 05:56:34.970,8.43823,8.44197,1.00,2.41
2015.07.13 05:56:40.614,8.43833,8.44197,1.00,2.41
2015.07.13 05:56:40.665,8.43833,8.44197,1.00,2.41
2015.07.13 05:56:43.118,8.43813,8.44197,1.00,2.41
2015.07.13 05:56:43.169,8.43763,8.44187,1.66,1.75
2015.07.13 05:56:43.270,8.43693,8.44127,1.66,1.66
2015.07.13 05:56:43.523,8.43643,8.44077,1.66,1.66
2015.07.13 05:56:43.838,8.43593,8.44027,1.66,1.66
2015.07.13 05:56:44.841,8.43543,8.43967,1.66,1.66
2015.07.13 05:56:45.797,8.43463,8.44107,1.66,1.66
2015.07.13 05:56:46.651,8.43463,8.44107,1.66,2.41
2015.07.13 05:56:46.752,8.43463,8.44107,1.66,1.66
2015.07.13 05:56:46.803,8.43553,8.43977,1.66,1.66
2015.07.13 05:56:52.727,8.43533,8.43967,1.66,1.66
2015.07.13 05:56:53.748,8.43553,8.43977,1.66,1.66
2015.07.13 05:56:57.787,8.43543,8.43967,1.66,1.66
2015.07.13 05:56:58.558,8.43493,8.43927,1.66,1.66
2015.07.13 05:56:59.777,8.43513,8.43947,1.66,1.66
2015.07.13 05:57:00.761,8.43423,8.44066,1.66,1.00
2015.07.13 05:57:00.812,8.43423,8.44046,1.66,1.00
2015.07.13 05:57:01.069,8.43423,8.44067,1.66,1.66
2015.07.13 05:57:01.120,8.43423,8.44065,1.66,1.00
2015.07.13 05:57:01.454,8.43423,8.44046,1.66,1.00
2015.07.13 05:57:01.780,8.43493,8.43927,1.66,1.66
2015.07.13 05:57:02.772,8.43414,8.44043,1.66,1.00
2015.07.13 05:57:02.873,8.43414,8.44056,1.66,1.66
2015.07.13 05:57:02.974,8.43414,8.44047,1.66,1.00
2015.07.13 05:57:03.075,8.43414,8.44056,1.66,1.66
2015.07.13 05:57:03.789,8.43414,8.44042,1.66,1.00
2015.07.13 05:57:04.576,8.43414,8.44056,1.66,1.66
2015.07.13 05:57:04.717,8.43433,8.44057,1.66,1.00
2015.07.13 05:57:05.397,8.43433,8.44077,1.66,1.66
2015.07.13 05:57:05.689,8.43433,8.44077,1.66,2.41
2015.07.13 05:57:05.809,8.43433,8.44077,1.66,1.66
2015.07.13 05:57:05.860,8.43503,8.43937,1.66,1.66
2015.07.13 05:57:06.917,8.43433,8.44057,1.00,1.66
2015.07.13 05:57:07.293,8.43433,8.44057,1.00,2.41
2015.07.13 05:57:07.536,8.43443,8.44057,1.00,1.66
2015.07.13 05:57:07.693,8.43433,8.44057,1.00,1.66
2015.07.13 05:57:08.144,8.43433,8.44057,1.00,2.41
2015.07.13 05:57:08.245,8.43433,8.44057,1.00,1.66
2015.07.13 05:57:08.401,8.43433,8.44057,1.00,2.41
2015.07.13 05:57:08.502,8.43433,8.44057,1.00,1.66
2015.07.13 05:57:08.641,8.43433,8.44057,1.00,2.41
2015.07.13 05:57:08.743,8.43433,8.44057,1.00,2.41
2015.07.13 05:57:08.804,8.43433,8.44057,1.00,1.66
2015.07.13 05:57:08.878,8.43433,8.44036,1.00,1.00
2015.07.13 05:57:09.237,8.43514,8.43946,1.66,1.66
2015.07.13 05:57:09.887,8.43503,8.43937,1.66,1.66
2015.07.13 05:57:15.985,8.43483,8.43917,1.66,1.66
2015.07.13 05:57:16.927,8.43473,8.43907,1.66,1.66
2015.07.13 05:57:17.877,8.43473,8.43907,2.41,1.66
2015.07.13 05:57:17.928,8.43533,8.43967,2.04,1.66
2015.07.13 05:57:17.979,8.43533,8.43967,2.41,1.66
2015.07.13 05:57:18.030,8.43613,8.44047,1.66,2.41
2015.07.13 05:57:18.131,8.43613,8.44047,1.66,1.66
2015.07.13 05:57:19.054,8.43603,8.44037,1.66,1.66
2015.07.13 05:57:21.107,8.43613,8.44047,1.66,1.66
2015.07.13 05:57:21.467,8.43613,8.44047,1.66,2.41
2015.07.13 05:57:21.651,8.43613,8.44047,1.66,2.41
2015.07.13 05:57:22.097,8.43603,8.44037,1.66,2.04
2015.07.13 05:57:22.350,8.43603,8.44037,1.66,2.41
2015.07.13 05:57:23.152,8.43603,8.44037,1.66,2.41
2015.07.13 05:57:23.453,8.43603,8.44037,1.66,2.04
2015.07.13 05:57:27.852,8.43613,8.44037,1.00,2.04
2015.07.13 05:57:28.188,8.43623,8.44037,1.00,2.04
2015.07.13 05:57:28.289,8.43613,8.44037,1.00,2.04
2015.07.13 05:57:28.354,8.43603,8.44037,2.41,2.04
2015.07.13 05:57:28.455,8.43614,8.44037,1.00,2.04
2015.07.13 05:57:28.506,8.43614,8.44037,1.00,1.66
2015.07.13 05:57:28.607,8.43603,8.44037,2.41,1.66
2015.07.13 05:57:29.027,8.43613,8.44047,1.66,1.66
2015.07.13 05:57:36.186,8.43623,8.44047,1.00,1.66
2015.07.13 05:57:36.505,8.43613,8.44047,2.41,1.66
2015.07.13 05:57:40.079,8.43633,8.44047,1.00,1.66
2015.07.13 05:57:40.181,8.43613,8.44047,1.66,1.66
2015.07.13 05:57:41.490,8.43653,8.44076,1.66,1.12
2015.07.13 05:57:44.504,8.43653,8.44067,1.66,1.00
2015.07.13 05:57:54.811,8.43653,8.44056,1.66,1.00
2015.07.13 05:57:55.438,8.43653,8.44067,1.66,1.00
2015.07.13 05:57:55.866,8.43613,8.44047,1.66,1.66
2015.07.13 05:58:04.832,8.43613,8.44046,1.66,1.00
2015.07.13 05:58:06.536,8.43613,8.44047,1.66,1.66
2015.07.13 05:58:18.696,8.43613,8.44037,1.66,1.00
2015.07.13 05:58:21.499,8.43613,8.44047,1.66,2.41
2015.07.13 05:58:22.489,8.43613,8.44037,1.66,1.00
2015.07.13 05:58:22.971,8.43613,8.44047,1.66,2.41
2015.07.13 05:58:24.873,8.43613,8.44037,1.66,1.00
2015.07.13 05:58:24.974,8.43613,8.44047,1.66,2.41
2015.07.13 05:58:27.798,8.43614,8.44047,1.00,1.66
2015.07.13 05:58:28.378,8.43613,8.44047,1.66,1.66
2015.07.13 05:58:36.102,8.43623,8.44047,1.00,1.66
2015.07.13 05:58:36.656,8.43624,8.44047,1.00,1.66
2015.07.13 05:58:37.925,8.43613,8.44047,1.66,1.66
2015.07.13 05:58:38.035,8.43584,8.44016,1.66,1.66
2015.07.13 05:58:38.697,8.43553,8.43987,1.66,1.66
2015.07.13 05:58:39.666,8.43554,8.43976,1.66,1.66
2015.07.13 05:58:41.665,8.43543,8.43967,1.66,1.66
2015.07.13 05:58:48.685,8.43533,8.43967,1.66,1.66
2015.07.13 05:58:57.592,8.43593,8.44027,1.66,1.66
2015.07.13 05:58:57.926,8.43574,8.44006,1.66,1.66
2015.07.13 05:58:58.699,8.43623,8.44057,1.66,1.66
2015.07.13 05:59:01.331,8.43583,8.44017,1.66,1.66
2015.07.13 05:59:05.275,8.43613,8.44047,1.66,1.66
2015.07.13 05:59:07.475,8.43583,8.44017,1.66,1.66
2015.07.13 05:59:10.036,8.43603,8.44037,1.66,1.66
2015.07.13 05:59:10.383,8.43674,8.44106,1.66,1.66
2015.07.13 05:59:28.958,8.43623,8.44057,1.66,1.66
2015.07.13 05:59:29.415,8.43593,8.44027,1.66,1.66
2015.07.13 05:59:30.507,8.43663,8.44087,1.66,1.66
2015.07.13 05:59:31.239,8.43624,8.44056,1.66,1.66
2015.07.13 05:59:33.224,8.43583,8.44017,1.66,1.66
2015.07.13 05:59:34.094,8.43553,8.43987,1.66,1.66
2015.07.13 05:59:35.645,8.43503,8.43937,1.66,1.66
2015.07.13 05:59:43.663,8.43503,8.43927,1.66,1.66
2015.07.13 05:59:45.219,8.43563,8.43987,1.66,1.66
2015.07.13 05:59:45.522,8.43533,8.43957,1.66,1.66
2015.07.13 05:59:45.844,8.43653,8.44057,1.75,1.66
2015.07.13 05:59:46.633,8.43713,8.44147,2.41,2.41
2015.07.13 05:59:46.876,8.43713,8.44147,2.41,2.41
2015.07.13 05:59:47.168,8.43713,8.44147,2.41,2.41
2015.07.13 05:59:50.480,8.43713,8.44127,2.41,1.00
2015.07.13 05:59:50.541,8.43713,8.44137,2.41,1.37
2015.07.13 05:59:50.832,8.43753,8.44117,2.41,1.00
2015.07.13 05:59:50.883,8.43753,8.44117,1.66,1.75
2015.07.13 05:59:50.934,8.43724,8.44117,1.66,1.75
2015.07.13 05:59:51.158,8.43693,8.44097,1.66,1.00
2015.07.13 05:59:51.740,8.43693,8.44107,1.66,1.12
2015.07.13 05:59:51.842,8.43693,8.44127,1.66,2.04
2015.07.13 05:59:52.044,8.43663,8.44097,1.66,1.66
2015.07.13 05:59:53.015,8.43643,8.44067,1.66,1.66
2015.07.13 05:59:54.055,8.43704,8.44136,1.66,1.66
2015.07.13 05:59:55.105,8.43663,8.44087,1.66,1.66
