2017.05.19 09:00:00.725,8.75616,8.75776,1.00,1.00
2017.05.19 09:00:00.776,8.75658,8.75786,1.00,1.00
2017.05.19 09:00:01.113,8.75678,8.75806,1.00,1.00
2017.05.19 09:00:01.382,8.7569,8.75827,1.00,1.00
2017.05.19 09:00:01.433,8.7569,8.75848,1.00,1.00
2017.05.19 09:00:01.534,8.7573,8.75848,1.00,1.00
2017.05.19 09:00:01.583,8.75692,8.75848,1.00,1.00
2017.05.19 09:00:01.634,8.75731,8.75857,1.00,1.00
2017.05.19 09:00:02.134,8.75692,8.75853,1.00,1.00
2017.05.19 09:00:02.560,8.757,8.7586,1.00,1.00
2017.05.19 09:00:02.865,8.75698,8.75858,1.00,1.00
2017.05.19 09:00:03.604,8.75703,8.75863,1.00,1.00
2017.05.19 09:00:03.916,8.7567,8.7583,1.00,1.00
2017.05.19 09:00:04.229,8.75684,8.75844,1.00,1.00
2017.05.19 09:00:04.894,8.75691,8.75851,1.00,1.00
2017.05.19 09:00:05.252,8.75694,8.75835,1.00,1.00
2017.05.19 09:00:05.565,8.75685,8.75826,1.00,1.00
2017.05.19 09:00:06.295,8.75686,8.75826,1.00,1.00
2017.05.19 09:00:06.867,8.75691,8.7583,1.00,1.00
2017.05.19 09:00:08.749,8.75692,8.7583,1.00,1.00
2017.05.19 09:00:09.080,8.75699,8.75836,1.00,1.00
2017.05.19 09:00:09.316,8.75718,8.75857,1.00,1.00
2017.05.19 09:00:09.367,8.75706,8.75844,1.00,1.00
2017.05.19 09:00:09.418,8.75721,8.7586,1.00,1.00
2017.05.19 09:00:09.470,8.75733,8.75879,1.00,1.00
2017.05.19 09:00:10.359,8.75741,8.7588,1.00,1.00
2017.05.19 09:00:11.483,8.75769,8.75908,1.00,1.00
2017.05.19 09:00:11.791,8.75777,8.75916,1.00,1.00
2017.05.19 09:00:12.616,8.75781,8.7592,1.00,1.00
2017.05.19 09:00:12.924,8.75831,8.75951,1.00,1.00
2017.05.19 09:00:12.976,8.75831,8.75957,1.00,1.00
2017.05.19 09:00:13.028,8.75843,8.7597,1.00,1.00
2017.05.19 09:00:13.232,8.75783,8.75941,1.60,1.00
2017.05.19 09:00:13.283,8.75782,8.75944,1.00,1.00
2017.05.19 09:00:13.800,8.75782,8.75943,1.00,1.00
2017.05.19 09:00:14.237,8.75789,8.75949,1.00,1.00
2017.05.19 09:00:14.561,8.75788,8.75929,1.00,1.00
2017.05.19 09:00:14.966,8.75781,8.75905,1.00,1.00
2017.05.19 09:00:17.224,8.75786,8.75912,1.00,1.00
2017.05.19 09:00:17.568,8.75804,8.7593,1.00,1.00
2017.05.19 09:00:17.874,8.75814,8.7594,1.00,1.00
2017.05.19 09:00:18.250,8.75801,8.75927,1.00,1.00
2017.05.19 09:00:18.690,8.75806,8.75932,1.00,1.00
2017.05.19 09:00:19.933,8.75796,8.75913,1.00,1.00
2017.05.19 09:00:20.035,8.7578,8.75906,1.00,1.00
2017.05.19 09:00:21.115,8.75763,8.75907,1.00,1.00
2017.05.19 09:00:21.436,8.75747,8.75873,1.00,1.00
2017.05.19 09:00:21.811,8.75714,8.7584,1.00,1.00
2017.05.19 09:00:21.985,8.75702,8.7583,1.00,1.00
2017.05.19 09:00:22.037,8.75668,8.75827,1.60,1.00
2017.05.19 09:00:22.088,8.75668,8.75827,1.00,1.00
2017.05.19 09:00:22.393,8.7565,8.75809,1.00,1.00
2017.05.19 09:00:22.806,8.75639,8.75798,1.00,1.00
2017.05.19 09:00:23.110,8.75631,8.7579,1.00,1.00
2017.05.19 09:00:23.434,8.75629,8.75788,1.00,1.00
2017.05.19 09:00:23.741,8.75634,8.75788,1.60,1.00
2017.05.19 09:00:24.081,8.75637,8.7577,1.60,1.00
2017.05.19 09:00:24.284,8.75668,8.75794,1.00,1.00
2017.05.19 09:00:24.437,8.75646,8.75808,1.00,1.00
2017.05.19 09:00:24.488,8.7566,8.75821,1.00,1.00
2017.05.19 09:00:24.793,8.75699,8.75825,1.00,1.00
2017.05.19 09:00:25.183,8.75736,8.75862,1.00,1.00
2017.05.19 09:00:25.488,8.75726,8.75852,1.00,1.00
2017.05.19 09:00:25.792,8.75717,8.75843,1.00,1.00
2017.05.19 09:00:26.512,8.75723,8.75849,1.00,1.00
2017.05.19 09:00:29.527,8.75713,8.75839,1.00,1.00
2017.05.19 09:00:30.767,8.75712,8.75836,1.00,1.00
2017.05.19 09:00:32.969,8.75707,8.75833,1.00,1.00
2017.05.19 09:00:33.021,8.75696,8.75821,1.00,1.00
2017.05.19 09:00:33.358,8.75664,8.7579,1.60,1.00
2017.05.19 09:00:33.569,8.7568,8.75806,1.00,1.00
2017.05.19 09:00:35.196,8.75702,8.75827,1.00,1.00
2017.05.19 09:00:35.247,8.75712,8.75838,1.00,1.00
2017.05.19 09:00:35.298,8.75735,8.75861,1.00,1.00
2017.05.19 09:00:35.450,8.75706,8.7586,1.00,1.00
2017.05.19 09:00:35.656,8.75691,8.7586,1.00,1.00
2017.05.19 09:00:35.708,8.75694,8.7582,1.00,1.00
2017.05.19 09:00:36.368,8.75684,8.7581,1.00,1.00
2017.05.19 09:00:36.765,8.75679,8.75803,1.00,1.00
2017.05.19 09:00:36.969,8.75685,8.75811,1.00,1.00
2017.05.19 09:00:37.710,8.7569,8.75816,1.00,1.00
2017.05.19 09:00:38.678,8.75658,8.75787,1.00,1.00
2017.05.19 09:00:38.729,8.75658,8.75769,1.00,1.00
2017.05.19 09:00:38.782,8.75658,8.75774,1.00,1.00
2017.05.19 09:00:38.833,8.75616,8.75774,1.00,1.00
2017.05.19 09:00:38.884,8.75609,8.75729,1.37,1.00
2017.05.19 09:00:38.935,8.75609,8.75729,1.00,1.00
2017.05.19 09:00:39.088,8.75605,8.75729,1.00,1.00
2017.05.19 09:00:39.530,8.75581,8.75696,1.00,1.00
2017.05.19 09:00:39.632,8.75541,8.75665,1.00,1.00
2017.05.19 09:00:39.785,8.75541,8.75654,1.00,1.00
2017.05.19 09:00:39.938,8.75528,8.75654,1.00,1.00
2017.05.19 09:00:39.989,8.75526,8.75629,1.00,1.00
2017.05.19 09:00:40.040,8.75503,8.75629,1.00,1.00
2017.05.19 09:00:40.091,8.75518,8.75644,1.00,1.00
2017.05.19 09:00:40.598,8.75507,8.75633,1.00,1.00
2017.05.19 09:00:40.919,8.75497,8.75623,1.00,1.00
2017.05.19 09:00:41.280,8.75479,8.75605,1.00,1.00
2017.05.19 09:00:41.585,8.75469,8.75595,1.00,1.00
2017.05.19 09:00:42.372,8.75468,8.75594,1.00,1.00
2017.05.19 09:00:42.872,8.75456,8.75582,1.00,1.00
2017.05.19 09:00:43.184,8.75477,8.75603,1.00,1.00
2017.05.19 09:00:43.488,8.75485,8.75611,1.00,1.00
2017.05.19 09:00:44.417,8.75482,8.75608,1.00,1.00
2017.05.19 09:00:44.752,8.75491,8.75617,1.00,1.00
2017.05.19 09:00:45.158,8.75501,8.75627,1.00,1.00
2017.05.19 09:00:45.652,8.75526,8.75652,1.00,1.00
2017.05.19 09:00:46.679,8.75532,8.75658,1.00,1.00
2017.05.19 09:00:48.020,8.75519,8.75645,1.00,1.00
2017.05.19 09:00:48.365,8.75524,8.7565,1.00,1.00
2017.05.19 09:00:48.977,8.75529,8.75655,1.00,1.00
2017.05.19 09:00:50.005,8.75533,8.75659,1.00,1.00
2017.05.19 09:00:50.515,8.75541,8.75667,1.00,1.00
2017.05.19 09:00:51.123,8.75569,8.75695,1.00,1.00
2017.05.19 09:00:51.282,8.7561,8.75759,1.37,1.00
2017.05.19 09:00:51.384,8.7561,8.75759,1.00,1.00
2017.05.19 09:00:51.486,8.7561,8.75763,1.00,1.00
2017.05.19 09:00:51.740,8.75625,8.75755,1.00,1.00
2017.05.19 09:00:52.488,8.75641,8.75767,1.00,1.00
2017.05.19 09:00:52.805,8.75651,8.75777,1.00,1.00
2017.05.19 09:00:53.618,8.75647,8.75773,1.00,1.00
2017.05.19 09:00:53.792,8.75637,8.75777,1.00,1.00
2017.05.19 09:00:54.723,8.75644,8.75781,1.00,1.00
2017.05.19 09:00:55.082,8.75643,8.75789,1.00,1.00
2017.05.19 09:00:55.925,8.75657,8.75801,1.00,1.00
2017.05.19 09:00:55.976,8.75644,8.75791,1.00,1.00
2017.05.19 09:00:56.027,8.75658,8.75804,1.00,1.00
2017.05.19 09:00:56.335,8.75649,8.75795,1.00,1.00
2017.05.19 09:00:56.833,8.75658,8.75805,1.00,1.00
2017.05.19 09:00:57.420,8.75652,8.75798,1.00,1.00
2017.05.19 09:00:57.675,8.75634,8.75781,1.00,1.00
2017.05.19 09:00:57.726,8.75622,8.75768,1.00,1.00
2017.05.19 09:00:58.070,8.75627,8.75768,1.00,1.00
2017.05.19 09:00:58.178,8.75622,8.75768,1.00,1.00
2017.05.19 09:00:58.508,8.75624,8.75768,1.00,1.00
2017.05.19 09:00:58.661,8.75629,8.75776,1.00,1.00
2017.05.19 09:00:58.712,8.75631,8.75785,1.00,1.00
2017.05.19 09:00:58.764,8.7564,8.75785,1.00,1.00
2017.05.19 09:00:59.287,8.75634,8.75785,1.00,1.00
2017.05.19 09:00:59.591,8.75672,8.75797,1.00,1.00
2017.05.19 09:00:59.896,8.75685,8.75811,1.00,1.00
2017.05.19 09:01:00.049,8.75697,8.75823,1.00,1.00
2017.05.19 09:01:00.456,8.75687,8.75813,1.00,1.00
2017.05.19 09:01:00.636,8.75675,8.75807,1.00,1.00
2017.05.19 09:01:00.738,8.75679,8.75805,1.00,1.00
2017.05.19 09:01:01.165,8.75663,8.75797,1.00,1.00
2017.05.19 09:01:01.216,8.75656,8.75782,1.00,1.00
2017.05.19 09:01:01.567,8.75673,8.75799,1.00,1.00
2017.05.19 09:01:03.229,8.75668,8.75794,1.00,1.00
2017.05.19 09:01:03.569,8.75673,8.75799,1.00,1.00
2017.05.19 09:01:04.041,8.75662,8.75788,1.00,1.00
2017.05.19 09:01:04.585,8.75651,8.75777,1.00,1.00
2017.05.19 09:01:04.898,8.75663,8.75788,1.00,1.00
2017.05.19 09:01:05.648,8.75664,8.75788,1.00,1.00
2017.05.19 09:01:05.968,8.75659,8.75783,1.00,1.00
2017.05.19 09:01:06.350,8.75649,8.75773,1.00,1.00
2017.05.19 09:01:06.801,8.75661,8.75787,1.00,1.00
2017.05.19 09:01:07.061,8.75648,8.75775,1.00,1.00
2017.05.19 09:01:07.311,8.75657,8.75783,1.00,1.00
2017.05.19 09:01:11.513,8.75662,8.75788,1.00,1.00
2017.05.19 09:01:12.107,8.75667,8.75793,1.00,1.00
2017.05.19 09:01:14.752,8.75658,8.75784,1.00,1.00
2017.05.19 09:01:15.006,8.75628,8.75781,1.00,1.00
2017.05.19 09:01:15.147,8.75625,8.75781,1.00,1.00
2017.05.19 09:01:15.697,8.75626,8.75781,1.00,1.00
2017.05.19 09:01:15.962,8.75626,8.75779,1.00,1.00
2017.05.19 09:01:16.028,8.75619,8.75779,1.00,1.00
2017.05.19 09:01:16.516,8.75615,8.7577,1.00,1.00
2017.05.19 09:01:16.848,8.75611,8.7576,1.00,1.00
2017.05.19 09:01:16.949,8.75603,8.7576,1.00,1.00
2017.05.19 09:01:17.109,8.75611,8.7577,1.00,1.00
2017.05.19 09:01:17.852,8.756,8.75751,1.00,1.00
2017.05.19 09:01:17.903,8.75603,8.75762,1.00,1.00
2017.05.19 09:01:18.105,8.756,8.75754,1.00,1.00
2017.05.19 09:01:18.406,8.7561,8.75768,1.00,1.00
2017.05.19 09:01:18.559,8.75622,8.75779,1.00,1.00
2017.05.19 09:01:19.556,8.75623,8.75782,1.00,1.00
2017.05.19 09:01:20.875,8.75625,8.75782,1.00,1.00
2017.05.19 09:01:21.354,8.75628,8.7578,1.00,1.00
2017.05.19 09:01:23.853,8.75631,8.7578,1.00,1.00
2017.05.19 09:01:27.010,8.75625,8.75774,1.00,1.00
2017.05.19 09:01:27.986,8.75626,8.75775,1.00,1.00
2017.05.19 09:01:29.339,8.75627,8.75775,1.00,1.00
2017.05.19 09:01:29.690,8.7563,8.75775,1.00,1.00
2017.05.19 09:01:30.659,8.75632,8.75775,1.00,1.00
2017.05.19 09:01:31.124,8.7563,8.75776,1.00,1.00
2017.05.19 09:01:31.458,8.75627,8.75776,1.00,1.00
2017.05.19 09:01:32.221,8.75635,8.75784,1.00,1.00
2017.05.19 09:01:32.551,8.75651,8.75777,1.00,1.00
2017.05.19 09:01:33.232,8.75646,8.75772,1.00,1.00
2017.05.19 09:01:33.839,8.75641,8.75767,1.00,1.00
2017.05.19 09:01:34.942,8.75623,8.75749,1.00,1.00
2017.05.19 09:01:35.371,8.75635,8.75758,1.00,1.00
2017.05.19 09:01:35.422,8.75639,8.75781,1.00,1.00
2017.05.19 09:01:35.931,8.75624,8.7575,1.00,1.00
2017.05.19 09:01:36.361,8.75614,8.75739,1.00,1.00
2017.05.19 09:01:37.388,8.7561,8.75736,1.00,1.00
2017.05.19 09:01:38.930,8.75603,8.75728,1.00,1.00
2017.05.19 09:01:39.120,8.75585,8.75711,1.00,1.00
2017.05.19 09:01:40.117,8.75585,8.75709,1.00,1.00
2017.05.19 09:01:40.242,8.7557,8.75696,1.00,1.00
2017.05.19 09:01:42.017,8.75576,8.757,1.00,1.00
2017.05.19 09:01:42.944,8.75598,8.75724,1.00,1.00
2017.05.19 09:01:42.995,8.75609,8.75735,1.00,1.00
2017.05.19 09:01:43.346,8.75639,8.75765,1.00,1.00
2017.05.19 09:01:44.010,8.75629,8.75755,1.00,1.00
2017.05.19 09:01:44.360,8.75639,8.75765,1.00,1.00
2017.05.19 09:01:44.671,8.75644,8.7577,1.00,1.00
2017.05.19 09:01:45.904,8.75643,8.75769,1.00,1.00
2017.05.19 09:01:46.935,8.7564,8.75766,1.00,1.00
2017.05.19 09:01:47.298,8.75645,8.75771,1.00,1.00
2017.05.19 09:01:47.764,8.75659,8.75811,1.00,1.00
2017.05.19 09:01:47.815,8.75677,8.75803,1.00,1.00
2017.05.19 09:01:48.130,8.75697,8.75823,1.00,1.00
2017.05.19 09:01:48.798,8.75688,8.75834,1.00,1.00
2017.05.19 09:01:50.639,8.75676,8.75822,1.00,1.00
2017.05.19 09:01:50.990,8.75707,8.75833,1.00,1.00
2017.05.19 09:01:51.294,8.7572,8.75846,1.00,1.00
2017.05.19 09:01:51.853,8.75715,8.75839,1.00,1.00
2017.05.19 09:01:52.823,8.75711,8.75835,1.00,1.00
2017.05.19 09:01:53.550,8.75718,8.75844,1.00,1.00
2017.05.19 09:01:53.703,8.75728,8.75854,1.00,1.00
2017.05.19 09:01:54.396,8.75742,8.75868,1.00,1.00
2017.05.19 09:01:54.707,8.75732,8.75858,1.00,1.00
2017.05.19 09:01:55.399,8.75737,8.75863,1.00,1.00
2017.05.19 09:01:55.502,8.75695,8.75881,1.00,1.50
2017.05.19 09:01:55.554,8.75695,8.75862,1.00,1.00
2017.05.19 09:01:55.893,8.75742,8.75882,1.00,1.00
2017.05.19 09:01:56.200,8.75754,8.75894,1.00,1.00
2017.05.19 09:01:57.041,8.75753,8.75893,1.00,1.00
2017.05.19 09:01:57.533,8.75748,8.75888,1.00,1.00
2017.05.19 09:01:57.851,8.75755,8.7589,1.00,1.00
2017.05.19 09:01:58.613,8.75746,8.75886,1.00,1.00
2017.05.19 09:02:00.451,8.75748,8.75908,1.00,1.00
2017.05.19 09:02:00.505,8.75791,8.75917,1.00,1.00
2017.05.19 09:02:01.370,8.75776,8.75902,1.00,1.00
2017.05.19 09:02:01.675,8.75798,8.75924,1.00,1.00
2017.05.19 09:02:01.979,8.75807,8.75933,1.00,1.00
2017.05.19 09:02:02.499,8.75802,8.75928,1.00,1.00
2017.05.19 09:02:02.854,8.75806,8.75932,1.00,1.00
2017.05.19 09:02:03.587,8.75811,8.75937,1.00,1.00
2017.05.19 09:02:04.038,8.75806,8.75932,1.00,1.00
2017.05.19 09:02:04.532,8.7581,8.75936,1.00,1.00
2017.05.19 09:02:06.492,8.75803,8.75928,1.00,1.00
2017.05.19 09:02:07.869,8.75807,8.75933,1.00,1.00
2017.05.19 09:02:08.169,8.75805,8.75933,1.00,1.00
2017.05.19 09:02:08.398,8.75773,8.75934,1.00,1.00
2017.05.19 09:02:08.449,8.75764,8.75892,1.00,1.00
2017.05.19 09:02:08.551,8.75762,8.75891,1.00,1.00
2017.05.19 09:02:09.562,8.75762,8.7589,1.00,1.00
2017.05.19 09:02:09.715,8.75757,8.75885,1.00,1.00
2017.05.19 09:02:10.877,8.75755,8.75884,1.00,1.00
2017.05.19 09:02:11.519,8.75762,8.7589,1.00,1.00
2017.05.19 09:02:11.886,8.75753,8.75882,1.00,1.00
2017.05.19 09:02:11.938,8.75743,8.75871,1.00,1.00
2017.05.19 09:02:12.727,8.75749,8.75877,1.00,1.00
2017.05.19 09:02:12.931,8.75708,8.75869,1.00,1.00
2017.05.19 09:02:13.287,8.75703,8.75844,1.00,1.00
2017.05.19 09:02:14.250,8.75701,8.75842,1.00,1.00
2017.05.19 09:02:15.341,8.75697,8.75836,1.00,1.00
2017.05.19 09:02:16.060,8.75694,8.75835,1.00,1.00
2017.05.19 09:02:18.462,8.75696,8.75836,1.00,1.00
2017.05.19 09:02:19.351,8.757,8.75841,1.00,1.00
2017.05.19 09:02:20.286,8.75696,8.75836,1.00,1.00
2017.05.19 09:02:20.804,8.75702,8.75843,1.00,1.00
2017.05.19 09:02:21.142,8.7571,8.75851,1.00,1.00
2017.05.19 09:02:21.519,8.75714,8.75842,1.00,1.00
2017.05.19 09:02:22.114,8.75719,8.75847,1.00,1.00
2017.05.19 09:02:23.308,8.75714,8.75841,1.00,1.00
2017.05.19 09:02:24.291,8.7571,8.75838,1.00,1.00
2017.05.19 09:02:24.773,8.75703,8.75829,1.00,1.00
2017.05.19 09:02:25.327,8.7571,8.75838,1.00,1.00
2017.05.19 09:02:30.734,8.75704,8.75832,1.00,1.00
2017.05.19 09:02:31.167,8.75702,8.75829,1.00,1.00
2017.05.19 09:02:33.531,8.75702,8.7583,1.00,1.00
2017.05.19 09:02:36.642,8.75705,8.75833,1.00,1.00
2017.05.19 09:02:39.050,8.75706,8.75834,1.00,1.00
2017.05.19 09:02:43.691,8.75712,8.7584,1.00,1.00
2017.05.19 09:02:48.522,8.75711,8.75839,1.00,1.00
2017.05.19 09:02:51.683,8.75718,8.75846,1.00,1.00
2017.05.19 09:02:52.581,8.75724,8.75852,1.00,1.00
2017.05.19 09:02:56.903,8.75725,8.75852,1.00,1.00
2017.05.19 09:03:00.135,8.75711,8.75838,1.00,1.00
2017.05.19 09:03:01.121,8.75709,8.75836,1.00,1.00
2017.05.19 09:03:02.605,8.75698,8.75825,1.00,1.00
2017.05.19 09:03:02.661,8.75683,8.75811,1.00,1.00
2017.05.19 09:03:03.181,8.75675,8.75802,1.00,1.00
2017.05.19 09:03:04.991,8.7567,8.75797,1.00,1.00
2017.05.19 09:03:06.219,8.75663,8.7579,1.00,1.00
2017.05.19 09:03:06.565,8.75658,8.75786,1.00,1.00
2017.05.19 09:03:07.265,8.75663,8.7579,1.00,1.00
2017.05.19 09:03:07.611,8.75671,8.75798,1.00,1.00
2017.05.19 09:03:10.029,8.75676,8.75803,1.00,1.00
2017.05.19 09:03:10.333,8.75682,8.75809,1.00,1.00
2017.05.19 09:03:18.094,8.75713,8.7584,1.00,1.00
2017.05.19 09:03:18.145,8.7568,8.75842,1.00,1.00
2017.05.19 09:03:18.196,8.75714,8.75839,1.00,1.00
2017.05.19 09:03:18.572,8.75681,8.7584,1.00,1.00
2017.05.19 09:03:18.623,8.7568,8.75823,1.00,1.00
2017.05.19 09:03:19.224,8.75655,8.75798,1.00,1.00
2017.05.19 09:03:19.629,8.75648,8.7579,1.00,1.00
2017.05.19 09:03:20.329,8.75641,8.75784,1.00,1.00
2017.05.19 09:03:20.533,8.75652,8.75795,1.00,1.00
2017.05.19 09:03:20.899,8.7564,8.75783,1.00,1.00
2017.05.19 09:03:21.241,8.75657,8.75797,1.00,1.00
2017.05.19 09:03:21.617,8.75667,8.75794,1.00,1.00
2017.05.19 09:03:21.871,8.75675,8.75803,1.00,1.00
2017.05.19 09:03:22.042,8.75683,8.7581,1.00,1.00
2017.05.19 09:03:22.959,8.75682,8.75809,1.00,1.00
2017.05.19 09:03:24.093,8.75683,8.7581,1.00,1.00
2017.05.19 09:03:26.583,8.75679,8.75824,1.00,1.00
2017.05.19 09:03:28.187,8.75712,8.75839,1.00,1.00
2017.05.19 09:03:28.339,8.7568,8.75841,1.00,1.00
2017.05.19 09:03:28.440,8.75673,8.75807,1.00,1.00
2017.05.19 09:03:28.491,8.75679,8.75832,1.00,1.00
2017.05.19 09:03:28.593,8.75679,8.7583,1.00,1.00
2017.05.19 09:03:28.847,8.75679,8.75833,1.00,1.00
2017.05.19 09:03:29.177,8.75669,8.75795,1.00,1.00
2017.05.19 09:03:31.133,8.75667,8.75794,1.00,1.00
2017.05.19 09:03:31.278,8.75672,8.75799,1.00,1.00
2017.05.19 09:03:31.582,8.75691,8.75817,1.00,1.00
2017.05.19 09:03:32.155,8.7568,8.75836,1.50,1.00
2017.05.19 09:03:32.411,8.75692,8.75848,1.00,1.00
2017.05.19 09:03:33.613,8.75688,8.75844,1.00,1.00
2017.05.19 09:03:34.613,8.75692,8.75848,1.00,1.00
2017.05.19 09:03:35.130,8.75674,8.758,1.00,1.00
2017.05.19 09:03:35.460,8.75665,8.75791,1.00,1.00
2017.05.19 09:03:36.667,8.75656,8.75782,1.00,1.00
2017.05.19 09:03:38.489,8.75655,8.75781,1.00,1.00
2017.05.19 09:03:39.739,8.75651,8.75777,1.00,1.00
2017.05.19 09:03:40.483,8.75655,8.75781,1.00,1.00
2017.05.19 09:03:46.144,8.75654,8.7578,1.00,1.00
2017.05.19 09:03:47.164,8.75659,8.75783,1.00,1.00
2017.05.19 09:03:47.423,8.75668,8.75794,1.00,1.00
2017.05.19 09:03:47.576,8.75669,8.75827,1.00,1.00
2017.05.19 09:03:47.677,8.75667,8.75793,1.00,1.00
2017.05.19 09:03:48.518,8.75669,8.75827,1.00,1.00
2017.05.19 09:03:49.287,8.75666,8.7579,1.00,1.00
2017.05.19 09:03:51.848,8.75665,8.75825,1.00,1.00
2017.05.19 09:04:00.186,8.75669,8.75827,1.00,1.00
2017.05.19 09:04:00.288,8.75678,8.75838,1.00,1.50
2017.05.19 09:04:00.339,8.75688,8.75837,1.00,1.00
2017.05.19 09:04:00.525,8.75697,8.75857,1.00,1.50
2017.05.19 09:04:01.257,8.75693,8.75851,1.00,1.00
2017.05.19 09:04:03.690,8.7569,8.75849,1.00,1.00
2017.05.19 09:04:06.792,8.7569,8.75837,1.00,1.00
2017.05.19 09:04:08.377,8.75688,8.75835,1.00,1.00
2017.05.19 09:04:09.378,8.75688,8.75833,1.00,1.00
2017.05.19 09:04:16.205,8.75691,8.75834,1.00,1.00
2017.05.19 09:04:18.119,8.75693,8.75819,1.50,1.00
2017.05.19 09:04:18.872,8.75695,8.75823,1.00,1.00
2017.05.19 09:04:20.487,8.7569,8.75818,1.00,1.00
2017.05.19 09:04:21.715,8.75685,8.75827,1.00,1.00
2017.05.19 09:04:24.213,8.75685,8.75826,1.00,1.00
2017.05.19 09:04:24.738,8.75685,8.75827,1.00,1.00
2017.05.19 09:04:26.236,8.75693,8.75835,1.00,1.00
2017.05.19 09:04:26.439,8.75699,8.75842,1.00,1.00
2017.05.19 09:04:26.966,8.75699,8.75841,1.00,1.00
2017.05.19 09:04:28.612,8.75693,8.75835,1.00,1.00
2017.05.19 09:04:29.640,8.75698,8.7584,1.00,1.00
2017.05.19 09:04:29.985,8.75709,8.75848,1.00,1.00
2017.05.19 09:04:30.565,8.75709,8.7585,1.00,1.00
2017.05.19 09:04:31.271,8.75701,8.75843,1.00,1.00
2017.05.19 09:04:33.733,8.75699,8.7584,1.00,1.00
2017.05.19 09:04:34.265,8.75699,8.75841,1.00,1.00
2017.05.19 09:04:35.901,8.75687,8.75836,1.00,1.00
2017.05.19 09:04:36.993,8.75682,8.75829,1.00,1.00
2017.05.19 09:04:37.272,8.75686,8.75835,1.00,1.00
2017.05.19 09:04:39.294,8.75687,8.75832,1.00,1.00
2017.05.19 09:04:42.196,8.75698,8.75844,1.00,1.00
2017.05.19 09:04:42.366,8.75721,8.75862,1.00,1.00
2017.05.19 09:04:42.417,8.75721,8.75868,1.00,1.00
2017.05.19 09:04:42.903,8.7573,8.75873,1.00,1.00
2017.05.19 09:04:43.287,8.75737,8.75864,1.00,1.00
2017.05.19 09:04:44.027,8.75741,8.75868,1.00,1.00
2017.05.19 09:04:44.532,8.75741,8.75869,1.00,1.00
2017.05.19 09:04:45.274,8.75735,8.75863,1.00,1.00
2017.05.19 09:04:45.577,8.75725,8.75871,1.00,1.00
2017.05.19 09:04:45.811,8.75707,8.75835,1.00,1.00
2017.05.19 09:04:45.862,8.75713,8.7587,1.00,1.00
2017.05.19 09:04:46.115,8.75705,8.75832,1.00,1.00
2017.05.19 09:04:46.622,8.75684,8.75811,1.00,1.00
2017.05.19 09:04:46.825,8.75695,8.75823,1.00,1.00
2017.05.19 09:04:47.484,8.75684,8.75811,1.00,1.00
2017.05.19 09:04:47.586,8.75657,8.75785,1.00,1.00
2017.05.19 09:04:47.637,8.75654,8.7577,1.00,1.00
2017.05.19 09:04:47.688,8.75642,8.7577,1.00,1.00
2017.05.19 09:04:47.739,8.75631,8.75758,1.00,1.00
2017.05.19 09:04:48.073,8.75631,8.75758,1.43,1.00
2017.05.19 09:04:48.765,8.75635,8.75762,1.43,1.00
2017.05.19 09:04:48.921,8.75651,8.75777,1.00,1.00
2017.05.19 09:04:49.781,8.75657,8.75784,1.00,1.00
2017.05.19 09:04:49.887,8.75664,8.75792,1.00,1.00
2017.05.19 09:04:51.504,8.75674,8.75802,1.00,1.00
2017.05.19 09:04:51.848,8.75683,8.75811,1.00,1.00
2017.05.19 09:04:52.405,8.75683,8.7581,1.00,1.00
2017.05.19 09:04:54.229,8.75679,8.75806,1.00,1.00
2017.05.19 09:04:54.280,8.75683,8.75811,1.00,1.00
2017.05.19 09:05:01.405,8.75682,8.7581,1.00,1.00
2017.05.19 09:05:04.226,8.7567,8.75797,1.00,1.00
2017.05.19 09:05:04.534,8.75659,8.75786,1.00,1.00
2017.05.19 09:05:05.308,8.7566,8.75787,1.00,1.00
2017.05.19 09:05:06.800,8.75655,8.75783,1.00,1.00
2017.05.19 09:05:07.662,8.75664,8.75808,1.00,1.00
2017.05.19 09:05:07.713,8.75664,8.75819,1.00,1.00
2017.05.19 09:05:08.819,8.75682,8.75819,1.00,1.00
2017.05.19 09:05:09.260,8.757,8.75827,1.00,1.00
2017.05.19 09:05:10.503,8.75699,8.75827,1.00,1.00
2017.05.19 09:05:11.310,8.75705,8.75833,1.00,1.00
2017.05.19 09:05:12.882,8.75739,8.75866,1.00,1.00
2017.05.19 09:05:13.396,8.75739,8.75867,1.00,1.00
2017.05.19 09:05:13.851,8.75751,8.75879,1.00,1.00
2017.05.19 09:05:14.211,8.75763,8.7589,1.00,1.00
2017.05.19 09:05:14.520,8.75773,8.759,1.00,1.00
2017.05.19 09:05:14.571,8.75761,8.75889,1.00,1.00
2017.05.19 09:05:14.673,8.75751,8.75879,1.00,1.00
2017.05.19 09:05:14.877,8.75725,8.75869,1.00,1.00
2017.05.19 09:05:14.928,8.75739,8.75867,1.00,1.00
2017.05.19 09:05:15.581,8.7575,8.75878,1.00,1.00
2017.05.19 09:05:15.917,8.75759,8.75887,1.00,1.00
2017.05.19 09:05:16.457,8.75767,8.75892,1.00,1.00
2017.05.19 09:05:16.747,8.75778,8.75904,1.00,1.00
2017.05.19 09:05:16.848,8.75784,8.75911,1.00,1.00
2017.05.19 09:05:18.818,8.75782,8.75907,1.50,1.00
2017.05.19 09:05:19.287,8.75787,8.75907,1.00,1.00
2017.05.19 09:05:19.898,8.75786,8.75907,1.00,1.00
2017.05.19 09:05:20.141,8.75784,8.75907,1.00,1.00
2017.05.19 09:05:20.462,8.75782,8.75907,1.00,1.00
2017.05.19 09:05:21.533,8.75788,8.75915,1.00,1.00
2017.05.19 09:05:22.534,8.75787,8.75914,1.00,1.00
2017.05.19 09:05:22.917,8.75791,8.75918,1.00,1.00
2017.05.19 09:05:23.399,8.75804,8.75929,1.00,1.00
2017.05.19 09:05:23.450,8.75824,8.75951,1.00,1.00
2017.05.19 09:05:24.366,8.75827,8.75954,1.00,1.00
2017.05.19 09:05:25.366,8.75826,8.75952,1.00,1.00
2017.05.19 09:05:26.369,8.7583,8.75956,1.00,1.00
2017.05.19 09:05:28.251,8.75826,8.75952,1.00,1.00
2017.05.19 09:05:29.336,8.7583,8.75957,1.00,1.00
2017.05.19 09:05:30.328,8.75831,8.75958,1.00,1.00
2017.05.19 09:05:31.351,8.75829,8.75956,1.00,1.00
2017.05.19 09:05:32.352,8.75825,8.75952,1.00,1.00
2017.05.19 09:05:33.160,8.75805,8.75956,1.00,1.00
2017.05.19 09:05:33.839,8.75804,8.75956,1.00,1.00
2017.05.19 09:05:35.015,8.75804,8.75961,1.00,1.00
2017.05.19 09:05:35.562,8.75803,8.75961,1.00,1.00
2017.05.19 09:05:35.751,8.758,8.75961,1.00,1.00
2017.05.19 09:05:35.972,8.75802,8.75961,1.00,1.00
2017.05.19 09:05:36.301,8.758,8.75961,1.00,1.00
2017.05.19 09:05:36.897,8.75804,8.75956,1.00,1.00
2017.05.19 09:05:39.358,8.75805,8.75956,1.00,1.00
2017.05.19 09:05:40.765,8.75795,8.7593,1.00,1.00
2017.05.19 09:05:40.868,8.75796,8.75938,1.00,1.00
2017.05.19 09:05:41.032,8.75787,8.75938,1.50,1.00
2017.05.19 09:05:41.375,8.75794,8.75938,1.00,1.00
2017.05.19 09:05:41.723,8.75795,8.75944,1.00,1.00
2017.05.19 09:05:42.463,8.75806,8.75944,1.00,1.00
2017.05.19 09:05:42.681,8.75799,8.75944,1.00,1.00
2017.05.19 09:05:43.784,8.758,8.75944,1.00,1.00
2017.05.19 09:05:44.112,8.75798,8.75944,1.00,1.00
2017.05.19 09:05:44.663,8.75803,8.75944,1.00,1.00
2017.05.19 09:05:44.714,8.75803,8.75949,1.00,1.00
2017.05.19 09:05:44.992,8.75806,8.75949,1.00,1.00
2017.05.19 09:05:45.379,8.75807,8.75938,1.00,1.00
2017.05.19 09:05:45.676,8.75803,8.75938,1.00,1.00
2017.05.19 09:05:45.879,8.75797,8.75938,1.00,1.00
2017.05.19 09:05:46.380,8.75797,8.7594,1.00,1.00
2017.05.19 09:05:46.807,8.75797,8.75933,1.00,1.00
2017.05.19 09:05:47.119,8.75795,8.75919,1.00,1.00
2017.05.19 09:05:47.550,8.75782,8.75908,1.00,1.00
2017.05.19 09:05:47.871,8.75806,8.75933,1.00,1.00
2017.05.19 09:05:48.125,8.75799,8.75925,1.00,1.00
2017.05.19 09:05:48.226,8.75788,8.75915,1.00,1.00
2017.05.19 09:05:48.416,8.75803,8.7593,1.00,1.00
2017.05.19 09:05:48.893,8.75793,8.7592,1.00,1.00
2017.05.19 09:05:49.382,8.75804,8.75929,1.00,1.00
2017.05.19 09:05:49.719,8.75796,8.75921,1.00,1.00
2017.05.19 09:05:49.980,8.75769,8.75896,1.00,1.00
2017.05.19 09:05:50.031,8.75786,8.7591,1.00,1.00
2017.05.19 09:05:50.082,8.75797,8.75924,1.00,1.00
2017.05.19 09:05:50.332,8.75786,8.75913,1.00,1.00
2017.05.19 09:05:50.841,8.75786,8.75912,1.00,1.00
2017.05.19 09:05:51.301,8.75793,8.75918,1.00,1.00
2017.05.19 09:05:51.950,8.75798,8.75925,1.00,1.00
2017.05.19 09:05:54.395,8.75805,8.75932,1.00,1.00
2017.05.19 09:06:00.159,8.75799,8.75929,1.00,1.00
2017.05.19 09:06:00.214,8.75791,8.75929,1.00,1.00
2017.05.19 09:06:00.265,8.75796,8.75939,1.00,1.00
2017.05.19 09:06:00.317,8.75793,8.75937,1.00,1.00
2017.05.19 09:06:01.323,8.75797,8.75941,1.00,1.00
2017.05.19 09:06:03.909,8.75799,8.75942,1.00,1.00
2017.05.19 09:06:04.939,8.75802,8.75946,1.00,1.00
2017.05.19 09:06:05.943,8.75803,8.75947,1.00,1.00
2017.05.19 09:06:06.672,8.75801,8.75946,1.00,1.00
2017.05.19 09:06:06.749,8.75803,8.75945,1.00,1.00
2017.05.19 09:06:07.102,8.7581,8.75937,1.00,1.00
2017.05.19 09:06:09.339,8.75805,8.75932,1.00,1.00
2017.05.19 09:06:09.691,8.75813,8.75939,1.00,1.00
2017.05.19 09:06:10.059,8.75821,8.75947,1.00,1.00
2017.05.19 09:06:15.498,8.75812,8.75938,1.00,1.00
2017.05.19 09:06:16.501,8.7581,8.75935,1.00,1.00
2017.05.19 09:06:17.579,8.758,8.75927,1.00,1.00
2017.05.19 09:06:17.782,8.75789,8.75915,1.00,1.00
2017.05.19 09:06:18.493,8.75777,8.75903,1.00,1.00
2017.05.19 09:06:18.544,8.75752,8.75879,1.00,1.00
2017.05.19 09:06:18.595,8.75763,8.75889,1.00,1.00
2017.05.19 09:06:18.913,8.75751,8.75877,1.00,1.00
2017.05.19 09:06:19.590,8.75758,8.75885,1.00,1.00
2017.05.19 09:06:19.704,8.75766,8.75892,1.00,1.00
2017.05.19 09:06:20.050,8.75772,8.75898,1.00,1.00
2017.05.19 09:06:20.733,8.75773,8.759,1.00,1.00
2017.05.19 09:06:21.454,8.75769,8.75895,1.00,1.00
2017.05.19 09:06:21.606,8.75752,8.75879,1.00,1.00
2017.05.19 09:06:21.950,8.75761,8.75885,1.00,1.00
2017.05.19 09:06:22.261,8.75759,8.75907,1.00,1.00
2017.05.19 09:06:22.312,8.75772,8.75899,1.00,1.00
2017.05.19 09:06:22.896,8.75763,8.75889,1.00,1.00
2017.05.19 09:06:23.220,8.7577,8.75894,1.00,1.00
2017.05.19 09:06:23.531,8.75761,8.75888,1.00,1.00
2017.05.19 09:06:23.854,8.7575,8.75902,1.00,1.00
2017.05.19 09:06:24.299,8.7577,8.75896,1.00,1.00
2017.05.19 09:06:24.608,8.75784,8.7591,1.00,1.00
2017.05.19 09:06:24.988,8.7579,8.75916,1.00,1.00
2017.05.19 09:06:26.073,8.75797,8.75923,1.00,1.00
2017.05.19 09:06:26.750,8.75793,8.75917,1.00,1.00
2017.05.19 09:06:28.753,8.75739,8.75916,1.00,1.00
2017.05.19 09:06:28.854,8.75732,8.7585,1.00,1.00
2017.05.19 09:06:28.906,8.75702,8.75823,1.00,1.00
2017.05.19 09:06:28.957,8.75711,8.75837,1.00,1.00
2017.05.19 09:06:29.110,8.75697,8.75822,1.00,1.00
2017.05.19 09:06:29.806,8.75695,8.75843,1.00,1.00
2017.05.19 09:06:30.033,8.75705,8.75853,1.00,1.00
2017.05.19 09:06:30.452,8.7571,8.75834,1.00,1.00
2017.05.19 09:06:30.606,8.75707,8.75854,1.00,1.00
2017.05.19 09:06:30.810,8.75716,8.75842,1.00,1.00
2017.05.19 09:06:32.274,8.75707,8.75833,1.00,1.00
2017.05.19 09:06:33.261,8.75703,8.75829,1.00,1.00
2017.05.19 09:06:33.692,8.75694,8.7582,1.00,1.00
2017.05.19 09:06:34.600,8.757,8.75826,1.00,1.00
2017.05.19 09:06:34.923,8.75719,8.75845,1.00,1.00
2017.05.19 09:06:36.990,8.75714,8.7584,1.00,1.00
2017.05.19 09:06:39.757,8.75719,8.75845,1.00,1.00
2017.05.19 09:06:42.789,8.75729,8.75855,1.00,1.00
2017.05.19 09:06:43.242,8.75725,8.75851,1.00,1.00
2017.05.19 09:06:44.608,8.75729,8.75854,1.00,1.00
2017.05.19 09:06:46.500,8.75731,8.75855,1.00,1.00
2017.05.19 09:06:46.551,8.75736,8.75862,1.00,1.00
2017.05.19 09:06:47.522,8.75741,8.75867,1.00,1.00
2017.05.19 09:06:47.828,8.75741,8.75847,1.00,1.00
2017.05.19 09:06:47.980,8.75725,8.75847,1.00,1.00
2017.05.19 09:06:48.199,8.75734,8.75847,1.00,1.00
2017.05.19 09:06:48.301,8.75731,8.75847,1.00,1.00
2017.05.19 09:06:48.777,8.75716,8.75847,1.00,1.00
2017.05.19 09:06:49.768,8.75714,8.75847,1.00,1.00
2017.05.19 09:06:49.869,8.75719,8.75847,1.00,1.00
2017.05.19 09:06:50.383,8.75719,8.7586,1.00,1.00
2017.05.19 09:06:50.484,8.75727,8.7586,1.00,1.00
2017.05.19 09:06:50.998,8.75732,8.7586,1.00,1.00
2017.05.19 09:06:51.049,8.75732,8.75874,1.00,1.00
2017.05.19 09:06:51.100,8.75747,8.75874,1.00,1.00
2017.05.19 09:06:52.017,8.75737,8.75874,1.00,1.00
2017.05.19 09:06:53.043,8.75742,8.75874,1.00,1.00
2017.05.19 09:06:53.180,8.75747,8.75887,1.00,1.00
2017.05.19 09:06:53.281,8.75772,8.75891,1.00,1.00
2017.05.19 09:06:53.434,8.75755,8.75891,1.00,1.00
2017.05.19 09:06:53.535,8.75755,8.75901,1.00,1.00
2017.05.19 09:06:54.152,8.75738,8.75864,1.00,1.00
2017.05.19 09:06:54.545,8.75738,8.75862,1.00,1.00
2017.05.19 09:06:54.596,8.75741,8.759,1.00,1.50
2017.05.19 09:06:54.647,8.75738,8.75864,1.00,1.00
2017.05.19 09:06:54.698,8.75746,8.759,1.00,1.50
2017.05.19 09:06:54.851,8.75746,8.75896,1.00,1.00
2017.05.19 09:06:55.065,8.75746,8.75899,1.00,1.00
2017.05.19 09:06:55.391,8.75746,8.75893,1.00,1.00
2017.05.19 09:06:55.733,8.75746,8.75854,1.00,1.00
2017.05.19 09:06:56.005,8.75738,8.75854,1.00,1.00
2017.05.19 09:06:56.057,8.75743,8.75854,1.00,1.00
2017.05.19 09:06:56.482,8.75736,8.75854,1.00,1.00
2017.05.19 09:06:57.055,8.75687,8.75854,1.00,1.00
2017.05.19 09:06:57.106,8.75697,8.75854,1.00,1.00
2017.05.19 09:06:57.477,8.75719,8.75854,1.00,1.00
2017.05.19 09:06:57.777,8.75718,8.75858,1.00,1.00
2017.05.19 09:06:57.983,8.75717,8.75843,1.00,1.00
2017.05.19 09:06:58.526,8.75721,8.75864,1.00,1.00
2017.05.19 09:06:58.911,8.75721,8.75862,1.00,1.00
2017.05.19 09:06:59.902,8.75721,8.75863,1.00,1.00
2017.05.19 09:07:00.454,8.75721,8.75865,1.00,1.00
2017.05.19 09:07:01.533,8.75719,8.75865,1.00,1.00
2017.05.19 09:07:03.212,8.75724,8.75865,1.00,1.00
2017.05.19 09:07:07.041,8.75725,8.75865,1.00,1.00
2017.05.19 09:07:07.092,8.75725,8.7587,1.00,1.00
2017.05.19 09:07:07.143,8.75735,8.7587,1.00,1.00
2017.05.19 09:07:07.195,8.75735,8.75879,1.00,1.00
2017.05.19 09:07:07.344,8.75728,8.75879,1.00,1.00
2017.05.19 09:07:09.539,8.75734,8.75878,1.00,1.00
2017.05.19 09:07:12.754,8.75745,8.75876,1.00,1.00
2017.05.19 09:07:12.805,8.75748,8.75896,1.00,1.00
2017.05.19 09:07:12.907,8.7573,8.75876,1.00,1.00
2017.05.19 09:07:13.281,8.7573,8.75869,1.00,1.00
2017.05.19 09:07:16.561,8.75729,8.75869,1.00,1.00
2017.05.19 09:07:16.815,8.75724,8.75873,1.00,1.00
2017.05.19 09:07:16.866,8.75724,8.75857,1.00,1.00
2017.05.19 09:07:22.071,8.75729,8.75857,1.00,1.00
2017.05.19 09:07:23.998,8.75729,8.75871,1.00,1.00
2017.05.19 09:07:24.049,8.75733,8.75859,1.00,1.00
2017.05.19 09:07:25.825,8.75728,8.75854,1.00,1.00
2017.05.19 09:07:28.773,8.75738,8.75864,1.00,1.00
2017.05.19 09:07:29.725,8.75734,8.7586,1.00,1.00
2017.05.19 09:07:30.328,8.75719,8.75845,1.00,1.00
2017.05.19 09:07:30.629,8.75712,8.75838,1.00,1.00
2017.05.19 09:07:30.936,8.75705,8.75829,1.00,1.00
2017.05.19 09:07:31.393,8.75708,8.75834,1.00,1.00
2017.05.19 09:07:32.372,8.75708,8.75833,1.00,1.00
2017.05.19 09:07:33.539,8.757,8.75826,1.00,1.00
2017.05.19 09:07:33.692,8.75733,8.75859,1.00,1.00
2017.05.19 09:07:34.544,8.75703,8.75865,1.00,1.00
2017.05.19 09:07:35.071,8.7568,8.75842,1.00,1.00
2017.05.19 09:07:35.380,8.75701,8.75827,1.00,1.00
2017.05.19 09:07:35.684,8.75732,8.75858,1.00,1.00
2017.05.19 09:07:35.988,8.75691,8.75846,1.00,1.00
2017.05.19 09:07:36.141,8.75693,8.75835,1.00,1.00
2017.05.19 09:07:36.422,8.75688,8.75835,1.00,1.00
2017.05.19 09:07:36.735,8.75688,8.75814,1.00,1.50
2017.05.19 09:07:36.990,8.75674,8.75814,1.00,1.00
2017.05.19 09:07:37.588,8.75673,8.75814,1.00,1.00
2017.05.19 09:07:37.760,8.7567,8.7581,1.00,1.00
2017.05.19 09:07:39.332,8.75669,8.7581,1.00,1.00
2017.05.19 09:07:40.321,8.75669,8.75809,1.00,1.00
2017.05.19 09:07:41.012,8.75674,8.75813,1.00,1.00
2017.05.19 09:07:41.351,8.75684,8.75815,1.00,1.00
2017.05.19 09:07:41.669,8.75692,8.75815,1.00,1.00
2017.05.19 09:07:42.774,8.75687,8.75813,1.00,1.00
2017.05.19 09:07:42.876,8.75696,8.75815,1.00,1.00
2017.05.19 09:07:43.882,8.75699,8.75815,1.00,1.00
2017.05.19 09:07:44.882,8.757,8.75815,1.00,1.00
2017.05.19 09:07:50.717,8.75691,8.75815,1.00,1.00
2017.05.19 09:07:50.949,8.75687,8.75813,1.00,1.00
2017.05.19 09:07:52.178,8.75678,8.75815,1.00,1.00
2017.05.19 09:07:52.826,8.75694,8.75815,1.00,1.00
2017.05.19 09:07:53.843,8.75689,8.75815,1.00,1.50
2017.05.19 09:07:54.064,8.75687,8.75813,1.00,1.00
2017.05.19 09:07:54.676,8.75695,8.75815,1.00,1.00
2017.05.19 09:07:56.092,8.75679,8.75805,1.00,1.00
2017.05.19 09:07:56.143,8.75673,8.75799,1.00,1.00
2017.05.19 09:07:56.657,8.7568,8.75806,1.00,1.00
2017.05.19 09:07:57.646,8.75684,8.7581,1.00,1.00
2017.05.19 09:07:59.422,8.75636,8.75808,1.88,1.00
2017.05.19 09:07:59.474,8.7565,8.75776,1.00,1.00
2017.05.19 09:07:59.576,8.75648,8.7579,1.00,1.00
2017.05.19 09:07:59.627,8.75654,8.75779,1.00,1.00
2017.05.19 09:07:59.779,8.75614,8.7574,1.00,1.00
2017.05.19 09:07:59.881,8.75599,8.75725,1.00,1.00
2017.05.19 09:08:00.386,8.75614,8.7574,1.00,1.00
2017.05.19 09:08:00.964,8.75619,8.75745,1.00,1.00
2017.05.19 09:08:01.347,8.75612,8.75738,1.00,1.00
2017.05.19 09:08:01.793,8.75605,8.75731,1.00,1.00
2017.05.19 09:08:02.204,8.75616,8.75742,1.00,1.00
2017.05.19 09:08:02.516,8.75626,8.75752,1.00,1.00
2017.05.19 09:08:03.354,8.75618,8.75744,1.00,1.00
2017.05.19 09:08:04.210,8.75624,8.7575,1.00,1.00
2017.05.19 09:08:04.517,8.75643,8.75769,1.00,1.00
2017.05.19 09:08:05.343,8.75651,8.75776,1.00,1.00
2017.05.19 09:08:05.960,8.75659,8.75783,1.00,1.00
2017.05.19 09:08:06.101,8.75659,8.75785,1.00,1.00
2017.05.19 09:08:06.152,8.75651,8.75775,1.00,1.00
2017.05.19 09:08:06.559,8.7566,8.75786,1.00,1.00
2017.05.19 09:08:09.225,8.75663,8.75787,1.00,1.00
2017.05.19 09:08:09.672,8.75669,8.75795,1.00,1.00
2017.05.19 09:08:10.224,8.75674,8.75797,1.00,1.00
2017.05.19 09:08:12.013,8.75686,8.75797,1.00,1.00
2017.05.19 09:08:12.064,8.75684,8.75797,1.00,1.00
2017.05.19 09:08:12.217,8.75694,8.75797,1.00,1.00
2017.05.19 09:08:12.427,8.75694,8.75808,1.00,1.00
2017.05.19 09:08:12.633,8.75694,8.75797,1.00,1.00
2017.05.19 09:08:12.735,8.75682,8.75797,1.00,1.00
2017.05.19 09:08:13.292,8.75675,8.75797,1.00,1.00
2017.05.19 09:08:13.607,8.75665,8.75791,1.00,1.00
2017.05.19 09:08:14.275,8.75659,8.75785,1.00,1.00
2017.05.19 09:08:15.110,8.75648,8.75777,1.00,1.00
2017.05.19 09:08:15.624,8.75642,8.75777,1.00,1.00
2017.05.19 09:08:15.776,8.75642,8.75787,1.00,1.00
2017.05.19 09:08:16.680,8.7564,8.75786,1.00,1.00
2017.05.19 09:08:17.814,8.7564,8.75777,1.00,1.00
2017.05.19 09:08:18.085,8.75637,8.75777,1.00,1.00
2017.05.19 09:08:18.199,8.7563,8.75774,1.00,1.00
2017.05.19 09:08:18.250,8.75623,8.75769,1.00,1.00
2017.05.19 09:08:18.301,8.75616,8.75762,1.00,1.00
2017.05.19 09:08:19.287,8.7562,8.75766,1.00,1.00
2017.05.19 09:08:19.800,8.7562,8.75757,1.00,1.00
2017.05.19 09:08:20.368,8.75613,8.75757,1.00,1.00
2017.05.19 09:08:21.349,8.75606,8.75752,1.00,1.00
2017.05.19 09:08:22.240,8.75606,8.75747,1.00,1.00
2017.05.19 09:08:22.908,8.75611,8.75753,1.00,1.00
2017.05.19 09:08:24.734,8.75612,8.75751,1.00,1.00
2017.05.19 09:08:24.998,8.75606,8.75748,1.00,1.00
2017.05.19 09:08:26.377,8.75599,8.75741,1.00,1.00
2017.05.19 09:08:26.755,8.75605,8.75744,1.00,1.50
2017.05.19 09:08:30.579,8.75608,8.75747,1.00,1.00
2017.05.19 09:08:35.516,8.75608,8.75737,1.00,1.00
2017.05.19 09:08:36.269,8.75608,8.75747,1.00,1.00
2017.05.19 09:08:37.228,8.75616,8.75742,1.00,1.00
2017.05.19 09:08:39.141,8.75616,8.75737,1.00,1.00
2017.05.19 09:08:39.720,8.75615,8.75737,1.00,1.00
2017.05.19 09:08:40.174,8.75615,8.75727,1.00,1.00
2017.05.19 09:08:40.225,8.75607,8.75727,1.00,1.00
2017.05.19 09:08:40.770,8.75603,8.75727,1.00,1.00
2017.05.19 09:08:41.725,8.75607,8.75727,1.00,1.00
2017.05.19 09:08:42.125,8.75607,8.75733,1.00,1.00
2017.05.19 09:08:43.185,8.75607,8.75727,1.00,1.00
2017.05.19 09:08:43.660,8.75588,8.75727,1.00,1.00
2017.05.19 09:08:44.035,8.75593,8.75727,1.00,1.00
2017.05.19 09:08:45.098,8.75597,8.75727,1.00,1.00
2017.05.19 09:08:45.149,8.75597,8.75738,1.00,1.00
2017.05.19 09:08:45.724,8.75607,8.75732,1.00,1.00
2017.05.19 09:08:46.028,8.7559,8.75706,1.00,1.00
2017.05.19 09:08:46.080,8.75578,8.75704,1.00,1.00
2017.05.19 09:08:46.132,8.75578,8.75697,1.00,1.00
2017.05.19 09:08:46.274,8.75578,8.75704,1.00,1.00
2017.05.19 09:08:46.325,8.75578,8.75687,1.00,1.00
2017.05.19 09:08:46.427,8.75542,8.75668,1.00,1.00
2017.05.19 09:08:46.478,8.75542,8.75657,1.00,1.00
2017.05.19 09:08:46.529,8.75528,8.75654,1.00,1.00
2017.05.19 09:08:46.632,8.7554,8.75666,1.00,1.00
2017.05.19 09:08:47.605,8.75545,8.75671,1.00,1.00
2017.05.19 09:08:48.638,8.75549,8.75675,1.00,1.00
2017.05.19 09:08:50.008,8.7554,8.75665,1.00,1.00
2017.05.19 09:08:50.617,8.75533,8.75659,1.00,1.00
2017.05.19 09:08:51.155,8.75538,8.75664,1.00,1.00
2017.05.19 09:08:52.269,8.75534,8.7566,1.00,1.00
2017.05.19 09:08:56.304,8.75524,8.7565,1.00,1.00
2017.05.19 09:08:56.634,8.7555,8.75666,1.00,1.00
2017.05.19 09:08:56.938,8.75563,8.75666,1.00,1.00
2017.05.19 09:08:57.462,8.75553,8.75666,1.00,1.00
2017.05.19 09:09:00.313,8.75544,8.7567,1.00,1.00
2017.05.19 09:09:00.736,8.75549,8.75675,1.00,1.00
2017.05.19 09:09:01.055,8.75549,8.75666,1.00,1.00
2017.05.19 09:09:01.412,8.75549,8.75664,1.00,1.00
2017.05.19 09:09:01.760,8.75549,8.75655,1.00,1.00
2017.05.19 09:09:02.081,8.75548,8.75652,1.00,1.00
2017.05.19 09:09:03.071,8.75548,8.7565,1.00,1.00
2017.05.19 09:09:03.401,8.75548,8.75655,1.00,1.00
2017.05.19 09:09:03.503,8.75553,8.75655,1.00,1.00
2017.05.19 09:09:03.692,8.75548,8.75655,1.00,1.00
2017.05.19 09:09:03.876,8.75548,8.75649,1.00,1.00
2017.05.19 09:09:04.181,8.75548,8.75641,1.00,1.00
2017.05.19 09:09:04.283,8.75543,8.75641,1.00,1.00
2017.05.19 09:09:04.612,8.75543,8.75644,1.00,1.00
2017.05.19 09:09:04.961,8.75543,8.75641,1.00,1.00
2017.05.19 09:09:05.162,8.75543,8.75643,1.00,1.00
2017.05.19 09:09:05.491,8.75543,8.75646,1.00,1.00
2017.05.19 09:09:06.043,8.75543,8.75643,1.00,1.00
2017.05.19 09:09:06.592,8.75543,8.75642,1.00,1.00
2017.05.19 09:09:06.921,8.75543,8.75644,1.00,1.00
2017.05.19 09:09:07.330,8.7554,8.75644,1.00,1.00
2017.05.19 09:09:08.612,8.7554,8.75654,1.00,1.00
2017.05.19 09:09:09.779,8.75542,8.75654,1.00,1.00
2017.05.19 09:09:09.931,8.75542,8.75657,1.00,1.00
2017.05.19 09:09:10.577,8.75542,8.75658,1.00,1.00
2017.05.19 09:09:10.771,8.75542,8.7566,1.00,1.00
2017.05.19 09:09:11.411,8.75542,8.75661,1.00,1.00
2017.05.19 09:09:11.462,8.75542,8.75663,1.00,1.00
2017.05.19 09:09:11.513,8.75546,8.75663,1.00,1.00
2017.05.19 09:09:11.564,8.75554,8.7568,1.00,1.00
2017.05.19 09:09:11.615,8.75563,8.75681,1.00,1.00
2017.05.19 09:09:11.920,8.75573,8.75695,1.00,1.00
2017.05.19 09:09:12.201,8.75573,8.75693,1.00,1.00
2017.05.19 09:09:12.423,8.75573,8.75695,1.00,1.00
2017.05.19 09:09:12.629,8.75576,8.75695,1.00,1.00
2017.05.19 09:09:12.751,8.75576,8.75701,1.00,1.00
2017.05.19 09:09:13.161,8.75576,8.75703,1.00,1.00
2017.05.19 09:09:13.664,8.75589,8.75715,1.00,1.00
2017.05.19 09:09:13.986,8.75602,8.75727,1.00,1.00
2017.05.19 09:09:14.550,8.75602,8.75728,1.00,1.00
2017.05.19 09:09:14.771,8.75607,8.75734,1.00,1.00
2017.05.19 09:09:15.136,8.75602,8.75728,1.00,1.00
2017.05.19 09:09:19.121,8.75593,8.75732,1.00,1.00
2017.05.19 09:09:19.172,8.75548,8.75674,1.00,1.00
2017.05.19 09:09:19.629,8.75589,8.75712,1.00,1.00
2017.05.19 09:09:19.731,8.75552,8.75678,1.00,1.00
2017.05.19 09:09:19.833,8.75507,8.75631,1.00,1.00
2017.05.19 09:09:19.884,8.75551,8.75678,1.00,1.00
2017.05.19 09:09:19.936,8.75551,8.7567,1.00,1.00
2017.05.19 09:09:20.473,8.75551,8.75669,1.00,1.00
2017.05.19 09:09:20.580,8.75551,8.75678,1.00,1.00
2017.05.19 09:09:20.733,8.75561,8.75687,1.00,1.00
2017.05.19 09:09:21.139,8.75561,8.75682,1.00,1.00
2017.05.19 09:09:21.475,8.75561,8.7567,1.00,1.00
2017.05.19 09:09:21.660,8.75561,8.75676,1.00,1.00
2017.05.19 09:09:22.148,8.75561,8.75679,1.00,1.00
2017.05.19 09:09:22.320,8.7553,8.75657,1.00,1.00
2017.05.19 09:09:22.422,8.75538,8.75664,1.00,1.00
2017.05.19 09:09:22.732,8.75512,8.75638,1.00,1.00
2017.05.19 09:09:23.305,8.75522,8.75647,1.00,1.00
2017.05.19 09:09:24.018,8.75547,8.75648,1.00,1.00
2017.05.19 09:09:24.170,8.75561,8.75666,1.00,1.00
2017.05.19 09:09:24.323,8.75551,8.75666,1.00,1.00
2017.05.19 09:09:24.475,8.75551,8.75663,1.00,1.00
2017.05.19 09:09:24.834,8.75551,8.75672,1.00,1.00
2017.05.19 09:09:25.000,8.75561,8.75672,1.00,1.00
2017.05.19 09:09:25.051,8.75561,8.75688,1.00,1.00
2017.05.19 09:09:25.366,8.7554,8.75667,1.00,1.00
2017.05.19 09:09:26.002,8.7554,8.75663,1.00,1.00
2017.05.19 09:09:26.331,8.75542,8.75668,1.00,1.00
2017.05.19 09:09:27.032,8.75533,8.7566,1.00,1.00
2017.05.19 09:09:28.193,8.75538,8.75664,1.00,1.00
2017.05.19 09:09:28.296,8.75533,8.7566,1.00,1.00
2017.05.19 09:09:29.126,8.75527,8.75653,1.00,1.00
2017.05.19 09:09:29.749,8.75522,8.75649,1.00,1.00
2017.05.19 09:09:29.800,8.75515,8.75641,1.00,1.00
2017.05.19 09:09:30.003,8.75525,8.75652,1.00,1.00
2017.05.19 09:09:30.105,8.75545,8.7564,1.00,1.00
2017.05.19 09:09:30.207,8.75539,8.7564,1.00,1.00
2017.05.19 09:09:30.308,8.75539,8.75658,1.00,1.00
2017.05.19 09:09:30.411,8.75539,8.75676,1.00,1.00
2017.05.19 09:09:30.767,8.75539,8.75686,1.00,1.00
2017.05.19 09:09:31.228,8.75533,8.7568,1.00,1.00
2017.05.19 09:09:31.534,8.7554,8.75687,1.00,1.00
2017.05.19 09:09:32.107,8.75529,8.75676,1.00,1.00
2017.05.19 09:09:32.883,8.75525,8.7567,1.00,1.00
2017.05.19 09:09:33.288,8.75534,8.75681,1.00,1.00
2017.05.19 09:09:34.341,8.75533,8.7568,1.00,1.00
2017.05.19 09:09:34.793,8.75544,8.75671,1.00,1.00
2017.05.19 09:09:37.362,8.75552,8.75679,1.00,1.00
2017.05.19 09:09:37.676,8.75559,8.75686,1.00,1.00
2017.05.19 09:09:38.653,8.75557,8.75684,1.00,1.00
2017.05.19 09:09:38.957,8.75573,8.757,1.00,1.00
2017.05.19 09:09:39.306,8.75563,8.7569,1.00,1.00
2017.05.19 09:09:39.913,8.75573,8.757,1.00,1.00
2017.05.19 09:09:40.218,8.75567,8.75693,1.00,1.00
2017.05.19 09:09:40.426,8.75554,8.75681,1.00,1.00
2017.05.19 09:09:40.580,8.7554,8.75666,1.00,1.00
2017.05.19 09:09:46.886,8.75541,8.75667,1.00,1.00
2017.05.19 09:09:48.278,8.75541,8.7567,1.00,1.00
2017.05.19 09:09:49.372,8.75542,8.75671,1.00,1.00
2017.05.19 09:09:51.580,8.75534,8.75664,1.00,1.00
2017.05.19 09:09:52.612,8.75537,8.75666,1.00,1.00
2017.05.19 09:09:54.869,8.75537,8.75667,1.00,1.00
2017.05.19 09:09:55.635,8.75523,8.75653,1.00,1.00
2017.05.19 09:09:55.941,8.755,8.7563,1.00,1.00
2017.05.19 09:09:56.976,8.75459,8.75617,1.00,1.00
2017.05.19 09:09:57.027,8.75483,8.75613,1.00,1.00
2017.05.19 09:09:57.331,8.75495,8.75625,1.00,1.00
2017.05.19 09:09:57.636,8.75481,8.75611,1.00,1.00
2017.05.19 09:09:58.030,8.75475,8.75605,1.00,1.00
2017.05.19 09:09:58.717,8.7547,8.756,1.00,1.00
2017.05.19 09:09:59.111,8.75478,8.75608,1.00,1.00
2017.05.19 09:09:59.734,8.75468,8.75598,1.00,1.00
2017.05.19 09:10:00.041,8.75439,8.75569,1.00,1.00
2017.05.19 09:10:01.022,8.75444,8.75572,1.00,1.00
2017.05.19 09:10:02.062,8.75438,8.75566,1.00,1.00
2017.05.19 09:10:04.388,8.75436,8.75566,1.00,1.00
2017.05.19 09:10:05.634,8.75441,8.7557,1.00,1.00
2017.05.19 09:10:05.685,8.75444,8.75576,1.00,1.00
2017.05.19 09:10:05.737,8.75456,8.75586,1.00,1.00
2017.05.19 09:10:06.052,8.75449,8.75579,1.00,1.00
2017.05.19 09:10:06.677,8.75444,8.75573,1.00,1.00
2017.05.19 09:10:07.676,8.7544,8.75569,1.00,1.00
2017.05.19 09:10:10.832,8.75421,8.75551,1.00,1.00
2017.05.19 09:10:10.883,8.75401,8.75531,1.00,1.00
2017.05.19 09:10:11.188,8.75387,8.75516,1.00,1.00
2017.05.19 09:10:11.920,8.75386,8.75515,1.00,1.00
2017.05.19 09:10:12.899,8.75396,8.75523,1.00,1.00
2017.05.19 09:10:13.122,8.75417,8.75547,1.00,1.00
2017.05.19 09:10:13.326,8.75426,8.75554,1.00,1.00
2017.05.19 09:10:13.580,8.75438,8.75568,1.00,1.00
2017.05.19 09:10:13.940,8.75464,8.75594,1.00,1.00
2017.05.19 09:10:14.563,8.75461,8.75609,1.00,1.00
2017.05.19 09:10:15.558,8.75456,8.75605,1.00,1.00
2017.05.19 09:10:15.610,8.75429,8.75579,1.00,1.00
2017.05.19 09:10:15.662,8.75426,8.75567,1.00,1.00
2017.05.19 09:10:15.764,8.75418,8.75567,1.00,1.00
2017.05.19 09:10:15.866,8.754,8.7555,1.00,1.00
2017.05.19 09:10:15.968,8.75402,8.75552,1.00,1.00
2017.05.19 09:10:16.305,8.75385,8.75534,1.00,1.00
2017.05.19 09:10:17.042,8.75384,8.75534,1.00,1.00
2017.05.19 09:10:17.825,8.75387,8.75551,1.00,1.00
2017.05.19 09:10:17.876,8.7542,8.7555,1.00,1.00
2017.05.19 09:10:19.449,8.75421,8.7555,1.00,1.00
2017.05.19 09:10:19.556,8.75394,8.75557,1.00,1.00
2017.05.19 09:10:19.658,8.75403,8.75568,1.00,1.00
2017.05.19 09:10:19.811,8.7539,8.75553,1.00,1.00
2017.05.19 09:10:20.117,8.75393,8.75553,1.00,1.00
2017.05.19 09:10:20.270,8.75393,8.75555,1.00,1.00
2017.05.19 09:10:20.720,8.7544,8.7557,1.00,1.00
2017.05.19 09:10:21.720,8.7544,8.75569,1.00,1.00
2017.05.19 09:10:22.434,8.75434,8.75564,1.00,1.00
2017.05.19 09:10:22.554,8.75441,8.75571,1.00,1.00
2017.05.19 09:10:22.859,8.75455,8.75585,1.00,1.00
2017.05.19 09:10:23.625,8.7547,8.75598,1.00,1.00
2017.05.19 09:10:23.879,8.75484,8.75614,1.00,1.00
2017.05.19 09:10:24.082,8.75449,8.75633,1.00,1.00
2017.05.19 09:10:24.133,8.75467,8.75628,1.00,1.00
2017.05.19 09:10:24.465,8.75482,8.75611,1.00,1.00
2017.05.19 09:10:25.239,8.75484,8.75612,1.00,1.00
2017.05.19 09:10:25.456,8.7549,8.7562,1.00,1.00
2017.05.19 09:10:25.507,8.75498,8.75628,1.00,1.00
2017.05.19 09:10:25.812,8.75498,8.75625,1.00,1.00
2017.05.19 09:10:26.728,8.75502,8.75632,1.00,1.00
2017.05.19 09:10:26.829,8.75508,8.75636,1.00,1.00
2017.05.19 09:10:27.863,8.75517,8.75645,1.00,1.00
2017.05.19 09:10:28.840,8.75521,8.7565,1.00,1.00
2017.05.19 09:10:28.891,8.75573,8.75657,1.00,1.00
2017.05.19 09:10:29.207,8.75573,8.7567,1.00,1.00
2017.05.19 09:10:29.263,8.75576,8.75679,1.00,1.00
2017.05.19 09:10:30.013,8.7555,8.75679,1.00,1.00
2017.05.19 09:10:30.267,8.75552,8.75682,1.00,1.00
2017.05.19 09:10:31.005,8.75521,8.75713,1.00,1.00
2017.05.19 09:10:31.056,8.75527,8.75656,1.00,1.00
2017.05.19 09:10:31.158,8.75515,8.75645,1.00,1.00
2017.05.19 09:10:31.336,8.75505,8.75634,1.00,1.00
2017.05.19 09:10:32.227,8.75507,8.75637,1.00,1.00
2017.05.19 09:10:32.939,8.755,8.7563,1.00,1.00
2017.05.19 09:10:34.039,8.7549,8.75618,1.00,1.00
2017.05.19 09:10:34.090,8.7548,8.7561,1.00,1.00
2017.05.19 09:10:34.242,8.75495,8.75625,1.00,1.00
2017.05.19 09:10:34.565,8.75513,8.75643,1.00,1.00
2017.05.19 09:10:34.883,8.75524,8.75654,1.00,1.00
2017.05.19 09:10:35.283,8.75533,8.75663,1.00,1.00
2017.05.19 09:10:36.130,8.75534,8.75664,1.00,1.00
2017.05.19 09:10:37.632,8.75543,8.75673,1.00,1.00
2017.05.19 09:10:37.943,8.7555,8.7568,1.00,1.00
2017.05.19 09:10:38.621,8.75546,8.75676,1.00,1.00
2017.05.19 09:10:39.166,8.75531,8.75661,1.00,1.00
2017.05.19 09:10:39.496,8.75521,8.75651,1.00,1.00
2017.05.19 09:10:39.801,8.75532,8.75662,1.00,1.00
2017.05.19 09:10:40.106,8.75582,8.75703,1.00,1.00
2017.05.19 09:10:40.349,8.75605,8.75734,1.00,1.00
2017.05.19 09:10:41.090,8.75595,8.75725,1.00,1.00
2017.05.19 09:10:41.192,8.75588,8.75718,1.00,1.00
2017.05.19 09:10:41.502,8.75606,8.75736,1.00,1.00
2017.05.19 09:10:42.232,8.75611,8.75741,1.00,1.00
2017.05.19 09:10:42.645,8.75606,8.75736,1.00,1.00
2017.05.19 09:10:44.885,8.7561,8.7574,1.00,1.00
2017.05.19 09:10:45.215,8.75621,8.75749,1.00,1.00
2017.05.19 09:10:45.628,8.75638,8.75768,1.00,1.00
2017.05.19 09:10:45.679,8.75647,8.75777,1.00,1.00
2017.05.19 09:10:46.135,8.75636,8.75765,1.00,1.00
2017.05.19 09:10:46.525,8.75625,8.75754,1.00,1.00
2017.05.19 09:10:46.935,8.75635,8.75765,1.00,1.00
2017.05.19 09:10:48.739,8.75645,8.75775,1.00,1.00
2017.05.19 09:10:49.046,8.7564,8.7577,1.00,1.00
2017.05.19 09:10:49.630,8.75649,8.75779,1.00,1.00
2017.05.19 09:10:49.933,8.7566,8.7579,1.00,1.00
2017.05.19 09:10:50.341,8.75677,8.75807,1.00,1.50
2017.05.19 09:10:50.442,8.75669,8.75807,1.00,1.00
2017.05.19 09:10:50.494,8.75655,8.75785,1.00,1.00
2017.05.19 09:10:50.808,8.75619,8.75749,1.00,1.00
2017.05.19 09:10:51.534,8.75625,8.75755,1.00,1.00
2017.05.19 09:10:52.524,8.7562,8.75749,1.00,1.00
2017.05.19 09:10:55.147,8.75636,8.75763,1.00,1.00
2017.05.19 09:10:55.198,8.75636,8.75766,1.00,1.00
2017.05.19 09:10:55.715,8.75628,8.75758,1.00,1.00
2017.05.19 09:10:56.207,8.75637,8.75767,1.00,1.00
2017.05.19 09:10:56.544,8.75631,8.7576,1.00,1.00
2017.05.19 09:10:57.222,8.7562,8.7575,1.00,1.00
2017.05.19 09:10:58.638,8.75633,8.7576,1.00,1.00
2017.05.19 09:10:58.739,8.75627,8.75757,1.00,1.00
2017.05.19 09:10:59.784,8.75631,8.7576,1.00,1.00
2017.05.19 09:11:00.114,8.75621,8.75749,1.00,1.00
2017.05.19 09:11:00.535,8.75611,8.75741,1.00,1.00
2017.05.19 09:11:01.000,8.756,8.7573,1.00,1.00
2017.05.19 09:11:02.051,8.756,8.7573,1.60,1.00
2017.05.19 09:11:02.102,8.75621,8.75797,1.60,1.00
2017.05.19 09:11:02.255,8.75621,8.75807,1.00,1.00
2017.05.19 09:11:02.357,8.7562,8.75797,1.00,1.00
2017.05.19 09:11:02.686,8.75686,8.75815,1.00,1.00
2017.05.19 09:11:03.123,8.75677,8.75807,1.00,1.00
2017.05.19 09:11:03.407,8.75683,8.75813,1.00,1.00
2017.05.19 09:11:03.713,8.75699,8.75829,1.00,1.00
2017.05.19 09:11:04.508,8.75707,8.75837,1.00,1.00
2017.05.19 09:11:05.068,8.75679,8.75809,1.00,1.00
2017.05.19 09:11:05.637,8.75671,8.75801,1.00,1.00
2017.05.19 09:11:06.082,8.75676,8.75806,1.00,1.00
2017.05.19 09:11:06.723,8.75666,8.75796,1.00,1.00
2017.05.19 09:11:07.568,8.75662,8.75791,1.00,1.00
2017.05.19 09:11:13.325,8.75681,8.75811,1.00,1.00
2017.05.19 09:11:13.477,8.75669,8.75799,1.00,1.00
2017.05.19 09:11:14.318,8.75662,8.75791,1.00,1.00
2017.05.19 09:11:14.978,8.75666,8.75796,1.00,1.00
2017.05.19 09:11:15.322,8.75662,8.75791,1.00,1.00
2017.05.19 09:11:15.914,8.75672,8.75802,1.00,1.00
2017.05.19 09:11:16.016,8.75664,8.75794,1.00,1.00
2017.05.19 09:11:16.683,8.7567,8.758,1.00,1.00
2017.05.19 09:11:17.190,8.75664,8.75794,1.00,1.00
2017.05.19 09:11:17.998,8.7566,8.7579,1.00,1.00
2017.05.19 09:11:21.304,8.7567,8.758,1.00,1.00
2017.05.19 09:11:21.696,8.75688,8.75818,1.00,1.00
2017.05.19 09:11:22.457,8.75671,8.75801,1.00,1.00
2017.05.19 09:11:22.704,8.75652,8.75788,1.00,1.00
2017.05.19 09:11:23.528,8.75647,8.75783,1.00,1.00
2017.05.19 09:11:24.291,8.75652,8.75788,1.00,1.00
2017.05.19 09:11:25.083,8.75652,8.75796,1.00,1.00
2017.05.19 09:11:25.819,8.75646,8.75789,1.00,1.00
2017.05.19 09:11:26.139,8.75653,8.75796,1.00,1.00
2017.05.19 09:11:26.931,8.75657,8.758,1.00,1.00
2017.05.19 09:11:29.511,8.75645,8.75788,1.00,1.00
2017.05.19 09:11:29.816,8.75649,8.75778,1.00,1.00
2017.05.19 09:11:30.079,8.75663,8.75793,1.00,1.00
2017.05.19 09:11:31.880,8.75658,8.75788,1.00,1.00
2017.05.19 09:11:32.379,8.75653,8.75783,1.00,1.00
2017.05.19 09:11:32.893,8.75646,8.75776,1.00,1.00
2017.05.19 09:11:33.197,8.75637,8.75767,1.00,1.00
2017.05.19 09:11:33.860,8.75632,8.75763,1.00,1.00
2017.05.19 09:11:36.279,8.75628,8.75758,1.00,1.00
2017.05.19 09:11:36.759,8.75608,8.75739,1.00,1.00
2017.05.19 09:11:36.810,8.756,8.75731,1.50,1.00
2017.05.19 09:11:37.127,8.75591,8.75722,1.00,1.00
2017.05.19 09:11:37.431,8.75602,8.75732,1.00,1.00
2017.05.19 09:11:37.837,8.75598,8.75729,1.00,1.00
2017.05.19 09:11:38.833,8.75602,8.75732,1.00,1.00
2017.05.19 09:11:39.138,8.756,8.7573,1.00,1.00
2017.05.19 09:11:39.822,8.75594,8.75724,1.00,1.00
2017.05.19 09:11:40.127,8.75598,8.75728,1.00,1.00
2017.05.19 09:11:42.241,8.75617,8.75747,1.00,1.00
2017.05.19 09:11:42.547,8.75626,8.75756,1.00,1.00
2017.05.19 09:11:42.958,8.75617,8.75747,1.00,1.00
2017.05.19 09:11:43.828,8.75621,8.75751,1.00,1.00
2017.05.19 09:11:44.661,8.75617,8.75745,1.00,1.00
2017.05.19 09:11:45.054,8.75588,8.75749,1.00,1.00
2017.05.19 09:11:45.106,8.75581,8.75683,1.00,1.00
2017.05.19 09:11:45.226,8.75568,8.75697,1.00,1.00
2017.05.19 09:11:45.278,8.75573,8.75714,1.00,1.00
2017.05.19 09:11:45.481,8.75552,8.75682,1.00,1.00
2017.05.19 09:11:46.044,8.75568,8.75697,1.00,1.00
2017.05.19 09:11:47.145,8.7557,8.757,1.00,1.00
2017.05.19 09:11:48.378,8.75573,8.75703,1.00,1.00
2017.05.19 09:11:49.143,8.75558,8.75688,1.00,1.00
2017.05.19 09:11:49.457,8.75549,8.75679,1.00,1.00
2017.05.19 09:11:50.746,8.75545,8.75675,1.00,1.00
2017.05.19 09:11:51.336,8.75552,8.75682,1.00,1.00
2017.05.19 09:11:51.752,8.7554,8.7567,1.00,1.00
2017.05.19 09:11:52.057,8.75547,8.75677,1.00,1.00
2017.05.19 09:11:52.710,8.75543,8.75678,1.00,1.00
2017.05.19 09:11:52.872,8.75537,8.75673,1.00,1.00
2017.05.19 09:11:54.070,8.75543,8.75678,1.00,1.00
2017.05.19 09:11:54.903,8.75536,8.75671,1.00,1.00
2017.05.19 09:11:55.380,8.75544,8.75677,1.00,1.00
2017.05.19 09:11:55.868,8.75547,8.75683,1.00,1.00
2017.05.19 09:11:56.380,8.75549,8.75683,1.00,1.00
2017.05.19 09:11:57.569,8.75562,8.75694,1.00,1.00
2017.05.19 09:11:58.545,8.75565,8.75699,1.00,1.00
2017.05.19 09:12:00.486,8.75571,8.75702,1.00,1.00
2017.05.19 09:12:01.487,8.75567,8.75701,1.00,1.00
2017.05.19 09:12:02.220,8.75576,8.75702,1.00,1.00
2017.05.19 09:12:02.842,8.75585,8.75702,1.00,1.00
2017.05.19 09:12:02.893,8.75585,8.75719,1.00,1.00
2017.05.19 09:12:02.995,8.7559,8.75737,1.00,1.00
2017.05.19 09:12:03.128,8.75604,8.75737,1.00,1.00
2017.05.19 09:12:03.643,8.75604,8.75738,1.00,1.00
2017.05.19 09:12:04.019,8.75602,8.75736,1.00,1.00
2017.05.19 09:12:04.451,8.75593,8.75727,1.00,1.00
2017.05.19 09:12:05.126,8.75576,8.75706,1.00,1.00
2017.05.19 09:12:05.433,8.75569,8.75699,1.00,1.00
2017.05.19 09:12:07.168,8.75568,8.75698,1.00,1.00
2017.05.19 09:12:07.483,8.75558,8.75688,1.00,1.00
2017.05.19 09:12:07.786,8.75561,8.75691,1.00,1.00
2017.05.19 09:12:08.734,8.75568,8.75697,1.00,1.00
2017.05.19 09:12:09.503,8.75572,8.75702,1.00,1.00
2017.05.19 09:12:10.139,8.7558,8.7571,1.00,1.00
2017.05.19 09:12:11.047,8.75575,8.75704,1.00,1.00
2017.05.19 09:12:12.050,8.7558,8.75707,1.00,1.00
2017.05.19 09:12:12.721,8.75572,8.75702,1.00,1.00
2017.05.19 09:12:13.725,8.75574,8.75703,1.00,1.00
2017.05.19 09:12:16.604,8.75571,8.757,1.00,1.00
2017.05.19 09:12:17.606,8.7557,8.75698,1.00,1.00
2017.05.19 09:12:18.960,8.75564,8.75693,1.00,1.00
2017.05.19 09:12:19.312,8.75554,8.75684,1.00,1.00
2017.05.19 09:12:20.004,8.7555,8.75678,1.00,1.00
2017.05.19 09:12:20.106,8.75538,8.75667,1.00,1.00
2017.05.19 09:12:20.310,8.75531,8.7566,1.00,1.00
2017.05.19 09:12:21.296,8.75527,8.75656,1.00,1.00
2017.05.19 09:12:22.711,8.75528,8.75657,1.00,1.00
2017.05.19 09:12:23.086,8.7553,8.75658,1.00,1.00
2017.05.19 09:12:23.137,8.7555,8.75679,1.00,1.00
2017.05.19 09:12:23.188,8.75537,8.75667,1.00,1.00
2017.05.19 09:12:25.255,8.75534,8.75661,1.00,1.00
2017.05.19 09:12:32.204,8.75535,8.75664,1.00,1.00
2017.05.19 09:12:37.701,8.75534,8.75663,1.00,1.00
2017.05.19 09:12:40.576,8.75541,8.75668,1.00,1.00
2017.05.19 09:12:41.424,8.75545,8.75674,1.00,1.00
2017.05.19 09:12:41.584,8.7554,8.75669,1.00,1.00
2017.05.19 09:12:42.541,8.75536,8.75665,1.00,1.00
2017.05.19 09:12:43.031,8.75531,8.7566,1.00,1.00
2017.05.19 09:12:44.400,8.75536,8.75665,1.00,1.00
2017.05.19 09:12:44.817,8.75545,8.75674,1.00,1.00
2017.05.19 09:12:45.153,8.75534,8.75663,1.00,1.00
2017.05.19 09:12:45.620,8.7554,8.75669,1.00,1.00
2017.05.19 09:12:45.721,8.75559,8.75689,1.00,1.00
2017.05.19 09:12:46.120,8.7555,8.75679,1.00,1.00
2017.05.19 09:12:46.645,8.75556,8.75683,1.00,1.00
2017.05.19 09:12:46.696,8.7551,8.75639,1.00,1.00
2017.05.19 09:12:46.849,8.75484,8.75613,1.00,1.00
2017.05.19 09:12:47.153,8.75407,8.75536,1.00,1.00
2017.05.19 09:12:47.497,8.75359,8.75488,1.00,1.00
2017.05.19 09:12:47.802,8.75319,8.75448,1.00,1.00
2017.05.19 09:12:48.106,8.75292,8.75421,1.00,1.00
2017.05.19 09:12:48.411,8.75261,8.7539,1.00,1.00
2017.05.19 09:12:48.885,8.7527,8.75399,1.00,1.00
2017.05.19 09:12:49.190,8.75288,8.75417,1.00,1.00
2017.05.19 09:12:49.496,8.75299,8.75428,1.00,1.00
2017.05.19 09:12:49.808,8.7531,8.75439,1.00,1.00
2017.05.19 09:12:50.112,8.75329,8.75458,1.00,1.00
2017.05.19 09:12:50.418,8.75353,8.75482,1.00,1.00
2017.05.19 09:12:50.925,8.75354,8.75481,1.00,1.00
2017.05.19 09:12:52.752,8.75355,8.75484,1.00,1.00
2017.05.19 09:12:52.928,8.75348,8.75477,1.00,1.00
2017.05.19 09:12:53.250,8.7537,8.75499,1.00,1.00
2017.05.19 09:12:54.041,8.7536,8.75489,1.00,1.00
2017.05.19 09:12:54.963,8.75363,8.75492,1.00,1.00
2017.05.19 09:12:56.376,8.75355,8.75484,1.00,1.00
2017.05.19 09:12:56.699,8.75364,8.75493,1.00,1.00
2017.05.19 09:12:58.103,8.75383,8.75512,1.00,1.00
2017.05.19 09:12:58.522,8.7539,8.75519,1.00,1.00
2017.05.19 09:12:59.092,8.7539,8.75518,1.00,1.00
2017.05.19 09:13:02.300,8.75386,8.75515,1.00,1.00
2017.05.19 09:13:02.892,8.75377,8.75505,1.00,1.00
2017.05.19 09:13:03.197,8.75366,8.75494,1.00,1.00
2017.05.19 09:13:03.904,8.75362,8.7549,1.00,1.00
2017.05.19 09:13:04.872,8.75365,8.75492,1.00,1.00
2017.05.19 09:13:05.267,8.75375,8.75502,1.00,1.00
2017.05.19 09:13:05.939,8.75379,8.75504,1.00,1.00
2017.05.19 09:13:07.781,8.75377,8.75504,1.00,1.00
2017.05.19 09:13:08.112,8.75367,8.75494,1.00,1.00
2017.05.19 09:13:08.401,8.75351,8.75479,1.00,1.00
2017.05.19 09:13:08.503,8.75332,8.7546,1.00,1.00
2017.05.19 09:13:08.807,8.75314,8.75442,1.00,1.00
2017.05.19 09:13:09.124,8.75295,8.75422,1.00,1.00
2017.05.19 09:13:09.428,8.75276,8.75404,1.00,1.00
2017.05.19 09:13:09.479,8.75265,8.75392,1.00,1.00
2017.05.19 09:13:09.986,8.75257,8.75381,1.00,1.00
2017.05.19 09:13:10.191,8.75254,8.75381,1.00,1.00
2017.05.19 09:13:10.546,8.75239,8.75367,1.00,1.00
2017.05.19 09:13:10.800,8.7523,8.75358,1.00,1.00
2017.05.19 09:13:11.105,8.75218,8.75346,1.00,1.00
2017.05.19 09:13:11.448,8.75228,8.75356,1.00,1.00
2017.05.19 09:13:12.112,8.75224,8.75351,1.00,1.00
2017.05.19 09:13:16.581,8.75185,8.75312,1.00,1.00
2017.05.19 09:13:16.886,8.75173,8.753,1.00,1.00
2017.05.19 09:13:17.190,8.75155,8.75282,1.00,1.00
2017.05.19 09:13:17.617,8.75165,8.7529,1.00,1.00
2017.05.19 09:13:17.886,8.75174,8.75301,1.00,1.00
2017.05.19 09:13:18.680,8.75184,8.75311,1.00,1.00
2017.05.19 09:13:18.984,8.75193,8.7532,1.00,1.00
2017.05.19 09:13:20.827,8.75198,8.75324,1.00,1.00
2017.05.19 09:13:21.163,8.75208,8.75334,1.00,1.00
2017.05.19 09:13:21.468,8.75217,8.75343,1.00,1.00
2017.05.19 09:13:21.864,8.75227,8.75353,1.00,1.00
2017.05.19 09:13:22.169,8.75246,8.75372,1.00,1.00
2017.05.19 09:13:22.818,8.7526,8.75387,1.00,1.00
2017.05.19 09:13:23.122,8.7527,8.75397,1.00,1.00
2017.05.19 09:13:23.777,8.75276,8.75402,1.00,1.00
2017.05.19 09:13:24.095,8.75285,8.75411,1.00,1.00
2017.05.19 09:13:24.399,8.75295,8.75421,1.00,1.00
2017.05.19 09:13:24.703,8.75307,8.75433,1.00,1.00
2017.05.19 09:13:25.145,8.75287,8.75414,1.00,1.00
2017.05.19 09:13:25.246,8.75276,8.75402,1.00,1.00
2017.05.19 09:13:25.555,8.75284,8.7541,1.00,1.00
2017.05.19 09:13:27.252,8.75291,8.75417,1.00,1.00
2017.05.19 09:13:27.559,8.75297,8.75423,1.00,1.00
2017.05.19 09:13:28.970,8.75274,8.754,1.50,1.00
2017.05.19 09:13:29.275,8.75249,8.75374,1.00,1.00
2017.05.19 09:13:29.951,8.75237,8.75361,1.00,1.00
2017.05.19 09:13:30.422,8.75229,8.75355,1.00,1.00
2017.05.19 09:13:30.973,8.75234,8.7536,1.00,1.00
2017.05.19 09:13:31.277,8.75215,8.75341,1.00,1.00
2017.05.19 09:13:31.623,8.75195,8.75321,1.00,1.00
2017.05.19 09:13:32.217,8.75202,8.75328,1.00,1.00
2017.05.19 09:13:34.841,8.75205,8.7533,1.00,1.00
2017.05.19 09:13:35.486,8.75198,8.75324,1.00,1.00
2017.05.19 09:13:36.438,8.75202,8.75328,1.00,1.00
2017.05.19 09:13:36.744,8.75189,8.75315,1.00,1.00
2017.05.19 09:13:37.048,8.75179,8.75305,1.00,1.00
2017.05.19 09:13:37.353,8.75156,8.75281,1.00,1.00
2017.05.19 09:13:38.204,8.75159,8.75285,1.00,1.00
2017.05.19 09:13:40.580,8.75163,8.75289,1.00,1.00
2017.05.19 09:13:45.765,8.75158,8.75285,1.00,1.00
2017.05.19 09:13:47.304,8.75154,8.75281,1.00,1.00
2017.05.19 09:13:48.404,8.75114,8.75241,1.00,1.00
2017.05.19 09:13:49.312,8.7511,8.75236,1.00,1.00
2017.05.19 09:13:49.414,8.75102,8.75229,1.00,1.00
2017.05.19 09:13:49.915,8.75103,8.75229,1.00,1.00
2017.05.19 09:13:50.028,8.7509,8.75216,1.00,1.00
2017.05.19 09:13:50.355,8.75076,8.75202,1.00,1.00
2017.05.19 09:13:50.660,8.75105,8.75229,1.00,1.00
2017.05.19 09:13:51.021,8.75111,8.75237,1.00,1.00
2017.05.19 09:13:51.408,8.7512,8.75246,1.00,1.00
2017.05.19 09:13:52.031,8.75125,8.75251,1.00,1.00
2017.05.19 09:13:52.343,8.75118,8.75244,1.00,1.00
2017.05.19 09:13:53.336,8.75113,8.75239,1.00,1.00
2017.05.19 09:13:53.668,8.75083,8.75209,1.00,1.00
2017.05.19 09:13:54.522,8.75081,8.75207,1.00,1.00
2017.05.19 09:13:56.137,8.75066,8.75192,1.00,1.00
2017.05.19 09:13:56.454,8.75079,8.75205,1.00,1.00
2017.05.19 09:13:57.166,8.75075,8.75201,1.00,1.00
2017.05.19 09:13:58.356,8.75069,8.75195,1.00,1.00
2017.05.19 09:13:58.822,8.75064,8.7519,1.00,1.00
2017.05.19 09:13:59.237,8.75047,8.75173,1.00,1.00
2017.05.19 09:13:59.609,8.75034,8.7516,1.00,1.00
2017.05.19 09:14:00.244,8.7504,8.75166,1.00,1.00
2017.05.19 09:14:02.374,8.75036,8.75162,1.00,1.00
2017.05.19 09:14:03.813,8.75006,8.75162,1.00,1.00
2017.05.19 09:14:03.864,8.75011,8.75136,1.00,1.00
2017.05.19 09:14:03.917,8.75023,8.75149,1.00,1.00
2017.05.19 09:14:04.345,8.75035,8.75161,1.00,1.00
2017.05.19 09:14:05.033,8.75043,8.75169,1.00,1.00
2017.05.19 09:14:06.865,8.75035,8.75161,1.00,1.00
2017.05.19 09:14:07.191,8.75029,8.75155,1.00,1.00
2017.05.19 09:14:07.986,8.75033,8.75159,1.00,1.00
2017.05.19 09:14:08.659,8.75015,8.75144,1.00,1.00
2017.05.19 09:14:08.710,8.75006,8.75132,1.00,1.00
2017.05.19 09:14:09.155,8.75011,8.75135,1.00,1.00
2017.05.19 09:14:09.308,8.75034,8.7516,1.00,1.00
2017.05.19 09:14:10.386,8.75037,8.75161,1.00,1.00
2017.05.19 09:14:10.437,8.75031,8.75158,1.00,1.00
2017.05.19 09:14:10.852,8.75039,8.75165,1.00,1.00
2017.05.19 09:14:11.775,8.75028,8.75133,1.00,1.00
2017.05.19 09:14:11.826,8.74994,8.75121,1.00,1.00
2017.05.19 09:14:11.928,8.75,8.75121,1.00,1.00
2017.05.19 09:14:12.131,8.74994,8.75121,1.00,1.00
2017.05.19 09:14:12.729,8.74988,8.75113,1.00,1.00
2017.05.19 09:14:13.568,8.74994,8.7512,1.00,1.00
2017.05.19 09:14:14.034,8.74985,8.75111,1.00,1.00
2017.05.19 09:14:14.344,8.74964,8.7509,1.00,1.00
2017.05.19 09:14:14.706,8.7496,8.75086,1.00,1.00
2017.05.19 09:14:15.177,8.74943,8.75076,1.00,1.00
2017.05.19 09:14:15.628,8.74942,8.75069,1.00,1.00
2017.05.19 09:14:16.318,8.74931,8.75057,1.00,1.00
2017.05.19 09:14:17.387,8.74936,8.75062,1.00,1.00
2017.05.19 09:14:19.900,8.74934,8.7506,1.00,1.00
2017.05.19 09:14:22.153,8.74939,8.75065,1.00,1.00
2017.05.19 09:14:22.884,8.7495,8.75076,1.00,1.00
2017.05.19 09:14:23.188,8.74937,8.75063,1.00,1.00
2017.05.19 09:14:23.952,8.74942,8.75069,1.00,1.00
2017.05.19 09:14:24.177,8.74952,8.75078,1.00,1.00
2017.05.19 09:14:24.618,8.74932,8.75058,1.00,1.00
2017.05.19 09:14:25.638,8.74931,8.75058,1.00,1.00
2017.05.19 09:14:28.505,8.74932,8.75058,1.00,1.00
2017.05.19 09:14:30.146,8.74939,8.75065,1.00,1.00
2017.05.19 09:14:30.450,8.74932,8.75058,1.00,1.00
2017.05.19 09:14:31.324,8.74939,8.75063,1.00,1.00
2017.05.19 09:14:31.530,8.74932,8.75058,1.00,1.00
2017.05.19 09:14:32.329,8.74937,8.75063,1.00,1.00
2017.05.19 09:14:32.662,8.74924,8.7505,1.00,1.00
2017.05.19 09:14:33.037,8.7493,8.75056,1.00,1.00
2017.05.19 09:14:33.349,8.74922,8.75048,1.00,1.00
2017.05.19 09:14:34.609,8.7492,8.75046,1.00,1.00
2017.05.19 09:14:35.629,8.74916,8.75042,1.00,1.00
2017.05.19 09:14:35.934,8.74874,8.75,1.00,1.00
2017.05.19 09:14:36.811,8.74878,8.75004,1.00,1.00
2017.05.19 09:14:37.990,8.74884,8.75009,1.00,1.00
2017.05.19 09:14:38.950,8.74878,8.75004,1.00,1.00
2017.05.19 09:14:39.025,8.74883,8.75009,1.00,1.00
2017.05.19 09:14:43.236,8.74878,8.75004,1.00,1.00
2017.05.19 09:14:44.241,8.74872,8.74998,1.00,1.00
2017.05.19 09:14:44.561,8.7485,8.74976,1.00,1.00
2017.05.19 09:14:44.867,8.74834,8.7496,1.00,1.00
2017.05.19 09:14:45.187,8.74806,8.74932,1.00,1.00
2017.05.19 09:14:45.879,8.74812,8.74937,1.00,1.00
2017.05.19 09:14:46.574,8.74797,8.74923,1.00,1.00
2017.05.19 09:14:47.646,8.74794,8.7492,1.00,1.00
2017.05.19 09:14:48.596,8.74801,8.74927,1.00,1.00
2017.05.19 09:14:48.899,8.74797,8.74921,1.00,1.00
2017.05.19 09:14:49.660,8.74793,8.74919,1.00,1.00
2017.05.19 09:14:51.201,8.74803,8.74929,1.00,1.00
2017.05.19 09:14:51.506,8.74836,8.74982,1.00,1.00
2017.05.19 09:14:51.557,8.74844,8.7497,1.00,1.00
2017.05.19 09:14:51.659,8.74836,8.74982,1.00,1.00
2017.05.19 09:14:52.642,8.74833,8.74979,1.00,1.00
2017.05.19 09:14:53.628,8.74833,8.74978,1.00,1.00
2017.05.19 09:14:53.963,8.74848,8.74993,1.00,1.00
2017.05.19 09:14:54.268,8.74842,8.74987,1.00,1.00
2017.05.19 09:14:55.545,8.74843,8.74985,1.00,1.00
2017.05.19 09:14:57.528,8.74841,8.74967,1.00,1.00
2017.05.19 09:14:57.858,8.7481,8.74936,1.00,1.00
2017.05.19 09:14:58.520,8.748,8.74925,1.00,1.00
2017.05.19 09:14:58.672,8.74794,8.7492,1.00,1.00
2017.05.19 09:14:58.977,8.748,8.74926,1.00,1.00
2017.05.19 09:14:59.968,8.74802,8.74928,1.00,1.00
2017.05.19 09:15:00.324,8.74806,8.7494,1.00,1.00
2017.05.19 09:15:00.375,8.74818,8.74943,1.00,1.00
2017.05.19 09:15:00.592,8.74806,8.74932,1.00,1.00
2017.05.19 09:15:00.693,8.74819,8.74945,1.00,1.00
2017.05.19 09:15:01.501,8.7481,8.74936,1.00,1.00
2017.05.19 09:15:02.512,8.74813,8.74939,1.00,1.00
2017.05.19 09:15:02.835,8.74823,8.74949,1.00,1.00
2017.05.19 09:15:03.420,8.74807,8.74933,1.00,1.00
2017.05.19 09:15:03.754,8.74797,8.74923,1.00,1.00
2017.05.19 09:15:04.818,8.74806,8.74931,1.00,1.00
2017.05.19 09:15:05.127,8.7483,8.74941,1.00,1.00
2017.05.19 09:15:05.228,8.7483,8.74956,1.00,1.00
2017.05.19 09:15:06.147,8.74824,8.7495,1.00,1.00
2017.05.19 09:15:06.453,8.7481,8.74936,1.00,1.00
2017.05.19 09:15:07.030,8.74816,8.74939,1.00,1.00
2017.05.19 09:15:07.336,8.74821,8.74945,1.00,1.00
2017.05.19 09:15:08.015,8.74813,8.74939,1.00,1.00
2017.05.19 09:15:08.546,8.74813,8.7494,1.00,1.00
2017.05.19 09:15:11.620,8.74813,8.74939,1.00,1.00
2017.05.19 09:15:15.499,8.74805,8.74929,1.00,1.00
2017.05.19 09:15:16.106,8.74804,8.74931,1.00,1.00
2017.05.19 09:15:16.157,8.74811,8.74937,1.00,1.00
2017.05.19 09:15:17.112,8.74806,8.74932,1.00,1.00
2017.05.19 09:15:18.310,8.74802,8.74927,1.00,1.00
2017.05.19 09:15:18.361,8.74806,8.74932,1.00,1.00
2017.05.19 09:15:19.488,8.74816,8.74942,1.00,1.00
2017.05.19 09:15:19.793,8.74826,8.74952,1.00,1.00
2017.05.19 09:15:20.099,8.7484,8.74967,1.00,1.00
2017.05.19 09:15:20.150,8.74848,8.74974,1.00,1.00
2017.05.19 09:15:20.457,8.74858,8.74984,1.00,1.00
2017.05.19 09:15:20.828,8.74842,8.74968,1.00,1.00
2017.05.19 09:15:21.133,8.74833,8.74958,1.00,1.00
2017.05.19 09:15:21.811,8.74832,8.74958,1.00,1.00
2017.05.19 09:15:22.224,8.74843,8.74969,1.00,1.00
2017.05.19 09:15:23.052,8.74838,8.74964,1.00,1.00
2017.05.19 09:15:23.940,8.74845,8.74971,1.00,1.00
2017.05.19 09:15:24.458,8.74844,8.7497,1.00,1.00
2017.05.19 09:15:25.029,8.74839,8.74965,1.00,1.00
2017.05.19 09:15:25.759,8.74833,8.74961,1.00,1.00
2017.05.19 09:15:25.860,8.7484,8.74968,1.00,1.00
2017.05.19 09:15:27.505,8.74849,8.74977,1.00,1.00
2017.05.19 09:15:32.551,8.74848,8.74975,1.00,1.00
2017.05.19 09:15:34.261,8.74845,8.74972,1.00,1.00
2017.05.19 09:15:34.363,8.74836,8.74964,1.00,1.00
2017.05.19 09:15:34.414,8.74826,8.74953,1.00,1.00
2017.05.19 09:15:35.377,8.74825,8.74952,1.00,1.00
2017.05.19 09:15:38.736,8.74825,8.74951,1.00,1.00
2017.05.19 09:15:39.321,8.74825,8.7495,1.00,1.00
2017.05.19 09:15:39.833,8.74825,8.74947,1.00,1.00
2017.05.19 09:15:40.158,8.74825,8.74945,1.00,1.00
2017.05.19 09:15:40.408,8.74825,8.7495,1.00,1.00
2017.05.19 09:15:40.588,8.74817,8.7495,1.00,1.00
2017.05.19 09:15:40.707,8.74817,8.74953,1.00,1.00
2017.05.19 09:15:44.383,8.74813,8.74948,1.00,1.00
2017.05.19 09:15:45.383,8.74819,8.74948,1.00,1.00
2017.05.19 09:15:45.485,8.74819,8.74954,1.00,1.00
2017.05.19 09:15:46.677,8.74819,8.74953,1.00,1.00
2017.05.19 09:15:47.247,8.74819,8.74954,1.00,1.00
2017.05.19 09:15:48.047,8.74818,8.74954,1.00,1.50
2017.05.19 09:15:48.427,8.74813,8.74949,1.00,1.00
2017.05.19 09:15:50.092,8.74811,8.74947,1.00,1.00
2017.05.19 09:15:50.412,8.74817,8.74951,1.00,1.00
2017.05.19 09:15:50.812,8.74848,8.74976,1.00,1.00
2017.05.19 09:15:50.864,8.74848,8.74979,1.00,1.00
2017.05.19 09:15:50.967,8.74848,8.74977,1.00,1.00
2017.05.19 09:15:51.268,8.74848,8.74983,1.00,1.00
2017.05.19 09:15:51.818,8.74848,8.74984,1.00,1.00
2017.05.19 09:15:53.099,8.74849,8.74984,1.00,1.00
2017.05.19 09:15:53.759,8.74848,8.74983,1.00,1.00
2017.05.19 09:15:54.669,8.74857,8.74987,1.00,1.00
2017.05.19 09:15:54.720,8.74857,8.74992,1.00,1.00
2017.05.19 09:15:54.927,8.74857,8.7499,1.00,1.00
2017.05.19 09:15:55.262,8.74851,8.74978,1.00,1.00
2017.05.19 09:15:55.778,8.74851,8.74974,1.00,1.00
2017.05.19 09:15:56.108,8.74851,8.74971,1.00,1.00
2017.05.19 09:15:56.461,8.74851,8.74977,1.00,1.00
2017.05.19 09:15:57.758,8.74851,8.74976,1.00,1.00
2017.05.19 09:15:58.088,8.74851,8.74978,1.00,1.00
2017.05.19 09:15:58.291,8.74841,8.74968,1.00,1.00
2017.05.19 09:15:58.913,8.74832,8.74959,1.00,1.00
2017.05.19 09:15:59.218,8.74822,8.74943,1.00,1.00
2017.05.19 09:15:59.320,8.74822,8.74948,1.00,1.00
2017.05.19 09:16:02.182,8.74826,8.74952,1.00,1.00
2017.05.19 09:16:03.414,8.74821,8.74948,1.00,1.00
2017.05.19 09:16:03.516,8.74811,8.74938,1.00,1.00
2017.05.19 09:16:03.829,8.74832,8.74958,1.00,1.00
2017.05.19 09:16:03.982,8.74821,8.74948,1.00,1.00
2017.05.19 09:16:04.958,8.74819,8.74945,1.00,1.00
2017.05.19 09:16:05.884,8.74825,8.74952,1.00,1.00
2017.05.19 09:16:06.118,8.7483,8.74956,1.00,1.00
2017.05.19 09:16:08.123,8.74829,8.74955,1.00,1.00
2017.05.19 09:16:09.086,8.74821,8.74947,1.00,1.00
2017.05.19 09:16:09.649,8.74821,8.74947,1.00,1.60
2017.05.19 09:16:09.750,8.74811,8.74937,1.00,1.00
2017.05.19 09:16:10.268,8.74824,8.7495,1.00,1.60
2017.05.19 09:16:10.319,8.74824,8.7495,1.00,1.00
2017.05.19 09:16:12.423,8.74819,8.74946,1.00,1.00
2017.05.19 09:16:12.474,8.74814,8.7494,1.00,1.00
2017.05.19 09:16:12.779,8.74822,8.74948,1.00,1.00
2017.05.19 09:16:14.801,8.74827,8.74953,1.00,1.00
2017.05.19 09:16:15.276,8.74818,8.74944,1.00,1.00
2017.05.19 09:16:15.582,8.74799,8.74923,1.00,1.00
2017.05.19 09:16:15.684,8.74787,8.74913,1.00,1.00
2017.05.19 09:16:15.735,8.74779,8.74905,1.00,1.00
2017.05.19 09:16:16.296,8.74779,8.74905,1.00,1.60
2017.05.19 09:16:16.398,8.7476,8.74886,1.00,1.00
2017.05.19 09:16:16.500,8.7476,8.74886,1.00,1.60
2017.05.19 09:16:16.838,8.74752,8.74878,1.00,1.60
2017.05.19 09:16:17.080,8.74752,8.74878,1.00,1.00
2017.05.19 09:16:17.652,8.7475,8.74876,1.00,1.00
2017.05.19 09:16:17.957,8.74762,8.74888,1.00,1.00
2017.05.19 09:16:19.123,8.74772,8.74898,1.00,1.00
2017.05.19 09:16:20.087,8.74767,8.74892,1.00,1.00
2017.05.19 09:16:20.138,8.74762,8.74888,1.00,1.00
2017.05.19 09:16:23.152,8.74761,8.74886,1.00,1.00
2017.05.19 09:16:25.886,8.74758,8.74884,1.00,1.00
2017.05.19 09:16:25.937,8.74752,8.74878,1.00,1.00
2017.05.19 09:16:26.242,8.74748,8.74874,1.00,1.00
2017.05.19 09:16:26.545,8.74739,8.74865,1.00,1.00
2017.05.19 09:16:32.671,8.74737,8.74863,1.00,1.00
2017.05.19 09:16:33.711,8.74732,8.74858,1.00,1.00
2017.05.19 09:16:35.181,8.74736,8.74862,1.00,1.00
2017.05.19 09:16:35.608,8.74748,8.74874,1.00,1.00
2017.05.19 09:16:35.710,8.74753,8.74889,1.00,1.00
2017.05.19 09:16:35.862,8.74758,8.74901,1.00,1.00
2017.05.19 09:16:35.964,8.74772,8.74912,1.00,1.00
2017.05.19 09:16:36.268,8.74788,8.74914,1.00,1.00
2017.05.19 09:16:36.319,8.74786,8.74933,1.00,1.00
2017.05.19 09:16:36.376,8.74796,8.74922,1.00,1.00
2017.05.19 09:16:36.680,8.74787,8.74927,1.00,1.00
2017.05.19 09:16:37.138,8.74837,8.74963,1.00,1.00
2017.05.19 09:16:37.442,8.74912,8.75038,1.00,1.00
2017.05.19 09:16:37.493,8.74914,8.75042,1.00,1.00
2017.05.19 09:16:37.595,8.74928,8.75054,1.00,1.00
2017.05.19 09:16:37.905,8.74954,8.7508,1.00,1.00
2017.05.19 09:16:38.209,8.74989,8.75115,1.00,1.00
2017.05.19 09:16:40.713,8.74994,8.7512,1.00,1.00
2017.05.19 09:16:41.713,8.74992,8.75118,1.00,1.00
2017.05.19 09:16:42.130,8.74995,8.75121,1.00,1.00
2017.05.19 09:16:42.434,8.75052,8.75161,1.00,1.00
2017.05.19 09:16:42.485,8.75052,8.75173,1.00,1.00
2017.05.19 09:16:42.689,8.75064,8.7519,1.00,1.00
2017.05.19 09:16:43.708,8.7506,8.75186,1.00,1.00
2017.05.19 09:16:44.217,8.7506,8.75187,1.00,1.00
2017.05.19 09:16:44.772,8.75047,8.75174,1.00,1.00
2017.05.19 09:16:45.076,8.75034,8.7516,1.00,1.00
2017.05.19 09:16:45.803,8.75033,8.75159,1.00,1.00
2017.05.19 09:16:48.994,8.75027,8.75153,1.00,1.00
2017.05.19 09:16:49.300,8.75021,8.75147,1.00,1.00
2017.05.19 09:16:49.645,8.75009,8.75135,1.00,1.00
2017.05.19 09:16:49.950,8.74985,8.75111,1.00,1.00
2017.05.19 09:16:50.883,8.74984,8.7511,1.00,1.00
2017.05.19 09:16:51.188,8.74978,8.75104,1.00,1.00
2017.05.19 09:16:51.524,8.74961,8.75087,1.00,1.00
2017.05.19 09:16:52.459,8.74966,8.75092,1.00,1.00
2017.05.19 09:16:53.316,8.74956,8.75082,1.00,1.00
2017.05.19 09:16:54.301,8.74952,8.75078,1.00,1.00
2017.05.19 09:16:55.709,8.7495,8.75077,1.00,1.00
2017.05.19 09:16:56.720,8.74955,8.75082,1.00,1.00
2017.05.19 09:16:58.727,8.74951,8.75078,1.00,1.00
2017.05.19 09:17:01.439,8.74947,8.75068,1.00,1.00
2017.05.19 09:17:01.591,8.74919,8.75045,1.50,1.00
2017.05.19 09:17:02.545,8.74923,8.7505,1.00,1.00
2017.05.19 09:17:02.990,8.74934,8.7506,1.00,1.00
2017.05.19 09:17:04.712,8.74931,8.75057,1.00,1.00
2017.05.19 09:17:05.376,8.74926,8.75052,1.00,1.00
2017.05.19 09:17:06.336,8.74925,8.75051,1.00,1.00
2017.05.19 09:17:07.342,8.74924,8.7505,1.00,1.00
2017.05.19 09:17:08.042,8.74914,8.7504,1.00,1.00
2017.05.19 09:17:08.350,8.74895,8.75021,1.00,1.00
2017.05.19 09:17:08.786,8.74885,8.75011,1.00,1.00
2017.05.19 09:17:09.867,8.7488,8.75006,1.00,1.00
2017.05.19 09:17:10.605,8.74886,8.75012,1.00,1.00
2017.05.19 09:17:11.632,8.74889,8.75015,1.00,1.00
2017.05.19 09:17:11.984,8.74906,8.75032,1.00,1.00
2017.05.19 09:17:12.290,8.74916,8.75042,1.00,1.00
2017.05.19 09:17:12.991,8.74922,8.75049,1.00,1.00
2017.05.19 09:17:13.597,8.74948,8.75049,1.00,1.00
2017.05.19 09:17:13.649,8.74992,8.75118,1.00,1.50
2017.05.19 09:17:13.700,8.75019,8.75139,1.00,1.00
2017.05.19 09:17:13.751,8.75004,8.75131,1.00,1.00
2017.05.19 09:17:13.904,8.75028,8.75154,1.00,1.00
2017.05.19 09:17:14.650,8.75044,8.7517,1.00,1.00
2017.05.19 09:17:14.954,8.75062,8.75188,1.00,1.00
2017.05.19 09:17:15.296,8.75076,8.75203,1.00,1.00
2017.05.19 09:17:15.347,8.75055,8.75181,1.00,1.00
2017.05.19 09:17:16.424,8.75047,8.75173,1.00,1.00
2017.05.19 09:17:16.525,8.75051,8.75178,1.00,1.00
2017.05.19 09:17:17.451,8.75062,8.75188,1.00,1.00
2017.05.19 09:17:17.765,8.75067,8.75193,1.00,1.00
2017.05.19 09:17:19.127,8.75063,8.75189,1.00,1.00
2017.05.19 09:17:19.331,8.75058,8.75185,1.00,1.00
2017.05.19 09:17:19.483,8.75049,8.75173,1.00,1.00
2017.05.19 09:17:19.534,8.75047,8.75173,1.00,1.00
2017.05.19 09:17:20.468,8.75049,8.75175,1.00,1.00
2017.05.19 09:17:21.469,8.75057,8.75184,1.00,1.00
2017.05.19 09:17:21.571,8.75063,8.75189,1.00,1.00
2017.05.19 09:17:21.896,8.75066,8.75196,1.00,1.00
2017.05.19 09:17:23.299,8.75063,8.75192,1.00,1.00
2017.05.19 09:17:23.629,8.75068,8.75194,1.00,1.00
2017.05.19 09:17:24.296,8.75073,8.75199,1.00,1.00
2017.05.19 09:17:26.722,8.75068,8.75194,1.00,1.00
2017.05.19 09:17:27.892,8.75062,8.75188,1.00,1.00
2017.05.19 09:17:29.884,8.75055,8.75181,1.00,1.00
2017.05.19 09:17:30.347,8.75037,8.75163,1.00,1.00
2017.05.19 09:17:30.985,8.7503,8.75156,1.00,1.00
2017.05.19 09:17:31.289,8.75048,8.75174,1.00,1.00
2017.05.19 09:17:31.607,8.75055,8.75181,1.00,1.00
2017.05.19 09:17:32.072,8.75061,8.75187,1.00,1.00
2017.05.19 09:17:33.045,8.7506,8.75186,1.00,1.00
2017.05.19 09:17:33.573,8.7506,8.75187,1.00,1.00
2017.05.19 09:17:33.928,8.7505,8.75176,1.00,1.00
2017.05.19 09:17:34.102,8.75061,8.75189,1.00,1.00
2017.05.19 09:17:34.363,8.75071,8.75199,1.00,1.00
2017.05.19 09:17:34.515,8.75092,8.75221,1.00,1.00
2017.05.19 09:17:35.107,8.75102,8.75231,1.00,1.00
2017.05.19 09:17:35.524,8.75099,8.75226,1.00,1.00
2017.05.19 09:17:37.788,8.75055,8.75181,1.00,1.00
2017.05.19 09:17:38.134,8.75011,8.75137,1.00,1.00
2017.05.19 09:17:38.440,8.74984,8.75105,1.00,1.00
2017.05.19 09:17:38.542,8.74973,8.75105,1.00,1.00
2017.05.19 09:17:38.593,8.74965,8.75082,1.00,1.00
2017.05.19 09:17:38.784,8.74955,8.75082,1.00,1.00
2017.05.19 09:17:38.835,8.74973,8.75099,1.00,1.00
2017.05.19 09:17:39.090,8.74984,8.75111,1.00,1.00
2017.05.19 09:17:39.243,8.74989,8.75116,1.00,1.00
2017.05.19 09:17:39.602,8.74998,8.75125,1.00,1.00
2017.05.19 09:17:39.909,8.75011,8.75137,1.00,1.00
2017.05.19 09:17:40.214,8.75021,8.75148,1.00,1.00
2017.05.19 09:17:40.726,8.75032,8.75159,1.00,1.00
2017.05.19 09:17:41.029,8.75022,8.75149,1.00,1.00
2017.05.19 09:17:41.878,8.75026,8.75153,1.00,1.00
2017.05.19 09:17:43.363,8.75022,8.75149,1.00,1.00
2017.05.19 09:17:43.915,8.75023,8.75149,1.00,1.00
2017.05.19 09:17:45.371,8.75015,8.75141,1.00,1.00
2017.05.19 09:17:46.353,8.75016,8.75142,1.00,1.00
2017.05.19 09:17:47.484,8.75018,8.75145,1.00,1.00
2017.05.19 09:17:47.535,8.75025,8.75151,1.00,1.00
2017.05.19 09:17:48.189,8.75016,8.75142,1.00,1.00
2017.05.19 09:17:49.689,8.75001,8.75127,1.00,1.00
2017.05.19 09:17:49.993,8.75011,8.75135,1.00,1.00
2017.05.19 09:17:50.459,8.75011,8.7513,1.00,1.00
2017.05.19 09:17:52.418,8.75018,8.75137,1.00,1.00
2017.05.19 09:17:53.381,8.7502,8.75138,1.00,1.00
2017.05.19 09:17:54.386,8.75023,8.75142,1.00,1.00
2017.05.19 09:17:55.498,8.75035,8.75151,1.00,1.00
2017.05.19 09:17:55.549,8.75051,8.75173,1.00,1.00
2017.05.19 09:17:55.701,8.75045,8.75163,1.00,1.00
2017.05.19 09:17:56.522,8.75038,8.75157,1.00,1.00
2017.05.19 09:17:57.307,8.75045,8.75164,1.00,1.00
2017.05.19 09:17:57.612,8.75053,8.75171,1.00,1.00
2017.05.19 09:17:58.307,8.75058,8.75176,1.00,1.00
2017.05.19 09:17:59.054,8.75029,8.75146,1.00,1.00
2017.05.19 09:17:59.206,8.75014,8.75142,1.00,1.00
2017.05.19 09:17:59.308,8.75011,8.75142,1.00,1.00
2017.05.19 09:17:59.510,8.7502,8.75138,1.00,1.00
2017.05.19 09:17:59.815,8.75032,8.7515,1.00,1.00
2017.05.19 09:18:00.650,8.75028,8.75147,1.00,1.00
2017.05.19 09:18:02.898,8.7503,8.75148,1.00,1.00
2017.05.19 09:18:03.220,8.75035,8.75153,1.00,1.00
2017.05.19 09:18:04.058,8.75037,8.75155,1.00,1.00
2017.05.19 09:18:05.072,8.75041,8.75159,1.00,1.00
2017.05.19 09:18:05.200,8.75046,8.75165,1.00,1.00
2017.05.19 09:18:05.251,8.75059,8.75177,1.00,1.00
2017.05.19 09:18:06.109,8.75064,8.75183,1.00,1.00
2017.05.19 09:18:07.147,8.7507,8.75186,1.00,1.00
2017.05.19 09:18:08.369,8.75062,8.75181,1.00,1.00
2017.05.19 09:18:09.233,8.75057,8.75173,1.00,1.00
2017.05.19 09:18:09.284,8.75066,8.75184,1.00,1.00
2017.05.19 09:18:10.229,8.75057,8.75175,1.00,1.00
2017.05.19 09:18:10.533,8.7505,8.75168,1.00,1.00
2017.05.19 09:18:10.826,8.75089,8.75208,1.00,1.00
2017.05.19 09:18:10.877,8.75114,8.75232,1.00,1.60
2017.05.19 09:18:11.507,8.75114,8.75232,1.00,1.00
2017.05.19 09:18:11.892,8.75118,8.75236,1.00,1.00
2017.05.19 09:18:12.222,8.75124,8.7524,1.00,1.00
2017.05.19 09:18:12.375,8.75132,8.7525,1.00,1.00
2017.05.19 09:18:13.232,8.75127,8.75245,1.00,1.00
2017.05.19 09:18:14.337,8.75144,8.75263,1.00,1.00
2017.05.19 09:18:14.539,8.75155,8.75273,1.00,1.00
2017.05.19 09:18:16.006,8.75144,8.75262,1.00,1.00
2017.05.19 09:18:16.209,8.75138,8.75257,1.00,1.00
2017.05.19 09:18:17.346,8.75128,8.75247,1.00,1.00
2017.05.19 09:18:17.652,8.75094,8.75209,1.00,1.00
2017.05.19 09:18:18.169,8.75064,8.75182,1.00,1.00
2017.05.19 09:18:19.205,8.75068,8.75186,1.00,1.00
2017.05.19 09:18:19.587,8.75086,8.75204,1.00,1.00
2017.05.19 09:18:20.258,8.75083,8.75201,1.00,1.00
2017.05.19 09:18:20.763,8.75074,8.75192,1.00,1.00
2017.05.19 09:18:23.439,8.75079,8.75195,1.00,1.00
2017.05.19 09:18:24.456,8.7507,8.75188,1.00,1.00
2017.05.19 09:18:25.059,8.75064,8.75182,1.00,1.00
2017.05.19 09:18:26.090,8.75061,8.75179,1.00,1.00
2017.05.19 09:18:26.608,8.75066,8.75184,1.00,1.00
2017.05.19 09:18:27.281,8.75061,8.75179,1.00,1.00
2017.05.19 09:18:27.586,8.75038,8.75154,1.00,1.00
2017.05.19 09:18:27.841,8.75028,8.75146,1.00,1.00
2017.05.19 09:18:28.063,8.74993,8.75142,1.00,1.00
2017.05.19 09:18:28.449,8.74983,8.75131,1.00,1.00
2017.05.19 09:18:28.704,8.75005,8.75155,1.00,1.00
2017.05.19 09:18:29.434,8.74999,8.75148,1.00,1.00
2017.05.19 09:18:30.486,8.74996,8.75141,1.00,1.00
2017.05.19 09:18:30.587,8.74993,8.75141,1.00,1.00
2017.05.19 09:18:31.058,8.75,8.75148,1.00,1.00
2017.05.19 09:18:31.299,8.7501,8.7516,1.00,1.00
2017.05.19 09:18:31.478,8.75001,8.75151,1.00,1.00
2017.05.19 09:18:32.559,8.75,8.75147,1.00,1.00
2017.05.19 09:18:33.449,8.74999,8.75149,1.00,1.00
2017.05.19 09:18:34.817,8.74995,8.75145,1.00,1.00
2017.05.19 09:18:35.125,8.75003,8.75153,1.00,1.00
2017.05.19 09:18:35.527,8.7501,8.75153,1.00,1.00
2017.05.19 09:18:35.578,8.75018,8.75168,1.00,1.00
2017.05.19 09:18:35.705,8.75027,8.75177,1.00,1.00
2017.05.19 09:18:36.952,8.7503,8.7518,1.00,1.00
2017.05.19 09:18:37.857,8.75036,8.75184,1.00,1.00
2017.05.19 09:18:38.458,8.75044,8.75187,1.00,1.00
2017.05.19 09:18:38.759,8.75076,8.75195,1.00,1.00
2017.05.19 09:18:39.063,8.75164,8.75283,1.00,1.00
2017.05.19 09:18:39.469,8.75177,8.75294,1.00,1.00
2017.05.19 09:18:39.520,8.75199,8.75318,1.00,1.00
2017.05.19 09:18:39.926,8.75199,8.75301,1.00,1.00
2017.05.19 09:18:40.027,8.75199,8.75318,1.00,1.00
2017.05.19 09:18:40.285,8.75207,8.75324,1.00,1.00
2017.05.19 09:18:40.938,8.75212,8.75331,1.00,1.00
2017.05.19 09:18:41.664,8.75201,8.7532,1.00,1.00
2017.05.19 09:18:42.097,8.75194,8.75313,1.00,1.00
2017.05.19 09:18:42.673,8.75186,8.75305,1.00,1.00
2017.05.19 09:18:42.978,8.75155,8.75272,1.00,1.00
2017.05.19 09:18:43.556,8.75142,8.75261,1.00,1.00
2017.05.19 09:18:43.929,8.75147,8.75266,1.00,1.00
2017.05.19 09:18:44.234,8.75155,8.75274,1.00,1.00
2017.05.19 09:18:44.984,8.75158,8.75275,1.00,1.00
2017.05.19 09:18:45.559,8.75148,8.75267,1.00,1.00
2017.05.19 09:18:45.661,8.75142,8.75261,1.00,1.00
2017.05.19 09:18:46.585,8.75147,8.75266,1.00,1.00
2017.05.19 09:18:47.945,8.75144,8.75263,1.00,1.00
2017.05.19 09:18:48.296,8.75149,8.75268,1.00,1.00
2017.05.19 09:18:48.601,8.75159,8.75278,1.00,1.00
2017.05.19 09:18:49.006,8.75167,8.75286,1.00,1.00
2017.05.19 09:18:49.311,8.75176,8.75295,1.00,1.00
2017.05.19 09:18:49.615,8.75188,8.75307,1.00,1.00
2017.05.19 09:18:49.961,8.75209,8.75327,1.00,1.00
2017.05.19 09:18:50.165,8.75219,8.75338,1.00,1.00
2017.05.19 09:18:51.168,8.75216,8.75333,1.00,1.00
2017.05.19 09:18:52.348,8.75223,8.75342,1.00,1.00
2017.05.19 09:18:52.399,8.7523,8.75349,1.00,1.00
2017.05.19 09:18:52.704,8.75221,8.7534,1.00,1.00
2017.05.19 09:18:55.950,8.75224,8.75343,1.00,1.00
2017.05.19 09:18:57.824,8.75209,8.75328,1.00,1.00
2017.05.19 09:18:58.521,8.75198,8.75317,1.00,1.00
2017.05.19 09:18:58.928,8.75189,8.75308,1.00,1.00
2017.05.19 09:18:59.233,8.75183,8.75302,1.00,1.00
2017.05.19 09:19:00.067,8.75178,8.75297,1.00,1.00
2017.05.19 09:19:00.777,8.75184,8.75303,1.00,1.00
2017.05.19 09:19:02.798,8.75188,8.75307,1.00,1.00
2017.05.19 09:19:03.102,8.7518,8.75299,1.00,1.00
2017.05.19 09:19:03.447,8.75191,8.7531,1.00,1.00
2017.05.19 09:19:03.751,8.75187,8.75306,1.00,1.00
2017.05.19 09:19:04.070,8.75195,8.75314,1.00,1.00
2017.05.19 09:19:05.469,8.75196,8.75315,1.00,1.00
2017.05.19 09:19:05.858,8.75202,8.75321,1.00,1.00
2017.05.19 09:19:06.870,8.75202,8.7532,1.00,1.00
2017.05.19 09:19:07.022,8.75207,8.75326,1.00,1.00
2017.05.19 09:19:08.192,8.75197,8.75316,1.00,1.00
2017.05.19 09:19:09.537,8.75201,8.75321,1.00,1.00
2017.05.19 09:19:10.544,8.75194,8.75314,1.00,1.00
2017.05.19 09:19:15.421,8.75185,8.75303,1.00,1.00
2017.05.19 09:19:15.726,8.75175,8.75292,1.00,1.00
2017.05.19 09:19:15.878,8.75134,8.75283,1.00,1.00
2017.05.19 09:19:15.929,8.75134,8.75286,1.00,1.00
2017.05.19 09:19:16.488,8.75168,8.75288,1.00,1.00
2017.05.19 09:19:16.539,8.75135,8.75286,1.00,1.00
2017.05.19 09:19:17.345,8.75121,8.75271,1.00,1.00
2017.05.19 09:19:17.602,8.75079,8.75273,1.00,1.00
2017.05.19 09:19:17.654,8.75082,8.75232,1.00,1.00
2017.05.19 09:19:17.992,8.75086,8.75232,1.00,1.00
2017.05.19 09:19:18.195,8.75069,8.7522,1.00,1.00
2017.05.19 09:19:18.347,8.75068,8.7521,1.00,1.00
2017.05.19 09:19:18.550,8.75063,8.7521,1.00,1.00
2017.05.19 09:19:18.859,8.75059,8.7521,1.50,1.00
2017.05.19 09:19:19.120,8.75053,8.75204,1.50,1.00
2017.05.19 09:19:19.438,8.75059,8.75204,1.00,1.00
2017.05.19 09:19:19.664,8.75084,8.75248,1.00,1.00
2017.05.19 09:19:19.715,8.75066,8.75247,1.00,1.00
2017.05.19 09:19:19.766,8.75122,8.75241,1.00,1.00
2017.05.19 09:19:19.868,8.75095,8.75235,1.00,1.00
2017.05.19 09:19:20.028,8.75095,8.75229,1.00,1.00
2017.05.19 09:19:20.378,8.75113,8.75232,1.00,1.00
2017.05.19 09:19:20.664,8.75102,8.75222,1.00,1.00
2017.05.19 09:19:21.031,8.75096,8.75215,1.00,1.00
2017.05.19 09:19:21.082,8.75102,8.75222,1.00,1.00
2017.05.19 09:19:23.273,8.75098,8.75217,1.00,1.00
2017.05.19 09:19:23.670,8.75105,8.75222,1.00,1.00
2017.05.19 09:19:24.277,8.75097,8.75217,1.00,1.00
2017.05.19 09:19:26.010,8.75101,8.7522,1.00,1.00
2017.05.19 09:19:26.507,8.75094,8.75214,1.00,1.00
2017.05.19 09:19:27.401,8.75079,8.75198,1.00,1.00
2017.05.19 09:19:27.917,8.75078,8.75197,1.00,1.00
2017.05.19 09:19:28.413,8.75083,8.75202,1.00,1.00
2017.05.19 09:19:28.960,8.75082,8.75201,1.00,1.00
2017.05.19 09:19:29.287,8.75089,8.75208,1.00,1.00
2017.05.19 09:19:29.777,8.75083,8.75202,1.00,1.00
2017.05.19 09:19:30.123,8.75089,8.75208,1.00,1.00
2017.05.19 09:19:30.459,8.751,8.75219,1.00,1.00
2017.05.19 09:19:30.764,8.75143,8.7526,1.00,1.00
2017.05.19 09:19:31.245,8.75161,8.7528,1.00,1.00
2017.05.19 09:19:32.003,8.75173,8.75292,1.00,1.00
2017.05.19 09:19:32.512,8.75183,8.75302,1.00,1.00
2017.05.19 09:19:33.429,8.75175,8.75294,1.00,1.00
2017.05.19 09:19:33.738,8.75194,8.75313,1.00,1.00
2017.05.19 09:19:34.651,8.752,8.75319,1.00,1.00
2017.05.19 09:19:35.127,8.75217,8.75335,1.00,1.00
2017.05.19 09:19:35.867,8.75199,8.75318,1.00,1.00
2017.05.19 09:19:36.009,8.75191,8.75309,1.00,1.00
2017.05.19 09:19:36.365,8.75194,8.75309,1.00,1.00
2017.05.19 09:19:36.581,8.75143,8.75262,1.00,1.00
2017.05.19 09:19:37.050,8.75134,8.75252,1.00,1.00
2017.05.19 09:19:38.542,8.75131,8.7525,1.50,1.00
2017.05.19 09:19:38.749,8.75134,8.7525,1.00,1.00
2017.05.19 09:19:38.800,8.75138,8.75256,1.00,1.00
2017.05.19 09:19:40.781,8.75133,8.75236,1.00,1.00
2017.05.19 09:19:40.883,8.75133,8.75249,1.00,1.00
2017.05.19 09:19:40.934,8.7513,8.7524,1.00,1.00
2017.05.19 09:19:40.985,8.75121,8.7524,1.00,1.00
2017.05.19 09:19:41.553,8.75131,8.75249,1.00,1.00
2017.05.19 09:19:41.916,8.75126,8.75244,1.00,1.00
2017.05.19 09:19:42.892,8.75121,8.7524,1.00,1.00
2017.05.19 09:19:42.994,8.75116,8.75234,1.00,1.00
2017.05.19 09:19:44.083,8.75107,8.75225,1.00,1.00
2017.05.19 09:19:44.668,8.75113,8.75231,1.00,1.00
2017.05.19 09:19:45.534,8.75109,8.75227,1.00,1.00
2017.05.19 09:19:45.816,8.75131,8.7525,1.00,1.00
2017.05.19 09:19:45.867,8.75139,8.75257,1.00,1.00
2017.05.19 09:19:47.585,8.75133,8.75251,1.00,1.00
2017.05.19 09:19:47.869,8.75128,8.75247,1.00,1.00
2017.05.19 09:19:49.164,8.75123,8.75242,1.00,1.00
2017.05.19 09:19:49.478,8.75122,8.7524,1.00,1.00
2017.05.19 09:19:49.789,8.75133,8.75251,1.00,1.00
2017.05.19 09:19:50.365,8.7514,8.75258,1.00,1.00
2017.05.19 09:19:50.528,8.75132,8.75251,1.00,1.00
2017.05.19 09:19:50.895,8.75147,8.75263,1.00,1.00
2017.05.19 09:19:51.884,8.75142,8.7526,1.00,1.00
2017.05.19 09:19:52.731,8.75133,8.75238,1.00,1.00
2017.05.19 09:19:52.978,8.75136,8.75254,1.00,1.00
2017.05.19 09:19:53.960,8.7514,8.75258,1.00,1.00
2017.05.19 09:19:54.529,8.75152,8.75268,1.00,1.00
2017.05.19 09:19:54.580,8.75161,8.75279,1.00,1.00
2017.05.19 09:19:54.631,8.75167,8.75285,1.00,1.00
2017.05.19 09:19:55.506,8.75179,8.75298,1.00,1.00
2017.05.19 09:19:56.509,8.7518,8.75299,1.00,1.00
2017.05.19 09:19:58.628,8.75186,8.75305,1.00,1.00
2017.05.19 09:19:58.939,8.75213,8.75332,1.00,1.00
2017.05.19 09:19:59.244,8.75204,8.75323,1.00,1.00
2017.05.19 09:19:59.647,8.75195,8.75313,1.00,1.00
2017.05.19 09:20:00.292,8.75203,8.75322,1.00,1.00
2017.05.19 09:20:01.128,8.75217,8.75336,1.00,1.00
2017.05.19 09:20:01.433,8.75202,8.7532,1.00,1.00
2017.05.19 09:20:02.306,8.75216,8.75334,1.00,1.00
2017.05.19 09:20:02.510,8.75205,8.75324,1.00,1.00
2017.05.19 09:20:02.662,8.75217,8.75335,1.00,1.00
2017.05.19 09:20:03.458,8.75209,8.75326,1.00,1.00
2017.05.19 09:20:04.458,8.75213,8.75329,1.00,1.00
2017.05.19 09:20:04.515,8.7522,8.75338,1.00,1.00
2017.05.19 09:20:05.529,8.75221,8.75339,1.00,1.00
2017.05.19 09:20:06.087,8.75227,8.75345,1.00,1.00
2017.05.19 09:20:07.116,8.7522,8.75338,1.00,1.00
2017.05.19 09:20:07.420,8.75215,8.75333,1.00,1.00
2017.05.19 09:20:08.118,8.7522,8.75338,1.00,1.00
2017.05.19 09:20:08.677,8.75209,8.75328,1.00,1.00
2017.05.19 09:20:09.511,8.75199,8.75318,1.00,1.00
2017.05.19 09:20:09.815,8.75207,8.75323,1.00,1.00
2017.05.19 09:20:10.120,8.75216,8.75332,1.00,1.00
2017.05.19 09:20:10.697,8.7522,8.75338,1.00,1.00
2017.05.19 09:20:11.415,8.75222,8.75338,1.00,1.00
2017.05.19 09:20:11.868,8.75224,8.75339,1.00,1.00
2017.05.19 09:20:12.295,8.75226,8.75339,1.00,1.00
2017.05.19 09:20:12.857,8.75227,8.75339,1.00,1.00
2017.05.19 09:20:13.616,8.75221,8.75339,1.00,1.00
2017.05.19 09:20:13.667,8.7522,8.75337,1.00,1.00
2017.05.19 09:20:13.970,8.75223,8.75337,1.00,1.00
2017.05.19 09:20:16.145,8.75222,8.75337,1.00,1.00
2017.05.19 09:20:16.480,8.75183,8.75325,1.00,1.00
2017.05.19 09:20:16.733,8.75175,8.75325,1.00,1.00
2017.05.19 09:20:17.341,8.75175,8.75306,1.00,1.00
2017.05.19 09:20:18.057,8.7517,8.753,1.00,1.00
2017.05.19 09:20:18.359,8.75167,8.75297,1.00,1.00
2017.05.19 09:20:18.664,8.75177,8.75306,1.00,1.00
2017.05.19 09:20:19.037,8.75168,8.75299,1.00,1.00
2017.05.19 09:20:19.881,8.75164,8.75282,1.00,1.00
2017.05.19 09:20:20.084,8.75172,8.75301,1.00,1.00
2017.05.19 09:20:20.135,8.75172,8.75322,1.00,1.00
2017.05.19 09:20:20.186,8.75163,8.75281,1.00,1.00
2017.05.19 09:20:20.437,8.75157,8.75284,1.00,1.00
2017.05.19 09:20:20.488,8.75157,8.75274,1.00,1.00
2017.05.19 09:20:20.640,8.75141,8.75269,1.00,1.00
2017.05.19 09:20:20.742,8.75135,8.75253,1.00,1.00
2017.05.19 09:20:21.051,8.75137,8.75285,1.00,1.00
2017.05.19 09:20:21.103,8.75163,8.75285,1.00,1.00
2017.05.19 09:20:21.255,8.75155,8.75285,1.00,1.00
2017.05.19 09:20:21.356,8.75184,8.75285,1.00,1.00
2017.05.19 09:20:21.458,8.75184,8.75304,1.00,1.00
2017.05.19 09:20:21.564,8.75187,8.75304,1.00,1.00
2017.05.19 09:20:21.616,8.75202,8.7532,1.00,1.00
2017.05.19 09:20:21.667,8.75187,8.75317,1.00,1.00
2017.05.19 09:20:21.798,8.75204,8.75322,1.00,1.00
2017.05.19 09:20:22.297,8.75175,8.75319,1.00,1.00
2017.05.19 09:20:22.348,8.75169,8.75319,1.00,1.00
2017.05.19 09:20:22.450,8.75169,8.75301,1.00,1.00
2017.05.19 09:20:23.470,8.75172,8.75303,1.00,1.00
2017.05.19 09:20:23.846,8.75173,8.7529,1.00,1.00
2017.05.19 09:20:24.396,8.75172,8.7529,1.00,1.00
2017.05.19 09:20:24.771,8.75175,8.7529,1.00,1.00
2017.05.19 09:20:24.996,8.75175,8.75307,1.00,1.00
2017.05.19 09:20:25.097,8.75181,8.75307,1.00,1.00
2017.05.19 09:20:25.554,8.75183,8.75307,1.00,1.00
2017.05.19 09:20:25.605,8.75181,8.75307,1.00,1.00
2017.05.19 09:20:25.936,8.75184,8.75307,1.00,1.00
2017.05.19 09:20:26.085,8.75184,8.75313,1.00,1.00
2017.05.19 09:20:26.136,8.75184,8.75308,1.00,1.00
2017.05.19 09:20:26.188,8.75171,8.75308,1.00,1.00
2017.05.19 09:20:26.487,8.75175,8.75308,1.00,1.00
2017.05.19 09:20:27.004,8.75176,8.75308,1.00,1.00
2017.05.19 09:20:27.534,8.75176,8.75304,1.00,1.00
2017.05.19 09:20:28.246,8.75177,8.75304,1.00,1.00
2017.05.19 09:20:28.906,8.75171,8.75304,1.00,1.00
2017.05.19 09:20:30.595,8.75173,8.75304,1.00,1.00
2017.05.19 09:20:30.786,8.75173,8.7531,1.00,1.00
2017.05.19 09:20:31.746,8.75172,8.75305,1.00,1.00
2017.05.19 09:20:32.281,8.75173,8.75305,1.00,1.00
2017.05.19 09:20:32.645,8.75175,8.75305,1.00,1.00
2017.05.19 09:20:32.975,8.75177,8.75305,1.00,1.00
2017.05.19 09:20:33.549,8.75177,8.75306,1.00,1.00
2017.05.19 09:20:34.208,8.75178,8.75306,1.00,1.00
2017.05.19 09:20:34.998,8.75155,8.75284,1.00,1.00
2017.05.19 09:20:35.100,8.75147,8.75284,1.00,1.00
2017.05.19 09:20:35.151,8.75138,8.75275,1.00,1.00
2017.05.19 09:20:35.686,8.75139,8.75275,1.00,1.00
2017.05.19 09:20:36.126,8.75134,8.75271,1.00,1.00
2017.05.19 09:20:36.177,8.75136,8.75271,1.00,1.00
2017.05.19 09:20:36.691,8.75141,8.75271,1.00,1.00
2017.05.19 09:20:37.003,8.75145,8.75271,1.00,1.00
2017.05.19 09:20:37.156,8.75144,8.75275,1.00,1.00
2017.05.19 09:20:37.692,8.75145,8.75275,1.00,1.00
2017.05.19 09:20:37.928,8.7514,8.75275,1.00,1.00
2017.05.19 09:20:38.131,8.7514,8.75271,1.00,1.00
2017.05.19 09:20:38.475,8.75144,8.75271,1.00,1.00
2017.05.19 09:20:38.814,8.75146,8.75271,1.00,1.00
2017.05.19 09:20:39.144,8.75148,8.75271,1.00,1.00
2017.05.19 09:20:39.475,8.75144,8.75271,1.00,1.00
2017.05.19 09:20:42.326,8.75142,8.75271,1.00,1.00
2017.05.19 09:20:43.468,8.75144,8.75272,1.00,1.00
2017.05.19 09:20:44.457,8.75147,8.75272,1.00,1.00
2017.05.19 09:20:44.769,8.75144,8.75272,1.00,1.00
2017.05.19 09:20:48.180,8.75144,8.75274,1.50,1.00
2017.05.19 09:20:48.265,8.75147,8.75274,1.00,1.00
2017.05.19 09:20:48.316,8.75149,8.75289,1.00,1.00
2017.05.19 09:20:48.570,8.75183,8.753,1.00,1.00
2017.05.19 09:20:48.883,8.75194,8.75312,1.00,1.00
2017.05.19 09:20:49.788,8.75205,8.75321,1.00,1.00
2017.05.19 09:20:50.383,8.75205,8.75323,1.00,1.00
2017.05.19 09:20:50.434,8.75217,8.75331,1.00,1.00
2017.05.19 09:20:50.959,8.75217,8.75332,1.00,1.00
2017.05.19 09:20:51.449,8.75216,8.75334,1.00,1.00
2017.05.19 09:20:52.115,8.75224,8.75342,1.00,1.00
2017.05.19 09:20:52.556,8.75243,8.75361,1.00,1.00
2017.05.19 09:20:53.093,8.75249,8.75366,1.00,1.00
2017.05.19 09:20:53.538,8.75256,8.75374,1.00,1.00
2017.05.19 09:20:53.866,8.75265,8.75383,1.00,1.00
2017.05.19 09:20:54.171,8.7533,8.75448,1.00,1.00
2017.05.19 09:20:54.476,8.75343,8.75461,1.00,1.00
2017.05.19 09:20:54.996,8.75358,8.75476,1.00,1.00
2017.05.19 09:20:56.236,8.75354,8.75472,1.00,1.00
2017.05.19 09:20:57.218,8.75358,8.75476,1.00,1.00
2017.05.19 09:20:58.250,8.75366,8.75484,1.00,1.00
2017.05.19 09:20:58.555,8.75391,8.75509,1.00,1.00
2017.05.19 09:20:59.573,8.75393,8.75511,1.00,1.00
2017.05.19 09:20:59.911,8.75383,8.75501,1.00,1.00
2017.05.19 09:21:01.912,8.75417,8.75535,1.00,1.00
2017.05.19 09:21:02.229,8.75427,8.75545,1.00,1.00
2017.05.19 09:21:02.631,8.75439,8.75557,1.00,1.00
2017.05.19 09:21:03.219,8.75452,8.75569,1.00,1.00
2017.05.19 09:21:04.379,8.75445,8.75563,1.00,1.00
2017.05.19 09:21:04.656,8.7542,8.75538,1.00,1.00
2017.05.19 09:21:05.649,8.75415,8.75533,1.00,1.00
2017.05.19 09:21:05.751,8.75406,8.75531,1.00,1.00
2017.05.19 09:21:05.802,8.75414,8.75531,1.00,1.00
2017.05.19 09:21:05.853,8.75403,8.75521,1.00,1.00
2017.05.19 09:21:08.721,8.75401,8.75517,1.00,1.00
2017.05.19 09:21:09.608,8.75395,8.75511,1.00,1.00
2017.05.19 09:21:09.816,8.754,8.75518,1.00,1.00
2017.05.19 09:21:10.486,8.75406,8.75523,1.00,1.00
2017.05.19 09:21:13.065,8.75421,8.75538,1.00,1.00
2017.05.19 09:21:13.120,8.75432,8.7555,1.00,1.00
2017.05.19 09:21:18.091,8.75427,8.75545,1.00,1.00
2017.05.19 09:21:18.424,8.75421,8.75539,1.00,1.00
2017.05.19 09:21:19.033,8.7542,8.75538,1.00,1.00
2017.05.19 09:21:20.739,8.75422,8.7554,1.00,1.00
2017.05.19 09:21:22.297,8.75404,8.7552,1.00,1.00
2017.05.19 09:21:22.399,8.75402,8.7552,1.00,1.00
2017.05.19 09:21:22.450,8.75395,8.75513,1.00,1.00
2017.05.19 09:21:23.425,8.75394,8.75512,1.00,1.00
2017.05.19 09:21:23.765,8.75388,8.75506,1.00,1.00
2017.05.19 09:21:24.108,8.75414,8.75532,1.00,1.00
2017.05.19 09:21:24.412,8.75471,8.75589,1.00,1.00
2017.05.19 09:21:24.769,8.75482,8.756,1.00,1.00
2017.05.19 09:21:25.101,8.75463,8.75581,1.00,1.00
2017.05.19 09:21:25.405,8.75455,8.75572,1.00,1.00
2017.05.19 09:21:25.762,8.75449,8.75564,1.00,1.00
2017.05.19 09:21:25.915,8.75429,8.75546,1.00,1.00
2017.05.19 09:21:26.017,8.75412,8.75529,1.00,1.00
2017.05.19 09:21:26.220,8.75393,8.75511,1.00,1.00
2017.05.19 09:21:27.361,8.75393,8.75511,1.37,1.00
2017.05.19 09:21:27.514,8.75537,8.75655,1.00,1.00
2017.05.19 09:21:27.869,8.7557,8.75688,1.00,1.00
2017.05.19 09:21:28.378,8.75549,8.75667,1.00,1.00
2017.05.19 09:21:28.706,8.75539,8.75657,1.00,1.00
2017.05.19 09:21:29.012,8.75472,8.7559,1.00,1.00
2017.05.19 09:21:29.374,8.75486,8.75603,1.00,1.00
2017.05.19 09:21:29.425,8.75506,8.75624,1.00,1.00
2017.05.19 09:21:29.801,8.75496,8.75614,1.00,1.00
2017.05.19 09:21:30.496,8.75501,8.75619,1.00,1.00
2017.05.19 09:21:31.194,8.75519,8.75634,1.00,1.00
2017.05.19 09:21:31.296,8.75526,8.75644,1.00,1.00
2017.05.19 09:21:32.209,8.75532,8.7565,1.00,1.00
2017.05.19 09:21:33.583,8.75526,8.75644,1.00,1.00
2017.05.19 09:21:34.059,8.75526,8.75636,1.00,1.00
2017.05.19 09:21:34.400,8.75514,8.75632,1.00,1.50
2017.05.19 09:21:34.704,8.75514,8.75626,1.00,1.00
2017.05.19 09:21:34.755,8.75473,8.75591,1.00,1.00
2017.05.19 09:21:34.891,8.75483,8.75599,1.00,1.00
2017.05.19 09:21:34.942,8.75463,8.75581,1.00,1.00
2017.05.19 09:21:35.196,8.75445,8.75561,1.00,1.00
2017.05.19 09:21:35.399,8.75413,8.75531,1.00,1.00
2017.05.19 09:21:35.501,8.75393,8.75526,1.00,1.00
2017.05.19 09:21:35.552,8.75388,8.75506,1.00,1.00
2017.05.19 09:21:35.857,8.75388,8.75455,1.00,1.00
2017.05.19 09:21:36.009,8.75388,8.75502,1.00,1.00
2017.05.19 09:21:36.124,8.75369,8.75487,1.00,1.00
2017.05.19 09:21:36.226,8.7538,8.75498,1.00,1.00
2017.05.19 09:21:36.733,8.75371,8.75489,1.00,1.00
2017.05.19 09:21:37.326,8.75366,8.75484,1.00,1.00
2017.05.19 09:21:38.015,8.75354,8.75472,1.00,1.00
2017.05.19 09:21:38.717,8.75351,8.75491,1.00,1.00
2017.05.19 09:21:38.768,8.75382,8.75514,1.00,1.00
2017.05.19 09:21:39.086,8.75403,8.75519,1.00,1.00
2017.05.19 09:21:39.543,8.75383,8.75501,1.00,1.00
2017.05.19 09:21:40.422,8.75394,8.75512,1.00,1.00
2017.05.19 09:21:41.326,8.75387,8.75504,1.00,1.00
2017.05.19 09:21:42.334,8.75387,8.75504,1.60,1.00
2017.05.19 09:21:42.537,8.75455,8.75573,1.00,1.00
2017.05.19 09:21:42.589,8.75477,8.75574,1.00,1.00
2017.05.19 09:21:42.640,8.75477,8.75595,1.00,1.00
2017.05.19 09:21:42.692,8.75499,8.7561,1.00,1.00
2017.05.19 09:21:42.743,8.75499,8.75616,1.00,1.00
2017.05.19 09:21:43.503,8.75499,8.75615,1.00,1.00
2017.05.19 09:21:43.604,8.7549,8.75606,1.00,1.00
2017.05.19 09:21:43.995,8.75466,8.75584,1.00,1.00
2017.05.19 09:21:44.096,8.75421,8.75539,1.60,1.00
2017.05.19 09:21:44.299,8.75401,8.75519,1.00,1.00
2017.05.19 09:21:44.830,8.75462,8.75538,1.00,1.00
2017.05.19 09:21:44.932,8.75521,8.75639,1.00,1.00
2017.05.19 09:21:44.983,8.75542,8.7564,1.00,1.00
2017.05.19 09:21:45.289,8.75542,8.75656,1.00,1.00
2017.05.19 09:21:45.493,8.75542,8.75644,1.00,1.00
2017.05.19 09:21:45.795,8.75542,8.75646,1.00,1.00
2017.05.19 09:21:46.098,8.75539,8.75646,1.00,1.00
2017.05.19 09:21:46.149,8.75539,8.7565,1.00,1.00
2017.05.19 09:21:46.435,8.75532,8.75648,1.00,1.00
2017.05.19 09:21:46.486,8.75532,8.75624,1.00,1.00
2017.05.19 09:21:46.836,8.75532,8.75622,1.00,1.00
2017.05.19 09:21:46.999,8.75527,8.75622,1.00,1.00
2017.05.19 09:21:47.050,8.7554,8.75622,1.00,1.00
2017.05.19 09:21:47.258,8.7554,8.75639,1.00,1.00
2017.05.19 09:21:47.476,8.75549,8.75639,1.00,1.00
2017.05.19 09:21:47.527,8.75531,8.75639,1.00,1.00
2017.05.19 09:21:47.663,8.75541,8.75639,1.00,1.00
2017.05.19 09:21:47.817,8.75541,8.75648,1.00,1.00
2017.05.19 09:21:47.919,8.75541,8.75659,1.00,1.00
2017.05.19 09:21:48.071,8.75548,8.75666,1.00,1.00
2017.05.19 09:21:49.454,8.75548,8.75664,1.00,1.00
2017.05.19 09:21:49.803,8.75548,8.75666,1.00,1.00
2017.05.19 09:21:50.798,8.75547,8.75665,1.00,1.00
2017.05.19 09:21:51.131,8.75555,8.75673,1.00,1.00
2017.05.19 09:21:51.443,8.75567,8.75685,1.00,1.00
2017.05.19 09:21:51.845,8.75578,8.75696,1.00,1.00
2017.05.19 09:21:52.352,8.75578,8.75693,1.00,1.00
2017.05.19 09:21:52.734,8.75578,8.75695,1.00,1.00
2017.05.19 09:21:53.096,8.75585,8.75692,1.00,1.00
2017.05.19 09:21:53.198,8.75604,8.75716,1.00,1.00
2017.05.19 09:21:53.351,8.75592,8.7571,1.00,1.00
2017.05.19 09:21:53.402,8.75603,8.75716,1.00,1.00
2017.05.19 09:21:53.656,8.7559,8.75707,1.00,1.00
2017.05.19 09:21:53.859,8.7559,8.75699,1.00,1.00
2017.05.19 09:21:54.156,8.7559,8.75707,1.00,1.00
2017.05.19 09:21:54.359,8.75583,8.75701,1.00,1.00
2017.05.19 09:21:54.562,8.75591,8.75705,1.00,1.00
2017.05.19 09:21:55.128,8.75591,8.75704,1.00,1.00
2017.05.19 09:21:55.534,8.75589,8.75704,1.00,1.00
2017.05.19 09:21:55.853,8.75626,8.75704,1.00,1.00
2017.05.19 09:21:56.006,8.75716,8.75826,1.00,1.00
2017.05.19 09:21:56.260,8.75716,8.75834,1.00,1.00
2017.05.19 09:21:56.615,8.75734,8.75843,1.00,1.00
2017.05.19 09:21:56.917,8.75734,8.75851,1.00,1.00
2017.05.19 09:21:57.019,8.75739,8.75851,1.00,1.00
2017.05.19 09:21:57.121,8.75729,8.75846,1.00,1.00
2017.05.19 09:21:57.514,8.75738,8.75854,1.00,1.00
2017.05.19 09:21:57.682,8.75738,8.75856,1.00,1.00
2017.05.19 09:21:58.936,8.75729,8.75847,1.00,1.00
2017.05.19 09:22:00.638,8.75742,8.7586,1.00,1.00
2017.05.19 09:22:01.709,8.75741,8.75859,1.00,1.00
2017.05.19 09:22:02.143,8.75747,8.75863,1.00,1.00
2017.05.19 09:22:02.282,8.75755,8.75873,1.00,1.00
2017.05.19 09:22:02.524,8.75768,8.75878,1.00,1.00
2017.05.19 09:22:02.760,8.75768,8.75885,1.00,1.00
2017.05.19 09:22:02.863,8.7576,8.75878,1.00,1.00
2017.05.19 09:22:03.544,8.75765,8.75883,1.00,1.00
2017.05.19 09:22:03.882,8.75781,8.75896,1.00,1.00
2017.05.19 09:22:03.984,8.7579,8.75907,1.00,1.00
2017.05.19 09:22:04.392,8.75802,8.75911,1.00,1.00
2017.05.19 09:22:04.795,8.75802,8.75909,1.00,1.00
2017.05.19 09:22:05.156,8.75802,8.75903,1.00,1.00
2017.05.19 09:22:05.469,8.75834,8.75903,1.00,1.00
2017.05.19 09:22:05.520,8.75834,8.75922,1.00,1.00
2017.05.19 09:22:05.622,8.75834,8.75943,1.00,1.00
2017.05.19 09:22:05.966,8.75834,8.75947,1.00,1.00
2017.05.19 09:22:06.018,8.75826,8.75943,1.00,1.00
2017.05.19 09:22:06.170,8.75815,8.75933,1.00,1.00
2017.05.19 09:22:06.373,8.75828,8.7594,1.00,1.00
2017.05.19 09:22:06.678,8.75841,8.75946,1.00,1.00
2017.05.19 09:22:06.927,8.75853,8.75961,1.00,1.00
2017.05.19 09:22:07.237,8.75861,8.75961,1.00,1.00
2017.05.19 09:22:07.391,8.75857,8.75961,1.00,1.00
2017.05.19 09:22:07.493,8.75857,8.75975,1.00,1.00
2017.05.19 09:22:07.893,8.75864,8.75972,1.00,1.00
2017.05.19 09:22:08.198,8.75884,8.75981,1.00,1.00
2017.05.19 09:22:08.677,8.75884,8.75978,1.00,1.00
2017.05.19 09:22:09.242,8.75885,8.75979,1.00,1.00
2017.05.19 09:22:09.846,8.75879,8.75979,1.00,1.00
2017.05.19 09:22:10.227,8.75879,8.75974,1.00,1.00
2017.05.19 09:22:10.461,8.75886,8.76001,1.00,1.00
2017.05.19 09:22:10.512,8.759,8.76002,1.00,1.00
2017.05.19 09:22:10.691,8.75917,8.76032,1.00,1.00
2017.05.19 09:22:10.742,8.75935,8.76041,1.00,1.00
2017.05.19 09:22:10.793,8.75947,8.76065,1.00,1.00
2017.05.19 09:22:11.453,8.75937,8.76055,1.00,1.00
2017.05.19 09:22:12.119,8.75928,8.76046,1.00,1.00
2017.05.19 09:22:12.428,8.75932,8.76046,1.00,1.00
2017.05.19 09:22:12.637,8.75932,8.76049,1.00,1.00
2017.05.19 09:22:13.173,8.75932,8.7605,1.00,1.50
2017.05.19 09:22:13.331,8.75927,8.76045,1.00,1.00
2017.05.19 09:22:13.639,8.75927,8.76041,1.00,1.00
2017.05.19 09:22:13.690,8.75927,8.76045,1.00,1.00
2017.05.19 09:22:14.825,8.75921,8.76039,1.00,1.00
2017.05.19 09:22:15.791,8.75927,8.76042,1.00,1.00
2017.05.19 09:22:16.954,8.75918,8.76036,1.00,1.00
2017.05.19 09:22:18.381,8.75919,8.76037,1.00,1.00
2017.05.19 09:22:18.725,8.75938,8.76056,1.00,1.00
2017.05.19 09:22:19.031,8.75966,8.76079,1.00,1.00
2017.05.19 09:22:19.898,8.75966,8.76074,1.00,1.00
2017.05.19 09:22:20.376,8.75995,8.76102,1.00,1.00
2017.05.19 09:22:20.780,8.76024,8.76085,1.00,1.00
2017.05.19 09:22:20.832,8.76039,8.76157,1.00,1.00
2017.05.19 09:22:20.933,8.76019,8.76137,1.00,1.00
2017.05.19 09:22:21.238,8.76037,8.76153,1.00,1.00
2017.05.19 09:22:21.570,8.76057,8.76156,1.00,1.00
2017.05.19 09:22:21.671,8.76057,8.76161,1.00,1.00
2017.05.19 09:22:21.824,8.76066,8.76161,1.00,1.00
2017.05.19 09:22:22.019,8.76066,8.76164,1.00,1.00
2017.05.19 09:22:22.070,8.76056,8.76164,1.00,1.00
2017.05.19 09:22:22.315,8.76056,8.76158,1.00,1.00
2017.05.19 09:22:22.682,8.76056,8.76144,1.00,1.00
2017.05.19 09:22:22.834,8.76044,8.76144,1.00,1.00
2017.05.19 09:22:22.885,8.76044,8.76137,1.00,1.00
2017.05.19 09:22:23.166,8.76035,8.76137,1.00,1.00
2017.05.19 09:22:23.217,8.76035,8.76139,1.00,1.00
2017.05.19 09:22:23.541,8.76035,8.76151,1.00,1.00
2017.05.19 09:22:23.873,8.7603,8.76148,1.00,1.00
2017.05.19 09:22:27.376,8.76033,8.76151,1.00,1.50
2017.05.19 09:22:28.615,8.76043,8.76151,1.00,1.00
2017.05.19 09:22:28.720,8.76034,8.76152,1.00,1.00
2017.05.19 09:22:28.933,8.76045,8.76156,1.00,1.00
2017.05.19 09:22:29.674,8.76038,8.76156,1.00,1.50
2017.05.19 09:22:29.929,8.76029,8.76145,1.00,1.00
2017.05.19 09:22:29.980,8.76019,8.76137,1.00,1.00
2017.05.19 09:22:30.032,8.76009,8.76127,1.00,1.00
2017.05.19 09:22:30.337,8.76006,8.76124,1.00,1.00
2017.05.19 09:22:30.641,8.76038,8.7613,1.00,1.00
2017.05.19 09:22:31.715,8.76038,8.76143,1.00,1.00
2017.05.19 09:22:31.995,8.76038,8.76147,1.00,1.00
2017.05.19 09:22:32.509,8.76026,8.76144,1.00,1.00
2017.05.19 09:22:32.560,8.76026,8.76142,1.00,1.00
2017.05.19 09:22:33.134,8.76004,8.76142,1.00,1.00
2017.05.19 09:22:33.185,8.76004,8.76122,1.00,1.00
2017.05.19 09:22:33.489,8.75981,8.76099,1.00,1.00
2017.05.19 09:22:34.904,8.75977,8.76095,1.00,1.00
2017.05.19 09:22:35.815,8.75977,8.76122,1.00,1.00
2017.05.19 09:22:35.866,8.75977,8.76165,1.60,1.00
2017.05.19 09:22:35.917,8.76031,8.76149,1.35,1.00
2017.05.19 09:22:36.222,8.76084,8.76202,1.00,1.00
2017.05.19 09:22:36.544,8.76048,8.76166,1.00,1.00
2017.05.19 09:22:36.849,8.76068,8.76176,1.00,1.00
2017.05.19 09:22:37.102,8.76079,8.76197,1.00,1.00
2017.05.19 09:22:37.385,8.76079,8.76175,1.00,1.00
2017.05.19 09:22:37.487,8.76059,8.76175,1.00,1.00
2017.05.19 09:22:37.589,8.76069,8.76175,1.00,1.00
2017.05.19 09:22:37.792,8.76059,8.76169,1.00,1.00
2017.05.19 09:22:38.046,8.76059,8.76172,1.00,1.00
2017.05.19 09:22:38.244,8.76059,8.76177,1.00,1.00
2017.05.19 09:22:38.295,8.76059,8.7617,1.00,1.00
2017.05.19 09:22:38.613,8.76084,8.762,1.00,1.00
2017.05.19 09:22:38.766,8.76082,8.762,1.00,1.00
2017.05.19 09:22:39.389,8.76083,8.76201,1.00,1.00
2017.05.19 09:22:39.580,8.76097,8.76213,1.00,1.00
2017.05.19 09:22:39.779,8.76086,8.76203,1.00,1.00
2017.05.19 09:22:39.990,8.76099,8.76217,1.00,1.00
2017.05.19 09:22:40.194,8.7611,8.76228,1.00,1.00
2017.05.19 09:22:40.498,8.7611,8.76214,1.00,1.00
2017.05.19 09:22:40.651,8.76098,8.76214,1.00,1.00
2017.05.19 09:22:41.057,8.76098,8.76216,1.00,1.50
2017.05.19 09:22:41.410,8.76109,8.76216,1.00,1.00
2017.05.19 09:22:41.895,8.76109,8.76218,1.00,1.00
2017.05.19 09:22:42.445,8.76109,8.76214,1.00,1.00
2017.05.19 09:22:42.791,8.76114,8.76216,1.00,1.00
2017.05.19 09:22:43.207,8.76104,8.76217,1.00,1.00
2017.05.19 09:22:43.342,8.76104,8.76222,1.00,1.00
2017.05.19 09:22:43.393,8.76122,8.76227,1.00,1.00
2017.05.19 09:22:43.596,8.76108,8.76226,1.00,1.00
2017.05.19 09:22:43.698,8.76108,8.7622,1.00,1.00
2017.05.19 09:22:44.013,8.76108,8.76222,1.00,1.00
2017.05.19 09:22:44.217,8.76119,8.76222,1.00,1.00
2017.05.19 09:22:44.799,8.76119,8.76223,1.00,1.00
2017.05.19 09:22:44.850,8.76103,8.76221,1.00,1.00
2017.05.19 09:22:48.421,8.76101,8.76219,1.00,1.00
2017.05.19 09:22:49.261,8.7611,8.76225,1.00,1.00
2017.05.19 09:22:49.414,8.76188,8.76306,1.00,1.00
2017.05.19 09:22:49.466,8.76208,8.76323,1.00,1.00
2017.05.19 09:22:49.670,8.7624,8.76357,1.00,1.00
2017.05.19 09:22:49.721,8.76255,8.7636,1.00,1.00
2017.05.19 09:22:50.026,8.76235,8.76357,1.00,1.00
2017.05.19 09:22:50.076,8.76235,8.76332,1.00,1.00
2017.05.19 09:22:50.405,8.76228,8.76346,1.00,1.00
2017.05.19 09:22:51.376,8.76232,8.76347,1.00,1.00
2017.05.19 09:22:51.769,8.76237,8.76348,1.00,1.00
2017.05.19 09:22:52.075,8.76269,8.76356,1.00,1.00
2017.05.19 09:22:52.127,8.76269,8.76374,1.00,1.00
2017.05.19 09:22:52.229,8.76279,8.76374,1.00,1.00
2017.05.19 09:22:52.484,8.76279,8.76378,1.00,1.00
2017.05.19 09:22:52.586,8.76264,8.76378,1.00,1.00
2017.05.19 09:22:52.637,8.7625,8.76368,1.00,1.00
2017.05.19 09:22:52.688,8.7625,8.76364,1.00,1.00
2017.05.19 09:22:52.992,8.76241,8.76344,1.00,1.00
2017.05.19 09:22:53.115,8.76241,8.76351,1.00,1.00
2017.05.19 09:22:53.180,8.7625,8.76351,1.00,1.00
2017.05.19 09:22:53.445,8.7625,8.76353,1.00,1.00
2017.05.19 09:22:53.682,8.7625,8.76356,1.00,1.00
2017.05.19 09:22:53.963,8.76244,8.76356,1.00,1.00
2017.05.19 09:22:54.014,8.76244,8.76358,1.00,1.00
2017.05.19 09:22:54.522,8.76252,8.76357,1.00,1.00
2017.05.19 09:22:54.781,8.76259,8.76377,1.00,1.00
2017.05.19 09:22:55.006,8.76259,8.76362,1.00,1.00
2017.05.19 09:22:55.095,8.76259,8.76377,1.00,1.00
2017.05.19 09:22:55.248,8.76248,8.76366,1.00,1.00
2017.05.19 09:22:55.561,8.76256,8.76358,1.00,1.00
2017.05.19 09:22:55.612,8.76246,8.76358,1.00,1.00
2017.05.19 09:22:55.663,8.76246,8.76364,1.00,1.50
2017.05.19 09:22:56.096,8.76238,8.76344,1.00,1.00
2017.05.19 09:22:56.150,8.76214,8.76332,1.00,1.00
2017.05.19 09:22:56.203,8.76195,8.76313,1.00,1.00
2017.05.19 09:22:56.508,8.76181,8.76296,1.00,1.00
2017.05.19 09:22:56.861,8.76181,8.76285,1.00,1.00
2017.05.19 09:22:57.128,8.76177,8.76286,1.00,1.00
2017.05.19 09:22:57.634,8.76177,8.76287,1.00,1.00
2017.05.19 09:22:58.216,8.76188,8.76287,1.00,1.00
2017.05.19 09:22:58.320,8.76141,8.7629,1.00,1.00
2017.05.19 09:22:58.422,8.7613,8.76225,1.00,1.00
2017.05.19 09:22:58.473,8.76118,8.76225,1.00,1.00
2017.05.19 09:22:58.524,8.76138,8.76256,1.00,1.00
2017.05.19 09:22:58.879,8.76124,8.76242,1.00,1.00
2017.05.19 09:22:59.995,8.76118,8.76236,1.00,1.00
2017.05.19 09:23:01.087,8.76115,8.76233,1.00,1.00
2017.05.19 09:23:03.004,8.76102,8.7622,1.00,1.00
2017.05.19 09:23:03.679,8.76105,8.76224,1.00,1.00
2017.05.19 09:23:04.303,8.76116,8.76235,1.00,1.00
2017.05.19 09:23:04.617,8.76124,8.76242,1.00,1.00
2017.05.19 09:23:04.923,8.76135,8.76254,1.00,1.00
2017.05.19 09:23:05.483,8.76135,8.76253,1.00,1.00
2017.05.19 09:23:05.635,8.76128,8.76246,1.00,1.00
2017.05.19 09:23:05.737,8.76121,8.7624,1.00,1.00
2017.05.19 09:23:06.882,8.76133,8.76248,1.00,1.00
2017.05.19 09:23:07.205,8.76133,8.76246,1.00,1.00
2017.05.19 09:23:07.766,8.76126,8.76244,1.00,1.00
2017.05.19 09:23:07.891,8.76126,8.76241,1.00,1.00
2017.05.19 09:23:08.698,8.76121,8.7624,1.00,1.00
2017.05.19 09:23:08.987,8.76127,8.7624,1.00,1.00
2017.05.19 09:23:09.412,8.76127,8.76238,1.00,1.00
2017.05.19 09:23:09.929,8.76127,8.76237,1.00,1.00
2017.05.19 09:23:09.980,8.76123,8.76237,1.00,1.00
2017.05.19 09:23:10.163,8.76114,8.76233,1.00,1.00
2017.05.19 09:23:10.669,8.76114,8.76232,1.00,1.00
2017.05.19 09:23:10.969,8.7612,8.76238,1.00,1.00
2017.05.19 09:23:11.276,8.76126,8.76244,1.00,1.50
2017.05.19 09:23:11.630,8.76126,8.76241,1.00,1.00
2017.05.19 09:23:11.973,8.76132,8.76241,1.00,1.00
2017.05.19 09:23:12.922,8.76118,8.76237,1.00,1.00
2017.05.19 09:23:13.926,8.76118,8.76236,1.00,1.00
2017.05.19 09:23:14.939,8.76122,8.76241,1.00,1.00
2017.05.19 09:23:16.650,8.76118,8.76237,1.00,1.00
2017.05.19 09:23:17.255,8.76118,8.76234,1.00,1.00
2017.05.19 09:23:17.525,8.76109,8.76227,1.00,1.00
2017.05.19 09:23:17.577,8.761,8.76218,1.00,1.00
2017.05.19 09:23:17.914,8.7609,8.76208,1.00,1.00
2017.05.19 09:23:18.315,8.7609,8.76197,1.00,1.00
2017.05.19 09:23:18.541,8.7609,8.76208,1.00,1.50
2017.05.19 09:23:18.642,8.76094,8.76208,1.00,1.00
2017.05.19 09:23:18.744,8.76089,8.76208,1.00,1.50
2017.05.19 09:23:18.886,8.76089,8.76198,1.00,1.00
2017.05.19 09:23:19.249,8.76082,8.76197,1.00,1.00
2017.05.19 09:23:19.693,8.76089,8.76197,1.00,1.00
2017.05.19 09:23:20.208,8.76089,8.76198,1.00,1.00
2017.05.19 09:23:20.690,8.76091,8.76198,1.00,1.00
2017.05.19 09:23:20.741,8.76085,8.76198,1.00,1.00
2017.05.19 09:23:22.985,8.76081,8.76198,1.00,1.00
2017.05.19 09:23:23.486,8.76082,8.76197,1.00,1.00
2017.05.19 09:23:23.790,8.76072,8.7619,1.00,1.00
2017.05.19 09:23:23.943,8.76049,8.76167,1.00,1.00
2017.05.19 09:23:24.248,8.76049,8.76155,1.00,1.00
2017.05.19 09:23:24.694,8.76049,8.76161,1.00,1.00
2017.05.19 09:23:24.977,8.76058,8.76161,1.00,1.00
2017.05.19 09:23:25.077,8.76058,8.76173,1.00,1.00
2017.05.19 09:23:25.128,8.76054,8.76172,1.00,1.00
2017.05.19 09:23:25.484,8.76033,8.76159,1.00,1.00
2017.05.19 09:23:25.535,8.76046,8.76164,1.00,1.00
2017.05.19 09:23:25.638,8.76017,8.7616,1.00,1.00
2017.05.19 09:23:25.690,8.76017,8.76147,1.00,1.00
2017.05.19 09:23:26.044,8.76017,8.76129,1.00,1.00
2017.05.19 09:23:26.146,8.76009,8.76127,1.00,1.00
2017.05.19 09:23:26.480,8.7602,8.76128,1.00,1.00
2017.05.19 09:23:26.586,8.7602,8.76133,1.00,1.00
2017.05.19 09:23:27.122,8.7602,8.76134,1.00,1.00
2017.05.19 09:23:27.596,8.7602,8.76136,1.00,1.00
2017.05.19 09:23:27.861,8.76024,8.76136,1.00,1.00
2017.05.19 09:23:28.210,8.76019,8.76128,1.00,1.00
2017.05.19 09:23:28.536,8.76019,8.76126,1.00,1.00
2017.05.19 09:23:28.587,8.76019,8.76133,1.00,1.00
2017.05.19 09:23:28.845,8.76025,8.76133,1.00,1.00
2017.05.19 09:23:28.897,8.76025,8.76143,1.00,1.50
2017.05.19 09:23:28.998,8.76016,8.76134,1.00,1.00
2017.05.19 09:23:29.537,8.76007,8.76126,1.00,1.00
2017.05.19 09:23:29.588,8.76015,8.76133,1.00,1.00
2017.05.19 09:23:29.903,8.76025,8.76143,1.00,1.00
2017.05.19 09:23:30.676,8.76027,8.76146,1.00,1.00
2017.05.19 09:23:31.692,8.7603,8.76148,1.00,1.00
2017.05.19 09:23:32.000,8.76025,8.76143,1.00,1.00
2017.05.19 09:23:32.051,8.76013,8.76132,1.00,1.00
2017.05.19 09:23:32.861,8.75999,8.76117,1.00,1.00
2017.05.19 09:23:33.165,8.76006,8.76122,1.00,1.00
2017.05.19 09:23:36.010,8.76005,8.76124,1.00,1.00
2017.05.19 09:23:36.213,8.76012,8.76128,1.00,1.00
2017.05.19 09:23:39.021,8.76012,8.76131,1.00,1.00
2017.05.19 09:23:39.749,8.76018,8.76136,1.00,1.00
2017.05.19 09:23:40.258,8.76009,8.76127,1.00,1.00
2017.05.19 09:23:41.546,8.76008,8.76126,1.00,1.00
2017.05.19 09:23:42.347,8.75995,8.76113,1.00,1.00
2017.05.19 09:23:42.669,8.75989,8.76107,1.00,1.00
2017.05.19 09:23:43.308,8.75993,8.76112,1.00,1.00
2017.05.19 09:23:43.987,8.75989,8.76107,1.00,1.00
2017.05.19 09:23:44.461,8.75973,8.76093,1.00,1.00
2017.05.19 09:23:44.512,8.7595,8.76068,1.00,1.00
2017.05.19 09:23:44.837,8.75938,8.76056,1.00,1.00
2017.05.19 09:23:45.041,8.75928,8.76047,1.00,1.00
2017.05.19 09:23:45.563,8.75933,8.7605,1.00,1.00
2017.05.19 09:23:45.614,8.75925,8.76043,1.00,1.00
2017.05.19 09:23:45.666,8.75899,8.76017,1.00,1.00
2017.05.19 09:23:45.971,8.75855,8.75973,1.00,1.00
2017.05.19 09:23:46.308,8.7587,8.75988,1.00,1.00
2017.05.19 09:23:46.565,8.75863,8.76011,1.60,1.00
2017.05.19 09:23:46.616,8.75932,8.76034,1.00,1.00
2017.05.19 09:23:46.719,8.75932,8.76061,1.00,1.00
2017.05.19 09:23:46.922,8.75929,8.76047,1.00,1.00
2017.05.19 09:23:47.126,8.75936,8.76075,1.00,1.00
2017.05.19 09:23:47.245,8.75936,8.76067,1.00,1.00
2017.05.19 09:23:47.476,8.75936,8.76076,1.00,1.00
2017.05.19 09:23:47.528,8.7595,8.76086,1.00,1.00
2017.05.19 09:23:47.917,8.7595,8.76081,1.00,1.00
2017.05.19 09:23:48.237,8.75948,8.76066,1.00,1.00
2017.05.19 09:23:48.576,8.75934,8.76051,1.00,1.00
2017.05.19 09:23:49.099,8.75934,8.76052,1.00,1.00
2017.05.19 09:23:50.459,8.75937,8.76056,1.00,1.00
2017.05.19 09:23:50.510,8.75953,8.76072,1.00,1.00
2017.05.19 09:23:51.119,8.75962,8.76079,1.00,1.00
2017.05.19 09:23:51.171,8.75986,8.76105,1.00,1.00
2017.05.19 09:23:51.425,8.75987,8.76117,1.00,1.00
2017.05.19 09:23:52.247,8.7598,8.7611,1.00,1.00
2017.05.19 09:23:52.828,8.76,8.7613,1.00,1.00
2017.05.19 09:23:53.132,8.76011,8.76139,1.00,1.00
2017.05.19 09:23:53.469,8.76031,8.76151,1.00,1.00
2017.05.19 09:23:53.520,8.76031,8.76162,1.00,1.00
2017.05.19 09:23:53.723,8.76046,8.76166,1.00,1.00
2017.05.19 09:23:53.877,8.76046,8.76175,1.00,1.00
2017.05.19 09:23:54.224,8.76042,8.76174,1.00,1.00
2017.05.19 09:23:54.846,8.76042,8.76173,1.00,1.00
2017.05.19 09:23:55.056,8.76042,8.76178,1.00,1.00
2017.05.19 09:23:56.550,8.76043,8.7618,1.00,1.00
2017.05.19 09:23:58.148,8.76043,8.76174,1.00,1.00
2017.05.19 09:23:58.478,8.76043,8.7618,1.00,1.50
2017.05.19 09:23:58.810,8.76043,8.76177,1.00,1.00
2017.05.19 09:23:59.345,8.76043,8.7618,1.00,1.50
2017.05.19 09:24:00.159,8.76034,8.76163,1.00,1.00
2017.05.19 09:24:00.464,8.76027,8.76156,1.00,1.00
2017.05.19 09:24:00.769,8.75996,8.76125,1.00,1.00
2017.05.19 09:24:00.820,8.75981,8.76111,1.00,1.00
2017.05.19 09:24:00.921,8.75981,8.76094,1.00,1.00
2017.05.19 09:24:01.137,8.75973,8.76094,1.00,1.00
2017.05.19 09:24:01.238,8.75973,8.7608,1.00,1.00
2017.05.19 09:24:01.556,8.75973,8.76074,1.00,1.00
2017.05.19 09:24:01.861,8.75959,8.76071,1.00,1.00
2017.05.19 09:24:01.964,8.75952,8.76071,1.00,1.00
2017.05.19 09:24:02.206,8.75952,8.76062,1.00,1.00
2017.05.19 09:24:02.546,8.75952,8.76057,1.00,1.00
2017.05.19 09:24:02.929,8.75949,8.76057,1.00,1.00
2017.05.19 09:24:03.949,8.75946,8.76057,1.00,1.00
2017.05.19 09:24:06.102,8.75947,8.76057,1.00,1.00
2017.05.19 09:24:06.732,8.75959,8.76057,1.00,1.00
2017.05.19 09:24:07.136,8.75963,8.76056,1.00,1.00
2017.05.19 09:24:07.510,8.75985,8.76056,1.00,1.00
2017.05.19 09:24:07.612,8.75985,8.76081,1.00,1.00
2017.05.19 09:24:07.938,8.75985,8.76089,1.00,1.00
2017.05.19 09:24:08.467,8.75991,8.76089,1.00,1.00
2017.05.19 09:24:09.097,8.75984,8.76089,1.00,1.00
2017.05.19 09:24:09.506,8.75984,8.76091,1.00,1.00
2017.05.19 09:24:10.034,8.75984,8.76092,1.00,1.00
2017.05.19 09:24:10.345,8.75984,8.76094,1.00,1.00
2017.05.19 09:24:11.005,8.75984,8.76095,1.00,1.00
2017.05.19 09:24:11.223,8.75978,8.76095,1.00,1.00
2017.05.19 09:24:11.765,8.75978,8.76096,1.00,1.00
2017.05.19 09:24:11.816,8.75978,8.76099,1.00,1.00
2017.05.19 09:24:11.994,8.75978,8.76096,1.00,1.00
2017.05.19 09:24:12.324,8.75985,8.76096,1.00,1.00
2017.05.19 09:24:12.874,8.75985,8.76097,1.00,1.00
2017.05.19 09:24:15.824,8.75985,8.761,1.00,1.00
2017.05.19 09:24:16.244,8.75992,8.761,1.00,1.00
2017.05.19 09:24:16.447,8.75986,8.76099,1.00,1.00
2017.05.19 09:24:16.990,8.75986,8.76098,1.00,1.00
2017.05.19 09:24:17.556,8.75973,8.76097,1.00,1.00
2017.05.19 09:24:17.607,8.75973,8.761,1.00,1.00
2017.05.19 09:24:17.875,8.75973,8.76082,1.00,1.00
2017.05.19 09:24:18.205,8.75973,8.76092,1.00,1.00
2017.05.19 09:24:18.974,8.75973,8.76093,1.00,1.00
2017.05.19 09:24:19.304,8.75973,8.76095,1.00,1.00
2017.05.19 09:24:19.854,8.75973,8.76096,1.00,1.00
2017.05.19 09:24:20.218,8.75973,8.76098,1.00,1.00
2017.05.19 09:24:20.515,8.75973,8.76094,1.00,1.00
2017.05.19 09:24:21.370,8.75973,8.7609,1.00,1.00
2017.05.19 09:24:21.421,8.75953,8.76076,1.00,1.00
2017.05.19 09:24:21.523,8.75953,8.76073,1.00,1.00
2017.05.19 09:24:21.878,8.75953,8.76075,1.00,1.00
2017.05.19 09:24:22.326,8.75953,8.76078,1.00,1.00
2017.05.19 09:24:22.837,8.75953,8.76077,1.00,1.00
2017.05.19 09:24:23.379,8.75953,8.76074,1.00,1.00
2017.05.19 09:24:23.764,8.75953,8.76072,1.00,1.00
2017.05.19 09:24:24.935,8.7596,8.76072,1.00,1.00
2017.05.19 09:24:25.037,8.7596,8.76075,1.00,1.00
2017.05.19 09:24:25.246,8.7596,8.76081,1.00,1.00
2017.05.19 09:24:25.602,8.75953,8.76078,1.50,1.00
2017.05.19 09:24:26.140,8.75953,8.76077,1.00,1.00
2017.05.19 09:24:26.191,8.75953,8.76066,1.00,1.00
2017.05.19 09:24:29.009,8.75953,8.76071,1.00,1.00
2017.05.19 09:24:29.553,8.75962,8.76078,1.00,1.00
2017.05.19 09:24:29.858,8.75969,8.76083,1.00,1.00
2017.05.19 09:24:30.086,8.75969,8.76085,1.00,1.00
2017.05.19 09:24:30.312,8.75969,8.76089,1.00,1.00
2017.05.19 09:24:30.692,8.75965,8.76085,1.00,1.00
2017.05.19 09:24:33.428,8.75971,8.76089,1.00,1.00
2017.05.19 09:24:34.568,8.75962,8.76082,1.00,1.00
2017.05.19 09:24:34.619,8.75958,8.76077,1.00,1.00
2017.05.19 09:24:34.923,8.75953,8.76067,1.00,1.00
2017.05.19 09:24:35.227,8.75953,8.76058,1.00,1.00
2017.05.19 09:24:36.195,8.75953,8.76062,1.00,1.00
2017.05.19 09:24:36.246,8.75942,8.76062,1.00,1.00
2017.05.19 09:24:37.192,8.75938,8.76058,1.00,1.00
2017.05.19 09:24:38.451,8.75944,8.76064,1.00,1.00
2017.05.19 09:24:38.796,8.75951,8.76071,1.00,1.00
2017.05.19 09:24:39.426,8.75956,8.76077,1.00,1.50
2017.05.19 09:24:40.255,8.75956,8.76076,1.00,1.00
2017.05.19 09:24:41.917,8.75951,8.76071,1.00,1.00
2017.05.19 09:24:42.227,8.75941,8.76061,1.00,1.00
2017.05.19 09:24:42.700,8.75933,8.7605,1.00,1.00
2017.05.19 09:24:43.003,8.75942,8.76056,1.00,1.00
2017.05.19 09:24:43.368,8.75942,8.76062,1.00,1.00
2017.05.19 09:24:46.091,8.75938,8.76058,1.00,1.00
2017.05.19 09:24:48.661,8.75939,8.76059,1.00,1.00
2017.05.19 09:24:51.163,8.75939,8.76058,1.00,1.00
2017.05.19 09:24:51.468,8.75934,8.76054,1.00,1.00
2017.05.19 09:24:56.937,8.75917,8.76037,1.00,1.00
2017.05.19 09:24:57.274,8.75928,8.76043,1.00,1.00
2017.05.19 09:24:57.603,8.75936,8.76047,1.00,1.00
2017.05.19 09:24:57.918,8.75936,8.7605,1.00,1.00
2017.05.19 09:24:58.256,8.75936,8.76053,1.00,1.00
2017.05.19 09:24:58.859,8.75936,8.76055,1.00,1.00
2017.05.19 09:24:58.911,8.75942,8.76059,1.00,1.00
2017.05.19 09:24:59.315,8.75981,8.7606,1.00,1.00
2017.05.19 09:24:59.366,8.75981,8.76085,1.00,1.00
2017.05.19 09:24:59.685,8.75992,8.76091,1.00,1.00
2017.05.19 09:25:00.026,8.75992,8.76094,1.00,1.00
2017.05.19 09:25:00.425,8.76002,8.76094,1.00,1.00
2017.05.19 09:25:00.476,8.76002,8.76119,1.00,1.00
2017.05.19 09:25:00.680,8.76012,8.76126,1.00,1.00
2017.05.19 09:25:00.984,8.76034,8.76126,1.00,1.00
2017.05.19 09:25:01.036,8.76034,8.76142,1.00,1.00
2017.05.19 09:25:01.553,8.76034,8.76144,1.00,1.00
2017.05.19 09:25:01.979,8.76043,8.76145,1.00,1.00
2017.05.19 09:25:02.206,8.76043,8.76153,1.00,1.00
2017.05.19 09:25:02.536,8.76043,8.76161,1.00,1.00
2017.05.19 09:25:02.759,8.76018,8.76147,1.00,1.00
2017.05.19 09:25:02.861,8.76029,8.76147,1.00,1.00
2017.05.19 09:25:03.107,8.76029,8.76149,1.00,1.00
2017.05.19 09:25:03.693,8.76036,8.76156,1.00,1.00
2017.05.19 09:25:04.018,8.7602,8.7614,1.00,1.00
2017.05.19 09:25:04.355,8.7603,8.76145,1.00,1.00
2017.05.19 09:25:04.879,8.7603,8.76149,1.00,1.00
2017.05.19 09:25:05.278,8.76023,8.76142,1.00,1.00
2017.05.19 09:25:06.230,8.76018,8.76138,1.00,1.00
2017.05.19 09:25:07.166,8.76018,8.76137,1.00,1.00
2017.05.19 09:25:07.832,8.76018,8.76136,1.00,1.00
2017.05.19 09:25:08.147,8.76018,8.76138,1.00,1.00
2017.05.19 09:25:08.807,8.76018,8.76137,1.00,1.00
2017.05.19 09:25:09.593,8.76021,8.76141,1.00,1.00
2017.05.19 09:25:10.617,8.76018,8.76137,1.00,1.00
2017.05.19 09:25:11.703,8.76022,8.76142,1.00,1.00
2017.05.19 09:25:11.979,8.76027,8.76147,1.00,1.00
2017.05.19 09:25:12.978,8.76025,8.76144,1.00,1.00
2017.05.19 09:25:13.377,8.7602,8.76139,1.00,1.00
2017.05.19 09:25:13.689,8.76037,8.76156,1.00,1.50
2017.05.19 09:25:14.232,8.76036,8.76155,1.00,1.00
2017.05.19 09:25:15.517,8.76047,8.76165,1.00,1.00
2017.05.19 09:25:16.115,8.76037,8.76156,1.00,1.00
2017.05.19 09:25:16.166,8.76017,8.76136,1.00,1.00
2017.05.19 09:25:16.471,8.76,8.76119,1.00,1.00
2017.05.19 09:25:17.332,8.76004,8.76124,1.00,1.00
2017.05.19 09:25:18.758,8.76003,8.76123,1.00,1.00
2017.05.19 09:25:19.019,8.7603,8.76149,1.00,1.00
2017.05.19 09:25:19.327,8.76021,8.7614,1.00,1.00
2017.05.19 09:25:19.378,8.7601,8.7613,1.00,1.00
2017.05.19 09:25:19.978,8.76018,8.76138,1.00,1.00
2017.05.19 09:25:21.080,8.76014,8.76133,1.00,1.00
2017.05.19 09:25:21.133,8.76008,8.76128,1.00,1.00
2017.05.19 09:25:21.791,8.76028,8.76147,1.00,1.00
2017.05.19 09:25:22.811,8.76023,8.76142,1.00,1.00
2017.05.19 09:25:24.236,8.7602,8.76139,1.00,1.00
2017.05.19 09:25:24.586,8.76033,8.7615,1.00,1.00
2017.05.19 09:25:25.235,8.76027,8.76147,1.00,1.00
2017.05.19 09:25:26.290,8.7602,8.76138,1.00,1.00
2017.05.19 09:25:26.455,8.75995,8.76114,1.00,1.00
2017.05.19 09:25:27.378,8.75996,8.76115,1.00,1.00
2017.05.19 09:25:28.230,8.76001,8.7612,1.00,1.00
2017.05.19 09:25:32.250,8.75996,8.76116,1.00,1.00
2017.05.19 09:25:33.753,8.75995,8.76114,1.00,1.00
2017.05.19 09:25:36.283,8.75993,8.76113,1.00,1.00
2017.05.19 09:25:39.307,8.75992,8.76111,1.00,1.00
2017.05.19 09:25:48.835,8.75995,8.76115,1.00,1.00
2017.05.19 09:25:51.281,8.75993,8.76112,1.00,1.00
2017.05.19 09:25:51.677,8.76003,8.76122,1.00,1.00
2017.05.19 09:25:53.891,8.76012,8.76131,1.00,1.00
2017.05.19 09:25:54.147,8.75995,8.76115,1.00,1.00
2017.05.19 09:25:54.198,8.75988,8.76108,1.00,1.00
2017.05.19 09:25:54.504,8.7595,8.76069,1.30,1.00
2017.05.19 09:25:54.934,8.75979,8.76099,1.00,1.00
2017.05.19 09:25:55.195,8.75989,8.76108,1.00,1.00
2017.05.19 09:25:55.520,8.75999,8.76117,1.00,1.00
2017.05.19 09:25:56.716,8.76004,8.76123,1.00,1.00
2017.05.19 09:25:57.040,8.75997,8.76114,1.00,1.00
2017.05.19 09:25:59.389,8.76,8.76119,1.00,1.00
2017.05.19 09:25:59.926,8.76007,8.76126,1.00,1.00
2017.05.19 09:26:00.210,8.76024,8.76146,1.00,1.00
2017.05.19 09:26:00.545,8.76005,8.76124,1.00,1.00
2017.05.19 09:26:01.148,8.75995,8.76115,1.00,1.00
2017.05.19 09:26:01.415,8.75991,8.76109,1.00,1.00
2017.05.19 09:26:01.655,8.75997,8.76117,1.00,1.00
2017.05.19 09:26:01.908,8.75991,8.76108,1.00,1.00
2017.05.19 09:26:02.636,8.75994,8.76113,1.00,1.00
2017.05.19 09:26:06.311,8.75995,8.76114,1.00,1.00
2017.05.19 09:26:07.808,8.75989,8.76108,1.00,1.00
2017.05.19 09:26:09.267,8.75974,8.76093,1.00,1.00
2017.05.19 09:26:10.239,8.75971,8.76088,1.00,1.00
2017.05.19 09:26:10.438,8.75976,8.76095,1.00,1.00
2017.05.19 09:26:10.979,8.75982,8.76101,1.00,1.00
2017.05.19 09:26:11.937,8.75981,8.761,1.00,1.00
2017.05.19 09:26:12.338,8.75975,8.76094,1.00,1.00
2017.05.19 09:26:12.939,8.75969,8.76088,1.00,1.00
2017.05.19 09:26:13.966,8.75965,8.76084,1.00,1.00
2017.05.19 09:26:14.942,8.7596,8.76079,1.00,1.00
2017.05.19 09:26:15.481,8.75965,8.76084,1.00,1.00
2017.05.19 09:26:18.844,8.75964,8.76083,1.00,1.00
2017.05.19 09:26:19.846,8.75961,8.7608,1.00,1.00
2017.05.19 09:26:20.237,8.75965,8.76084,1.00,1.00
2017.05.19 09:26:20.846,8.75959,8.76078,1.00,1.00
2017.05.19 09:26:21.218,8.75966,8.76085,1.00,1.00
2017.05.19 09:26:21.888,8.75972,8.76092,1.00,1.00
2017.05.19 09:26:22.485,8.7599,8.76109,1.00,1.00
2017.05.19 09:26:22.790,8.76,8.76119,1.00,1.00
2017.05.19 09:26:22.892,8.75987,8.76123,1.00,1.00
2017.05.19 09:26:23.047,8.75973,8.76123,1.00,1.00
2017.05.19 09:26:23.376,8.75979,8.76123,1.00,1.00
2017.05.19 09:26:23.832,8.75975,8.76123,1.00,1.00
2017.05.19 09:26:23.883,8.75975,8.76125,1.00,1.00
2017.05.19 09:26:24.851,8.75975,8.76126,1.50,1.00
2017.05.19 09:26:25.897,8.75978,8.76129,1.00,1.00
2017.05.19 09:26:26.319,8.75982,8.76133,1.00,1.00
2017.05.19 09:26:26.852,8.75984,8.76123,1.00,1.00
2017.05.19 09:26:27.544,8.75978,8.76115,1.00,1.00
2017.05.19 09:26:27.596,8.75983,8.76123,1.00,1.00
2017.05.19 09:26:27.834,8.75994,8.76134,1.00,1.00
2017.05.19 09:26:28.139,8.7602,8.76137,1.00,1.00
2017.05.19 09:26:29.122,8.76021,8.76142,1.00,1.00
2017.05.19 09:26:29.689,8.76021,8.76141,1.00,1.00
2017.05.19 09:26:33.714,8.76025,8.76141,1.00,1.00
2017.05.19 09:26:35.189,8.7602,8.76138,1.00,1.00
2017.05.19 09:26:39.385,8.76025,8.76144,1.00,1.00
2017.05.19 09:26:40.684,8.75987,8.7613,1.00,1.00
2017.05.19 09:26:40.735,8.76,8.76099,1.00,1.00
2017.05.19 09:26:40.786,8.75978,8.76078,1.00,1.00
2017.05.19 09:26:40.939,8.75959,8.76078,1.00,1.00
2017.05.19 09:26:41.691,8.75939,8.76058,1.00,1.00
2017.05.19 09:26:42.031,8.75934,8.76053,1.00,1.00
2017.05.19 09:26:42.570,8.75935,8.76054,1.00,1.00
2017.05.19 09:26:42.881,8.75923,8.76041,1.00,1.00
2017.05.19 09:26:43.512,8.75927,8.76045,1.00,1.00
2017.05.19 09:26:44.487,8.75925,8.76043,1.00,1.00
2017.05.19 09:26:45.042,8.75931,8.76049,1.00,1.00
2017.05.19 09:26:46.001,8.75933,8.76051,1.00,1.00
2017.05.19 09:26:46.052,8.75927,8.76046,1.00,1.00
2017.05.19 09:26:47.038,8.75927,8.76045,1.00,1.00
2017.05.19 09:26:48.946,8.75927,8.76046,1.00,1.00
2017.05.19 09:26:51.317,8.75931,8.76049,1.00,1.00
2017.05.19 09:26:51.838,8.75935,8.76053,1.00,1.00
2017.05.19 09:26:52.818,8.75939,8.76057,1.00,1.00
2017.05.19 09:26:53.138,8.7593,8.76048,1.00,1.00
2017.05.19 09:26:53.273,8.75936,8.76057,1.00,1.00
2017.05.19 09:26:53.824,8.75932,8.7605,1.00,1.00
2017.05.19 09:26:54.415,8.75926,8.76042,1.00,1.00
2017.05.19 09:26:55.417,8.75923,8.76041,1.00,1.00
2017.05.19 09:26:56.759,8.75919,8.76037,1.00,1.00
2017.05.19 09:26:57.207,8.75923,8.76041,1.00,1.00
2017.05.19 09:26:57.669,8.75919,8.76037,1.00,1.00
2017.05.19 09:26:59.760,8.75927,8.76045,1.00,1.00
2017.05.19 09:27:00.137,8.75902,8.76019,1.00,1.00
2017.05.19 09:27:00.188,8.75911,8.76029,1.00,1.00
2017.05.19 09:27:01.143,8.75917,8.76035,1.00,1.00
2017.05.19 09:27:01.900,8.75917,8.7603,1.00,1.00
2017.05.19 09:27:02.096,8.75917,8.76035,1.00,1.50
2017.05.19 09:27:02.755,8.75917,8.76034,1.00,1.00
2017.05.19 09:27:03.111,8.75917,8.76036,1.00,1.00
2017.05.19 09:27:03.225,8.75913,8.76031,1.00,1.00
2017.05.19 09:27:03.544,8.75913,8.76024,1.00,1.00
2017.05.19 09:27:03.883,8.75913,8.76031,1.00,1.50
2017.05.19 09:27:04.324,8.75898,8.76017,1.00,1.00
2017.05.19 09:27:04.873,8.75898,8.76003,1.00,1.00
2017.05.19 09:27:05.032,8.75888,8.76003,1.00,1.00
2017.05.19 09:27:05.083,8.75888,8.76,1.00,1.00
2017.05.19 09:27:05.400,8.75895,8.75993,1.00,1.00
2017.05.19 09:27:05.741,8.75895,8.75996,1.00,1.00
2017.05.19 09:27:06.058,8.75895,8.75992,1.00,1.00
2017.05.19 09:27:06.377,8.75889,8.7599,1.00,1.00
2017.05.19 09:27:06.606,8.75889,8.75988,1.00,1.00
2017.05.19 09:27:06.975,8.75889,8.75985,1.00,1.00
2017.05.19 09:27:07.143,8.75881,8.75985,1.00,1.00
2017.05.19 09:27:07.297,8.75881,8.75992,1.00,1.00
2017.05.19 09:27:07.518,8.75881,8.75988,1.00,1.00
2017.05.19 09:27:07.833,8.75891,8.7599,1.00,1.00
2017.05.19 09:27:08.170,8.75895,8.75992,1.00,1.00
2017.05.19 09:27:08.367,8.75895,8.75998,1.00,1.00
2017.05.19 09:27:08.421,8.75888,8.75998,1.00,1.00
2017.05.19 09:27:08.943,8.75888,8.75999,1.00,1.00
2017.05.19 09:27:09.385,8.75892,8.76,1.00,1.00
2017.05.19 09:27:10.126,8.75892,8.75999,1.00,1.00
2017.05.19 09:27:10.408,8.75889,8.75999,1.00,1.00
2017.05.19 09:27:10.459,8.75889,8.76008,1.00,1.50
2017.05.19 09:27:10.752,8.75895,8.76008,1.00,1.00
2017.05.19 09:27:10.803,8.75895,8.76013,1.00,1.50
2017.05.19 09:27:11.943,8.75894,8.76012,1.00,1.00
2017.05.19 09:27:12.258,8.75882,8.75966,1.00,1.00
2017.05.19 09:27:12.310,8.75874,8.75991,1.00,1.00
2017.05.19 09:27:12.463,8.7585,8.75968,1.00,1.00
2017.05.19 09:27:12.515,8.75852,8.75969,1.00,1.00
2017.05.19 09:27:12.823,8.75847,8.75977,1.00,1.00
2017.05.19 09:27:13.007,8.75847,8.75986,1.00,1.00
2017.05.19 09:27:13.312,8.75837,8.75976,1.60,1.00
2017.05.19 09:27:13.413,8.75837,8.75976,1.00,1.00
2017.05.19 09:27:13.464,8.75827,8.75965,1.00,1.00
2017.05.19 09:27:14.816,8.75865,8.75982,1.00,1.00
2017.05.19 09:27:15.210,8.7587,8.75988,1.00,1.00
2017.05.19 09:27:15.426,8.7588,8.75998,1.00,1.00
2017.05.19 09:27:15.730,8.75892,8.76006,1.00,1.00
2017.05.19 09:27:15.883,8.759,8.76019,1.00,1.00
2017.05.19 09:27:16.084,8.75885,8.76004,1.00,1.00
2017.05.19 09:27:16.506,8.75877,8.75995,1.00,1.00
2017.05.19 09:27:16.832,8.75885,8.76003,1.00,1.00
2017.05.19 09:27:17.169,8.75874,8.75992,1.00,1.00
2017.05.19 09:27:17.474,8.75861,8.75979,1.00,1.00
2017.05.19 09:27:17.821,8.75827,8.75978,1.00,1.00
2017.05.19 09:27:18.986,8.75826,8.75977,1.00,1.00
2017.05.19 09:27:21.480,8.75829,8.75977,1.00,1.00
2017.05.19 09:27:22.739,8.75831,8.75981,1.00,1.00
2017.05.19 09:27:23.754,8.75833,8.75983,1.00,1.00
2017.05.19 09:27:24.509,8.75839,8.75981,1.00,1.00
2017.05.19 09:27:25.268,8.75844,8.7596,1.00,1.00
2017.05.19 09:27:25.550,8.75761,8.75879,1.00,1.00
2017.05.19 09:27:25.601,8.75735,8.75848,1.00,1.00
2017.05.19 09:27:25.652,8.7573,8.75848,1.00,1.00
2017.05.19 09:27:26.625,8.75729,8.75847,1.00,1.00
2017.05.19 09:27:28.919,8.75739,8.75857,1.00,1.00
2017.05.19 09:27:31.952,8.75746,8.75861,1.00,1.00
2017.05.19 09:27:32.530,8.7574,8.75858,1.00,1.00
2017.05.19 09:27:32.785,8.75747,8.75865,1.00,1.00
2017.05.19 09:27:33.994,8.75748,8.75865,1.00,1.00
2017.05.19 09:27:35.130,8.75745,8.75861,1.00,1.00
2017.05.19 09:27:36.107,8.75729,8.75847,1.00,1.00
2017.05.19 09:27:37.127,8.75711,8.75814,1.00,1.00
2017.05.19 09:27:37.330,8.75742,8.75856,1.00,1.00
2017.05.19 09:27:37.757,8.75732,8.75849,1.00,1.00
2017.05.19 09:27:39.439,8.75741,8.75859,1.00,1.00
2017.05.19 09:27:42.013,8.75742,8.7586,1.00,1.00
2017.05.19 09:27:46.106,8.75728,8.75844,1.00,1.00
2017.05.19 09:27:46.259,8.75749,8.75867,1.00,1.00
2017.05.19 09:27:48.297,8.7576,8.75878,1.00,1.00
2017.05.19 09:27:48.679,8.75771,8.75887,1.00,1.00
2017.05.19 09:27:49.491,8.75776,8.75894,1.00,1.00
2017.05.19 09:27:50.270,8.75797,8.75909,1.00,1.00
2017.05.19 09:27:50.422,8.75803,8.75921,1.00,1.00
2017.05.19 09:27:50.933,8.75811,8.75929,1.00,1.00
2017.05.19 09:27:51.238,8.7585,8.75968,1.00,1.50
2017.05.19 09:27:51.740,8.75862,8.7598,1.00,1.00
2017.05.19 09:27:52.046,8.75887,8.76003,1.00,1.00
2017.05.19 09:27:52.266,8.75887,8.76005,1.00,1.00
2017.05.19 09:27:53.028,8.75893,8.7601,1.00,1.00
2017.05.19 09:27:53.770,8.75901,8.76019,1.00,1.00
2017.05.19 09:27:54.179,8.75841,8.75959,1.00,1.00
2017.05.19 09:27:54.485,8.75828,8.75946,1.00,1.37
2017.05.19 09:27:54.536,8.75806,8.75924,1.00,1.00
2017.05.19 09:27:54.588,8.75825,8.75941,1.00,1.00
2017.05.19 09:27:54.791,8.7581,8.75928,1.00,1.00
2017.05.19 09:27:55.299,8.75808,8.75926,1.00,1.00
2017.05.19 09:27:55.616,8.75795,8.75913,1.00,1.00
2017.05.19 09:27:55.947,8.7581,8.75928,1.00,1.00
2017.05.19 09:27:56.454,8.75796,8.75914,1.00,1.00
2017.05.19 09:27:57.446,8.75798,8.75916,1.00,1.00
2017.05.19 09:27:57.987,8.7583,8.75927,1.00,1.00
2017.05.19 09:27:58.039,8.75808,8.75925,1.00,1.00
2017.05.19 09:27:58.091,8.75792,8.7591,1.00,1.00
2017.05.19 09:27:58.297,8.75819,8.75935,1.00,1.00
2017.05.19 09:27:58.348,8.75791,8.75909,1.00,1.00
2017.05.19 09:27:58.654,8.75791,8.75893,1.00,1.00
2017.05.19 09:27:58.948,8.75754,8.75872,1.00,1.00
2017.05.19 09:27:59.100,8.75767,8.75884,1.00,1.00
2017.05.19 09:28:00.116,8.75768,8.75886,1.00,1.00
2017.05.19 09:28:00.420,8.75774,8.75889,1.00,1.00
2017.05.19 09:28:00.471,8.75767,8.75885,1.00,1.00
2017.05.19 09:28:01.228,8.75794,8.75912,1.00,1.00
2017.05.19 09:28:01.534,8.75784,8.75901,1.00,1.00
2017.05.19 09:28:01.585,8.75793,8.75911,1.00,1.00
2017.05.19 09:28:01.739,8.75774,8.75892,1.00,1.00
2017.05.19 09:28:02.144,8.75783,8.75901,1.00,1.00
2017.05.19 09:28:03.256,8.75777,8.75895,1.00,1.00
2017.05.19 09:28:03.595,8.75786,8.75904,1.00,1.00
2017.05.19 09:28:04.526,8.75781,8.75899,1.00,1.00
2017.05.19 09:28:05.453,8.75786,8.75904,1.00,1.00
2017.05.19 09:28:07.869,8.75775,8.75893,1.00,1.00
2017.05.19 09:28:09.076,8.75779,8.75897,1.00,1.00
2017.05.19 09:28:09.390,8.75789,8.75907,1.00,1.00
2017.05.19 09:28:12.063,8.7579,8.75908,1.00,1.00
2017.05.19 09:28:12.936,8.75785,8.75903,1.00,1.00
2017.05.19 09:28:13.248,8.7573,8.75848,1.00,1.00
2017.05.19 09:28:13.689,8.75715,8.75833,1.00,1.00
2017.05.19 09:28:14.104,8.75708,8.75826,1.00,1.00
2017.05.19 09:28:14.257,8.75704,8.75823,1.00,1.00
2017.05.19 09:28:15.009,8.75696,8.75815,1.00,1.00
2017.05.19 09:28:15.314,8.75687,8.75805,1.00,1.00
2017.05.19 09:28:16.102,8.75691,8.75809,1.00,1.00
2017.05.19 09:28:17.168,8.75686,8.75805,1.00,1.00
2017.05.19 09:28:18.147,8.75682,8.75801,1.00,1.00
2017.05.19 09:28:19.129,8.75686,8.75804,1.00,1.00
2017.05.19 09:28:20.143,8.75687,8.75805,1.00,1.00
2017.05.19 09:28:21.582,8.75688,8.75806,1.00,1.00
2017.05.19 09:28:24.232,8.75677,8.75795,1.00,1.00
2017.05.19 09:28:25.239,8.7568,8.75798,1.00,1.00
2017.05.19 09:28:25.545,8.75689,8.75807,1.00,1.00
2017.05.19 09:28:26.545,8.75687,8.75805,1.00,1.00
2017.05.19 09:28:27.521,8.75685,8.75803,1.00,1.00
2017.05.19 09:28:28.454,8.75686,8.75804,1.00,1.00
2017.05.19 09:28:29.781,8.75683,8.75803,1.00,1.00
2017.05.19 09:28:29.883,8.75679,8.75797,1.00,1.00
2017.05.19 09:28:30.862,8.75684,8.75801,1.00,1.00
2017.05.19 09:28:32.629,8.7567,8.75788,1.00,1.00
2017.05.19 09:28:32.680,8.75681,8.75799,1.00,1.00
2017.05.19 09:28:33.649,8.75681,8.75796,1.00,1.00
2017.05.19 09:28:33.902,8.75687,8.75805,1.00,1.00
2017.05.19 09:28:34.903,8.7569,8.75808,1.00,1.00
2017.05.19 09:28:37.172,8.75684,8.75802,1.00,1.00
2017.05.19 09:28:38.070,8.75689,8.75807,1.00,1.00
2017.05.19 09:28:39.061,8.75691,8.75807,1.00,1.00
2017.05.19 09:28:39.447,8.75697,8.75815,1.00,1.00
2017.05.19 09:28:40.491,8.75692,8.7581,1.00,1.00
2017.05.19 09:28:41.270,8.75702,8.7582,1.00,1.00
2017.05.19 09:28:42.243,8.75704,8.75821,1.00,1.00
2017.05.19 09:28:43.917,8.75691,8.75808,1.00,1.00
2017.05.19 09:28:43.968,8.75679,8.75797,1.00,1.00
2017.05.19 09:28:44.070,8.75672,8.7579,1.00,1.00
2017.05.19 09:28:46.577,8.7567,8.75788,1.00,1.00
2017.05.19 09:28:46.906,8.75696,8.75814,1.00,1.00
2017.05.19 09:28:47.329,8.75706,8.75824,1.00,1.00
2017.05.19 09:28:47.633,8.75715,8.75833,1.00,1.00
2017.05.19 09:28:47.887,8.75727,8.75848,1.00,1.00
2017.05.19 09:28:48.032,8.75751,8.75867,1.00,1.00
2017.05.19 09:28:48.134,8.7576,8.75878,1.00,1.00
2017.05.19 09:28:48.337,8.7577,8.75888,1.00,1.00
2017.05.19 09:28:48.642,8.75785,8.759,1.00,1.00
2017.05.19 09:28:49.047,8.75785,8.75902,1.00,1.00
2017.05.19 09:28:51.493,8.75763,8.75903,1.00,1.00
2017.05.19 09:28:51.595,8.75765,8.75882,1.00,1.00
2017.05.19 09:28:51.797,8.75777,8.75895,1.00,1.00
2017.05.19 09:28:52.222,8.75767,8.75885,1.00,1.00
2017.05.19 09:28:52.570,8.75759,8.75875,1.00,1.00
2017.05.19 09:28:53.484,8.75764,8.75882,1.00,1.00
2017.05.19 09:28:53.838,8.75773,8.75891,1.00,1.00
2017.05.19 09:28:54.243,8.75762,8.7588,1.00,1.00
2017.05.19 09:28:54.547,8.75772,8.7589,1.00,1.00
2017.05.19 09:28:55.459,8.75755,8.75872,1.00,1.00
2017.05.19 09:28:55.510,8.75765,8.75883,1.00,1.00
2017.05.19 09:28:56.286,8.75774,8.75892,1.00,1.00
2017.05.19 09:28:56.593,8.75769,8.75886,1.00,1.00
2017.05.19 09:28:56.899,8.75757,8.75875,1.00,1.00
2017.05.19 09:28:57.153,8.75767,8.75885,1.00,1.00
2017.05.19 09:28:57.553,8.75757,8.75875,1.00,1.00
2017.05.19 09:28:57.858,8.75748,8.75866,1.00,1.00
2017.05.19 09:28:58.651,8.75752,8.7587,1.00,1.00
2017.05.19 09:29:00.267,8.75762,8.7588,1.00,1.00
2017.05.19 09:29:01.757,8.75759,8.75877,1.00,1.00
2017.05.19 09:29:03.119,8.75754,8.75873,1.00,1.00
2017.05.19 09:29:03.221,8.75747,8.75865,1.00,1.00
2017.05.19 09:29:03.779,8.75754,8.7587,1.00,1.00
2017.05.19 09:29:04.138,8.75747,8.75865,1.00,1.00
2017.05.19 09:29:04.364,8.75732,8.7585,1.00,1.00
2017.05.19 09:29:05.211,8.75728,8.75846,1.00,1.00
2017.05.19 09:29:06.672,8.75731,8.75849,1.00,1.00
2017.05.19 09:29:06.999,8.75712,8.7583,1.00,1.00
2017.05.19 09:29:07.304,8.757,8.75818,1.00,1.00
2017.05.19 09:29:07.904,8.75705,8.75823,1.00,1.00
2017.05.19 09:29:08.260,8.75711,8.7583,1.00,1.00
2017.05.19 09:29:08.311,8.75718,8.75836,1.00,1.00
2017.05.19 09:29:08.616,8.75708,8.75824,1.00,1.00
2017.05.19 09:29:08.668,8.75692,8.7581,1.00,1.00
2017.05.19 09:29:09.706,8.75695,8.75813,1.00,1.00
2017.05.19 09:29:10.937,8.7569,8.75806,1.00,1.00
2017.05.19 09:29:11.446,8.75694,8.75812,1.00,1.00
2017.05.19 09:29:12.461,8.75697,8.75815,1.00,1.00
2017.05.19 09:29:13.421,8.75701,8.75819,1.00,1.00
2017.05.19 09:29:13.825,8.75719,8.75837,1.00,1.00
2017.05.19 09:29:14.130,8.75728,8.75845,1.00,1.00
2017.05.19 09:29:14.437,8.7572,8.75838,1.00,1.00
2017.05.19 09:29:14.778,8.75712,8.7583,1.00,1.00
2017.05.19 09:29:15.103,8.75702,8.7582,1.00,1.00
2017.05.19 09:29:15.409,8.75712,8.7583,1.00,1.00
2017.05.19 09:29:15.732,8.7573,8.75848,1.00,1.00
2017.05.19 09:29:15.940,8.7572,8.75848,1.00,1.00
2017.05.19 09:29:16.096,8.75714,8.75832,1.00,1.00
2017.05.19 09:29:16.408,8.75726,8.75844,1.00,1.00
2017.05.19 09:29:16.789,8.75737,8.75855,1.00,1.00
2017.05.19 09:29:19.313,8.75741,8.75859,1.00,1.00
2017.05.19 09:29:19.623,8.75758,8.75874,1.00,1.00
2017.05.19 09:29:20.492,8.75763,8.75881,1.00,1.00
2017.05.19 09:29:20.594,8.75758,8.75876,1.00,1.00
2017.05.19 09:29:20.911,8.75749,8.75867,1.00,1.00
2017.05.19 09:29:21.215,8.75758,8.75876,1.00,1.00
2017.05.19 09:29:21.936,8.7576,8.75878,1.00,1.00
2017.05.19 09:29:22.240,8.75742,8.7586,1.00,1.00
2017.05.19 09:29:23.641,8.75748,8.75866,1.00,1.00
2017.05.19 09:29:23.945,8.75765,8.75883,1.00,1.00
2017.05.19 09:29:24.274,8.75775,8.75893,1.00,1.00
2017.05.19 09:29:25.187,8.75775,8.75892,1.00,1.00
2017.05.19 09:29:27.213,8.7577,8.75887,1.00,1.00
2017.05.19 09:29:28.097,8.75737,8.75887,1.00,1.00
2017.05.19 09:29:28.214,8.75743,8.75893,1.00,1.00
2017.05.19 09:29:29.083,8.75748,8.75898,1.00,1.00
2017.05.19 09:29:29.392,8.75743,8.75891,1.00,1.00
2017.05.19 09:29:29.443,8.75741,8.75891,1.00,1.00
2017.05.19 09:29:30.305,8.75742,8.75891,1.00,1.00
2017.05.19 09:29:30.384,8.75742,8.75887,1.00,1.00
2017.05.19 09:29:30.912,8.75741,8.75887,1.00,1.00
2017.05.19 09:29:31.735,8.75742,8.75887,1.00,1.00
2017.05.19 09:29:32.395,8.75744,8.75887,1.00,1.00
2017.05.19 09:29:33.198,8.75745,8.75887,1.00,1.00
2017.05.19 09:29:33.536,8.75737,8.75887,1.00,1.00
2017.05.19 09:29:34.079,8.75744,8.75875,1.00,1.00
2017.05.19 09:29:34.636,8.75744,8.75875,1.60,1.00
2017.05.19 09:29:35.133,8.75744,8.75875,1.60,1.00
2017.05.19 09:29:35.235,8.75728,8.75857,1.50,1.00
2017.05.19 09:29:35.286,8.7573,8.75846,1.00,1.00
2017.05.19 09:29:35.388,8.75713,8.75836,1.00,1.00
2017.05.19 09:29:36.362,8.75713,8.75833,1.00,1.00
2017.05.19 09:29:36.902,8.75713,8.75812,1.00,1.00
2017.05.19 09:29:37.056,8.75688,8.75803,1.00,1.00
2017.05.19 09:29:37.360,8.75684,8.75803,1.00,1.00
2017.05.19 09:29:37.780,8.75681,8.75803,1.00,1.00
2017.05.19 09:29:37.996,8.7568,8.75805,1.60,1.00
2017.05.19 09:29:38.279,8.75679,8.75805,1.60,1.00
2017.05.19 09:29:38.431,8.75679,8.75819,1.60,1.00
2017.05.19 09:29:38.482,8.75679,8.75812,1.00,1.00
2017.05.19 09:29:38.937,8.75686,8.75812,1.00,1.00
2017.05.19 09:29:39.098,8.75673,8.75812,1.60,1.00
2017.05.19 09:29:39.149,8.75663,8.75803,1.50,1.00
2017.05.19 09:29:39.252,8.75665,8.75806,2.10,1.00
2017.05.19 09:29:39.558,8.75719,8.75837,1.60,1.00
2017.05.19 09:29:39.704,8.75719,8.75837,1.00,1.00
2017.05.19 09:29:39.915,8.75719,8.75837,1.60,1.00
2017.05.19 09:29:40.118,8.75719,8.75837,1.00,1.00
2017.05.19 09:29:40.641,8.7571,8.75827,1.00,1.00
2017.05.19 09:29:40.743,8.75716,8.75834,1.00,1.00
2017.05.19 09:29:41.457,8.75702,8.75816,1.00,1.00
2017.05.19 09:29:41.558,8.757,8.75816,1.00,1.00
2017.05.19 09:29:41.618,8.75692,8.7581,1.60,1.00
2017.05.19 09:29:41.720,8.75702,8.7582,1.00,1.00
2017.05.19 09:29:41.771,8.75711,8.75829,1.00,1.00
2017.05.19 09:29:42.167,8.757,8.75818,1.00,1.00
2017.05.19 09:29:42.472,8.7569,8.75808,1.00,1.00
2017.05.19 09:29:43.032,8.75679,8.75796,1.50,1.00
2017.05.19 09:29:43.236,8.75688,8.75806,1.00,1.00
2017.05.19 09:29:43.950,8.75678,8.75796,1.00,1.00
2017.05.19 09:29:44.431,8.75666,8.75784,1.00,1.00
2017.05.19 09:29:44.739,8.75668,8.75785,1.00,1.00
2017.05.19 09:29:46.098,8.75658,8.75773,1.00,1.00
2017.05.19 09:29:46.149,8.75655,8.75773,1.50,1.00
2017.05.19 09:29:46.496,8.7565,8.75768,1.00,1.00
2017.05.19 09:29:47.280,8.75645,8.75749,1.00,1.00
2017.05.19 09:29:47.382,8.75642,8.75759,1.00,1.00
2017.05.19 09:29:47.960,8.75642,8.7576,1.00,1.00
2017.05.19 09:29:48.063,8.75649,8.7576,1.00,1.00
2017.05.19 09:29:48.253,8.75649,8.75767,1.00,1.00
2017.05.19 09:29:48.895,8.75648,8.75766,1.00,1.00
2017.05.19 09:29:49.452,8.75641,8.75759,1.00,1.00
2017.05.19 09:29:49.757,8.75643,8.75761,1.00,1.00
2017.05.19 09:29:50.415,8.7565,8.75767,1.00,1.00
2017.05.19 09:29:51.151,8.75645,8.75763,1.00,1.00
2017.05.19 09:29:51.254,8.75641,8.75755,1.00,1.00
2017.05.19 09:29:51.453,8.7563,8.75748,1.00,1.00
2017.05.19 09:29:51.765,8.75632,8.75748,1.00,1.00
2017.05.19 09:29:52.147,8.75642,8.75759,1.00,1.00
2017.05.19 09:29:52.351,8.75646,8.75764,1.00,1.00
2017.05.19 09:29:53.224,8.75646,8.75764,1.60,1.00
2017.05.19 09:29:53.275,8.75653,8.75771,1.00,1.00
2017.05.19 09:29:53.326,8.75681,8.75799,1.00,1.00
2017.05.19 09:29:54.347,8.75682,8.75799,1.00,1.00
2017.05.19 09:29:54.880,8.75674,8.75792,1.00,1.00
2017.05.19 09:29:54.931,8.75684,8.75802,1.00,1.00
2017.05.19 09:29:55.244,8.75676,8.75794,1.00,1.00
2017.05.19 09:29:55.793,8.75664,8.75782,1.00,1.00
2017.05.19 09:29:56.210,8.75657,8.75775,1.00,1.00
2017.05.19 09:29:56.630,8.75664,8.75781,1.00,1.00
2017.05.19 09:29:56.973,8.75646,8.75796,1.60,1.00
2017.05.19 09:29:57.025,8.75646,8.75796,1.60,1.00
2017.05.19 09:29:57.375,8.75663,8.75796,1.00,1.00
2017.05.19 09:29:57.695,8.75643,8.75756,1.00,1.00
2017.05.19 09:29:57.747,8.7562,8.75756,1.00,1.00
2017.05.19 09:29:57.999,8.7562,8.75747,1.00,1.00
2017.05.19 09:29:58.050,8.75617,8.75747,1.35,1.00
2017.05.19 09:29:58.683,8.75617,8.75741,1.00,1.00
2017.05.19 09:29:59.026,8.75614,8.75742,1.00,1.00
2017.05.19 09:29:59.268,8.75614,8.75755,1.00,1.00
2017.05.19 09:29:59.437,8.75614,8.7576,1.00,1.00
2017.05.19 09:29:59.575,8.75617,8.7576,1.00,1.00
2017.05.19 09:29:59.905,8.75616,8.75749,1.00,1.00
2017.05.19 09:30:00.409,8.75616,8.75761,1.00,1.00
2017.05.19 09:30:00.712,8.75623,8.75761,1.00,1.00
2017.05.19 09:30:00.813,8.75613,8.75761,1.00,1.00
2017.05.19 09:30:00.864,8.75613,8.75756,1.00,1.00
2017.05.19 09:30:00.915,8.75613,8.75758,1.00,1.00
2017.05.19 09:30:00.967,8.75613,8.75758,1.60,1.00
2017.05.19 09:30:01.120,8.75613,8.75763,2.10,1.00
2017.05.19 09:30:01.171,8.75613,8.75763,1.50,1.00
2017.05.19 09:30:01.222,8.75613,8.75763,2.10,1.00
2017.05.19 09:30:01.380,8.75613,8.75763,1.50,1.00
2017.05.19 09:30:01.432,8.75623,8.75763,1.35,1.00
2017.05.19 09:30:01.796,8.75623,8.75763,1.60,1.00
2017.05.19 09:30:01.948,8.75623,8.75768,1.60,1.00
2017.05.19 09:30:02.108,8.75623,8.75768,1.60,1.00
2017.05.19 09:30:02.159,8.75624,8.75774,1.60,1.00
2017.05.19 09:30:02.261,8.75632,8.75782,1.60,1.00
2017.05.19 09:30:03.712,8.75632,8.75782,1.60,1.00
2017.05.19 09:30:03.977,8.75657,8.75805,1.60,1.00
2017.05.19 09:30:05.013,8.75661,8.75811,2.10,1.00
2017.05.19 09:30:05.741,8.75663,8.75811,1.00,1.00
2017.05.19 09:30:06.057,8.75666,8.75811,1.00,1.00
2017.05.19 09:30:06.358,8.75663,8.75809,2.10,1.00
2017.05.19 09:30:06.425,8.75663,8.75811,2.10,1.00
2017.05.19 09:30:06.593,8.75663,8.75811,2.10,1.00
2017.05.19 09:30:07.172,8.75664,8.75811,1.00,1.00
2017.05.19 09:30:07.425,8.75665,8.75813,1.00,1.00
2017.05.19 09:30:08.137,8.75666,8.75813,1.60,1.00
2017.05.19 09:30:08.465,8.75676,8.7582,2.10,1.00
2017.05.19 09:30:08.516,8.75686,8.75837,1.60,1.00
2017.05.19 09:30:08.567,8.75686,8.75837,1.60,1.00
2017.05.19 09:30:08.705,8.75694,8.75844,1.00,1.00
2017.05.19 09:30:08.756,8.75703,8.75854,1.60,1.00
2017.05.19 09:30:08.807,8.75704,8.75854,1.60,1.00
2017.05.19 09:30:08.909,8.75727,8.75876,1.00,1.00
2017.05.19 09:30:09.112,8.75741,8.7589,1.00,1.00
2017.05.19 09:30:09.672,8.75756,8.75888,1.60,1.00
2017.05.19 09:30:09.723,8.75779,8.75912,1.00,1.00
2017.05.19 09:30:09.825,8.7579,8.75922,1.00,1.00
2017.05.19 09:30:10.780,8.75792,8.75923,1.00,1.00
2017.05.19 09:30:12.299,8.75801,8.75919,1.00,1.00
2017.05.19 09:30:14.104,8.75797,8.75915,1.00,1.00
2017.05.19 09:30:14.206,8.75781,8.7592,1.00,1.00
2017.05.19 09:30:14.359,8.75787,8.75903,1.00,1.00
2017.05.19 09:30:14.794,8.7577,8.75887,1.00,1.00
2017.05.19 09:30:14.896,8.75786,8.75902,1.00,1.00
2017.05.19 09:30:15.139,8.75772,8.75908,1.00,1.00
2017.05.19 09:30:15.191,8.7578,8.75898,1.00,1.00
2017.05.19 09:30:15.292,8.75766,8.75908,1.00,1.00
2017.05.19 09:30:16.132,8.75788,8.7593,1.00,1.07
2017.05.19 09:30:16.534,8.75806,8.75925,1.00,1.00
2017.05.19 09:30:16.945,8.75803,8.75921,1.00,1.00
2017.05.19 09:30:17.511,8.75802,8.75921,1.00,1.00
2017.05.19 09:30:18.236,8.75791,8.7591,1.00,1.00
2017.05.19 09:30:18.540,8.758,8.75919,1.00,1.00
2017.05.19 09:30:18.845,8.75784,8.75903,1.00,1.00
2017.05.19 09:30:19.170,8.75762,8.75881,1.00,1.00
2017.05.19 09:30:19.493,8.75778,8.75897,1.00,1.00
2017.05.19 09:30:19.807,8.75788,8.75907,1.00,1.00
2017.05.19 09:30:20.112,8.75784,8.75902,1.00,1.00
2017.05.19 09:30:20.445,8.75793,8.75911,1.00,1.00
2017.05.19 09:30:21.248,8.7579,8.75908,1.00,1.00
2017.05.19 09:30:22.223,8.75806,8.75922,1.00,1.00
2017.05.19 09:30:22.274,8.75814,8.75932,1.00,1.00
2017.05.19 09:30:22.376,8.75828,8.75955,1.00,1.00
2017.05.19 09:30:22.580,8.75828,8.75963,1.00,1.00
2017.05.19 09:30:23.197,8.75817,8.7595,1.00,1.00
2017.05.19 09:30:23.483,8.75823,8.75958,1.00,1.00
2017.05.19 09:30:24.087,8.75838,8.75956,1.00,1.00
2017.05.19 09:30:24.486,8.75852,8.7597,1.00,1.00
2017.05.19 09:30:25.102,8.75847,8.75984,1.00,1.00
2017.05.19 09:30:25.851,8.75854,8.75989,1.00,1.00
2017.05.19 09:30:26.832,8.75852,8.75989,1.00,1.00
2017.05.19 09:30:27.166,8.75859,8.75996,1.00,1.00
2017.05.19 09:30:28.111,8.75855,8.75991,1.00,1.00
2017.05.19 09:30:28.461,8.75849,8.75985,1.00,1.00
2017.05.19 09:30:28.962,8.75858,8.75994,1.00,1.00
2017.05.19 09:30:29.488,8.75858,8.75993,1.00,1.00
2017.05.19 09:30:29.950,8.75854,8.75988,1.00,1.00
2017.05.19 09:30:30.977,8.75856,8.75993,1.00,1.00
2017.05.19 09:30:31.152,8.75833,8.75968,1.35,1.00
2017.05.19 09:30:31.203,8.75831,8.75968,1.00,1.00
2017.05.19 09:30:32.020,8.75825,8.75962,1.00,1.00
2017.05.19 09:30:33.898,8.7582,8.75957,1.00,1.00
2017.05.19 09:30:36.849,8.75821,8.75958,1.00,1.00
2017.05.19 09:30:39.371,8.75837,8.75957,1.00,1.00
2017.05.19 09:30:40.490,8.75836,8.75956,1.00,1.00
2017.05.19 09:30:41.187,8.75841,8.7596,1.00,1.00
2017.05.19 09:30:41.616,8.75829,8.75948,1.00,1.00
2017.05.19 09:30:41.921,8.75821,8.7594,1.00,1.00
2017.05.19 09:30:42.402,8.75815,8.75952,1.00,1.00
2017.05.19 09:30:43.227,8.75803,8.7594,1.00,1.00
2017.05.19 09:30:43.539,8.75777,8.75896,1.00,1.00
2017.05.19 09:30:43.641,8.75798,8.75941,1.00,1.07
2017.05.19 09:30:44.048,8.75781,8.759,1.00,1.00
2017.05.19 09:30:44.321,8.75796,8.75947,1.00,1.07
2017.05.19 09:30:44.924,8.75796,8.75947,1.00,1.07
2017.05.19 09:30:45.549,8.75801,8.75952,1.00,1.07
2017.05.19 09:30:45.889,8.75801,8.75952,1.00,1.07
2017.05.19 09:30:48.341,8.75801,8.75952,1.00,1.00
2017.05.19 09:30:48.663,8.75794,8.75946,1.00,1.00
2017.05.19 09:30:49.658,8.75796,8.75947,1.00,1.00
2017.05.19 09:30:51.118,8.75803,8.75949,1.00,1.00
2017.05.19 09:30:51.411,8.75812,8.75961,1.00,1.50
2017.05.19 09:30:51.634,8.75813,8.75961,1.00,1.07
2017.05.19 09:30:51.940,8.75805,8.75924,1.00,1.00
2017.05.19 09:30:52.460,8.75803,8.7592,1.00,1.00
2017.05.19 09:30:53.235,8.75803,8.75921,1.00,1.00
2017.05.19 09:30:53.508,8.75804,8.75947,1.00,1.00
2017.05.19 09:30:54.368,8.758,8.75944,1.60,1.00
2017.05.19 09:30:54.845,8.758,8.75944,1.35,1.00
2017.05.19 09:30:54.897,8.75796,8.75965,1.60,1.00
2017.05.19 09:30:54.948,8.7583,8.7598,1.00,1.07
2017.05.19 09:30:55.253,8.7582,8.75938,1.00,1.00
2017.05.19 09:30:56.014,8.75814,8.75933,1.00,1.00
2017.05.19 09:30:57.397,8.75812,8.75931,1.00,1.00
2017.05.19 09:30:57.916,8.75824,8.7596,1.00,1.00
2017.05.19 09:30:58.018,8.75824,8.75968,1.00,1.00
2017.05.19 09:30:58.272,8.75824,8.75971,1.00,1.00
2017.05.19 09:30:58.577,8.75824,8.75973,1.00,1.50
2017.05.19 09:30:58.983,8.75828,8.75974,1.00,1.00
2017.05.19 09:30:59.224,8.75828,8.75977,1.00,1.50
2017.05.19 09:30:59.923,8.75848,8.75967,1.00,1.00
2017.05.19 09:31:04.720,8.75843,8.75961,1.00,1.00
2017.05.19 09:31:06.736,8.75848,8.75966,1.00,1.00
2017.05.19 09:31:09.921,8.75855,8.75974,1.00,1.00
2017.05.19 09:31:12.470,8.75854,8.75973,1.00,1.00
2017.05.19 09:31:12.873,8.75833,8.75949,1.00,1.00
2017.05.19 09:31:12.924,8.7584,8.75959,1.00,1.00
2017.05.19 09:31:13.401,8.75851,8.75971,1.00,1.00
2017.05.19 09:31:14.403,8.75847,8.75966,1.00,1.00
2017.05.19 09:31:15.862,8.75857,8.75976,1.00,1.00
2017.05.19 09:31:19.407,8.7585,8.75969,1.00,1.00
2017.05.19 09:31:19.732,8.75846,8.75963,1.00,1.00
2017.05.19 09:31:19.834,8.75855,8.75974,1.00,1.00
2017.05.19 09:31:19.977,8.75858,8.75976,1.00,1.00
2017.05.19 09:31:20.461,8.7585,8.75969,1.00,1.00
2017.05.19 09:31:21.811,8.75846,8.75965,1.00,1.00
2017.05.19 09:31:22.116,8.75821,8.7594,1.00,1.00
2017.05.19 09:31:24.235,8.75825,8.75944,1.00,1.00
2017.05.19 09:31:25.235,8.75823,8.75941,1.00,1.00
2017.05.19 09:31:25.650,8.75817,8.75935,1.00,1.00
2017.05.19 09:31:27.450,8.75818,8.75936,1.00,1.00
2017.05.19 09:31:29.333,8.75818,8.75937,1.00,1.00
2017.05.19 09:31:30.876,8.75795,8.75907,1.00,1.00
2017.05.19 09:31:30.978,8.75784,8.75903,1.00,1.00
2017.05.19 09:31:31.282,8.75799,8.75917,1.00,1.00
2017.05.19 09:31:32.020,8.75801,8.7592,1.00,1.00
2017.05.19 09:31:32.360,8.75788,8.75907,1.00,1.00
2017.05.19 09:31:32.665,8.75814,8.75933,1.00,1.00
2017.05.19 09:31:34.059,8.75816,8.75935,1.00,1.00
2017.05.19 09:31:34.366,8.75834,8.75953,1.00,1.00
2017.05.19 09:31:34.711,8.75822,8.75941,1.00,1.00
2017.05.19 09:31:35.422,8.75822,8.75939,1.00,1.00
2017.05.19 09:31:36.867,8.75827,8.75946,1.00,1.00
2017.05.19 09:31:36.918,8.75835,8.75952,1.00,1.00
2017.05.19 09:31:37.276,8.75846,8.75965,1.00,1.00
2017.05.19 09:31:37.531,8.75858,8.75977,1.00,1.00
2017.05.19 09:31:37.976,8.75847,8.75966,1.00,1.00
2017.05.19 09:31:38.282,8.75849,8.75968,1.00,1.00
2017.05.19 09:31:38.750,8.75855,8.75973,1.00,1.00
2017.05.19 09:31:40.015,8.75841,8.7596,1.00,1.00
2017.05.19 09:31:40.116,8.7583,8.75949,1.00,1.00
2017.05.19 09:31:40.788,8.75811,8.75927,1.00,1.00
2017.05.19 09:31:41.761,8.75806,8.75924,1.00,1.00
2017.05.19 09:31:42.429,8.758,8.75918,1.00,1.00
2017.05.19 09:31:42.791,8.75805,8.75923,1.00,1.00
2017.05.19 09:31:43.765,8.75801,8.75919,1.00,1.00
2017.05.19 09:31:46.733,8.75811,8.75929,1.00,1.00
2017.05.19 09:31:47.357,8.75794,8.75912,1.35,1.00
2017.05.19 09:31:47.661,8.75817,8.75933,1.00,1.00
2017.05.19 09:31:48.092,8.75831,8.75949,1.00,1.00
2017.05.19 09:31:48.484,8.75836,8.75954,1.00,1.00
2017.05.19 09:31:49.501,8.75838,8.75954,1.00,1.00
2017.05.19 09:31:49.722,8.75847,8.75965,1.00,1.00
2017.05.19 09:31:50.026,8.75841,8.75959,1.00,1.00
2017.05.19 09:31:50.333,8.75827,8.75945,1.00,1.00
2017.05.19 09:31:50.790,8.7582,8.75938,1.00,1.00
2017.05.19 09:31:51.313,8.75848,8.75966,1.00,1.00
2017.05.19 09:31:52.108,8.75841,8.75959,1.00,1.00
2017.05.19 09:31:52.414,8.75847,8.75965,1.00,1.00
2017.05.19 09:31:53.379,8.7585,8.75968,1.00,1.00
2017.05.19 09:31:54.370,8.75851,8.75969,1.00,1.00
2017.05.19 09:31:54.983,8.75845,8.75963,1.00,1.00
2017.05.19 09:31:55.352,8.7585,8.75968,1.00,1.00
2017.05.19 09:31:55.965,8.75856,8.75973,1.00,1.00
2017.05.19 09:31:56.945,8.75851,8.75967,1.00,1.00
2017.05.19 09:31:57.047,8.75818,8.75968,1.60,1.00
2017.05.19 09:31:57.149,8.75818,8.75968,1.60,1.00
2017.05.19 09:31:58.156,8.75818,8.75968,1.35,1.00
2017.05.19 09:32:01.648,8.75813,8.75964,1.50,1.00
2017.05.19 09:32:02.121,8.75813,8.75964,2.10,1.00
2017.05.19 09:32:02.173,8.75813,8.75963,1.50,1.00
2017.05.19 09:32:02.291,8.75821,8.75971,1.00,1.00
2017.05.19 09:32:02.848,8.75821,8.75971,1.60,1.00
2017.05.19 09:32:03.116,8.75821,8.75971,1.00,1.00
2017.05.19 09:32:03.167,8.75816,8.75966,1.60,1.00
2017.05.19 09:32:03.218,8.75823,8.75973,1.60,1.00
2017.05.19 09:32:04.128,8.75827,8.75977,1.60,1.00
2017.05.19 09:32:04.984,8.75827,8.75977,1.60,1.00
2017.05.19 09:32:05.086,8.75848,8.75998,1.00,1.00
2017.05.19 09:32:05.282,8.75836,8.75986,1.60,1.00
2017.05.19 09:32:05.435,8.7584,8.7599,1.35,1.00
2017.05.19 09:32:05.586,8.7584,8.7599,1.60,1.00
2017.05.19 09:32:05.687,8.75853,8.76003,1.60,1.00
2017.05.19 09:32:05.739,8.75853,8.76003,1.60,1.00
2017.05.19 09:32:06.051,8.7587,8.76013,1.00,1.00
2017.05.19 09:32:06.441,8.75863,8.76013,2.10,1.00
2017.05.19 09:32:06.693,8.75863,8.76013,2.10,1.00
2017.05.19 09:32:06.982,8.75875,8.76025,1.00,1.00
2017.05.19 09:32:07.033,8.75882,8.76032,1.60,1.00
2017.05.19 09:32:07.085,8.75882,8.76032,1.60,1.00
2017.05.19 09:32:07.222,8.75894,8.76032,1.00,1.00
2017.05.19 09:32:07.273,8.75883,8.76032,1.60,1.00
2017.05.19 09:32:07.324,8.75882,8.76031,1.60,1.00
2017.05.19 09:32:07.376,8.759,8.76049,1.60,1.00
2017.05.19 09:32:07.427,8.75903,8.76049,1.60,1.00
2017.05.19 09:32:07.478,8.75903,8.76049,1.35,1.00
2017.05.19 09:32:07.529,8.759,8.76049,1.60,1.00
2017.05.19 09:32:07.580,8.759,8.76049,1.60,1.00
2017.05.19 09:32:07.733,8.7591,8.76059,1.00,1.00
2017.05.19 09:32:09.150,8.75894,8.76037,1.00,1.00
2017.05.19 09:32:09.201,8.75881,8.76027,1.00,1.00
2017.05.19 09:32:09.252,8.75881,8.76016,1.00,1.00
2017.05.19 09:32:09.303,8.75868,8.76016,1.00,1.00
2017.05.19 09:32:09.467,8.75868,8.76016,1.60,1.00
2017.05.19 09:32:09.575,8.75867,8.76016,1.35,1.00
2017.05.19 09:32:10.222,8.75869,8.76015,1.00,1.00
2017.05.19 09:32:10.549,8.75874,8.7602,1.00,1.00
2017.05.19 09:32:11.207,8.75869,8.76015,1.00,1.00
2017.05.19 09:32:11.512,8.75866,8.75984,1.00,1.00
2017.05.19 09:32:11.772,8.75841,8.75966,1.00,3.75
2017.05.19 09:32:12.129,8.75834,8.75953,1.00,1.00
2017.05.19 09:32:12.487,8.75839,8.75957,1.00,1.00
2017.05.19 09:32:12.890,8.75854,8.7599,1.00,1.00
2017.05.19 09:32:13.021,8.75854,8.76003,1.00,1.00
2017.05.19 09:32:13.072,8.75862,8.75966,1.00,1.50
2017.05.19 09:32:13.225,8.75853,8.75967,1.00,1.50
2017.05.19 09:32:13.276,8.75838,8.75957,1.00,1.00
2017.05.19 09:32:14.190,8.75833,8.75951,1.00,1.00
2017.05.19 09:32:14.818,8.75822,8.75938,1.00,1.00
2017.05.19 09:32:15.558,8.75825,8.75944,1.00,1.00
2017.05.19 09:32:18.021,8.75815,8.75933,1.00,1.00
2017.05.19 09:32:18.326,8.75811,8.75928,1.00,1.00
2017.05.19 09:32:18.631,8.75818,8.75937,1.00,1.00
2017.05.19 09:32:18.683,8.75827,8.75945,1.00,1.00
2017.05.19 09:32:22.060,8.75825,8.75944,1.00,1.00
2017.05.19 09:32:25.071,8.75827,8.75945,1.00,1.00
2017.05.19 09:32:25.913,8.75832,8.7595,1.00,1.00
2017.05.19 09:32:26.217,8.75841,8.75959,1.00,1.00
2017.05.19 09:32:26.949,8.75844,8.75963,1.00,1.00
2017.05.19 09:32:27.593,8.7584,8.75958,1.00,1.00
2017.05.19 09:32:29.937,8.75843,8.75962,1.00,1.00
2017.05.19 09:32:30.039,8.75864,8.75988,1.60,1.00
2017.05.19 09:32:30.141,8.7589,8.76005,1.00,1.00
2017.05.19 09:32:30.243,8.75903,8.76041,1.00,1.00
2017.05.19 09:32:30.395,8.7592,8.76037,1.00,1.00
2017.05.19 09:32:30.769,8.75935,8.76053,1.00,1.00
2017.05.19 09:32:31.204,8.75941,8.76059,1.00,1.00
2017.05.19 09:32:33.551,8.75933,8.76069,1.00,1.00
2017.05.19 09:32:34.799,8.75928,8.76064,1.00,1.00
2017.05.19 09:32:37.109,8.75931,8.76067,1.00,1.00
2017.05.19 09:32:40.142,8.75934,8.76066,1.00,1.00
2017.05.19 09:32:40.613,8.75961,8.76088,1.00,1.00
2017.05.19 09:32:40.766,8.75967,8.76099,1.00,1.00
2017.05.19 09:32:40.818,8.75976,8.76108,1.00,1.00
2017.05.19 09:32:41.123,8.75981,8.76112,1.00,1.00
2017.05.19 09:32:41.644,8.75966,8.76098,1.00,1.00
2017.05.19 09:32:42.066,8.75975,8.76106,1.35,1.00
2017.05.19 09:32:42.117,8.76001,8.76133,1.00,1.00
2017.05.19 09:32:42.600,8.76008,8.76148,1.00,1.00
2017.05.19 09:32:43.150,8.76003,8.76151,1.50,1.00
2017.05.19 09:32:43.934,8.76004,8.76151,1.00,1.00
2017.05.19 09:32:44.486,8.76003,8.76151,1.00,1.00
2017.05.19 09:32:44.588,8.76012,8.7616,1.00,1.00
2017.05.19 09:32:45.587,8.76008,8.76156,1.00,1.00
2017.05.19 09:32:47.072,8.76012,8.7616,1.00,1.00
2017.05.19 09:32:47.470,8.76,8.76148,1.00,1.00
2017.05.19 09:32:48.055,8.76005,8.76153,1.00,1.00
2017.05.19 09:32:48.207,8.75983,8.76137,1.50,1.00
2017.05.19 09:32:48.309,8.75982,8.7613,1.00,1.00
2017.05.19 09:32:48.649,8.7597,8.76118,1.00,1.00
2017.05.19 09:32:48.954,8.75995,8.76143,1.00,1.00
2017.05.19 09:32:49.006,8.76003,8.76156,1.00,1.00
2017.05.19 09:32:49.057,8.76017,8.76166,1.00,1.00
2017.05.19 09:32:49.465,8.76008,8.76156,1.00,1.00
2017.05.19 09:32:50.439,8.75997,8.76145,1.00,1.00
2017.05.19 09:32:51.155,8.76003,8.76151,1.00,1.00
2017.05.19 09:32:51.479,8.76013,8.76161,1.00,1.00
2017.05.19 09:32:52.187,8.76012,8.7616,1.00,1.00
2017.05.19 09:32:53.226,8.76015,8.76159,1.00,1.00
2017.05.19 09:32:55.164,8.76016,8.76159,1.00,1.00
2017.05.19 09:32:57.652,8.76019,8.76158,1.00,1.00
2017.05.19 09:33:01.205,8.7603,8.76148,1.00,1.00
2017.05.19 09:33:01.398,8.76021,8.76159,1.00,1.00
2017.05.19 09:33:02.823,8.76024,8.76164,1.00,1.00
2017.05.19 09:33:03.989,8.76012,8.76151,1.00,1.00
2017.05.19 09:33:04.292,8.76024,8.76164,1.00,1.50
2017.05.19 09:33:04.343,8.76032,8.7615,1.00,1.00
2017.05.19 09:33:05.331,8.76032,8.76148,1.00,1.00
2017.05.19 09:33:05.382,8.76026,8.76144,1.00,1.00
2017.05.19 09:33:06.372,8.76022,8.7614,1.00,1.00
2017.05.19 09:33:07.417,8.76015,8.76133,1.00,1.00
2017.05.19 09:33:07.468,8.75999,8.7614,1.00,1.00
2017.05.19 09:33:07.519,8.75997,8.7614,1.00,1.00
2017.05.19 09:33:07.570,8.76013,8.76131,1.00,1.00
2017.05.19 09:33:08.219,8.76029,8.76146,1.00,1.00
2017.05.19 09:33:09.220,8.76025,8.76143,1.00,1.00
2017.05.19 09:33:10.208,8.76031,8.76149,1.00,1.00
2017.05.19 09:33:11.611,8.76029,8.76147,1.00,1.00
2017.05.19 09:33:12.081,8.76019,8.76137,1.00,1.00
2017.05.19 09:33:12.411,8.75992,8.7611,1.00,1.00
2017.05.19 09:33:12.715,8.75978,8.76096,1.00,1.00
2017.05.19 09:33:13.020,8.75995,8.76113,1.00,1.00
2017.05.19 09:33:13.382,8.75986,8.76122,1.00,1.00
2017.05.19 09:33:14.839,8.75998,8.76115,1.00,1.00
2017.05.19 09:33:15.194,8.75981,8.76099,1.00,1.00
2017.05.19 09:33:15.941,8.75987,8.76105,1.00,1.00
2017.05.19 09:33:18.440,8.76003,8.76121,1.00,1.00
2017.05.19 09:33:19.172,8.76012,8.7613,1.00,1.00
2017.05.19 09:33:19.852,8.76019,8.76137,1.00,1.00
2017.05.19 09:33:19.904,8.76006,8.76142,1.00,1.00
2017.05.19 09:33:20.811,8.76011,8.76147,1.00,1.00
2017.05.19 09:33:22.547,8.76005,8.76142,1.00,1.00
2017.05.19 09:33:23.064,8.76012,8.76148,1.00,1.00
2017.05.19 09:33:24.158,8.76005,8.76142,1.00,1.00
2017.05.19 09:33:24.449,8.7601,8.76147,1.00,1.00
2017.05.19 09:33:25.192,8.76001,8.76139,1.00,1.00
2017.05.19 09:33:26.947,8.76025,8.76156,1.00,1.00
2017.05.19 09:33:27.128,8.76036,8.76178,1.00,1.00
2017.05.19 09:33:27.956,8.76043,8.7618,1.00,1.00
2017.05.19 09:33:29.338,8.76056,8.76193,1.00,1.00
2017.05.19 09:33:29.642,8.76071,8.76189,1.00,1.00
2017.05.19 09:33:30.484,8.76068,8.76187,1.00,1.00
2017.05.19 09:33:31.178,8.76051,8.76169,1.00,1.00
2017.05.19 09:33:31.382,8.76052,8.76171,1.00,1.00
2017.05.19 09:33:31.433,8.7606,8.76178,1.00,1.00
2017.05.19 09:33:32.394,8.76055,8.76174,1.00,1.00
2017.05.19 09:33:32.558,8.76051,8.7617,1.00,1.00
2017.05.19 09:33:33.508,8.76049,8.76168,1.00,1.00
2017.05.19 09:33:34.711,8.7605,8.76168,1.00,1.00
2017.05.19 09:33:35.386,8.76042,8.76177,1.00,1.00
2017.05.19 09:33:37.420,8.76048,8.76166,1.00,1.00
2017.05.19 09:33:37.593,8.76055,8.76174,1.00,1.00
2017.05.19 09:33:37.644,8.76075,8.76189,1.00,1.00
2017.05.19 09:33:37.746,8.76075,8.76194,1.00,1.00
2017.05.19 09:33:38.073,8.76064,8.76182,1.00,1.00
2017.05.19 09:33:38.175,8.76047,8.76166,1.00,1.00
2017.05.19 09:33:39.154,8.76046,8.76165,1.00,1.00
2017.05.19 09:33:40.227,8.76051,8.76169,1.00,1.00
2017.05.19 09:33:42.818,8.76051,8.76167,1.00,1.00
2017.05.19 09:33:44.535,8.7606,8.76178,1.00,1.00
2017.05.19 09:33:44.586,8.76068,8.76187,1.00,1.00
2017.05.19 09:33:44.638,8.76079,8.76197,1.00,1.00
2017.05.19 09:33:44.690,8.76088,8.76207,1.00,1.00
2017.05.19 09:33:45.047,8.76089,8.76205,1.00,1.00
2017.05.19 09:33:45.859,8.76083,8.76202,1.00,1.00
2017.05.19 09:33:45.961,8.76074,8.7619,1.00,1.00
2017.05.19 09:33:46.063,8.76061,8.7618,1.00,1.00
2017.05.19 09:33:47.057,8.76059,8.76177,1.00,1.00
2017.05.19 09:33:47.403,8.76055,8.76192,1.00,1.00
2017.05.19 09:33:49.762,8.76053,8.7619,1.00,1.00
2017.05.19 09:33:50.842,8.76052,8.76187,1.00,1.00
2017.05.19 09:33:51.991,8.76057,8.76194,1.00,1.00
2017.05.19 09:33:52.456,8.76062,8.76199,1.00,1.00
2017.05.19 09:33:52.761,8.76073,8.7621,1.00,1.00
2017.05.19 09:33:53.129,8.76076,8.76223,1.00,1.00
2017.05.19 09:33:53.181,8.76091,8.76228,1.00,1.00
2017.05.19 09:33:53.486,8.76081,8.76218,1.00,1.00
2017.05.19 09:33:54.038,8.76086,8.76223,1.00,1.00
2017.05.19 09:33:55.252,8.76091,8.76228,1.00,1.00
2017.05.19 09:33:56.271,8.76096,8.7623,1.00,1.00
2017.05.19 09:33:57.273,8.76092,8.76228,1.00,1.00
2017.05.19 09:33:57.710,8.76096,8.76233,1.00,1.00
2017.05.19 09:33:58.730,8.76098,8.76235,1.00,1.00
2017.05.19 09:34:00.550,8.76094,8.76231,1.00,1.00
2017.05.19 09:34:00.754,8.76082,8.7622,1.00,1.00
2017.05.19 09:34:01.337,8.76082,8.76219,1.00,1.00
2017.05.19 09:34:01.678,8.76071,8.76208,1.00,1.00
2017.05.19 09:34:02.183,8.76065,8.76202,1.00,1.00
2017.05.19 09:34:02.387,8.76097,8.76235,1.00,1.00
2017.05.19 09:34:03.381,8.76096,8.76233,1.00,1.00
2017.05.19 09:34:04.378,8.76092,8.76229,1.00,1.00
2017.05.19 09:34:05.418,8.76093,8.76231,1.00,1.00
2017.05.19 09:34:07.281,8.76093,8.7623,1.00,1.00
2017.05.19 09:34:07.685,8.76099,8.76239,1.00,1.00
2017.05.19 09:34:08.284,8.76099,8.76245,1.00,1.00
2017.05.19 09:34:10.282,8.761,8.7624,1.00,1.00
2017.05.19 09:34:12.780,8.76102,8.76239,1.00,1.00
2017.05.19 09:34:13.704,8.76107,8.76245,1.00,1.00
2017.05.19 09:34:14.681,8.76103,8.7624,1.00,1.00
2017.05.19 09:34:16.017,8.76101,8.7623,1.00,1.00
2017.05.19 09:34:16.119,8.76087,8.76222,1.00,1.00
2017.05.19 09:34:16.585,8.76087,8.76214,1.00,1.00
2017.05.19 09:34:16.636,8.76087,8.76224,1.50,1.00
2017.05.19 09:34:17.609,8.76091,8.76229,1.00,1.00
2017.05.19 09:34:18.548,8.76085,8.7622,1.00,1.00
2017.05.19 09:34:18.599,8.76077,8.76214,1.50,1.00
2017.05.19 09:34:18.650,8.76077,8.76207,1.00,1.00
2017.05.19 09:34:18.787,8.7607,8.76207,1.00,1.00
2017.05.19 09:34:18.839,8.7608,8.76207,1.00,1.00
2017.05.19 09:34:19.072,8.7607,8.76207,1.00,1.00
2017.05.19 09:34:19.661,8.7607,8.76206,1.00,1.00
2017.05.19 09:34:20.670,8.76074,8.76211,1.00,1.00
2017.05.19 09:34:22.873,8.76074,8.76213,1.00,1.00
2017.05.19 09:34:23.079,8.76059,8.76198,1.00,1.00
2017.05.19 09:34:23.448,8.76063,8.76207,1.00,1.00
2017.05.19 09:34:24.391,8.7607,8.76214,1.00,1.00
2017.05.19 09:34:25.312,8.76076,8.7621,1.00,1.00
2017.05.19 09:34:26.093,8.76086,8.76222,1.00,1.00
2017.05.19 09:34:26.144,8.76094,8.7623,1.00,1.00
2017.05.19 09:34:26.452,8.76133,8.7625,1.00,1.00
2017.05.19 09:34:27.212,8.76104,8.76256,1.00,1.00
2017.05.19 09:34:27.416,8.76094,8.76245,1.00,1.00
2017.05.19 09:34:27.992,8.76092,8.76211,1.00,1.00
2017.05.19 09:34:28.195,8.76095,8.76229,1.00,1.00
2017.05.19 09:34:30.788,8.76099,8.76234,1.00,1.00
2017.05.19 09:34:30.839,8.76105,8.76241,1.00,1.00
2017.05.19 09:34:30.891,8.76116,8.76251,1.00,1.00
2017.05.19 09:34:31.854,8.76121,8.76257,1.00,1.00
2017.05.19 09:34:32.814,8.76127,8.76262,1.00,1.00
2017.05.19 09:34:34.877,8.76123,8.76258,1.00,1.00
2017.05.19 09:34:35.586,8.76135,8.76254,1.00,1.00
2017.05.19 09:34:36.054,8.76125,8.76244,1.00,1.00
2017.05.19 09:34:36.105,8.76127,8.76262,1.00,1.00
2017.05.19 09:34:37.371,8.76128,8.76263,1.00,1.00
2017.05.19 09:34:38.581,8.76135,8.7627,1.00,1.00
2017.05.19 09:34:38.885,8.76142,8.76276,1.00,1.00
2017.05.19 09:34:39.351,8.76135,8.7627,1.50,1.00
2017.05.19 09:34:39.452,8.76137,8.7627,1.00,1.00
2017.05.19 09:34:39.554,8.76135,8.7627,1.00,1.00
2017.05.19 09:34:40.342,8.76133,8.76264,1.00,1.00
2017.05.19 09:34:41.212,8.76146,8.76276,1.00,1.00
2017.05.19 09:34:41.474,8.76137,8.76268,1.00,1.00
2017.05.19 09:34:42.331,8.76133,8.76264,1.00,1.00
2017.05.19 09:34:42.903,8.76135,8.76278,1.00,1.00
2017.05.19 09:34:43.395,8.76135,8.76274,1.00,1.00
2017.05.19 09:34:45.922,8.76126,8.76264,1.00,1.00
2017.05.19 09:34:45.973,8.7612,8.76259,1.00,1.00
2017.05.19 09:34:46.971,8.76118,8.76258,1.00,1.00
2017.05.19 09:34:49.862,8.76121,8.76261,1.00,1.00
2017.05.19 09:34:50.873,8.76117,8.76257,1.00,1.00
2017.05.19 09:34:51.179,8.7613,8.7625,1.00,1.00
2017.05.19 09:34:51.513,8.76111,8.7623,1.00,1.00
2017.05.19 09:34:51.564,8.761,8.7622,1.00,1.00
2017.05.19 09:34:52.535,8.76102,8.76221,1.00,1.00
2017.05.19 09:34:54.467,8.76105,8.76224,1.00,1.00
2017.05.19 09:34:54.531,8.76122,8.76242,1.00,1.00
2017.05.19 09:34:54.584,8.7613,8.7625,1.00,1.00
2017.05.19 09:34:55.470,8.76122,8.76242,1.00,1.00
2017.05.19 09:34:55.978,8.76117,8.76236,1.00,1.00
2017.05.19 09:34:58.511,8.76117,8.76238,1.00,1.00
2017.05.19 09:34:59.052,8.76117,8.76237,1.00,1.00
2017.05.19 09:34:59.728,8.76131,8.76251,1.00,1.00
2017.05.19 09:35:00.096,8.7614,8.7626,1.00,1.00
2017.05.19 09:35:01.098,8.76133,8.76253,1.00,1.00
2017.05.19 09:35:01.416,8.7614,8.7626,1.00,1.00
2017.05.19 09:35:01.899,8.76152,8.76272,1.00,1.00
2017.05.19 09:35:02.292,8.76158,8.76278,1.00,1.00
2017.05.19 09:35:02.872,8.7615,8.76266,1.00,1.00
2017.05.19 09:35:02.974,8.7614,8.76259,1.00,1.00
2017.05.19 09:35:03.727,8.76139,8.76259,1.00,1.00
2017.05.19 09:35:03.923,8.76135,8.76255,1.00,1.00
2017.05.19 09:35:04.920,8.76134,8.76254,1.50,1.00
2017.05.19 09:35:06.198,8.76135,8.76254,1.00,1.00
2017.05.19 09:35:06.699,8.76134,8.76254,1.00,1.00
2017.05.19 09:35:07.042,8.76128,8.76248,1.00,1.00
2017.05.19 09:35:08.706,8.76106,8.76226,1.00,1.00
2017.05.19 09:35:09.021,8.76105,8.7622,1.00,1.00
2017.05.19 09:35:09.085,8.761,8.7622,1.00,1.00
2017.05.19 09:35:09.238,8.76094,8.76211,1.00,1.00
2017.05.19 09:35:10.400,8.76096,8.76216,1.00,1.00
2017.05.19 09:35:11.688,8.76092,8.76212,1.00,1.00
2017.05.19 09:35:13.185,8.76067,8.76179,1.00,1.00
2017.05.19 09:35:13.236,8.76059,8.76179,1.00,1.00
2017.05.19 09:35:13.338,8.76051,8.76171,1.00,1.00
2017.05.19 09:35:14.200,8.76056,8.76176,1.00,1.00
2017.05.19 09:35:14.505,8.76054,8.76174,1.00,1.00
2017.05.19 09:35:15.399,8.76054,8.76173,1.00,1.00
2017.05.19 09:35:16.389,8.76058,8.76177,1.00,1.00
2017.05.19 09:35:18.478,8.7605,8.76169,1.00,1.00
2017.05.19 09:35:18.630,8.76039,8.76159,1.00,1.00
2017.05.19 09:35:19.253,8.76026,8.76146,1.00,1.00
2017.05.19 09:35:19.559,8.76014,8.76133,1.00,1.00
2017.05.19 09:35:22.335,8.76017,8.76137,1.00,1.00
2017.05.19 09:35:22.981,8.76036,8.76155,1.00,1.00
2017.05.19 09:35:23.258,8.7605,8.7617,1.00,1.00
2017.05.19 09:35:23.764,8.76061,8.7618,1.00,1.00
2017.05.19 09:35:24.108,8.76071,8.76189,1.00,1.00
2017.05.19 09:35:25.038,8.76066,8.76184,1.00,1.00
2017.05.19 09:35:25.342,8.76062,8.76179,1.00,1.00
2017.05.19 09:35:25.430,8.76052,8.76171,1.00,1.00
2017.05.19 09:35:26.482,8.76047,8.76166,1.00,1.00
2017.05.19 09:35:27.065,8.76042,8.76162,1.00,1.00
2017.05.19 09:35:27.483,8.76047,8.76166,1.00,1.00
2017.05.19 09:35:28.045,8.76052,8.76172,1.00,1.00
2017.05.19 09:35:30.356,8.76049,8.76168,1.00,1.00
2017.05.19 09:35:30.610,8.76035,8.76155,1.00,1.00
2017.05.19 09:35:30.712,8.76024,8.76145,1.00,1.00
2017.05.19 09:35:31.436,8.76033,8.76152,1.00,1.00
2017.05.19 09:35:31.798,8.76026,8.76146,1.00,1.00
2017.05.19 09:35:31.849,8.76019,8.76138,1.00,1.00
2017.05.19 09:35:32.408,8.76012,8.76132,1.00,1.00
2017.05.19 09:35:32.972,8.76012,8.76131,1.00,1.00
2017.05.19 09:35:33.792,8.76005,8.76124,1.00,1.00
2017.05.19 09:35:34.151,8.75971,8.7609,1.00,1.00
2017.05.19 09:35:34.484,8.75953,8.76072,1.00,1.00
2017.05.19 09:35:34.879,8.75945,8.76064,1.00,1.00
2017.05.19 09:35:35.547,8.7595,8.76069,1.00,1.00
2017.05.19 09:35:35.852,8.75981,8.76098,1.00,1.00
2017.05.19 09:35:37.440,8.75976,8.76094,1.00,1.00
2017.05.19 09:35:37.618,8.75971,8.76089,1.00,1.00
2017.05.19 09:35:40.463,8.75974,8.76092,1.00,1.00
2017.05.19 09:35:41.642,8.75981,8.76099,1.00,1.00
2017.05.19 09:35:42.626,8.75997,8.76115,1.00,1.00
2017.05.19 09:35:42.963,8.76006,8.76124,1.00,1.00
2017.05.19 09:35:43.714,8.7601,8.76128,1.00,1.00
2017.05.19 09:35:46.217,8.76025,8.76143,1.00,1.00
2017.05.19 09:35:46.521,8.7602,8.76138,1.00,1.00
2017.05.19 09:35:47.228,8.76017,8.76135,1.00,1.00
2017.05.19 09:35:48.549,8.76011,8.76129,1.00,1.00
2017.05.19 09:35:48.854,8.75988,8.76106,1.00,1.00
2017.05.19 09:35:49.943,8.75993,8.76111,1.00,1.00
2017.05.19 09:35:50.272,8.7601,8.76128,1.00,1.00
2017.05.19 09:35:50.588,8.76,8.76118,1.00,1.00
2017.05.19 09:35:51.425,8.75998,8.76116,1.00,1.00
2017.05.19 09:35:52.194,8.75991,8.76109,1.00,1.00
2017.05.19 09:35:52.534,8.75995,8.76113,1.00,1.00
2017.05.19 09:35:52.872,8.75988,8.76106,1.00,1.00
2017.05.19 09:35:53.310,8.75999,8.76117,1.00,1.00
2017.05.19 09:35:53.717,8.76008,8.76126,1.00,1.00
2017.05.19 09:35:54.048,8.76015,8.76133,1.00,1.00
2017.05.19 09:35:55.490,8.76013,8.76131,1.00,1.00
2017.05.19 09:35:57.243,8.76007,8.76125,1.00,1.00
2017.05.19 09:35:57.614,8.76012,8.7613,1.00,1.00
2017.05.19 09:36:03.615,8.75999,8.76117,1.00,1.00
2017.05.19 09:36:03.954,8.75979,8.76097,1.00,1.00
2017.05.19 09:36:04.669,8.75983,8.76099,1.00,1.00
2017.05.19 09:36:05.666,8.75981,8.76099,1.00,1.00
2017.05.19 09:36:07.325,8.75984,8.76102,1.00,1.00
2017.05.19 09:36:08.312,8.75986,8.76104,1.00,1.00
2017.05.19 09:36:08.653,8.7597,8.76088,1.00,1.00
2017.05.19 09:36:10.533,8.75975,8.76093,1.00,1.00
2017.05.19 09:36:11.556,8.75955,8.76073,1.00,1.00
2017.05.19 09:36:11.903,8.75948,8.76066,1.00,1.00
2017.05.19 09:36:12.660,8.75946,8.76064,1.00,1.00
2017.05.19 09:36:14.024,8.75953,8.76071,1.00,1.00
2017.05.19 09:36:15.012,8.75957,8.76075,1.00,1.00
2017.05.19 09:36:15.353,8.75953,8.76072,1.00,1.00
2017.05.19 09:36:16.776,8.75946,8.76065,1.00,1.00
2017.05.19 09:36:17.113,8.7594,8.76059,1.00,1.00
2017.05.19 09:36:17.816,8.75939,8.76057,1.00,1.00
2017.05.19 09:36:19.706,8.75947,8.76065,1.00,1.00
2017.05.19 09:36:22.339,8.75942,8.7606,1.00,1.00
2017.05.19 09:36:22.390,8.75936,8.76055,1.00,1.00
2017.05.19 09:36:23.534,8.75941,8.7606,1.00,1.00
2017.05.19 09:36:28.055,8.75947,8.76063,1.00,1.00
2017.05.19 09:36:29.331,8.75959,8.76076,1.00,1.00
2017.05.19 09:36:30.348,8.75963,8.76081,1.00,1.00
2017.05.19 09:36:31.184,8.75955,8.76073,1.00,1.00
2017.05.19 09:36:31.513,8.75968,8.76086,1.00,1.00
2017.05.19 09:36:31.818,8.75976,8.76094,1.00,1.00
2017.05.19 09:36:32.584,8.75971,8.76089,1.00,1.00
2017.05.19 09:36:33.636,8.75973,8.76089,1.00,1.00
2017.05.19 09:36:34.883,8.75952,8.7607,1.00,1.00
2017.05.19 09:36:35.006,8.75944,8.76062,1.00,1.00
2017.05.19 09:36:35.310,8.75937,8.76055,1.00,1.00
2017.05.19 09:36:40.629,8.75939,8.76057,1.00,1.00
2017.05.19 09:36:44.114,8.75964,8.76082,1.00,1.00
2017.05.19 09:36:44.420,8.75972,8.76089,1.00,1.00
2017.05.19 09:36:44.572,8.75952,8.7607,1.00,1.00
2017.05.19 09:36:44.674,8.7594,8.76058,1.00,1.00
2017.05.19 09:36:47.912,8.75935,8.76053,1.00,1.00
2017.05.19 09:36:50.120,8.75938,8.76056,1.00,1.00
2017.05.19 09:36:51.148,8.75942,8.7606,1.00,1.00
2017.05.19 09:36:52.598,8.75939,8.76057,1.00,1.00
2017.05.19 09:36:53.668,8.75942,8.76073,1.00,1.00
2017.05.19 09:36:56.836,8.75947,8.76075,1.00,1.00
2017.05.19 09:36:58.117,8.75955,8.76073,1.00,1.00
2017.05.19 09:36:59.113,8.75956,8.76074,1.00,1.00
2017.05.19 09:36:59.426,8.75946,8.76064,1.00,1.00
2017.05.19 09:37:00.176,8.75953,8.76071,1.00,1.00
2017.05.19 09:37:01.076,8.75949,8.76067,1.00,1.00
2017.05.19 09:37:05.130,8.75945,8.76063,1.00,1.00
2017.05.19 09:37:10.686,8.75948,8.76066,1.00,1.00
2017.05.19 09:37:13.379,8.75953,8.76071,1.00,1.00
2017.05.19 09:37:13.831,8.75943,8.76062,1.00,1.00
2017.05.19 09:37:13.882,8.7593,8.76048,1.00,1.00
2017.05.19 09:37:14.186,8.75942,8.76058,1.00,1.00
2017.05.19 09:37:14.786,8.75948,8.76066,1.00,1.00
2017.05.19 09:37:15.786,8.75951,8.7607,1.00,1.00
2017.05.19 09:37:20.177,8.75947,8.76065,1.00,1.00
2017.05.19 09:37:20.828,8.75938,8.76056,1.00,1.00
2017.05.19 09:37:21.133,8.75914,8.76032,1.00,1.00
2017.05.19 09:37:21.454,8.75881,8.75998,1.00,1.00
2017.05.19 09:37:21.505,8.75896,8.76015,1.00,1.00
2017.05.19 09:37:21.862,8.75909,8.76028,1.00,1.00
2017.05.19 09:37:22.167,8.7592,8.76038,1.00,1.00
2017.05.19 09:37:22.579,8.75913,8.76032,1.00,1.00
2017.05.19 09:37:23.219,8.75915,8.76032,1.00,1.00
2017.05.19 09:37:23.596,8.75913,8.76032,1.00,1.00
2017.05.19 09:37:23.648,8.75912,8.7603,1.00,1.00
2017.05.19 09:37:24.478,8.75927,8.76046,1.00,1.00
2017.05.19 09:37:24.531,8.7592,8.76038,1.00,1.00
2017.05.19 09:37:25.511,8.75914,8.76033,1.00,1.00
2017.05.19 09:37:25.713,8.7591,8.76027,1.00,1.00
2017.05.19 09:37:26.078,8.75901,8.76019,1.00,1.00
2017.05.19 09:37:26.180,8.75901,8.76004,1.00,1.00
2017.05.19 09:37:26.231,8.75889,8.75995,1.00,1.00
2017.05.19 09:37:26.540,8.75876,8.75995,1.00,1.00
2017.05.19 09:37:26.693,8.75885,8.76003,1.00,1.00
2017.05.19 09:37:27.020,8.75946,8.76063,1.00,1.00
2017.05.19 09:37:27.071,8.75965,8.76084,1.00,1.00
2017.05.19 09:37:27.122,8.75984,8.76103,1.00,1.00
2017.05.19 09:37:27.578,8.76003,8.76122,1.00,1.00
2017.05.19 09:37:27.923,8.76028,8.76144,1.00,1.00
2017.05.19 09:37:28.127,8.76021,8.7614,1.00,1.00
2017.05.19 09:37:28.228,8.76033,8.76152,1.00,1.00
2017.05.19 09:37:28.657,8.76044,8.76163,1.00,1.00
2017.05.19 09:37:29.190,8.76045,8.76163,1.00,1.00
2017.05.19 09:37:29.733,8.76039,8.76158,1.00,1.00
2017.05.19 09:37:30.907,8.76029,8.76159,1.00,1.00
2017.05.19 09:37:30.962,8.76031,8.7615,1.00,1.00
2017.05.19 09:37:31.273,8.76006,8.76125,1.00,1.00
2017.05.19 09:37:32.091,8.76004,8.76123,1.00,1.00
2017.05.19 09:37:32.423,8.76016,8.76135,1.00,1.00
2017.05.19 09:37:32.744,8.76008,8.76126,1.00,1.00
2017.05.19 09:37:33.050,8.7597,8.76056,1.00,1.00
2017.05.19 09:37:33.153,8.75922,8.76035,1.00,1.00
2017.05.19 09:37:33.455,8.75917,8.76035,1.50,1.00
2017.05.19 09:37:33.708,8.75919,8.76035,1.00,1.00
2017.05.19 09:37:34.028,8.75922,8.76035,1.00,1.00
2017.05.19 09:37:34.338,8.75916,8.76034,1.00,1.00
2017.05.19 09:37:34.616,8.75927,8.76044,2.10,1.00
2017.05.19 09:37:34.719,8.76026,8.76141,1.60,1.45
2017.05.19 09:37:34.770,8.76033,8.76152,1.60,1.00
2017.05.19 09:37:34.821,8.76033,8.76152,1.60,1.00
2017.05.19 09:37:34.873,8.76052,8.76171,1.00,1.00
2017.05.19 09:37:35.026,8.76075,8.76193,1.00,1.00
2017.05.19 09:37:35.482,8.7609,8.76209,1.00,1.00
2017.05.19 09:37:35.838,8.76077,8.76173,1.00,1.00
2017.05.19 09:37:35.889,8.76066,8.76183,1.00,1.00
2017.05.19 09:37:36.244,8.76078,8.76197,1.00,1.00
2017.05.19 09:37:36.497,8.76089,8.76207,1.00,1.00
2017.05.19 09:37:36.802,8.76094,8.76213,1.00,1.00
2017.05.19 09:37:36.853,8.76108,8.76226,1.00,1.00
2017.05.19 09:37:37.005,8.76094,8.76213,1.00,1.00
2017.05.19 09:37:37.999,8.76104,8.76223,1.00,1.00
2017.05.19 09:37:38.306,8.76094,8.76213,1.00,1.00
2017.05.19 09:37:38.612,8.76092,8.76211,1.00,1.00
2017.05.19 09:37:38.917,8.76095,8.76214,1.00,1.00
2017.05.19 09:37:39.223,8.761,8.76218,1.00,1.00
2017.05.19 09:37:39.891,8.76132,8.76251,1.00,1.00
2017.05.19 09:37:39.942,8.76157,8.76276,1.00,1.00
2017.05.19 09:37:40.247,8.76186,8.76304,1.00,1.00
2017.05.19 09:37:41.114,8.76185,8.76303,1.00,1.00
2017.05.19 09:37:41.421,8.76175,8.76293,1.00,1.00
2017.05.19 09:37:42.601,8.76184,8.76303,1.00,1.00
2017.05.19 09:37:42.702,8.76194,8.76313,1.00,1.00
2017.05.19 09:37:43.007,8.76191,8.76309,1.00,1.00
2017.05.19 09:37:43.173,8.76169,8.76288,1.00,1.00
2017.05.19 09:37:43.225,8.76202,8.76321,1.00,1.00
2017.05.19 09:37:43.682,8.76189,8.76307,1.00,1.00
2017.05.19 09:37:44.231,8.7619,8.76307,1.00,1.00
2017.05.19 09:37:44.613,8.76196,8.76314,1.00,1.00
2017.05.19 09:37:44.867,8.76204,8.76322,1.00,1.00
2017.05.19 09:37:45.171,8.7618,8.76297,1.00,1.00
2017.05.19 09:37:45.272,8.76169,8.76287,1.00,1.00
2017.05.19 09:37:46.101,8.76175,8.76293,1.00,1.00
2017.05.19 09:37:46.527,8.7618,8.76297,1.00,1.00
2017.05.19 09:37:46.858,8.7617,8.76287,1.00,1.00
2017.05.19 09:37:47.207,8.76178,8.76296,1.00,1.00
2017.05.19 09:37:47.511,8.76166,8.76284,1.00,1.00
2017.05.19 09:37:47.815,8.76157,8.76275,1.00,1.00
2017.05.19 09:37:48.120,8.76145,8.76262,1.00,1.00
2017.05.19 09:37:48.427,8.76135,8.76251,1.00,1.00
2017.05.19 09:37:50.269,8.76132,8.7625,1.00,1.00
2017.05.19 09:37:51.777,8.76139,8.76257,1.00,1.00
2017.05.19 09:37:52.148,8.76092,8.7621,1.00,1.00
2017.05.19 09:37:52.737,8.76107,8.76225,1.00,1.00
2017.05.19 09:37:54.449,8.76098,8.76216,1.00,1.00
2017.05.19 09:37:54.806,8.76121,8.76239,1.00,1.00
2017.05.19 09:37:55.731,8.76115,8.76233,1.00,1.00
2017.05.19 09:37:58.235,8.76114,8.76232,1.00,1.00
2017.05.19 09:37:58.840,8.76108,8.76226,1.00,1.00
2017.05.19 09:37:59.312,8.76094,8.76212,1.00,1.00
2017.05.19 09:37:59.620,8.76097,8.76215,1.00,1.00
2017.05.19 09:38:00.365,8.76093,8.76211,1.00,1.00
2017.05.19 09:38:00.766,8.76087,8.76205,1.00,1.00
2017.05.19 09:38:01.098,8.76077,8.76195,1.00,1.00
2017.05.19 09:38:01.819,8.76076,8.76194,1.00,1.00
2017.05.19 09:38:05.267,8.76077,8.76195,1.00,1.00
2017.05.19 09:38:07.196,8.76073,8.7619,1.00,1.00
2017.05.19 09:38:09.229,8.76065,8.76183,1.00,1.00
2017.05.19 09:38:09.859,8.7604,8.76156,1.00,1.00
2017.05.19 09:38:09.910,8.76029,8.76147,1.00,1.00
2017.05.19 09:38:10.012,8.76018,8.76136,1.00,1.00
2017.05.19 09:38:10.327,8.76029,8.76147,1.00,1.00
2017.05.19 09:38:10.965,8.76036,8.76154,1.00,1.00
2017.05.19 09:38:11.269,8.76059,8.76177,1.00,1.00
2017.05.19 09:38:11.842,8.76069,8.76185,1.00,1.00
2017.05.19 09:38:16.293,8.76064,8.76182,1.00,1.00
2017.05.19 09:38:16.648,8.76071,8.76189,1.00,1.00
2017.05.19 09:38:20.231,8.76063,8.76181,1.00,1.00
2017.05.19 09:38:21.238,8.76061,8.76179,1.00,1.00
2017.05.19 09:38:21.592,8.76067,8.76185,1.00,1.00
2017.05.19 09:38:21.920,8.76071,8.76189,1.00,1.00
2017.05.19 09:38:22.775,8.7605,8.76168,1.00,1.00
2017.05.19 09:38:23.110,8.76036,8.76153,1.00,1.00
2017.05.19 09:38:23.314,8.76049,8.76167,1.00,1.00
2017.05.19 09:38:24.007,8.7606,8.76178,1.00,1.00
2017.05.19 09:38:25.036,8.76057,8.76175,1.00,1.00
2017.05.19 09:38:25.344,8.76042,8.76158,1.00,1.00
2017.05.19 09:38:26.245,8.76039,8.76157,1.00,1.00
2017.05.19 09:38:26.587,8.76005,8.76123,1.00,1.00
2017.05.19 09:38:27.498,8.76,8.76118,1.00,1.00
2017.05.19 09:38:28.598,8.76001,8.76119,1.00,1.00
2017.05.19 09:38:29.592,8.76007,8.76126,1.00,1.00
2017.05.19 09:38:30.426,8.76018,8.76135,1.00,1.00
2017.05.19 09:38:30.477,8.76026,8.76145,1.00,1.00
2017.05.19 09:38:30.579,8.7604,8.76158,1.00,1.00
2017.05.19 09:38:30.917,8.7606,8.76178,1.00,1.00
2017.05.19 09:38:30.977,8.7607,8.76189,1.00,1.00
2017.05.19 09:38:31.698,8.76064,8.76182,1.00,1.00
2017.05.19 09:38:31.985,8.76068,8.76187,1.00,1.00
2017.05.19 09:38:32.111,8.76053,8.76172,1.00,1.00
2017.05.19 09:38:32.417,8.76014,8.76129,1.00,1.00
2017.05.19 09:38:32.985,8.76013,8.76129,1.00,1.00
2017.05.19 09:38:33.296,8.76014,8.76133,1.00,1.00
2017.05.19 09:38:33.678,8.76024,8.76143,1.00,1.00
2017.05.19 09:38:34.023,8.76042,8.7616,1.00,1.00
2017.05.19 09:38:34.635,8.76049,8.76166,1.00,1.00
2017.05.19 09:38:35.740,8.76049,8.76167,1.00,1.00
2017.05.19 09:38:36.183,8.7604,8.76158,1.00,1.00
2017.05.19 09:38:37.816,8.76037,8.76156,1.00,1.00
2017.05.19 09:38:38.042,8.76049,8.76168,1.00,1.00
2017.05.19 09:38:38.359,8.76043,8.76162,1.00,1.00
2017.05.19 09:38:38.809,8.76017,8.76136,1.00,1.00
2017.05.19 09:38:39.236,8.76025,8.76143,1.00,1.00
2017.05.19 09:38:40.451,8.76028,8.76147,1.00,1.00
2017.05.19 09:38:40.502,8.76034,8.76151,1.00,1.00
2017.05.19 09:38:42.248,8.76034,8.76153,1.00,1.00
2017.05.19 09:38:42.679,8.7604,8.76159,1.00,1.00
2017.05.19 09:38:43.558,8.76035,8.76153,1.00,1.00
2017.05.19 09:38:44.548,8.7604,8.76159,1.00,1.00
2017.05.19 09:38:45.230,8.76019,8.76137,1.00,1.00
2017.05.19 09:38:45.434,8.76031,8.7615,1.00,1.00
2017.05.19 09:38:46.041,8.76007,8.76127,1.00,1.00
2017.05.19 09:38:46.405,8.76002,8.76121,1.00,1.00
2017.05.19 09:38:46.711,8.76032,8.76149,1.00,1.00
2017.05.19 09:38:47.433,8.76038,8.76157,1.00,1.00
2017.05.19 09:38:47.620,8.76034,8.76153,1.00,1.00
2017.05.19 09:38:49.555,8.76029,8.76148,1.00,1.00
2017.05.19 09:38:49.949,8.76038,8.76157,1.00,1.00
2017.05.19 09:38:50.262,8.76047,8.76166,1.00,1.00
2017.05.19 09:38:50.865,8.76064,8.76166,1.00,1.00
2017.05.19 09:38:51.182,8.76062,8.7618,1.00,1.00
2017.05.19 09:38:51.237,8.76072,8.7619,1.00,1.00
2017.05.19 09:38:52.838,8.76075,8.76192,1.00,1.00
2017.05.19 09:38:54.380,8.76077,8.76196,1.00,1.00
2017.05.19 09:38:55.302,8.76073,8.76192,1.00,1.00
2017.05.19 09:38:55.626,8.76051,8.7617,1.00,1.00
2017.05.19 09:38:55.932,8.76035,8.76153,1.00,1.00
2017.05.19 09:38:56.418,8.76028,8.76145,1.00,1.00
2017.05.19 09:38:56.786,8.76034,8.76152,1.00,1.00
2017.05.19 09:38:56.838,8.76044,8.76162,1.00,1.00
2017.05.19 09:38:57.840,8.76045,8.76163,1.00,1.00
2017.05.19 09:38:58.374,8.7605,8.76167,1.00,1.00
2017.05.19 09:38:59.247,8.7605,8.76168,1.00,1.00
2017.05.19 09:38:59.551,8.76054,8.76172,1.00,1.00
2017.05.19 09:39:00.373,8.7605,8.76168,1.00,1.00
2017.05.19 09:39:00.745,8.76056,8.76174,1.00,1.00
2017.05.19 09:39:01.492,8.76056,8.76174,1.00,1.00
2017.05.19 09:39:02.537,8.76061,8.76179,1.00,1.00
2017.05.19 09:39:02.846,8.76075,8.76193,1.00,1.00
2017.05.19 09:39:03.658,8.76079,8.76197,1.00,1.00
2017.05.19 09:39:04.470,8.76084,8.76202,1.00,1.00
2017.05.19 09:39:07.887,8.76085,8.76203,1.00,1.00
2017.05.19 09:39:09.390,8.7608,8.76198,1.00,1.00
2017.05.19 09:39:10.391,8.76084,8.76202,1.00,1.00
2017.05.19 09:39:13.448,8.76082,8.762,1.00,1.00
2017.05.19 09:39:17.530,8.76064,8.76182,1.00,1.00
2017.05.19 09:39:17.850,8.76037,8.76153,1.00,1.00
2017.05.19 09:39:17.901,8.76022,8.7614,1.00,1.00
2017.05.19 09:39:18.459,8.76008,8.76123,1.00,1.00
2017.05.19 09:39:19.782,8.75984,8.76102,1.00,1.00
2017.05.19 09:39:19.834,8.75992,8.7611,1.00,1.00
2017.05.19 09:39:20.139,8.75972,8.7609,1.00,1.00
2017.05.19 09:39:20.466,8.75985,8.76101,1.00,1.00
2017.05.19 09:39:20.826,8.75974,8.76092,1.00,1.00
2017.05.19 09:39:21.028,8.75984,8.76101,1.00,1.00
2017.05.19 09:39:21.612,8.75975,8.76093,1.00,1.00
2017.05.19 09:39:21.663,8.75969,8.76085,1.00,1.00
2017.05.19 09:39:22.673,8.75964,8.76082,1.00,1.00
2017.05.19 09:39:22.835,8.75959,8.76077,1.50,1.00
2017.05.19 09:39:23.412,8.75966,8.76084,1.00,1.00
2017.05.19 09:39:25.646,8.75961,8.76079,1.00,1.00
2017.05.19 09:39:25.801,8.75931,8.76052,1.00,1.00
2017.05.19 09:39:25.852,8.75937,8.76055,1.00,1.00
2017.05.19 09:39:26.154,8.7595,8.76066,1.00,1.00
2017.05.19 09:39:26.882,8.75953,8.7607,1.00,1.00
2017.05.19 09:39:27.501,8.75961,8.76079,1.00,1.00
2017.05.19 09:39:28.426,8.75965,8.76083,1.00,1.00
2017.05.19 09:39:29.715,8.7595,8.76062,1.00,1.00
2017.05.19 09:39:29.818,8.75932,8.7605,1.00,1.00
2017.05.19 09:39:29.869,8.75922,8.7604,1.00,1.00
2017.05.19 09:39:30.275,8.75942,8.7606,1.00,1.00
2017.05.19 09:39:30.426,8.75989,8.76118,1.00,1.00
2017.05.19 09:39:30.481,8.76021,8.76139,1.00,1.00
2017.05.19 09:39:30.788,8.76047,8.76164,1.00,1.00
2017.05.19 09:39:30.839,8.76057,8.7619,1.00,1.00
2017.05.19 09:39:30.890,8.7606,8.76175,1.00,1.00
2017.05.19 09:39:31.746,8.76046,8.76164,1.00,1.00
2017.05.19 09:39:31.898,8.76041,8.76159,1.00,1.00
2017.05.19 09:39:32.454,8.76051,8.76169,1.00,1.00
2017.05.19 09:39:32.759,8.7604,8.76158,1.00,1.00
2017.05.19 09:39:33.417,8.76067,8.76185,1.00,1.00
2017.05.19 09:39:33.853,8.76063,8.76181,1.00,1.00
2017.05.19 09:39:34.160,8.76042,8.76157,1.00,1.00
2017.05.19 09:39:34.631,8.76039,8.76157,1.00,1.00
2017.05.19 09:39:34.783,8.76048,8.76164,1.00,1.00
2017.05.19 09:39:34.936,8.76054,8.76187,1.00,1.00
2017.05.19 09:39:35.089,8.76043,8.76174,1.00,1.00
2017.05.19 09:39:35.394,8.76025,8.76158,1.00,1.00
2017.05.19 09:39:35.771,8.76023,8.76143,1.00,1.00
2017.05.19 09:39:35.822,8.76013,8.76143,1.00,1.00
2017.05.19 09:39:35.924,8.7601,8.76143,1.00,1.00
2017.05.19 09:39:36.143,8.76003,8.76131,1.00,1.00
2017.05.19 09:39:36.194,8.76004,8.76138,1.00,1.00
2017.05.19 09:39:36.245,8.76003,8.76123,1.00,1.00
2017.05.19 09:39:37.327,8.75994,8.76123,1.00,1.00
2017.05.19 09:39:37.428,8.75997,8.76115,1.00,1.00
2017.05.19 09:39:38.425,8.75997,8.76114,1.50,1.00
2017.05.19 09:39:38.797,8.75997,8.76107,1.00,1.00
2017.05.19 09:39:39.206,8.75999,8.76117,1.00,1.00
2017.05.19 09:39:39.360,8.75993,8.76115,1.00,1.00
2017.05.19 09:39:39.412,8.75981,8.76093,1.00,1.00
2017.05.19 09:39:39.463,8.75966,8.76084,1.00,1.00
2017.05.19 09:39:40.411,8.75963,8.76076,1.00,1.00
2017.05.19 09:39:40.727,8.75963,8.76071,1.00,1.00
2017.05.19 09:39:41.088,8.75953,8.76071,1.00,1.00
2017.05.19 09:39:41.139,8.75951,8.76061,1.00,1.00
2017.05.19 09:39:41.190,8.75932,8.7605,1.50,1.00
2017.05.19 09:39:42.178,8.75935,8.76053,1.00,1.00
2017.05.19 09:39:42.938,8.75953,8.76071,1.00,1.00
2017.05.19 09:39:43.243,8.75969,8.76087,1.00,1.00
2017.05.19 09:39:43.638,8.75959,8.76126,1.00,1.00
2017.05.19 09:39:43.689,8.76006,8.76124,1.00,1.00
2017.05.19 09:39:43.996,8.76035,8.76153,1.00,1.00
2017.05.19 09:39:44.538,8.76057,8.76175,1.00,1.50
2017.05.19 09:39:44.843,8.76076,8.76193,1.00,1.00
2017.05.19 09:39:45.277,8.76092,8.76208,1.00,1.00
2017.05.19 09:39:45.328,8.76082,8.762,1.00,1.00
2017.05.19 09:39:45.676,8.76089,8.76206,1.00,1.00
2017.05.19 09:39:46.208,8.76089,8.76207,1.00,1.00
2017.05.19 09:39:46.513,8.76101,8.76219,1.00,1.00
2017.05.19 09:39:46.869,8.76108,8.76226,1.00,1.00
2017.05.19 09:39:47.231,8.76101,8.76219,1.00,1.00
2017.05.19 09:39:47.625,8.76091,8.76222,1.00,1.00
2017.05.19 09:39:47.677,8.76106,8.76224,1.00,1.00
2017.05.19 09:39:47.835,8.7609,8.76222,1.00,1.00
2017.05.19 09:39:47.886,8.76104,8.76222,1.00,1.00
2017.05.19 09:39:48.680,8.76099,8.76217,1.00,1.00
2017.05.19 09:39:49.008,8.76123,8.76241,1.00,1.00
2017.05.19 09:39:49.355,8.76218,8.76336,1.00,1.00
2017.05.19 09:39:50.126,8.76215,8.76333,1.00,1.00
2017.05.19 09:39:50.478,8.76204,8.76322,1.00,1.00
2017.05.19 09:39:50.807,8.76203,8.7632,1.00,1.00
2017.05.19 09:39:51.153,8.76179,8.76316,1.50,1.00
2017.05.19 09:39:51.204,8.7618,8.76313,1.00,1.00
2017.05.19 09:39:51.669,8.76183,8.76301,1.00,1.00
2017.05.19 09:39:51.976,8.76164,8.76282,1.00,1.00
2017.05.19 09:39:52.640,8.76159,8.76318,1.00,1.00
2017.05.19 09:39:52.692,8.7618,8.76305,1.00,1.00
2017.05.19 09:39:53.005,8.76211,8.7633,1.00,1.00
2017.05.19 09:39:53.330,8.76207,8.76326,1.00,1.00
2017.05.19 09:39:54.033,8.76212,8.76341,1.00,1.00
2017.05.19 09:39:54.182,8.76252,8.76354,1.00,1.00
2017.05.19 09:39:54.233,8.76301,8.76409,1.00,1.00
2017.05.19 09:39:54.441,8.76272,8.76391,1.00,1.00
2017.05.19 09:39:54.491,8.7631,8.76409,1.00,1.00
2017.05.19 09:39:54.547,8.7631,8.76429,1.00,1.00
2017.05.19 09:39:54.700,8.76352,8.76469,1.00,1.00
2017.05.19 09:39:54.751,8.76321,8.7644,1.50,1.00
2017.05.19 09:39:55.070,8.76341,8.7646,1.00,1.00
2017.05.19 09:39:55.395,8.76364,8.76483,1.00,1.50
2017.05.19 09:39:55.701,8.76351,8.76461,1.00,1.00
2017.05.19 09:39:55.753,8.76338,8.76457,1.00,1.00
2017.05.19 09:39:55.854,8.76338,8.76445,1.00,1.00
2017.05.19 09:39:56.100,8.76316,8.76432,1.00,1.00
2017.05.19 09:39:56.203,8.76329,8.76448,1.00,1.00
2017.05.19 09:39:56.306,8.76315,8.76433,1.00,1.00
2017.05.19 09:39:56.559,8.76276,8.76395,1.00,1.00
2017.05.19 09:39:56.661,8.76263,8.76382,1.00,1.00
2017.05.19 09:39:57.012,8.76347,8.76409,1.00,1.00
2017.05.19 09:39:57.063,8.76366,8.7643,1.00,1.00
2017.05.19 09:39:57.115,8.76395,8.7643,1.00,1.00
2017.05.19 09:39:57.217,8.76395,8.76476,1.00,1.00
2017.05.19 09:39:57.319,8.76417,8.76476,1.00,1.00
2017.05.19 09:39:57.421,8.76417,8.76518,1.00,1.00
2017.05.19 09:39:57.523,8.76417,8.76536,1.00,1.00
2017.05.19 09:39:58.132,8.76424,8.76543,1.00,1.00
2017.05.19 09:39:58.484,8.7643,8.76549,1.00,1.00
2017.05.19 09:39:58.909,8.7642,8.76539,1.00,1.00
2017.05.19 09:39:59.239,8.76435,8.7655,1.00,1.00
2017.05.19 09:39:59.392,8.76435,8.76553,1.00,1.00
2017.05.19 09:39:59.444,8.76425,8.76543,1.00,1.00
2017.05.19 09:39:59.788,8.76409,8.76518,1.00,1.00
2017.05.19 09:39:59.839,8.76409,8.76527,1.00,1.00
2017.05.19 09:40:00.737,8.76399,8.76518,1.00,1.00
2017.05.19 09:40:00.788,8.76385,8.76504,1.00,1.00
2017.05.19 09:40:01.155,8.76391,8.76529,1.00,1.00
2017.05.19 09:40:01.206,8.7642,8.76543,1.00,1.00
2017.05.19 09:40:01.511,8.76442,8.7656,1.00,1.00
2017.05.19 09:40:02.226,8.76437,8.76555,1.00,1.00
2017.05.19 09:40:03.965,8.76441,8.76557,1.00,1.00
2017.05.19 09:40:04.119,8.76412,8.7653,1.00,1.00
2017.05.19 09:40:05.203,8.76417,8.76536,1.00,1.00
2017.05.19 09:40:07.714,8.7643,8.76546,1.00,1.00
2017.05.19 09:40:07.866,8.7643,8.76548,1.00,1.00
2017.05.19 09:40:07.984,8.76438,8.76556,1.00,1.00
2017.05.19 09:40:08.288,8.76457,8.76573,1.00,1.00
2017.05.19 09:40:09.113,8.7646,8.76576,1.00,1.00
2017.05.19 09:40:09.441,8.7646,8.76574,1.00,1.00
2017.05.19 09:40:09.788,8.76442,8.76572,1.00,1.00
2017.05.19 09:40:09.840,8.76438,8.76553,1.00,1.00
2017.05.19 09:40:09.942,8.7643,8.76548,1.00,1.00
2017.05.19 09:40:10.044,8.7643,8.76535,1.00,1.00
2017.05.19 09:40:10.409,8.7642,8.76536,1.00,1.00
2017.05.19 09:40:10.613,8.7642,8.76533,1.00,1.00
2017.05.19 09:40:10.715,8.76406,8.76524,1.00,1.00
2017.05.19 09:40:11.224,8.76406,8.76523,1.00,1.00
2017.05.19 09:40:11.275,8.76395,8.76514,1.00,1.00
2017.05.19 09:40:11.327,8.76389,8.76505,1.00,1.00
2017.05.19 09:40:11.696,8.76397,8.76509,1.00,1.00
2017.05.19 09:40:11.747,8.76389,8.76507,1.00,1.00
2017.05.19 09:40:12.154,8.76389,8.76504,1.00,1.00
2017.05.19 09:40:12.341,8.76379,8.76497,1.00,1.00
2017.05.19 09:40:13.887,8.76379,8.76493,1.00,1.00
2017.05.19 09:40:14.407,8.76379,8.76494,1.00,1.00
2017.05.19 09:40:14.927,8.7637,8.76486,1.00,1.00
2017.05.19 09:40:15.130,8.76359,8.76477,1.00,1.00
2017.05.19 09:40:15.584,8.76353,8.76469,1.00,1.00
2017.05.19 09:40:16.162,8.76356,8.76469,1.00,1.00
2017.05.19 09:40:16.315,8.76356,8.76472,1.00,1.00
2017.05.19 09:40:16.912,8.76356,8.76471,1.00,1.00
2017.05.19 09:40:16.966,8.76356,8.76469,1.00,1.00
2017.05.19 09:40:17.541,8.76356,8.76468,1.00,1.00
2017.05.19 09:40:18.067,8.76356,8.76475,1.00,1.00
2017.05.19 09:40:19.558,8.76349,8.76465,1.00,1.00
2017.05.19 09:40:20.479,8.76354,8.76473,1.00,1.50
2017.05.19 09:40:21.202,8.76364,8.76483,1.00,1.00
2017.05.19 09:40:22.196,8.76365,8.76484,1.00,1.00
2017.05.19 09:40:22.509,8.76359,8.76478,1.00,1.00
2017.05.19 09:40:22.813,8.76369,8.76488,1.00,1.00
2017.05.19 09:40:23.536,8.76374,8.76493,1.00,1.00
2017.05.19 09:40:23.853,8.76398,8.76516,1.00,1.00
2017.05.19 09:40:23.904,8.76374,8.76493,1.00,1.00
2017.05.19 09:40:24.076,8.76364,8.76483,1.00,1.00
2017.05.19 09:40:24.416,8.76386,8.76505,1.00,1.00
2017.05.19 09:40:24.569,8.76426,8.76581,1.00,1.00
2017.05.19 09:40:24.620,8.7646,8.76579,1.00,1.00
2017.05.19 09:40:24.968,8.76473,8.76592,1.00,1.00
2017.05.19 09:40:25.584,8.76478,8.76596,1.00,1.00
2017.05.19 09:40:26.623,8.76474,8.76592,1.00,1.00
2017.05.19 09:40:26.928,8.76467,8.76585,1.00,1.00
2017.05.19 09:40:27.382,8.76457,8.76576,1.00,1.00
2017.05.19 09:40:27.485,8.76448,8.76566,1.00,1.00
2017.05.19 09:40:27.791,8.76437,8.76555,1.00,1.00
2017.05.19 09:40:28.434,8.76459,8.76577,1.00,1.00
2017.05.19 09:40:28.739,8.76453,8.76569,1.00,1.00
2017.05.19 09:40:29.112,8.76462,8.7658,1.00,1.00
2017.05.19 09:40:30.020,8.76457,8.76575,1.00,1.00
2017.05.19 09:40:30.794,8.76476,8.76576,1.00,1.00
2017.05.19 09:40:30.846,8.76476,8.76593,1.00,1.00
2017.05.19 09:40:31.050,8.76455,8.76574,1.00,1.00
2017.05.19 09:40:31.946,8.76445,8.76564,1.00,1.00
2017.05.19 09:40:32.253,8.7645,8.76568,1.00,1.00
2017.05.19 09:40:33.177,8.76444,8.76563,1.00,1.00
2017.05.19 09:40:33.849,8.7645,8.76568,1.00,1.00
2017.05.19 09:40:33.900,8.76469,8.76588,1.00,1.00
2017.05.19 09:40:33.951,8.76468,8.76586,1.00,1.00
2017.05.19 09:40:34.483,8.76468,8.76587,1.00,1.00
2017.05.19 09:40:34.902,8.76476,8.76595,1.00,1.00
2017.05.19 09:40:35.242,8.76467,8.76586,1.00,1.00
2017.05.19 09:40:35.546,8.76465,8.76584,1.00,1.00
2017.05.19 09:40:35.987,8.76472,8.76591,1.00,1.00
2017.05.19 09:40:38.049,8.76471,8.76589,1.00,1.00
2017.05.19 09:40:39.064,8.76467,8.76585,1.00,1.00
2017.05.19 09:40:40.007,8.76461,8.76579,1.00,1.00
2017.05.19 09:40:40.399,8.76459,8.76575,1.00,1.00
2017.05.19 09:40:41.061,8.76466,8.76584,1.00,1.00
2017.05.19 09:40:41.187,8.7646,8.76578,1.00,1.00
2017.05.19 09:40:42.062,8.76454,8.76572,1.00,1.00
2017.05.19 09:40:42.443,8.76465,8.76583,1.00,1.00
2017.05.19 09:40:43.220,8.7647,8.76588,1.00,1.00
2017.05.19 09:40:43.322,8.76427,8.7657,1.00,1.00
2017.05.19 09:40:43.373,8.76427,8.76565,1.00,1.00
2017.05.19 09:40:43.678,8.76394,8.76512,1.00,1.00
2017.05.19 09:40:44.268,8.7638,8.76499,1.00,1.00
2017.05.19 09:40:44.638,8.76389,8.76508,1.00,1.00
2017.05.19 09:40:44.740,8.7641,8.76552,1.00,1.00
2017.05.19 09:40:44.791,8.76433,8.76552,1.00,1.00
2017.05.19 09:40:45.096,8.76476,8.76577,1.00,1.00
2017.05.19 09:40:45.350,8.76476,8.76585,1.00,1.00
2017.05.19 09:40:45.612,8.76476,8.76589,1.00,1.00
2017.05.19 09:40:45.789,8.76463,8.76582,1.00,1.00
2017.05.19 09:40:45.841,8.76453,8.76572,1.00,1.00
2017.05.19 09:40:46.151,8.76467,8.76581,1.00,1.00
2017.05.19 09:40:46.253,8.76467,8.76584,1.00,1.00
2017.05.19 09:40:46.570,8.76467,8.76586,1.00,1.50
2017.05.19 09:40:47.111,8.76467,8.76585,1.00,1.00
2017.05.19 09:40:47.162,8.76463,8.76595,1.00,1.00
2017.05.19 09:40:47.213,8.76513,8.76595,1.00,1.00
2017.05.19 09:40:47.264,8.76524,8.76642,1.00,1.00
2017.05.19 09:40:47.460,8.76541,8.76659,1.00,1.00
2017.05.19 09:40:47.876,8.76514,8.76632,1.00,1.00
2017.05.19 09:40:48.220,8.76441,8.76559,1.00,1.00
2017.05.19 09:40:48.626,8.7642,8.76539,1.00,1.00
2017.05.19 09:40:49.994,8.76409,8.76527,1.00,1.00
2017.05.19 09:40:50.096,8.76387,8.76506,1.00,1.00
2017.05.19 09:40:50.147,8.76377,8.76495,1.00,1.00
2017.05.19 09:40:50.665,8.76367,8.76485,1.00,1.00
2017.05.19 09:40:53.352,8.76376,8.76494,1.00,1.00
2017.05.19 09:40:53.403,8.76368,8.76487,1.00,1.00
2017.05.19 09:40:54.346,8.76374,8.7649,1.00,1.00
2017.05.19 09:40:55.126,8.76369,8.76485,1.00,1.00
2017.05.19 09:40:55.331,8.76356,8.76475,1.00,1.00
2017.05.19 09:40:55.382,8.76363,8.76481,1.00,1.00
2017.05.19 09:40:56.348,8.76365,8.76483,1.00,1.00
2017.05.19 09:40:57.238,8.7636,8.76478,1.00,1.00
2017.05.19 09:40:57.558,8.76352,8.7647,1.00,1.00
2017.05.19 09:40:58.429,8.76349,8.76468,1.00,1.00
2017.05.19 09:40:58.778,8.76343,8.76462,1.00,1.00
2017.05.19 09:40:59.082,8.76354,8.76472,1.00,1.00
2017.05.19 09:40:59.389,8.76343,8.76461,1.00,1.00
2017.05.19 09:40:59.990,8.76334,8.76452,1.00,1.00
2017.05.19 09:41:00.294,8.76324,8.76442,1.00,1.00
2017.05.19 09:41:02.396,8.76307,8.76425,1.00,1.00
2017.05.19 09:41:02.497,8.76293,8.76412,1.00,1.00
2017.05.19 09:41:02.650,8.7628,8.76398,1.00,1.00
2017.05.19 09:41:02.955,8.7627,8.76386,1.00,1.00
2017.05.19 09:41:03.209,8.76252,8.7637,1.00,1.00
2017.05.19 09:41:03.453,8.76263,8.76379,1.00,1.00
2017.05.19 09:41:03.606,8.76283,8.76401,1.00,1.00
2017.05.19 09:41:05.610,8.76282,8.764,1.00,1.00
2017.05.19 09:41:06.114,8.76273,8.76391,1.00,1.00
2017.05.19 09:41:06.645,8.76277,8.76396,1.00,1.00
2017.05.19 09:41:08.109,8.76274,8.76392,1.00,1.00
2017.05.19 09:41:09.301,8.76257,8.76375,1.00,1.00
2017.05.19 09:41:09.606,8.76281,8.76399,1.00,1.00
2017.05.19 09:41:10.117,8.76291,8.76409,1.00,1.00
2017.05.19 09:41:10.402,8.76284,8.76403,1.00,1.00
2017.05.19 09:41:11.395,8.76286,8.76402,1.00,1.00
2017.05.19 09:41:11.935,8.76295,8.76413,1.00,1.00
2017.05.19 09:41:12.383,8.7629,8.76408,1.00,1.00
2017.05.19 09:41:12.904,8.76267,8.76402,1.00,1.00
2017.05.19 09:41:13.060,8.76279,8.76397,1.00,1.00
2017.05.19 09:41:13.263,8.76271,8.7639,1.00,1.00
2017.05.19 09:41:14.006,8.76265,8.76383,1.00,1.00
2017.05.19 09:41:16.149,8.76261,8.76379,1.00,1.00
2017.05.19 09:41:16.453,8.76256,8.76374,1.00,1.00
2017.05.19 09:41:16.765,8.76244,8.76362,1.00,1.00
2017.05.19 09:41:17.700,8.76249,8.76367,1.00,1.00
2017.05.19 09:41:18.698,8.76245,8.76363,1.00,1.00
2017.05.19 09:41:20.640,8.76244,8.76362,1.00,1.00
2017.05.19 09:41:22.799,8.76237,8.76355,1.00,1.00
2017.05.19 09:41:23.110,8.76206,8.76324,1.00,1.00
2017.05.19 09:41:23.415,8.76195,8.76313,1.00,1.00
2017.05.19 09:41:23.936,8.76191,8.76308,1.00,1.00
2017.05.19 09:41:25.114,8.76195,8.76312,1.00,1.00
2017.05.19 09:41:25.537,8.76217,8.76335,1.00,1.00
2017.05.19 09:41:25.689,8.76232,8.7635,1.00,1.00
2017.05.19 09:41:25.994,8.76242,8.76359,1.00,1.00
2017.05.19 09:41:26.584,8.76249,8.76367,1.00,1.00
2017.05.19 09:41:26.912,8.76242,8.76359,1.00,1.00
2017.05.19 09:41:27.341,8.7624,8.76359,1.00,1.00
2017.05.19 09:41:27.867,8.76268,8.76387,1.00,1.00
2017.05.19 09:41:28.172,8.76311,8.7643,1.00,1.50
2017.05.19 09:41:28.425,8.76292,8.76412,1.00,1.00
2017.05.19 09:41:28.864,8.76278,8.76398,1.00,1.00
2017.05.19 09:41:29.809,8.76333,8.76398,1.00,1.00
2017.05.19 09:41:29.861,8.76345,8.76464,1.00,1.00
2017.05.19 09:41:29.912,8.76377,8.76472,1.00,1.00
2017.05.19 09:41:29.964,8.76377,8.76497,1.00,1.00
2017.05.19 09:41:30.015,8.76362,8.76481,1.00,1.00
2017.05.19 09:41:30.067,8.7636,8.7648,1.00,1.00
2017.05.19 09:41:30.169,8.76341,8.7646,1.00,1.00
2017.05.19 09:41:30.585,8.76369,8.76488,1.00,1.50
2017.05.19 09:41:30.845,8.76355,8.76475,1.00,1.00
2017.05.19 09:41:31.199,8.76366,8.76485,1.00,1.00
2017.05.19 09:41:31.916,8.76375,8.76492,1.00,1.00
2017.05.19 09:41:32.159,8.76384,8.76504,1.00,1.00
2017.05.19 09:41:32.972,8.76385,8.76504,1.00,1.00
2017.05.19 09:41:33.973,8.7638,8.76499,1.00,1.00
2017.05.19 09:41:34.161,8.76388,8.76524,1.00,1.00
2017.05.19 09:41:34.212,8.76452,8.76524,1.00,1.00
2017.05.19 09:41:34.264,8.76452,8.76562,1.00,1.00
2017.05.19 09:41:34.316,8.76424,8.76543,1.00,1.00
2017.05.19 09:41:34.737,8.76406,8.76525,1.00,1.00
2017.05.19 09:41:35.294,8.7644,8.76559,1.00,1.00
2017.05.19 09:41:35.598,8.7641,8.76528,1.00,1.00
2017.05.19 09:41:36.106,8.76409,8.76528,1.00,1.00
2017.05.19 09:41:36.412,8.76446,8.76565,1.00,1.00
2017.05.19 09:41:38.207,8.76448,8.76567,1.00,1.00
2017.05.19 09:41:39.157,8.76459,8.76579,1.00,1.00
2017.05.19 09:41:39.309,8.76448,8.76567,1.00,1.00
2017.05.19 09:41:40.269,8.76432,8.76551,1.00,1.00
2017.05.19 09:41:40.573,8.76398,8.76517,1.00,1.00
2017.05.19 09:41:40.878,8.76386,8.76503,1.00,1.00
2017.05.19 09:41:41.406,8.76374,8.76493,1.00,1.00
2017.05.19 09:41:41.609,8.76365,8.76484,1.00,1.00
2017.05.19 09:41:42.010,8.76359,8.76478,1.00,1.00
2017.05.19 09:41:42.393,8.76349,8.76468,1.00,1.00
2017.05.19 09:41:42.699,8.7633,8.76447,1.00,1.00
2017.05.19 09:41:42.902,8.7634,8.76459,1.00,1.00
2017.05.19 09:41:43.416,8.76347,8.76466,1.00,1.00
2017.05.19 09:41:43.721,8.7637,8.76489,1.00,1.00
2017.05.19 09:41:44.059,8.76379,8.76498,1.00,1.00
2017.05.19 09:41:44.363,8.7639,8.76509,1.00,1.00
2017.05.19 09:41:45.006,8.76389,8.76509,1.00,1.00
2017.05.19 09:41:45.656,8.76383,8.76503,1.00,1.00
2017.05.19 09:41:45.961,8.76369,8.76488,1.00,1.00
2017.05.19 09:41:46.718,8.76367,8.76487,1.00,1.00
2017.05.19 09:41:47.322,8.76357,8.76477,1.00,1.00
2017.05.19 09:41:48.328,8.76369,8.76488,1.00,1.00
2017.05.19 09:41:49.310,8.76373,8.76492,1.00,1.00
2017.05.19 09:41:49.812,8.76363,8.76482,1.00,1.00
2017.05.19 09:41:50.487,8.76367,8.76487,1.00,1.00
2017.05.19 09:41:53.206,8.76371,8.76491,1.00,1.00
2017.05.19 09:41:53.584,8.76373,8.76492,1.00,1.00
2017.05.19 09:41:53.918,8.76377,8.76496,1.00,1.00
2017.05.19 09:41:54.489,8.76378,8.76496,1.00,1.00
2017.05.19 09:41:55.016,8.76397,8.76518,1.00,1.00
2017.05.19 09:41:55.159,8.76409,8.76527,1.00,1.00
2017.05.19 09:41:55.716,8.76392,8.7651,1.00,1.00
2017.05.19 09:41:56.020,8.76382,8.765,1.00,1.00
2017.05.19 09:41:56.720,8.76386,8.76504,1.00,1.00
2017.05.19 09:41:57.031,8.76392,8.76508,1.00,1.00
2017.05.19 09:41:57.457,8.76401,8.76517,1.00,1.00
2017.05.19 09:41:57.509,8.76402,8.7652,1.00,1.00
2017.05.19 09:41:57.561,8.76412,8.7653,1.00,1.00
2017.05.19 09:41:57.714,8.76389,8.76528,1.00,1.00
2017.05.19 09:41:57.765,8.76386,8.76505,1.00,1.00
2017.05.19 09:41:58.726,8.76378,8.76494,1.00,1.00
2017.05.19 09:41:59.489,8.76371,8.76489,1.00,1.00
2017.05.19 09:41:59.693,8.76357,8.76475,1.00,1.00
2017.05.19 09:42:00.011,8.76344,8.7646,1.00,1.00
2017.05.19 09:42:00.322,8.76335,8.76451,1.00,1.00
2017.05.19 09:42:01.032,8.76344,8.76462,1.00,1.00
2017.05.19 09:42:02.941,8.76342,8.7646,1.00,1.00
2017.05.19 09:42:03.324,8.76346,8.76464,1.00,1.00
2017.05.19 09:42:03.675,8.76326,8.76444,1.00,1.00
2017.05.19 09:42:03.979,8.76341,8.76459,1.00,1.00
2017.05.19 09:42:04.392,8.76351,8.76469,1.00,1.00
2017.05.19 09:42:05.598,8.76341,8.76458,1.00,1.00
2017.05.19 09:42:05.700,8.76352,8.7647,1.00,1.00
2017.05.19 09:42:06.117,8.76358,8.76476,1.00,1.00
2017.05.19 09:42:06.456,8.76348,8.76466,1.00,1.00
2017.05.19 09:42:07.498,8.76341,8.76459,1.00,1.00
2017.05.19 09:42:08.481,8.76345,8.76463,1.00,1.00
2017.05.19 09:42:10.160,8.76369,8.76487,1.00,1.00
2017.05.19 09:42:10.465,8.76378,8.76496,1.00,1.00
2017.05.19 09:42:10.793,8.76447,8.76554,1.00,1.00
2017.05.19 09:42:10.894,8.76454,8.76572,1.00,1.00
2017.05.19 09:42:10.945,8.76478,8.76595,1.00,1.00
2017.05.19 09:42:11.047,8.765,8.76618,1.00,1.00
2017.05.19 09:42:11.352,8.76514,8.76632,1.00,1.00
2017.05.19 09:42:11.656,8.76534,8.76652,1.00,1.00
2017.05.19 09:42:11.975,8.76551,8.76657,1.00,1.00
2017.05.19 09:42:12.027,8.76535,8.76653,1.00,1.00
2017.05.19 09:42:12.729,8.76539,8.76657,1.00,1.00
2017.05.19 09:42:13.033,8.7652,8.76638,1.00,1.00
2017.05.19 09:42:13.338,8.7651,8.76628,1.00,1.00
2017.05.19 09:42:14.040,8.76504,8.76622,1.00,1.00
2017.05.19 09:42:15.011,8.76501,8.76619,1.00,1.00
2017.05.19 09:42:17.480,8.76493,8.76611,1.00,1.00
2017.05.19 09:42:17.937,8.76506,8.76624,1.00,1.00
2017.05.19 09:42:18.318,8.76496,8.76614,1.00,1.00
2017.05.19 09:42:18.521,8.76501,8.76648,1.00,1.00
2017.05.19 09:42:18.573,8.76504,8.76648,1.60,1.00
2017.05.19 09:42:18.877,8.76543,8.76659,1.00,1.00
2017.05.19 09:42:19.298,8.76556,8.76674,1.00,1.00
2017.05.19 09:42:19.836,8.7656,8.76727,1.00,1.00
2017.05.19 09:42:19.887,8.76627,8.76727,1.00,1.00
2017.05.19 09:42:20.040,8.76632,8.7675,1.00,1.00
2017.05.19 09:42:20.091,8.76612,8.7673,1.00,1.00
2017.05.19 09:42:20.581,8.76591,8.76709,1.00,1.00
2017.05.19 09:42:21.039,8.766,8.76718,1.00,1.00
2017.05.19 09:42:21.344,8.7659,8.76708,1.00,1.00
2017.05.19 09:42:21.668,8.766,8.76716,1.00,1.00
2017.05.19 09:42:22.813,8.76609,8.76727,1.00,1.00
2017.05.19 09:42:23.119,8.76603,8.76721,1.00,1.00
2017.05.19 09:42:23.523,8.76553,8.76668,1.00,1.00
2017.05.19 09:42:23.828,8.7654,8.76658,1.00,1.00
2017.05.19 09:42:24.169,8.76555,8.76663,1.00,1.00
2017.05.19 09:42:24.474,8.76623,8.76726,1.00,1.00
2017.05.19 09:42:24.620,8.76623,8.76732,1.00,1.00
2017.05.19 09:42:24.824,8.76581,8.76699,1.00,1.00
2017.05.19 09:42:24.977,8.76606,8.76724,1.00,1.00
2017.05.19 09:42:25.381,8.76591,8.76708,1.00,1.00
2017.05.19 09:42:25.483,8.76605,8.76723,1.00,1.00
2017.05.19 09:42:25.585,8.76595,8.76713,1.00,1.00
2017.05.19 09:42:25.916,8.76607,8.76725,1.00,1.00
2017.05.19 09:42:26.681,8.76599,8.76717,1.00,1.00
2017.05.19 09:42:27.260,8.76648,8.76731,1.00,1.00
2017.05.19 09:42:27.311,8.76685,8.7679,1.00,1.00
2017.05.19 09:42:27.362,8.76685,8.76803,1.00,1.00
2017.05.19 09:42:27.414,8.76705,8.76822,1.00,1.50
2017.05.19 09:42:27.718,8.76705,8.7682,1.00,1.00
2017.05.19 09:42:28.073,8.76705,8.76822,1.00,1.00
2017.05.19 09:42:28.226,8.76714,8.76832,1.00,1.00
2017.05.19 09:42:28.277,8.7673,8.76846,1.00,1.00
2017.05.19 09:42:28.689,8.76759,8.7685,1.00,1.00
2017.05.19 09:42:28.740,8.7675,8.7686,1.00,1.00
2017.05.19 09:42:29.029,8.7675,8.76852,1.00,1.00
2017.05.19 09:42:29.334,8.76757,8.76852,1.00,1.00
2017.05.19 09:42:29.588,8.76731,8.76828,1.00,1.00
2017.05.19 09:42:29.690,8.7669,8.76808,1.00,1.00
2017.05.19 09:42:29.842,8.7669,8.76804,1.00,1.00
2017.05.19 09:42:30.046,8.76688,8.76804,1.00,1.00
2017.05.19 09:42:30.097,8.76704,8.76804,1.00,1.00
2017.05.19 09:42:30.148,8.76704,8.7681,1.00,1.00
2017.05.19 09:42:30.250,8.76687,8.76806,1.00,1.00
2017.05.19 09:42:30.480,8.76666,8.76783,1.00,1.00
2017.05.19 09:42:30.735,8.76645,8.76765,1.00,1.00
2017.05.19 09:42:33.028,8.76655,8.76775,1.00,1.00
2017.05.19 09:42:33.416,8.76662,8.76782,1.00,1.00
2017.05.19 09:42:33.731,8.7678,8.76856,1.00,1.00
2017.05.19 09:42:33.782,8.7678,8.76899,1.00,1.75
2017.05.19 09:42:33.833,8.76799,8.76918,1.00,1.00
2017.05.19 09:42:33.935,8.76819,8.76939,1.00,1.00
2017.05.19 09:42:34.088,8.76819,8.76902,1.00,1.00
2017.05.19 09:42:34.293,8.76819,8.76928,1.00,1.00
2017.05.19 09:42:34.825,8.76815,8.76927,1.00,1.00
2017.05.19 09:42:34.927,8.76815,8.76916,1.00,1.00
2017.05.19 09:42:35.236,8.76815,8.76914,1.00,1.00
2017.05.19 09:42:35.769,8.76815,8.76915,1.00,1.00
2017.05.19 09:42:35.871,8.76813,8.76915,1.00,1.00
2017.05.19 09:42:35.922,8.76813,8.76918,1.00,1.00
2017.05.19 09:42:36.023,8.76822,8.76918,1.00,1.00
2017.05.19 09:42:36.277,8.76847,8.7696,1.00,1.00
2017.05.19 09:42:36.480,8.76847,8.76967,1.00,1.00
2017.05.19 09:42:36.796,8.76847,8.76963,1.00,1.00
2017.05.19 09:42:37.126,8.76857,8.76961,1.00,1.00
2017.05.19 09:42:37.675,8.76857,8.76962,1.00,1.00
2017.05.19 09:42:38.005,8.76857,8.76958,1.00,1.00
2017.05.19 09:42:38.665,8.76856,8.76956,1.00,1.00
2017.05.19 09:42:38.886,8.7686,8.76961,1.00,1.00
2017.05.19 09:42:39.312,8.76881,8.76961,1.00,1.00
2017.05.19 09:42:39.364,8.76881,8.77,1.00,1.00
2017.05.19 09:42:39.415,8.76891,8.7701,1.00,1.00
2017.05.19 09:42:39.717,8.76901,8.77011,1.00,1.00
2017.05.19 09:42:40.056,8.76901,8.77003,1.00,1.00
2017.05.19 09:42:40.375,8.76901,8.76999,1.00,1.00
2017.05.19 09:42:40.426,8.76898,8.76999,1.00,1.00
2017.05.19 09:42:40.528,8.76907,8.76999,1.00,1.00
2017.05.19 09:42:40.782,8.76916,8.77014,1.00,1.00
2017.05.19 09:42:41.086,8.76916,8.76998,1.00,1.00
2017.05.19 09:42:41.188,8.76897,8.76998,1.00,1.00
2017.05.19 09:42:41.289,8.76907,8.76998,1.00,1.00
2017.05.19 09:42:41.442,8.76916,8.77015,1.00,1.00
2017.05.19 09:42:41.595,8.76928,8.77015,1.00,1.00
2017.05.19 09:42:41.646,8.76928,8.7703,1.00,1.00
2017.05.19 09:42:42.002,8.76928,8.77034,1.00,1.00
2017.05.19 09:42:42.314,8.76933,8.77032,1.00,1.00
2017.05.19 09:42:42.862,8.76933,8.77031,1.00,1.00
2017.05.19 09:42:43.211,8.76943,8.77031,1.00,1.00
2017.05.19 09:42:43.313,8.76943,8.77035,1.00,1.00
2017.05.19 09:42:43.416,8.76952,8.77035,1.00,1.00
2017.05.19 09:42:43.840,8.76952,8.77045,1.00,1.00
2017.05.19 09:42:44.166,8.76952,8.77048,1.00,1.00
2017.05.19 09:42:44.416,8.7695,8.77048,1.00,1.00
2017.05.19 09:42:44.867,8.7695,8.77051,1.00,1.00
2017.05.19 09:42:44.918,8.7696,8.77051,1.00,1.00
2017.05.19 09:42:45.193,8.7696,8.77055,1.00,1.00
2017.05.19 09:42:45.295,8.76976,8.77074,1.00,1.00
2017.05.19 09:42:45.440,8.76987,8.77105,1.00,1.00
2017.05.19 09:42:45.718,8.76987,8.77094,1.00,1.00
2017.05.19 09:42:46.026,8.77029,8.77094,1.00,1.00
2017.05.19 09:42:46.077,8.77054,8.77173,1.00,1.00
2017.05.19 09:42:46.179,8.77054,8.77122,1.00,1.00
2017.05.19 09:42:46.230,8.77044,8.77122,1.00,1.00
2017.05.19 09:42:46.630,8.77044,8.77129,1.00,1.00
2017.05.19 09:42:46.815,8.77044,8.77137,1.00,1.00
2017.05.19 09:42:47.041,8.77036,8.77137,1.00,1.00
2017.05.19 09:42:47.482,8.77036,8.77142,1.00,1.00
2017.05.19 09:42:47.705,8.77036,8.77145,1.00,1.00
2017.05.19 09:42:48.015,8.77036,8.77148,1.00,1.00
2017.05.19 09:42:48.345,8.77036,8.77151,1.00,1.00
2017.05.19 09:42:48.396,8.77043,8.77151,1.00,1.00
2017.05.19 09:42:48.566,8.77043,8.77162,1.00,1.00
2017.05.19 09:42:49.108,8.77036,8.77156,1.00,1.00
2017.05.19 09:42:49.418,8.77039,8.77173,1.00,1.00
2017.05.19 09:42:49.470,8.77074,8.77195,1.60,1.37
2017.05.19 09:42:49.622,8.77213,8.77325,1.00,1.00
2017.05.19 09:42:49.856,8.77242,8.77346,1.00,1.00
2017.05.19 09:42:50.111,8.77269,8.77385,1.00,1.00
2017.05.19 09:42:50.163,8.77269,8.77385,1.60,1.00
2017.05.19 09:42:50.265,8.77308,8.77427,1.00,1.00
2017.05.19 09:42:50.367,8.77345,8.77433,1.00,1.00
2017.05.19 09:42:50.572,8.77372,8.77473,1.00,1.00
2017.05.19 09:42:50.624,8.77357,8.77473,1.00,1.00
2017.05.19 09:42:50.777,8.77357,8.77467,1.00,1.00
2017.05.19 09:42:51.243,8.77338,8.77444,1.00,1.00
2017.05.19 09:42:51.294,8.77327,8.77444,1.00,1.00
2017.05.19 09:42:51.396,8.77338,8.77444,1.00,1.00
2017.05.19 09:42:51.448,8.77338,8.77457,1.00,1.00
2017.05.19 09:42:51.653,8.77349,8.77469,1.00,1.00
2017.05.19 09:42:51.757,8.77351,8.77455,1.00,1.00
2017.05.19 09:42:51.910,8.77314,8.77432,1.00,1.00
2017.05.19 09:42:52.824,8.77299,8.77418,1.00,1.00
2017.05.19 09:42:52.926,8.77309,8.77428,1.00,1.00
2017.05.19 09:42:53.230,8.77299,8.77418,1.00,1.00
2017.05.19 09:42:53.332,8.77288,8.77408,1.00,1.00
2017.05.19 09:42:53.485,8.77302,8.77421,1.00,1.00
2017.05.19 09:42:53.821,8.773,8.77419,1.00,1.00
2017.05.19 09:42:54.126,8.7729,8.77409,1.00,1.00
2017.05.19 09:42:54.481,8.77279,8.77399,1.00,1.00
2017.05.19 09:42:54.532,8.77242,8.77361,1.00,1.00
2017.05.19 09:42:54.837,8.77242,8.77355,1.00,1.00
2017.05.19 09:42:54.888,8.7723,8.7735,1.00,1.00
2017.05.19 09:42:54.989,8.7723,8.77336,1.00,1.00
2017.05.19 09:42:55.104,8.7722,8.77336,1.00,1.00
2017.05.19 09:42:55.199,8.7722,8.7732,1.00,1.00
2017.05.19 09:42:55.250,8.77208,8.7732,1.00,1.00
2017.05.19 09:42:55.301,8.77194,8.77313,1.00,1.00
2017.05.19 09:42:55.907,8.77181,8.77301,1.00,1.00
2017.05.19 09:42:56.162,8.77191,8.77303,1.00,1.00
2017.05.19 09:42:56.467,8.772,8.77309,1.00,1.00
2017.05.19 09:42:56.751,8.772,8.77315,1.00,1.00
2017.05.19 09:42:57.035,8.772,8.77311,1.00,1.00
2017.05.19 09:42:57.368,8.772,8.77308,1.00,1.00
2017.05.19 09:42:57.672,8.77281,8.77355,1.00,1.00
2017.05.19 09:42:57.825,8.77314,8.77395,1.00,1.00
2017.05.19 09:42:58.028,8.77223,8.7739,1.00,2.10
2017.05.19 09:42:58.079,8.7722,8.77399,1.00,2.10
2017.05.19 09:42:58.130,8.77203,8.77305,1.50,1.00
2017.05.19 09:42:58.181,8.7716,8.77279,1.00,1.00
2017.05.19 09:42:58.486,8.7716,8.77195,1.00,1.00
2017.05.19 09:42:58.627,8.7716,8.77255,1.00,1.00
2017.05.19 09:42:58.681,8.77144,8.77255,1.00,1.00
2017.05.19 09:42:58.905,8.77144,8.77263,1.00,1.00
2017.05.19 09:42:59.108,8.77154,8.77264,1.00,1.00
2017.05.19 09:42:59.261,8.77116,8.77236,1.00,1.00
2017.05.19 09:42:59.313,8.77064,8.77184,1.00,1.00
2017.05.19 09:42:59.617,8.77082,8.77201,1.00,1.00
2017.05.19 09:42:59.719,8.77123,8.77243,1.00,1.00
2017.05.19 09:42:59.871,8.77144,8.77263,1.00,1.00
2017.05.19 09:43:00.329,8.77121,8.77241,1.00,1.00
2017.05.19 09:43:01.311,8.77133,8.77251,1.00,1.00
2017.05.19 09:43:01.366,8.77133,8.77253,1.00,1.00
2017.05.19 09:43:02.059,8.7714,8.77259,1.00,1.00
2017.05.19 09:43:02.317,8.77145,8.77265,1.00,1.00
2017.05.19 09:43:02.735,8.77133,8.77271,1.00,1.60
2017.05.19 09:43:02.787,8.77082,8.77237,1.00,1.60
2017.05.19 09:43:02.838,8.77082,8.77213,1.00,1.60
2017.05.19 09:43:03.168,8.77066,8.77185,1.00,1.00
2017.05.19 09:43:03.843,8.77046,8.77165,1.00,1.00
2017.05.19 09:43:04.147,8.7704,8.77159,1.00,1.00
2017.05.19 09:43:04.703,8.77025,8.77144,1.00,1.00
2017.05.19 09:43:04.754,8.77026,8.77146,1.00,1.00
2017.05.19 09:43:05.706,8.77018,8.77137,1.00,1.00
2017.05.19 09:43:06.107,8.77034,8.77153,1.00,1.00
2017.05.19 09:43:06.518,8.77023,8.77142,1.00,1.00
2017.05.19 09:43:06.823,8.77009,8.77128,1.00,1.00
2017.05.19 09:43:07.459,8.77014,8.77133,1.00,1.00
2017.05.19 09:43:07.781,8.77024,8.77143,1.00,1.00
2017.05.19 09:43:07.832,8.7704,8.7716,1.00,1.00
2017.05.19 09:43:11.001,8.77007,8.77126,1.00,1.00
2017.05.19 09:43:11.991,8.77001,8.77121,1.00,1.00
2017.05.19 09:43:12.043,8.76978,8.77097,1.00,1.00
2017.05.19 09:43:12.094,8.76968,8.77088,1.00,1.00
2017.05.19 09:43:12.258,8.76955,8.77072,1.00,1.00
2017.05.19 09:43:13.890,8.76958,8.77075,1.00,1.00
2017.05.19 09:43:14.368,8.76963,8.77083,1.00,1.00
2017.05.19 09:43:14.561,8.7697,8.77089,1.00,1.00
2017.05.19 09:43:14.663,8.76986,8.77106,1.00,1.00
2017.05.19 09:43:14.714,8.76996,8.77116,1.00,1.00
2017.05.19 09:43:15.739,8.76991,8.77111,1.00,1.00
2017.05.19 09:43:16.044,8.76986,8.77105,1.00,1.00
2017.05.19 09:43:16.761,8.76991,8.7711,1.00,1.00
2017.05.19 09:43:17.822,8.77007,8.77126,1.00,1.00
2017.05.19 09:43:17.873,8.77023,8.77143,1.00,1.00
2017.05.19 09:43:18.297,8.77037,8.77156,1.00,1.00
2017.05.19 09:43:18.835,8.77031,8.7715,1.00,1.00
2017.05.19 09:43:20.929,8.77033,8.77152,1.00,1.00
2017.05.19 09:43:21.202,8.77038,8.77158,1.00,1.00
2017.05.19 09:43:21.304,8.77049,8.77169,1.00,1.00
2017.05.19 09:43:22.314,8.77051,8.77171,1.00,1.00
2017.05.19 09:43:22.662,8.77044,8.77164,1.00,1.00
2017.05.19 09:43:22.970,8.76996,8.77115,1.00,1.00
2017.05.19 09:43:23.327,8.77009,8.77129,1.00,1.00
2017.05.19 09:43:23.378,8.76966,8.77085,1.00,1.00
2017.05.19 09:43:23.429,8.76992,8.77112,1.00,1.00
2017.05.19 09:43:23.531,8.76964,8.77084,1.00,1.00
2017.05.19 09:43:24.091,8.76966,8.77086,1.00,1.00
2017.05.19 09:43:24.259,8.76916,8.77048,1.00,1.00
2017.05.19 09:43:24.312,8.76955,8.77074,1.00,1.00
2017.05.19 09:43:24.363,8.76947,8.77089,1.00,1.00
2017.05.19 09:43:24.516,8.76947,8.77066,1.00,1.00
2017.05.19 09:43:25.288,8.76936,8.77056,1.00,1.00
2017.05.19 09:43:25.390,8.76926,8.77046,1.00,1.00
2017.05.19 09:43:25.694,8.77004,8.77068,1.00,1.00
2017.05.19 09:43:25.746,8.76972,8.77068,1.00,1.00
2017.05.19 09:43:25.847,8.76972,8.77088,1.00,1.00
2017.05.19 09:43:25.949,8.76972,8.77088,1.00,1.75
2017.05.19 09:43:26.000,8.76938,8.77057,1.00,1.00
2017.05.19 09:43:26.344,8.76938,8.77055,1.00,1.00
2017.05.19 09:43:26.675,8.76938,8.77057,1.00,1.00
2017.05.19 09:43:27.857,8.76968,8.77079,1.00,1.00
2017.05.19 09:43:27.979,8.77071,8.77191,1.00,1.00
2017.05.19 09:43:28.689,8.77088,8.77207,1.00,1.00
2017.05.19 09:43:28.871,8.77098,8.77218,1.00,1.00
2017.05.19 09:43:28.922,8.77088,8.77207,1.00,1.00
2017.05.19 09:43:29.227,8.77066,8.77185,1.00,1.00
2017.05.19 09:43:29.534,8.77047,8.77166,1.00,1.00
2017.05.19 09:43:30.345,8.77037,8.77156,1.00,1.00
2017.05.19 09:43:30.497,8.7708,8.772,1.00,1.00
2017.05.19 09:43:30.802,8.7709,8.7721,1.00,1.00
2017.05.19 09:43:31.320,8.7708,8.772,1.00,1.00
2017.05.19 09:43:31.717,8.7709,8.7721,1.00,1.00
2017.05.19 09:43:32.312,8.77078,8.77197,1.00,1.00
2017.05.19 09:43:32.642,8.77042,8.77126,1.00,1.00
2017.05.19 09:43:32.693,8.77027,8.77126,1.00,1.00
2017.05.19 09:43:32.947,8.77027,8.77118,1.00,1.00
2017.05.19 09:43:33.246,8.77027,8.77134,1.00,1.00
2017.05.19 09:43:33.297,8.77037,8.77134,1.00,1.00
2017.05.19 09:43:33.500,8.77037,8.77146,1.00,1.00
2017.05.19 09:43:33.785,8.77037,8.77156,1.00,1.00
2017.05.19 09:43:34.445,8.77037,8.77157,1.00,1.00
2017.05.19 09:43:35.269,8.76993,8.77138,1.00,1.00
2017.05.19 09:43:35.471,8.77003,8.77122,1.00,1.00
2017.05.19 09:43:35.973,8.7701,8.77129,1.00,1.00
2017.05.19 09:43:36.483,8.77015,8.77134,1.00,1.00
2017.05.19 09:43:36.767,8.77031,8.77151,1.00,1.00
2017.05.19 09:43:37.178,8.77022,8.77163,1.00,1.00
2017.05.19 09:43:37.231,8.77032,8.77152,1.00,1.00
2017.05.19 09:43:37.860,8.77004,8.77142,1.00,1.00
2017.05.19 09:43:38.844,8.77026,8.77146,1.00,1.00
2017.05.19 09:43:39.230,8.77037,8.77156,1.00,1.00
2017.05.19 09:43:39.735,8.77045,8.77165,1.00,1.00
2017.05.19 09:43:40.436,8.77051,8.7717,1.00,1.00
2017.05.19 09:43:41.422,8.77057,8.77176,1.00,1.00
2017.05.19 09:43:41.761,8.7703,8.77176,1.00,1.00
2017.05.19 09:43:41.812,8.77017,8.77139,1.00,1.00
2017.05.19 09:43:42.117,8.76998,8.77118,1.00,1.00
2017.05.19 09:43:43.952,8.76994,8.77114,1.00,1.00
2017.05.19 09:43:45.061,8.76997,8.77119,1.00,1.00
2017.05.19 09:43:45.112,8.77032,8.77119,1.00,1.00
2017.05.19 09:43:45.163,8.77032,8.77151,1.00,1.00
2017.05.19 09:43:45.214,8.77018,8.77139,1.00,1.00
2017.05.19 09:43:45.265,8.76998,8.77109,1.00,1.00
2017.05.19 09:43:45.316,8.76994,8.77109,1.00,1.00
2017.05.19 09:43:45.418,8.76969,8.77089,1.00,1.00
2017.05.19 09:43:45.983,8.76939,8.77058,1.00,1.00
2017.05.19 09:43:46.389,8.76934,8.77054,1.00,1.00
2017.05.19 09:43:46.491,8.76942,8.77062,1.00,1.00
2017.05.19 09:43:46.797,8.76973,8.7709,1.00,1.00
2017.05.19 09:43:47.634,8.76971,8.7709,1.00,1.00
2017.05.19 09:43:48.606,8.76968,8.77087,1.00,1.00
2017.05.19 09:43:48.856,8.76982,8.77102,1.00,1.00
2017.05.19 09:43:49.008,8.76982,8.77085,1.00,1.00
2017.05.19 09:43:49.312,8.76982,8.77102,1.00,1.50
2017.05.19 09:43:49.854,8.76984,8.77103,1.00,1.00
2017.05.19 09:43:50.953,8.76986,8.77103,1.00,1.00
2017.05.19 09:43:52.612,8.77006,8.77126,1.00,1.00
2017.05.19 09:43:52.663,8.77016,8.7716,1.00,1.00
2017.05.19 09:43:52.714,8.77002,8.77119,1.00,1.00
2017.05.19 09:43:53.324,8.77007,8.7715,1.00,1.00
2017.05.19 09:43:53.628,8.77007,8.77136,1.00,1.00
2017.05.19 09:43:53.986,8.77006,8.77126,1.00,1.50
2017.05.19 09:43:54.323,8.77006,8.77118,1.00,1.00
2017.05.19 09:43:54.668,8.77005,8.77112,1.00,1.00
2017.05.19 09:43:54.821,8.77012,8.7713,1.00,1.00
2017.05.19 09:43:55.024,8.77026,8.7713,1.00,1.00
2017.05.19 09:43:55.384,8.77009,8.77129,1.00,1.00
2017.05.19 09:43:55.790,8.77,8.77116,1.00,1.00
2017.05.19 09:43:55.892,8.76988,8.77108,1.00,1.00
2017.05.19 09:43:55.943,8.76988,8.77079,1.00,1.00
2017.05.19 09:43:56.259,8.76988,8.7709,1.00,1.00
2017.05.19 09:43:56.485,8.76988,8.77092,1.00,1.00
2017.05.19 09:43:56.631,8.76982,8.77092,1.00,1.00
2017.05.19 09:43:56.935,8.76982,8.77096,1.00,1.00
2017.05.19 09:43:57.106,8.76982,8.77101,1.00,1.50
2017.05.19 09:43:57.620,8.77004,8.77102,1.00,1.00
2017.05.19 09:43:57.672,8.77004,8.77118,1.00,1.00
2017.05.19 09:43:57.988,8.77017,8.77136,1.00,1.00
2017.05.19 09:43:58.782,8.77013,8.77132,1.00,1.00
2017.05.19 09:43:59.126,8.77019,8.77136,1.00,1.00
2017.05.19 09:44:00.025,8.77018,8.77136,1.00,1.00
2017.05.19 09:44:01.423,8.77031,8.77149,1.00,1.00
2017.05.19 09:44:01.735,8.77025,8.77143,1.00,1.00
2017.05.19 09:44:02.240,8.77013,8.77131,1.00,1.00
2017.05.19 09:44:02.698,8.77006,8.77124,1.00,1.00
2017.05.19 09:44:04.016,8.77006,8.77125,1.00,1.00
2017.05.19 09:44:05.073,8.77003,8.77121,1.00,1.00
2017.05.19 09:44:06.074,8.77003,8.77122,1.00,1.00
2017.05.19 09:44:06.722,8.77009,8.77127,1.00,1.00
2017.05.19 09:44:07.017,8.77036,8.77155,1.00,1.00
2017.05.19 09:44:07.069,8.77046,8.77164,1.00,1.00
2017.05.19 09:44:08.060,8.77048,8.77164,1.00,1.00
2017.05.19 09:44:09.034,8.77049,8.77167,1.00,1.00
2017.05.19 09:44:10.110,8.7705,8.77168,1.00,1.00
2017.05.19 09:44:10.890,8.77044,8.77162,1.00,1.00
2017.05.19 09:44:11.194,8.77039,8.77157,1.00,1.00
2017.05.19 09:44:11.517,8.77055,8.77171,1.00,1.00
2017.05.19 09:44:11.668,8.7707,8.77198,1.00,1.00
2017.05.19 09:44:11.720,8.77086,8.77206,1.00,1.00
2017.05.19 09:44:11.923,8.77091,8.77224,1.00,1.00
2017.05.19 09:44:11.974,8.77139,8.77258,1.00,1.00
2017.05.19 09:44:12.025,8.77141,8.77279,1.00,1.00
2017.05.19 09:44:12.076,8.77178,8.77267,1.00,1.00
2017.05.19 09:44:12.128,8.77115,8.77233,1.00,1.00
2017.05.19 09:44:12.635,8.77115,8.77229,1.00,1.00
2017.05.19 09:44:12.745,8.77088,8.77207,1.00,1.00
2017.05.19 09:44:13.049,8.77075,8.77193,1.00,1.00
2017.05.19 09:44:13.310,8.77063,8.77182,1.00,1.00
2017.05.19 09:44:13.361,8.77054,8.77173,1.00,1.00
2017.05.19 09:44:13.668,8.77041,8.7716,1.00,1.00
2017.05.19 09:44:14.232,8.77035,8.77152,1.00,1.00
2017.05.19 09:44:14.615,8.7704,8.77158,1.00,1.00
2017.05.19 09:44:15.516,8.77049,8.77167,1.00,1.00
2017.05.19 09:44:15.823,8.77064,8.77182,1.00,1.00
2017.05.19 09:44:16.038,8.77033,8.77152,1.00,1.00
2017.05.19 09:44:16.444,8.77048,8.77166,1.00,1.00
2017.05.19 09:44:16.779,8.77039,8.77158,1.00,1.00
2017.05.19 09:44:17.717,8.7703,8.77149,1.00,1.00
2017.05.19 09:44:18.035,8.77025,8.77144,1.00,1.00
2017.05.19 09:44:20.425,8.77026,8.77142,1.00,1.00
2017.05.19 09:44:20.577,8.77037,8.77155,1.00,1.00
2017.05.19 09:44:20.629,8.77051,8.77169,1.00,1.00
2017.05.19 09:44:20.832,8.77027,8.77148,1.00,1.00
2017.05.19 09:44:21.561,8.77043,8.77161,1.00,1.00
2017.05.19 09:44:21.714,8.77034,8.77153,1.00,1.00
2017.05.19 09:44:21.954,8.77044,8.77179,1.00,1.00
2017.05.19 09:44:22.005,8.77066,8.77194,1.00,1.00
2017.05.19 09:44:23.298,8.77076,8.77194,1.00,1.00
2017.05.19 09:44:23.349,8.77036,8.77179,1.00,1.00
2017.05.19 09:44:23.542,8.77027,8.77145,1.00,1.00
2017.05.19 09:44:23.846,8.76989,8.77107,1.00,1.00
2017.05.19 09:44:24.741,8.77,8.77118,1.00,1.00
2017.05.19 09:44:25.058,8.77009,8.77127,1.00,1.00
2017.05.19 09:44:25.363,8.76995,8.77113,1.00,1.00
2017.05.19 09:44:26.126,8.76973,8.77091,1.00,1.00
2017.05.19 09:44:26.482,8.76964,8.7708,1.00,1.00
2017.05.19 09:44:26.876,8.76949,8.77067,1.00,1.00
2017.05.19 09:44:26.978,8.76935,8.77053,1.00,1.00
2017.05.19 09:44:27.181,8.76945,8.77064,1.00,1.00
2017.05.19 09:44:27.620,8.76936,8.77052,1.00,1.00
2017.05.19 09:44:27.823,8.76926,8.77044,1.00,1.00
2017.05.19 09:44:28.526,8.769,8.77053,1.00,1.00
2017.05.19 09:44:28.577,8.76917,8.77036,1.00,1.00
2017.05.19 09:44:28.884,8.76959,8.77062,1.00,1.00
2017.05.19 09:44:28.935,8.76959,8.77078,1.00,1.00
2017.05.19 09:44:28.986,8.76947,8.77063,1.00,1.00
2017.05.19 09:44:29.944,8.76954,8.77072,1.00,1.00
2017.05.19 09:44:29.995,8.76966,8.77084,1.00,1.00
2017.05.19 09:44:30.516,8.76961,8.77108,1.00,1.00
2017.05.19 09:44:30.567,8.76982,8.77108,1.35,1.00
2017.05.19 09:44:30.871,8.77087,8.77144,1.00,1.00
2017.05.19 09:44:30.923,8.77087,8.77205,1.00,1.00
2017.05.19 09:44:31.026,8.77103,8.77221,1.00,1.00
2017.05.19 09:44:31.129,8.77016,8.77197,1.00,1.60
2017.05.19 09:44:31.180,8.77016,8.77152,1.00,1.00
2017.05.19 09:44:31.377,8.77,8.7714,1.00,1.00
2017.05.19 09:44:31.581,8.77,8.77131,1.00,1.00
2017.05.19 09:44:31.998,8.76997,8.77116,1.00,1.00
2017.05.19 09:44:32.666,8.77006,8.77125,1.00,1.00
2017.05.19 09:44:33.021,8.77016,8.77128,1.00,1.00
2017.05.19 09:44:33.072,8.77016,8.77134,1.00,1.00
2017.05.19 09:44:33.949,8.77018,8.77136,1.00,1.00
2017.05.19 09:44:34.545,8.77017,8.77136,1.00,1.00
2017.05.19 09:44:35.074,8.77018,8.77134,1.00,1.00
2017.05.19 09:44:35.391,8.77012,8.7713,1.00,1.00
2017.05.19 09:44:36.156,8.77012,8.77129,1.00,1.00
2017.05.19 09:44:36.427,8.77001,8.77129,1.00,1.00
2017.05.19 09:44:36.529,8.76989,8.77132,1.00,1.00
2017.05.19 09:44:36.859,8.76989,8.77123,1.00,1.00
2017.05.19 09:44:37.365,8.76989,8.77122,1.00,1.00
2017.05.19 09:44:37.906,8.76989,8.77121,1.00,1.00
2017.05.19 09:44:38.355,8.76989,8.77118,1.00,1.00
2017.05.19 09:44:38.685,8.76989,8.77116,1.00,1.00
2017.05.19 09:44:38.990,8.76959,8.77076,1.00,1.00
2017.05.19 09:44:39.625,8.76928,8.77045,1.00,1.00
2017.05.19 09:44:39.676,8.76917,8.77035,1.00,1.00
2017.05.19 09:44:39.727,8.76905,8.77023,1.00,1.00
2017.05.19 09:44:40.031,8.76875,8.76992,1.00,1.00
2017.05.19 09:44:40.236,8.7687,8.76988,1.00,1.00
2017.05.19 09:44:40.288,8.76854,8.76967,1.00,1.00
2017.05.19 09:44:40.491,8.7687,8.76988,1.00,1.00
2017.05.19 09:44:40.745,8.76882,8.77,1.00,1.00
2017.05.19 09:44:41.276,8.76892,8.7701,1.00,1.00
2017.05.19 09:44:41.581,8.76884,8.77002,1.00,1.00
2017.05.19 09:44:41.887,8.76894,8.77012,1.00,1.00
2017.05.19 09:44:42.995,8.76884,8.77002,1.00,1.00
2017.05.19 09:44:43.300,8.76903,8.77021,1.00,1.00
2017.05.19 09:44:44.126,8.76899,8.77015,1.00,1.00
2017.05.19 09:44:44.505,8.76894,8.77012,1.00,1.00
2017.05.19 09:44:45.218,8.76918,8.77036,1.00,1.00
2017.05.19 09:44:45.560,8.7685,8.76968,1.00,1.00
2017.05.19 09:44:46.225,8.76838,8.76956,1.00,1.00
2017.05.19 09:44:47.123,8.76827,8.76945,1.00,1.00
2017.05.19 09:44:47.430,8.76864,8.76982,1.00,1.00
2017.05.19 09:44:48.085,8.7685,8.76969,1.00,1.00
2017.05.19 09:44:49.162,8.76857,8.76975,1.00,1.00
2017.05.19 09:44:49.617,8.76826,8.76945,1.00,1.00
2017.05.19 09:44:50.871,8.76843,8.76961,1.00,1.00
2017.05.19 09:44:51.217,8.76857,8.76975,1.00,1.00
2017.05.19 09:44:51.268,8.76867,8.76986,1.00,1.00
2017.05.19 09:44:54.305,8.76876,8.76995,1.00,1.00
2017.05.19 09:44:55.345,8.76886,8.77005,1.00,1.00
2017.05.19 09:44:55.526,8.76907,8.77038,1.00,1.00
2017.05.19 09:44:55.678,8.76922,8.7704,1.00,1.00
2017.05.19 09:44:55.983,8.76934,8.77052,1.00,1.00
2017.05.19 09:44:56.390,8.76945,8.77063,1.00,1.00
2017.05.19 09:44:56.806,8.76958,8.77076,1.00,1.00
2017.05.19 09:44:57.161,8.76968,8.77087,1.00,1.00
2017.05.19 09:44:58.807,8.76958,8.77077,1.00,1.00
2017.05.19 09:44:59.112,8.76942,8.7706,1.00,1.00
2017.05.19 09:44:59.447,8.76922,8.77059,1.00,1.00
2017.05.19 09:44:59.548,8.76908,8.77048,1.00,1.00
2017.05.19 09:45:01.765,8.76913,8.77053,1.00,1.00
2017.05.19 09:45:02.605,8.76897,8.77024,1.00,1.00
2017.05.19 09:45:02.810,8.76874,8.77013,1.00,1.00
2017.05.19 09:45:03.646,8.76869,8.77007,1.00,1.00
2017.05.19 09:45:05.146,8.7687,8.77009,1.00,1.00
2017.05.19 09:45:06.136,8.76875,8.77012,1.00,1.00
2017.05.19 09:45:06.339,8.76838,8.76977,1.00,1.00
2017.05.19 09:45:07.164,8.76832,8.76969,1.00,1.00
2017.05.19 09:45:07.515,8.76831,8.76958,1.00,1.00
2017.05.19 09:45:08.049,8.7683,8.76958,1.00,1.00
2017.05.19 09:45:08.579,8.76825,8.76951,1.00,1.00
2017.05.19 09:45:08.827,8.76817,8.76945,1.00,1.00
2017.05.19 09:45:08.930,8.76802,8.7693,1.00,1.00
2017.05.19 09:45:09.236,8.76791,8.76919,1.00,1.00
2017.05.19 09:45:09.677,8.7678,8.76908,1.00,1.00
2017.05.19 09:45:09.880,8.76768,8.76897,1.00,1.00
2017.05.19 09:45:09.982,8.76762,8.7689,1.00,1.00
2017.05.19 09:45:10.420,8.76753,8.76882,1.00,1.00
2017.05.19 09:45:10.471,8.76739,8.76868,1.00,1.00
2017.05.19 09:45:10.680,8.76726,8.76869,1.00,1.00
2017.05.19 09:45:10.934,8.76723,8.76841,1.00,1.00
2017.05.19 09:45:11.240,8.76705,8.76823,1.00,1.00
2017.05.19 09:45:12.392,8.76696,8.76814,1.00,1.00
2017.05.19 09:45:12.704,8.76666,8.76782,1.00,1.00
2017.05.19 09:45:13.010,8.76676,8.76792,1.00,1.00
2017.05.19 09:45:13.323,8.76672,8.76788,1.00,1.00
2017.05.19 09:45:14.158,8.76675,8.76793,1.00,1.00
2017.05.19 09:45:15.382,8.76679,8.76797,1.00,1.00
2017.05.19 09:45:16.148,8.76689,8.76807,1.00,1.00
2017.05.19 09:45:16.454,8.76698,8.76813,1.00,1.00
2017.05.19 09:45:16.604,8.76686,8.76803,1.00,1.00
2017.05.19 09:45:16.657,8.76671,8.76789,1.00,1.00
2017.05.19 09:45:17.518,8.76653,8.76757,1.00,1.00
2017.05.19 09:45:17.569,8.76639,8.76757,1.00,1.00
2017.05.19 09:45:17.677,8.76629,8.76736,1.00,1.00
2017.05.19 09:45:17.779,8.76592,8.7671,1.00,1.00
2017.05.19 09:45:17.830,8.76602,8.7672,1.00,1.00
2017.05.19 09:45:18.135,8.76636,8.76754,1.00,1.00
2017.05.19 09:45:18.604,8.76621,8.76738,1.00,1.00
2017.05.19 09:45:18.706,8.76659,8.76777,1.00,1.00
2017.05.19 09:45:18.757,8.76682,8.76794,1.00,1.00
2017.05.19 09:45:18.808,8.76663,8.76781,1.00,1.00
2017.05.19 09:45:19.002,8.76631,8.76747,1.00,1.00
2017.05.19 09:45:20.159,8.76618,8.76736,1.00,1.00
2017.05.19 09:45:21.148,8.76615,8.7673,1.00,1.00
2017.05.19 09:45:21.730,8.76619,8.76735,1.00,1.00
2017.05.19 09:45:21.985,8.76633,8.76751,1.00,1.00
2017.05.19 09:45:22.211,8.76635,8.76752,1.00,1.00
2017.05.19 09:45:23.186,8.76631,8.76749,1.00,1.00
2017.05.19 09:45:24.241,8.7664,8.76758,1.00,1.00
2017.05.19 09:45:25.159,8.7665,8.76768,1.00,1.00
2017.05.19 09:45:28.466,8.76645,8.76763,1.00,1.00
2017.05.19 09:45:28.761,8.76661,8.76796,1.00,1.00
2017.05.19 09:45:29.532,8.76669,8.76806,1.00,1.00
2017.05.19 09:45:29.888,8.7668,8.76815,1.00,1.00
2017.05.19 09:45:30.587,8.76674,8.7681,1.00,1.00
2017.05.19 09:45:31.361,8.7668,8.76816,1.00,1.00
2017.05.19 09:45:31.565,8.76689,8.76826,1.00,1.00
2017.05.19 09:45:32.309,8.76697,8.76833,1.00,1.00
2017.05.19 09:45:32.657,8.76716,8.76852,1.00,1.00
2017.05.19 09:45:32.962,8.76706,8.76842,1.00,1.00
2017.05.19 09:45:33.897,8.76696,8.7683,1.00,1.00
2017.05.19 09:45:34.887,8.76693,8.7683,1.00,1.00
2017.05.19 09:45:34.938,8.76716,8.76834,1.00,1.00
2017.05.19 09:45:35.246,8.7679,8.76878,1.00,1.00
2017.05.19 09:45:35.297,8.7679,8.76908,1.00,1.00
2017.05.19 09:45:36.226,8.76802,8.7692,1.00,1.00
2017.05.19 09:45:36.531,8.76784,8.76902,1.00,1.00
2017.05.19 09:45:36.845,8.76775,8.76893,1.00,1.00
2017.05.19 09:45:37.396,8.76781,8.76899,1.00,1.00
2017.05.19 09:45:38.267,8.76776,8.76893,1.00,1.00
2017.05.19 09:45:38.419,8.7677,8.76888,1.00,1.00
2017.05.19 09:45:39.532,8.76767,8.76885,1.00,1.00
2017.05.19 09:45:39.840,8.76781,8.769,1.00,1.00
2017.05.19 09:45:40.782,8.76779,8.76895,1.00,1.00
2017.05.19 09:45:41.189,8.76768,8.76886,1.00,1.00
2017.05.19 09:45:41.868,8.76768,8.76865,1.00,1.00
2017.05.19 09:45:41.919,8.7671,8.76858,1.00,1.00
2017.05.19 09:45:43.585,8.76711,8.76841,1.00,1.00
2017.05.19 09:45:44.161,8.76712,8.7683,1.00,1.00
2017.05.19 09:45:46.631,8.76721,8.76839,1.00,1.00
2017.05.19 09:45:47.164,8.76737,8.76855,1.00,1.00
2017.05.19 09:45:47.216,8.76752,8.76871,1.00,1.00
2017.05.19 09:45:47.471,8.76778,8.76897,1.00,1.00
2017.05.19 09:45:47.776,8.76802,8.76921,1.00,1.00
2017.05.19 09:45:48.719,8.76806,8.76925,1.00,1.00
2017.05.19 09:45:56.602,8.768,8.76937,1.00,1.00
2017.05.19 09:45:57.601,8.76805,8.76942,1.00,1.00
2017.05.19 09:45:57.906,8.76831,8.76966,1.00,1.00
2017.05.19 09:45:58.622,8.76837,8.76974,1.00,1.00
2017.05.19 09:45:58.840,8.76831,8.76968,1.00,1.00
2017.05.19 09:45:59.663,8.7686,8.77009,1.00,1.00
2017.05.19 09:45:59.714,8.76931,8.77043,1.00,1.00
2017.05.19 09:45:59.867,8.76931,8.77049,1.00,1.00
2017.05.19 09:46:00.121,8.76919,8.77035,1.00,1.00
2017.05.19 09:46:00.173,8.76898,8.77017,1.00,1.00
2017.05.19 09:46:00.440,8.76883,8.77002,1.00,1.00
2017.05.19 09:46:00.747,8.76862,8.76978,1.00,1.00
2017.05.19 09:46:01.001,8.7685,8.76969,1.00,1.00
2017.05.19 09:46:01.103,8.76834,8.76952,1.00,1.00
2017.05.19 09:46:01.454,8.76825,8.76943,1.00,1.00
2017.05.19 09:46:02.082,8.76822,8.76938,1.00,1.00
2017.05.19 09:46:03.368,8.76815,8.76933,1.00,1.00
2017.05.19 09:46:03.420,8.76807,8.76926,1.00,1.00
2017.05.19 09:46:03.522,8.76799,8.76918,1.00,1.00
2017.05.19 09:46:04.541,8.76827,8.76947,1.00,1.00
2017.05.19 09:46:04.593,8.76835,8.76957,1.00,1.00
2017.05.19 09:46:05.610,8.76839,8.76957,1.00,1.00
2017.05.19 09:46:06.166,8.76839,8.76956,1.00,1.00
2017.05.19 09:46:06.785,8.76839,8.76957,1.00,1.00
2017.05.19 09:46:07.095,8.76806,8.76924,1.00,1.00
2017.05.19 09:46:07.787,8.76813,8.76931,1.00,1.00
2017.05.19 09:46:08.511,8.76819,8.76937,1.00,1.00
2017.05.19 09:46:09.212,8.76809,8.76927,1.00,1.00
2017.05.19 09:46:09.517,8.76786,8.76904,1.00,1.00
2017.05.19 09:46:09.829,8.76778,8.76895,1.00,1.00
2017.05.19 09:46:10.582,8.76766,8.76884,1.00,1.00
2017.05.19 09:46:11.565,8.76758,8.76876,1.00,1.00
2017.05.19 09:46:11.768,8.76741,8.76864,1.00,1.00
2017.05.19 09:46:11.971,8.76724,8.76842,1.00,1.00
2017.05.19 09:46:13.254,8.76716,8.76833,1.00,1.00
2017.05.19 09:46:13.305,8.76711,8.76829,1.00,1.00
2017.05.19 09:46:13.508,8.76719,8.76859,1.00,1.00
2017.05.19 09:46:14.258,8.76724,8.76859,1.00,1.00
2017.05.19 09:46:15.016,8.767,8.76817,1.00,1.00
2017.05.19 09:46:15.118,8.76688,8.76806,1.00,1.00
2017.05.19 09:46:15.422,8.76678,8.76796,1.00,1.00
2017.05.19 09:46:15.730,8.76668,8.76786,1.00,1.00
2017.05.19 09:46:17.584,8.76655,8.76773,1.00,1.00
2017.05.19 09:46:17.892,8.7666,8.76777,1.00,1.00
2017.05.19 09:46:17.993,8.7665,8.76768,1.00,1.00
2017.05.19 09:46:18.613,8.76645,8.76763,1.00,1.00
2017.05.19 09:46:18.918,8.76635,8.76753,1.00,1.00
2017.05.19 09:46:19.701,8.76631,8.76747,1.00,1.00
2017.05.19 09:46:19.854,8.7662,8.76738,1.00,1.00
2017.05.19 09:46:20.057,8.76631,8.76749,1.00,1.00
2017.05.19 09:46:22.276,8.76625,8.7674,1.00,1.00
2017.05.19 09:46:22.327,8.7663,8.76746,1.00,1.00
2017.05.19 09:46:23.354,8.76631,8.76772,1.00,1.00
2017.05.19 09:46:23.405,8.76697,8.76772,1.00,1.00
2017.05.19 09:46:23.456,8.76687,8.76793,1.00,1.00
2017.05.19 09:46:23.507,8.76704,8.76797,1.00,1.00
2017.05.19 09:46:23.558,8.76704,8.76824,1.00,1.00
2017.05.19 09:46:23.660,8.76727,8.76838,1.00,1.00
2017.05.19 09:46:23.711,8.76727,8.76842,1.00,1.00
2017.05.19 09:46:23.813,8.76727,8.76846,1.00,1.00
2017.05.19 09:46:23.965,8.7676,8.7688,1.00,1.00
2017.05.19 09:46:24.468,8.76775,8.76895,1.00,1.00
2017.05.19 09:46:24.924,8.76785,8.76904,1.00,1.00
2017.05.19 09:46:25.901,8.76782,8.76899,1.00,1.00
2017.05.19 09:46:26.881,8.7678,8.769,1.00,1.00
2017.05.19 09:46:28.626,8.76769,8.76889,1.00,1.00
2017.05.19 09:46:29.581,8.76771,8.76891,1.00,1.00
2017.05.19 09:46:30.664,8.76754,8.76874,1.00,1.00
2017.05.19 09:46:31.436,8.76744,8.76864,1.00,1.00
2017.05.19 09:46:31.739,8.76753,8.76872,1.00,1.00
2017.05.19 09:46:33.007,8.76762,8.76881,1.00,1.00
2017.05.19 09:46:33.313,8.76806,8.76925,1.00,1.00
2017.05.19 09:46:33.618,8.76801,8.7692,1.00,1.00
2017.05.19 09:46:35.087,8.7679,8.7691,1.00,1.00
2017.05.19 09:46:35.138,8.76786,8.76905,1.00,1.00
2017.05.19 09:46:36.138,8.76784,8.76904,1.00,1.00
2017.05.19 09:46:36.964,8.7676,8.76912,1.00,1.00
2017.05.19 09:46:37.155,8.7676,8.76894,1.00,1.00
2017.05.19 09:46:38.037,8.76756,8.76889,1.00,1.00
2017.05.19 09:46:38.364,8.76777,8.76894,1.00,1.00
2017.05.19 09:46:38.764,8.76782,8.76902,1.00,1.00
2017.05.19 09:46:39.080,8.76775,8.76895,1.00,1.00
2017.05.19 09:46:39.788,8.76787,8.76907,1.00,1.00
2017.05.19 09:46:40.778,8.76791,8.76911,1.00,1.00
2017.05.19 09:46:41.784,8.76792,8.76912,1.00,1.00
2017.05.19 09:46:42.630,8.76785,8.76904,1.00,1.00
2017.05.19 09:46:42.942,8.7678,8.76899,1.00,1.00
2017.05.19 09:46:43.279,8.76786,8.76906,1.00,1.00
2017.05.19 09:46:44.841,8.76791,8.76911,1.00,1.00
2017.05.19 09:46:45.324,8.76811,8.76929,1.00,1.00
2017.05.19 09:46:45.375,8.76819,8.76938,1.00,1.00
2017.05.19 09:46:47.351,8.76815,8.76934,1.00,1.00
2017.05.19 09:46:50.460,8.76819,8.76938,1.00,1.00
2017.05.19 09:46:53.575,8.76814,8.76934,1.00,1.00
2017.05.19 09:46:54.773,8.76794,8.76913,1.00,1.00
2017.05.19 09:46:55.110,8.76806,8.76923,1.00,1.00
2017.05.19 09:46:55.745,8.7681,8.7693,1.00,1.00
2017.05.19 09:46:56.826,8.76819,8.76938,1.00,1.00
2017.05.19 09:46:57.817,8.7682,8.7694,1.00,1.00
2017.05.19 09:46:59.927,8.76825,8.76943,1.00,1.00
2017.05.19 09:47:00.416,8.76855,8.76977,1.00,1.00
2017.05.19 09:47:00.468,8.76856,8.76981,1.00,1.00
2017.05.19 09:47:00.519,8.76869,8.76989,1.00,1.50
2017.05.19 09:47:01.456,8.76874,8.76993,1.00,1.00
2017.05.19 09:47:01.761,8.7687,8.76987,1.00,1.00
2017.05.19 09:47:04.944,8.76859,8.76979,1.00,1.00
2017.05.19 09:47:05.365,8.76848,8.76968,1.00,1.00
2017.05.19 09:47:05.669,8.76838,8.76958,1.00,1.00
2017.05.19 09:47:06.494,8.76837,8.76956,1.00,1.00
2017.05.19 09:47:07.814,8.76842,8.76962,1.00,1.00
2017.05.19 09:47:08.867,8.76841,8.7696,1.00,1.00
2017.05.19 09:47:09.719,8.76829,8.76952,1.00,1.00
2017.05.19 09:47:11.561,8.76806,8.76937,1.00,1.00
2017.05.19 09:47:11.613,8.76802,8.76925,1.50,1.00
2017.05.19 09:47:11.978,8.76793,8.76915,1.00,1.00
2017.05.19 09:47:12.680,8.76792,8.76913,1.00,1.00
2017.05.19 09:47:13.222,8.76783,8.76902,1.00,1.00
2017.05.19 09:47:14.361,8.76779,8.76898,1.00,1.00
2017.05.19 09:47:14.463,8.76783,8.76913,1.00,1.00
2017.05.19 09:47:17.726,8.76787,8.76917,1.00,1.00
2017.05.19 09:47:21.364,8.76785,8.76915,1.00,1.00
2017.05.19 09:47:22.827,8.76783,8.76913,1.00,1.00
2017.05.19 09:47:23.337,8.76787,8.76917,1.00,1.00
2017.05.19 09:47:24.060,8.76761,8.76878,1.00,1.00
2017.05.19 09:47:24.112,8.76769,8.76902,1.00,1.00
2017.05.19 09:47:24.301,8.76794,8.76913,1.00,1.00
2017.05.19 09:47:25.060,8.76786,8.76917,1.00,1.00
2017.05.19 09:47:25.518,8.76754,8.76885,1.00,1.00
2017.05.19 09:47:25.847,8.76744,8.76875,1.00,1.00
2017.05.19 09:47:26.390,8.7674,8.7687,1.00,1.00
2017.05.19 09:47:26.833,8.76745,8.76875,1.00,1.00
2017.05.19 09:47:27.165,8.76755,8.76874,1.00,1.00
2017.05.19 09:47:27.470,8.76714,8.76831,1.09,1.00
2017.05.19 09:47:28.428,8.76714,8.76831,1.00,1.00
2017.05.19 09:47:29.897,8.76708,8.76824,1.00,1.00
2017.05.19 09:47:29.948,8.76718,8.76854,1.00,1.00
2017.05.19 09:47:30.253,8.7672,8.76839,1.00,1.00
2017.05.19 09:47:30.691,8.76728,8.76846,1.00,1.00
2017.05.19 09:47:31.992,8.76732,8.7685,1.00,1.00
2017.05.19 09:47:32.145,8.7676,8.76879,1.00,1.00
2017.05.19 09:47:32.298,8.76768,8.76887,1.00,1.00
2017.05.19 09:47:33.249,8.76771,8.76887,1.00,1.00
2017.05.19 09:47:34.639,8.76773,8.76891,1.00,1.00
2017.05.19 09:47:34.741,8.76803,8.76919,1.00,1.00
2017.05.19 09:47:35.630,8.76808,8.76927,1.00,1.00
2017.05.19 09:47:35.901,8.76804,8.76922,1.00,1.00
2017.05.19 09:47:36.407,8.76814,8.76932,1.00,1.00
2017.05.19 09:47:37.019,8.76819,8.76938,1.00,1.00
2017.05.19 09:47:39.062,8.76814,8.76932,1.00,1.00
2017.05.19 09:47:41.951,8.7682,8.76938,1.00,1.00
2017.05.19 09:47:44.184,8.76824,8.76942,1.00,1.00
2017.05.19 09:47:45.224,8.76829,8.76945,1.00,1.00
2017.05.19 09:47:45.376,8.76841,8.76959,1.00,1.00
2017.05.19 09:47:45.478,8.76852,8.76965,1.00,1.00
2017.05.19 09:47:45.617,8.76836,8.76954,1.00,1.00
2017.05.19 09:47:46.477,8.76841,8.76959,1.00,1.00
2017.05.19 09:47:47.457,8.76838,8.76956,1.00,1.00
2017.05.19 09:47:51.434,8.76839,8.76958,1.00,1.00
2017.05.19 09:47:52.279,8.76847,8.76965,1.00,1.00
2017.05.19 09:47:52.684,8.76839,8.76957,1.00,1.00
2017.05.19 09:47:52.786,8.76824,8.76943,1.00,1.00
2017.05.19 09:47:53.103,8.76834,8.76952,1.00,1.00
2017.05.19 09:47:53.154,8.76843,8.76962,1.00,1.00
2017.05.19 09:47:53.659,8.76856,8.76974,1.00,1.00
2017.05.19 09:47:54.783,8.76852,8.7697,1.00,1.00
2017.05.19 09:47:55.453,8.76846,8.76965,1.00,1.00
2017.05.19 09:47:55.606,8.76839,8.76957,1.00,1.00
2017.05.19 09:47:55.910,8.7683,8.76946,1.00,1.00
2017.05.19 09:47:56.934,8.76831,8.76948,1.00,1.00
2017.05.19 09:47:57.682,8.76824,8.7694,1.00,1.00
2017.05.19 09:47:58.004,8.76818,8.76937,1.00,1.00
2017.05.19 09:47:59.693,8.76815,8.76933,1.00,1.00
2017.05.19 09:48:00.003,8.76799,8.76917,1.00,1.00
2017.05.19 09:48:00.356,8.76809,8.76927,1.00,1.00
2017.05.19 09:48:00.885,8.76815,8.76933,1.00,1.00
2017.05.19 09:48:05.959,8.76809,8.76927,1.00,1.00
2017.05.19 09:48:06.098,8.76804,8.76923,1.00,1.00
2017.05.19 09:48:06.367,8.76797,8.76916,1.00,1.00
2017.05.19 09:48:06.831,8.76764,8.76882,1.00,1.00
2017.05.19 09:48:07.877,8.7676,8.76878,1.00,1.00
2017.05.19 09:48:08.080,8.76764,8.76883,1.00,1.00
2017.05.19 09:48:09.045,8.76765,8.76883,1.00,1.00
2017.05.19 09:48:10.856,8.76757,8.76875,1.00,1.00
2017.05.19 09:48:10.907,8.76749,8.76868,1.00,1.00
2017.05.19 09:48:10.959,8.76742,8.76861,1.00,1.00
2017.05.19 09:48:11.302,8.76732,8.76849,1.00,1.00
2017.05.19 09:48:11.708,8.76721,8.76839,1.00,1.00
2017.05.19 09:48:11.759,8.76711,8.76828,1.00,1.00
2017.05.19 09:48:12.313,8.76717,8.76836,1.00,1.00
2017.05.19 09:48:12.500,8.76729,8.76848,1.00,1.00
2017.05.19 09:48:12.842,8.7674,8.76858,1.00,1.00
2017.05.19 09:48:13.672,8.76743,8.76859,1.00,1.00
2017.05.19 09:48:13.934,8.76737,8.76856,1.00,1.00
2017.05.19 09:48:14.918,8.76736,8.76855,1.00,1.00
2017.05.19 09:48:17.311,8.76721,8.76839,1.00,1.00
2017.05.19 09:48:17.613,8.76704,8.76822,1.00,1.00
2017.05.19 09:48:18.020,8.76732,8.7685,1.00,1.00
2017.05.19 09:48:18.072,8.7673,8.76849,1.00,1.00
2017.05.19 09:48:18.123,8.76715,8.76834,1.00,1.00
2017.05.19 09:48:19.077,8.7672,8.76838,1.00,1.00
2017.05.19 09:48:19.381,8.76717,8.76835,1.00,1.00
2017.05.19 09:48:19.686,8.76731,8.76849,1.00,1.00
2017.05.19 09:48:20.346,8.76718,8.76836,1.00,1.00
2017.05.19 09:48:20.774,8.76704,8.76822,1.00,1.00
2017.05.19 09:48:21.297,8.76709,8.76827,1.00,1.00
2017.05.19 09:48:21.983,8.76715,8.76833,1.00,1.00
2017.05.19 09:48:22.035,8.76721,8.7684,1.00,1.00
2017.05.19 09:48:22.491,8.7673,8.76841,1.00,1.00
2017.05.19 09:48:22.740,8.7673,8.76849,1.00,1.00
2017.05.19 09:48:23.981,8.7673,8.76848,1.00,1.00
2017.05.19 09:48:24.505,8.76735,8.76854,1.00,1.00
2017.05.19 09:48:26.787,8.76739,8.76857,1.00,1.00
2017.05.19 09:48:27.092,8.76743,8.76855,1.00,1.00
2017.05.19 09:48:27.441,8.76743,8.76861,1.00,1.00
2017.05.19 09:48:29.496,8.76743,8.76859,1.00,1.00
2017.05.19 09:48:30.362,8.76738,8.76855,1.00,1.00
2017.05.19 09:48:34.551,8.76754,8.76866,1.00,1.00
2017.05.19 09:48:34.704,8.76766,8.76884,1.00,1.00
2017.05.19 09:48:34.856,8.76745,8.76863,1.00,1.00
2017.05.19 09:48:35.827,8.76742,8.7686,1.00,1.00
2017.05.19 09:48:36.341,8.76752,8.7687,1.00,1.00
2017.05.19 09:48:36.683,8.76759,8.76877,1.00,1.00
2017.05.19 09:48:37.338,8.76755,8.76873,1.00,1.00
2017.05.19 09:48:37.856,8.7676,8.76878,1.00,1.00
2017.05.19 09:48:42.024,8.76765,8.76883,1.00,1.00
2017.05.19 09:48:44.169,8.76742,8.7686,1.37,1.00
2017.05.19 09:48:44.474,8.76734,8.76852,1.75,1.00
2017.05.19 09:48:45.155,8.76728,8.76844,1.75,1.00
2017.05.19 09:48:45.489,8.76728,8.76844,1.00,1.00
2017.05.19 09:48:45.686,8.76732,8.7685,1.00,1.00
2017.05.19 09:48:47.239,8.76739,8.76855,1.00,2.25
2017.05.19 09:48:47.548,8.76755,8.76855,1.00,1.00
2017.05.19 09:48:48.366,8.76751,8.76855,1.00,1.00
2017.05.19 09:48:50.239,8.76736,8.76854,1.37,1.00
2017.05.19 09:48:50.399,8.76731,8.76849,1.00,1.00
2017.05.19 09:48:51.543,8.7673,8.76848,1.12,1.00
2017.05.19 09:48:53.740,8.7673,8.76843,1.00,1.00
2017.05.19 09:48:54.063,8.76735,8.76838,1.00,1.00
2017.05.19 09:48:54.266,8.76735,8.7684,1.00,1.00
2017.05.19 09:48:54.586,8.76735,8.76853,1.00,1.00
2017.05.19 09:48:54.738,8.76742,8.76855,1.00,1.50
2017.05.19 09:48:55.315,8.76742,8.76854,1.00,1.00
2017.05.19 09:48:55.910,8.76742,8.7685,1.00,1.00
2017.05.19 09:48:56.424,8.76733,8.76849,1.00,1.00
2017.05.19 09:48:56.475,8.76733,8.76846,1.00,1.00
2017.05.19 09:48:56.793,8.76733,8.76842,1.00,1.00
2017.05.19 09:48:57.421,8.7673,8.76842,1.00,1.00
2017.05.19 09:48:57.885,8.7673,8.7684,1.00,1.00
2017.05.19 09:48:58.386,8.7673,8.76839,1.00,1.00
2017.05.19 09:48:58.647,8.76726,8.76839,1.00,1.00
2017.05.19 09:48:59.106,8.76726,8.76837,1.00,1.00
2017.05.19 09:48:59.622,8.76726,8.76836,1.00,1.00
2017.05.19 09:48:59.875,8.76721,8.76835,1.00,1.00
2017.05.19 09:48:59.927,8.76726,8.76835,1.00,1.00
2017.05.19 09:49:00.251,8.76726,8.76833,1.00,1.00
2017.05.19 09:49:00.352,8.76726,8.76835,1.00,1.00
2017.05.19 09:49:00.665,8.76726,8.76832,1.00,1.00
2017.05.19 09:49:01.009,8.7673,8.7684,1.00,1.00
2017.05.19 09:49:01.364,8.76755,8.7687,1.00,1.00
2017.05.19 09:49:01.568,8.76764,8.7687,1.00,1.00
2017.05.19 09:49:02.570,8.76765,8.7687,1.00,1.00
2017.05.19 09:49:02.896,8.7677,8.7687,1.00,1.00
2017.05.19 09:49:04.626,8.76754,8.7687,1.50,1.00
2017.05.19 09:49:05.724,8.76754,8.7687,1.00,1.00
2017.05.19 09:49:06.573,8.76752,8.7687,1.00,1.00
2017.05.19 09:49:09.176,8.76753,8.7687,1.00,1.00
2017.05.19 09:49:09.665,8.76753,8.76885,1.00,1.00
2017.05.19 09:49:09.716,8.76762,8.76886,1.00,1.00
2017.05.19 09:49:09.767,8.76766,8.76893,1.00,1.00
2017.05.19 09:49:09.819,8.76766,8.76898,1.00,1.00
2017.05.19 09:49:09.971,8.76756,8.76888,1.00,1.00
2017.05.19 09:49:10.360,8.76756,8.76886,1.00,1.00
2017.05.19 09:49:10.675,8.76768,8.76886,1.00,1.00
2017.05.19 09:49:10.995,8.76777,8.76895,1.00,1.00
2017.05.19 09:49:12.059,8.76773,8.76891,1.00,1.00
2017.05.19 09:49:15.148,8.76769,8.76887,1.00,1.00
2017.05.19 09:49:15.265,8.76755,8.76874,1.00,1.00
2017.05.19 09:49:15.316,8.76748,8.76865,1.00,1.00
2017.05.19 09:49:16.160,8.76751,8.76869,1.00,1.00
2017.05.19 09:49:18.007,8.76751,8.76868,1.00,1.00
2017.05.19 09:49:21.490,8.76755,8.76873,1.00,1.00
2017.05.19 09:49:22.241,8.76749,8.76867,1.00,1.00
2017.05.19 09:49:23.241,8.76739,8.76858,1.00,1.00
2017.05.19 09:49:23.293,8.76745,8.76864,1.00,1.00
2017.05.19 09:49:23.636,8.76737,8.76855,1.00,1.00
2017.05.19 09:49:24.227,8.76728,8.76845,1.00,1.00
2017.05.19 09:49:25.227,8.76726,8.76844,1.00,1.00
2017.05.19 09:49:25.911,8.76731,8.76849,1.00,1.00
2017.05.19 09:49:27.136,8.76728,8.7686,1.00,1.00
2017.05.19 09:49:27.263,8.76728,8.76865,1.75,1.00
2017.05.19 09:49:27.582,8.76781,8.769,1.00,1.00
2017.05.19 09:49:28.131,8.76792,8.7691,1.00,1.00
2017.05.19 09:49:28.486,8.76801,8.76919,1.00,1.00
2017.05.19 09:49:32.803,8.76801,8.76917,1.00,1.00
2017.05.19 09:49:33.105,8.76801,8.76914,1.00,1.00
2017.05.19 09:49:34.314,8.7675,8.76892,1.00,1.00
2017.05.19 09:49:34.365,8.76759,8.76888,1.00,1.00
2017.05.19 09:49:34.467,8.76759,8.76902,1.00,1.00
2017.05.19 09:49:35.288,8.76751,8.76893,1.00,1.00
2017.05.19 09:49:36.757,8.76749,8.76891,1.00,1.00
2017.05.19 09:49:37.645,8.76755,8.76897,1.00,1.00
2017.05.19 09:49:39.132,8.76753,8.76895,1.00,1.00
2017.05.19 09:49:40.407,8.76768,8.76886,1.00,1.60
2017.05.19 09:49:40.610,8.76715,8.76831,1.00,1.00
2017.05.19 09:49:40.661,8.76715,8.76831,1.00,1.60
2017.05.19 09:49:40.802,8.76688,8.76806,1.00,1.00
2017.05.19 09:49:41.328,8.76688,8.76806,1.00,1.60
2017.05.19 09:49:41.632,8.76667,8.76785,1.37,1.00
2017.05.19 09:49:42.181,8.76662,8.7678,1.75,1.00
2017.05.19 09:49:42.232,8.76696,8.76814,1.00,1.00
2017.05.19 09:49:42.283,8.7668,8.76798,1.00,1.00
2017.05.19 09:49:42.588,8.76675,8.76793,1.00,1.00
2017.05.19 09:49:43.195,8.7669,8.76807,1.00,1.00
2017.05.19 09:49:43.656,8.7669,8.76807,1.37,1.00
2017.05.19 09:49:44.546,8.7669,8.76805,1.37,1.00
2017.05.19 09:49:44.801,8.76698,8.76814,1.00,1.00
2017.05.19 09:49:45.095,8.76698,8.76816,1.00,1.00
2017.05.19 09:49:46.100,8.76698,8.76814,1.00,1.00
2017.05.19 09:49:46.415,8.76698,8.76816,1.00,1.00
2017.05.19 09:49:47.295,8.76698,8.76815,1.00,1.00
2017.05.19 09:49:47.883,8.76698,8.76814,1.00,1.00
2017.05.19 09:49:48.370,8.76714,8.76814,1.00,1.00
2017.05.19 09:49:48.613,8.76721,8.76837,1.00,1.00
2017.05.19 09:49:48.664,8.76731,8.76841,1.37,1.00
2017.05.19 09:49:48.968,8.76742,8.76837,1.00,1.00
2017.05.19 09:49:49.070,8.76742,8.76845,1.00,1.00
2017.05.19 09:49:50.156,8.76742,8.76842,1.00,1.00
2017.05.19 09:49:50.419,8.76742,8.76847,1.00,1.00
2017.05.19 09:49:50.521,8.76751,8.76847,1.00,1.00
2017.05.19 09:49:50.623,8.76755,8.76865,1.00,1.00
2017.05.19 09:49:50.674,8.76766,8.76865,1.37,1.00
2017.05.19 09:49:50.827,8.76766,8.76884,1.37,1.50
2017.05.19 09:49:51.679,8.7677,8.76886,1.37,1.50
2017.05.19 09:49:52.288,8.7677,8.76885,1.37,1.00
2017.05.19 09:49:52.950,8.7677,8.76884,1.37,1.00
2017.05.19 09:49:53.559,8.7677,8.76883,1.37,1.00
2017.05.19 09:49:54.463,8.76788,8.76883,1.75,1.00
2017.05.19 09:49:54.565,8.76811,8.76897,1.12,1.00
2017.05.19 09:49:54.819,8.76807,8.76943,1.37,1.00
2017.05.19 09:49:55.665,8.76807,8.76943,1.75,1.00
2017.05.19 09:49:57.174,8.76808,8.76942,1.66,1.00
2017.05.19 09:49:59.057,8.76815,8.76949,1.66,1.00
2017.05.19 09:49:59.108,8.76833,8.76967,1.00,1.00
2017.05.19 09:49:59.159,8.76827,8.7696,1.04,1.00
2017.05.19 09:49:59.497,8.76816,8.76949,1.66,1.00
2017.05.19 09:50:00.107,8.76808,8.7694,1.66,1.00
2017.05.19 09:50:01.219,8.76809,8.76959,1.66,1.50
2017.05.19 09:50:02.373,8.76809,8.76959,1.66,1.00
2017.05.19 09:50:02.736,8.76801,8.76951,1.66,1.00
2017.05.19 09:50:03.109,8.768,8.76946,1.66,1.00
2017.05.19 09:50:03.414,8.7679,8.76937,1.66,1.00
2017.05.19 09:50:03.466,8.76828,8.76946,1.00,1.00
2017.05.19 09:50:03.659,8.76799,8.76946,1.66,1.00
2017.05.19 09:50:03.966,8.76783,8.76931,1.66,1.00
2017.05.19 09:50:04.017,8.76783,8.76931,1.29,1.00
2017.05.19 09:50:04.220,8.76783,8.76931,1.00,1.00
2017.05.19 09:50:04.272,8.76773,8.76921,1.00,1.00
2017.05.19 09:50:04.680,8.76779,8.76897,1.00,1.00
2017.05.19 09:50:04.988,8.76771,8.76889,1.00,1.00
2017.05.19 09:50:05.292,8.76762,8.7688,1.00,1.00
2017.05.19 09:50:05.597,8.76751,8.76866,1.00,1.60
2017.05.19 09:50:05.699,8.76751,8.76866,1.00,1.00
2017.05.19 09:50:05.750,8.76749,8.76845,1.00,2.10
2017.05.19 09:50:05.960,8.76682,8.768,1.00,1.00
2017.05.19 09:50:06.113,8.76682,8.7678,1.00,2.10
2017.05.19 09:50:06.418,8.76656,8.76735,1.00,2.10
2017.05.19 09:50:06.634,8.76628,8.76735,1.00,2.10
2017.05.19 09:50:06.685,8.76628,8.76734,1.00,2.10
2017.05.19 09:50:06.736,8.76628,8.76736,1.00,2.10
2017.05.19 09:50:06.787,8.76628,8.76731,1.00,2.10
2017.05.19 09:50:07.125,8.76592,8.76704,1.00,2.10
2017.05.19 09:50:07.176,8.76592,8.76709,1.00,2.10
2017.05.19 09:50:07.227,8.76592,8.76707,1.00,2.10
2017.05.19 09:50:07.278,8.76592,8.7671,1.00,2.85
2017.05.19 09:50:07.329,8.76567,8.76685,1.00,1.60
2017.05.19 09:50:07.380,8.76567,8.76683,1.00,2.10
2017.05.19 09:50:07.482,8.76549,8.76665,1.00,1.60
2017.05.19 09:50:07.695,8.76549,8.76664,1.00,2.10
2017.05.19 09:50:07.749,8.76549,8.76665,1.00,1.60
2017.05.19 09:50:07.902,8.76529,8.76647,1.00,1.60
2017.05.19 09:50:08.105,8.76529,8.76647,1.00,1.60
2017.05.19 09:50:08.459,8.76529,8.76669,1.00,1.00
2017.05.19 09:50:08.510,8.7661,8.76669,1.00,1.00
2017.05.19 09:50:08.561,8.7661,8.76724,1.00,1.00
2017.05.19 09:50:08.714,8.7662,8.76724,1.00,1.00
2017.05.19 09:50:08.866,8.7662,8.76738,1.00,1.00
2017.05.19 09:50:09.221,8.76631,8.76749,1.00,1.00
2017.05.19 09:50:10.873,8.76641,8.76757,1.00,1.00
2017.05.19 09:50:11.827,8.76636,8.76753,1.00,1.00
2017.05.19 09:50:12.188,8.76641,8.76759,1.00,1.00
2017.05.19 09:50:12.493,8.76631,8.76749,1.00,1.00
2017.05.19 09:50:12.797,8.76584,8.76702,1.00,1.00
2017.05.19 09:50:13.100,8.76566,8.76684,1.00,1.00
2017.05.19 09:50:13.404,8.76545,8.76663,1.00,1.00
2017.05.19 09:50:13.709,8.76518,8.76636,1.00,1.00
2017.05.19 09:50:14.014,8.76471,8.76588,1.00,1.00
2017.05.19 09:50:14.525,8.7647,8.76588,1.00,1.00
2017.05.19 09:50:14.931,8.76451,8.76569,1.00,1.00
2017.05.19 09:50:15.236,8.76412,8.76529,1.00,1.00
2017.05.19 09:50:15.558,8.76416,8.76513,1.00,1.00
2017.05.19 09:50:15.609,8.76395,8.76513,1.00,1.00
2017.05.19 09:50:15.812,8.76381,8.76499,1.00,1.00
2017.05.19 09:50:16.118,8.76365,8.76483,1.00,1.00
2017.05.19 09:50:16.423,8.76345,8.76463,1.00,1.00
2017.05.19 09:50:16.728,8.76345,8.76463,1.00,1.60
2017.05.19 09:50:16.906,8.76326,8.76444,1.00,1.00
2017.05.19 09:50:16.957,8.76337,8.76455,1.00,1.00
2017.05.19 09:50:17.059,8.76363,8.76487,1.00,1.00
2017.05.19 09:50:17.110,8.7643,8.76487,1.00,1.00
2017.05.19 09:50:17.161,8.7645,8.7655,1.00,1.00
2017.05.19 09:50:17.212,8.76471,8.7655,1.00,1.00
2017.05.19 09:50:17.415,8.76471,8.76588,1.00,1.00
2017.05.19 09:50:17.618,8.76492,8.76609,1.00,1.00
2017.05.19 09:50:17.771,8.76517,8.76635,1.00,1.00
2017.05.19 09:50:17.923,8.76497,8.76615,1.00,1.00
2017.05.19 09:50:18.228,8.76517,8.76635,1.00,1.00
2017.05.19 09:50:18.912,8.76527,8.76645,1.00,1.00
2017.05.19 09:50:19.738,8.76537,8.76655,1.00,1.00
2017.05.19 09:50:20.043,8.76549,8.76666,1.00,1.00
2017.05.19 09:50:20.314,8.76569,8.76687,1.00,1.00
2017.05.19 09:50:20.365,8.76581,8.76697,1.00,1.00
2017.05.19 09:50:20.922,8.7657,8.76688,1.00,1.00
2017.05.19 09:50:21.916,8.76568,8.76686,1.00,1.00
2017.05.19 09:50:22.354,8.76563,8.76681,1.00,1.00
2017.05.19 09:50:22.703,8.7657,8.76688,1.00,1.00
2017.05.19 09:50:23.738,8.7656,8.76678,1.00,1.00
2017.05.19 09:50:24.067,8.76521,8.76639,1.00,1.00
2017.05.19 09:50:24.741,8.76515,8.76633,1.00,1.00
2017.05.19 09:50:25.317,8.76508,8.76626,1.00,1.00
2017.05.19 09:50:25.725,8.76514,8.7663,1.00,1.00
2017.05.19 09:50:26.207,8.76506,8.76624,1.00,1.00
2017.05.19 09:50:26.419,8.76496,8.76614,1.00,1.00
2017.05.19 09:50:26.782,8.76506,8.76624,1.00,1.00
2017.05.19 09:50:27.213,8.76516,8.76633,1.00,1.00
2017.05.19 09:50:27.467,8.76521,8.76639,1.00,1.00
2017.05.19 09:50:28.105,8.76574,8.76664,1.00,1.50
2017.05.19 09:50:28.156,8.76548,8.76664,1.00,1.00
2017.05.19 09:50:28.257,8.76529,8.76647,1.00,1.00
2017.05.19 09:50:29.091,8.76543,8.76661,1.00,1.00
2017.05.19 09:50:29.547,8.76539,8.76657,1.00,1.00
2017.05.19 09:50:29.852,8.7655,8.76667,1.00,1.00
2017.05.19 09:50:30.088,8.76535,8.76663,1.00,1.00
2017.05.19 09:50:30.142,8.76515,8.76633,1.00,1.00
2017.05.19 09:50:30.448,8.76465,8.76599,1.00,1.00
2017.05.19 09:50:30.652,8.76485,8.76603,1.00,1.00
2017.05.19 09:50:31.673,8.76481,8.76599,1.00,1.00
2017.05.19 09:50:32.684,8.7648,8.76598,1.00,1.00
2017.05.19 09:50:33.036,8.76474,8.76592,1.00,1.00
2017.05.19 09:50:33.383,8.76478,8.76596,1.00,1.00
2017.05.19 09:50:34.030,8.76473,8.7659,1.00,1.00
2017.05.19 09:50:34.362,8.76477,8.76595,1.00,1.00
2017.05.19 09:50:35.377,8.7648,8.76598,1.00,1.00
2017.05.19 09:50:36.782,8.76478,8.76596,1.00,1.00
2017.05.19 09:50:37.285,8.76479,8.76597,1.00,1.00
2017.05.19 09:50:37.438,8.76484,8.76606,1.00,1.00
2017.05.19 09:50:38.402,8.76483,8.76601,1.00,1.00
2017.05.19 09:50:39.517,8.76466,8.76584,1.00,1.00
2017.05.19 09:50:39.821,8.76458,8.76573,1.00,1.00
2017.05.19 09:50:40.484,8.76461,8.76579,1.00,1.00
2017.05.19 09:50:40.586,8.76475,8.76593,1.00,1.00
2017.05.19 09:50:40.896,8.76492,8.76609,1.00,1.00
2017.05.19 09:50:41.869,8.76496,8.76614,1.00,1.00
2017.05.19 09:50:42.388,8.76524,8.76642,1.00,1.50
2017.05.19 09:50:42.694,8.76505,8.76623,1.00,1.00
2017.05.19 09:50:43.533,8.76495,8.76612,1.00,1.00
2017.05.19 09:50:44.269,8.76489,8.76607,1.00,1.00
2017.05.19 09:50:44.371,8.76482,8.766,1.00,1.00
2017.05.19 09:50:45.909,8.76475,8.76593,1.00,1.00
2017.05.19 09:50:46.451,8.76482,8.766,1.00,1.00
2017.05.19 09:50:46.858,8.76491,8.76609,1.00,1.00
2017.05.19 09:50:49.347,8.76495,8.76613,1.00,1.00
2017.05.19 09:50:49.688,8.765,8.76618,1.00,1.00
2017.05.19 09:50:52.128,8.76504,8.76624,1.00,1.00
2017.05.19 09:50:52.205,8.76495,8.76613,1.00,1.00
2017.05.19 09:50:52.645,8.76501,8.76619,1.00,1.00
2017.05.19 09:50:53.207,8.76496,8.76614,1.00,1.00
2017.05.19 09:50:55.659,8.765,8.76618,1.00,1.00
2017.05.19 09:50:56.385,8.7651,8.76628,1.00,1.00
2017.05.19 09:50:56.691,8.76504,8.76622,1.00,1.00
2017.05.19 09:50:57.323,8.76512,8.7663,1.00,1.00
2017.05.19 09:50:59.824,8.76511,8.76629,1.00,1.00
2017.05.19 09:50:59.926,8.76505,8.76624,1.00,1.00
2017.05.19 09:51:01.048,8.76501,8.76619,1.00,1.00
2017.05.19 09:51:01.151,8.76502,8.76621,1.00,1.00
2017.05.19 09:51:02.384,8.76492,8.7661,1.00,1.00
2017.05.19 09:51:02.588,8.76494,8.76613,1.00,1.00
2017.05.19 09:51:03.165,8.76482,8.766,1.00,1.00
2017.05.19 09:51:04.151,8.76478,8.76596,1.00,1.00
2017.05.19 09:51:04.492,8.76472,8.7659,1.00,1.00
2017.05.19 09:51:05.207,8.76476,8.76595,1.00,1.00
2017.05.19 09:51:06.812,8.76473,8.76592,1.00,1.00
2017.05.19 09:51:09.309,8.76474,8.76593,1.00,1.00
2017.05.19 09:51:11.692,8.76478,8.76596,1.00,1.00
2017.05.19 09:51:12.033,8.76472,8.7659,1.00,1.00
2017.05.19 09:51:12.683,8.76477,8.76595,1.00,1.00
2017.05.19 09:51:12.989,8.76436,8.76554,1.00,1.00
2017.05.19 09:51:13.042,8.76431,8.76604,1.00,1.00
2017.05.19 09:51:13.094,8.76458,8.76577,1.00,1.00
2017.05.19 09:51:13.398,8.76471,8.76589,1.00,1.00
2017.05.19 09:51:13.958,8.76479,8.76597,1.00,1.00
2017.05.19 09:51:14.603,8.76474,8.76593,1.00,1.00
2017.05.19 09:51:15.571,8.76468,8.76586,1.00,1.00
2017.05.19 09:51:15.622,8.76462,8.76585,1.00,1.00
2017.05.19 09:51:15.673,8.76469,8.76587,1.00,1.00
2017.05.19 09:51:15.774,8.76479,8.76598,1.00,1.00
2017.05.19 09:51:16.248,8.76494,8.76612,1.00,1.00
2017.05.19 09:51:17.180,8.7649,8.76608,1.00,1.00
2017.05.19 09:51:17.231,8.76485,8.76604,1.00,1.00
2017.05.19 09:51:17.849,8.76493,8.76611,1.00,1.00
2017.05.19 09:51:19.032,8.76495,8.76614,1.00,1.00
2017.05.19 09:51:19.992,8.765,8.76618,1.00,1.00
2017.05.19 09:51:20.422,8.76512,8.7663,1.00,1.00
2017.05.19 09:51:20.823,8.7652,8.76638,1.00,1.00
2017.05.19 09:51:21.434,8.76514,8.76632,1.00,1.00
2017.05.19 09:51:22.276,8.7652,8.76639,1.00,1.00
2017.05.19 09:51:22.429,8.76525,8.76643,1.00,1.00
2017.05.19 09:51:22.633,8.76509,8.76628,1.00,1.00
2017.05.19 09:51:23.280,8.765,8.76618,1.00,1.00
2017.05.19 09:51:23.651,8.76495,8.76614,1.00,1.00
2017.05.19 09:51:24.658,8.76499,8.76617,1.00,1.00
2017.05.19 09:51:24.709,8.76506,8.76625,1.00,1.00
2017.05.19 09:51:24.940,8.76491,8.76609,1.00,1.00
2017.05.19 09:51:25.254,8.76466,8.76584,1.00,1.00
2017.05.19 09:51:25.508,8.7648,8.76599,1.00,1.00
2017.05.19 09:51:25.949,8.76472,8.76591,1.00,1.00
2017.05.19 09:51:26.263,8.76484,8.76603,1.00,1.00
2017.05.19 09:51:27.107,8.76489,8.76607,1.00,1.00
2017.05.19 09:51:27.482,8.76495,8.76613,1.00,1.00
2017.05.19 09:51:30.179,8.76502,8.7662,1.00,1.00
2017.05.19 09:51:31.168,8.76502,8.76621,1.00,1.00
2017.05.19 09:51:35.553,8.76513,8.76629,1.00,1.00
2017.05.19 09:51:36.125,8.76512,8.76631,1.00,1.00
2017.05.19 09:51:36.227,8.76524,8.76642,1.00,1.00
2017.05.19 09:51:37.485,8.76512,8.7663,1.00,1.00
2017.05.19 09:51:37.790,8.76498,8.76616,1.00,1.00
2017.05.19 09:51:38.596,8.76493,8.76612,1.00,1.00
2017.05.19 09:51:38.912,8.76483,8.76602,1.00,1.00
2017.05.19 09:51:39.599,8.76478,8.76596,1.00,1.00
2017.05.19 09:51:40.931,8.76474,8.76592,1.00,1.00
2017.05.19 09:51:42.486,8.76466,8.76584,1.00,1.00
2017.05.19 09:51:42.791,8.76449,8.76566,1.00,1.00
2017.05.19 09:51:42.893,8.76434,8.76552,1.00,1.00
2017.05.19 09:51:43.151,8.76441,8.76566,1.00,1.00
2017.05.19 09:51:44.166,8.76439,8.76565,1.00,1.00
2017.05.19 09:51:44.318,8.76436,8.76554,1.00,1.00
2017.05.19 09:51:45.123,8.76431,8.76549,1.00,1.00
2017.05.19 09:51:45.847,8.76412,8.7653,1.00,1.00
2017.05.19 09:51:46.151,8.76395,8.76513,1.00,1.00
2017.05.19 09:51:46.475,8.76372,8.7649,1.00,1.00
2017.05.19 09:51:46.780,8.76353,8.76471,1.00,1.00
2017.05.19 09:51:46.933,8.76331,8.7645,1.00,1.00
2017.05.19 09:51:47.294,8.7631,8.76428,1.00,1.00
2017.05.19 09:51:48.290,8.76315,8.76433,1.00,1.00
2017.05.19 09:51:48.668,8.76326,8.76444,1.00,1.00
2017.05.19 09:51:49.289,8.7633,8.76448,1.00,1.00
2017.05.19 09:51:49.623,8.76336,8.76454,1.00,1.00
2017.05.19 09:51:50.594,8.7634,8.76458,1.00,1.00
2017.05.19 09:51:51.143,8.76344,8.76463,1.00,1.00
2017.05.19 09:51:51.350,8.76351,8.7647,1.00,1.00
2017.05.19 09:51:52.143,8.76346,8.76464,1.00,1.00
2017.05.19 09:51:53.138,8.7635,8.76468,1.00,1.00
2017.05.19 09:51:55.123,8.76344,8.76462,1.00,1.00
2017.05.19 09:51:55.883,8.76339,8.76457,1.00,1.00
2017.05.19 09:51:56.187,8.76334,8.76452,1.00,1.00
2017.05.19 09:51:56.492,8.76351,8.76469,1.00,1.00
2017.05.19 09:51:56.849,8.7634,8.76458,1.00,1.00
2017.05.19 09:51:57.153,8.76323,8.76441,1.00,1.00
2017.05.19 09:51:57.493,8.76316,8.76434,1.00,1.00
2017.05.19 09:51:58.524,8.7632,8.76438,1.00,1.00
2017.05.19 09:51:58.831,8.76292,8.76408,1.00,1.00
2017.05.19 09:51:58.932,8.76268,8.76387,1.00,1.00
2017.05.19 09:51:58.983,8.76249,8.76368,1.00,1.00
2017.05.19 09:51:59.289,8.76215,8.76333,1.00,1.00
2017.05.19 09:52:00.114,8.76214,8.7633,1.00,1.00
2017.05.19 09:52:00.215,8.76207,8.76325,1.00,1.00
2017.05.19 09:52:01.236,8.76204,8.76322,1.00,1.00
2017.05.19 09:52:02.188,8.76201,8.7632,1.00,1.00
2017.05.19 09:52:02.845,8.76226,8.76344,1.00,1.00
2017.05.19 09:52:03.149,8.7624,8.76356,1.00,1.00
2017.05.19 09:52:03.302,8.76215,8.76333,1.00,1.00
2017.05.19 09:52:03.707,8.76199,8.76317,1.00,1.00
2017.05.19 09:52:03.808,8.7621,8.76329,1.00,1.00
2017.05.19 09:52:04.225,8.76199,8.76317,1.00,1.00
2017.05.19 09:52:04.530,8.76189,8.76307,1.00,1.00
2017.05.19 09:52:05.241,8.76179,8.76297,1.00,1.00
2017.05.19 09:52:06.049,8.76186,8.76302,1.00,1.00
2017.05.19 09:52:06.201,8.76194,8.76312,1.00,1.00
2017.05.19 09:52:06.714,8.76201,8.7632,1.00,1.00
2017.05.19 09:52:06.817,8.76214,8.76332,1.00,1.00
2017.05.19 09:52:07.605,8.76224,8.76342,1.00,1.00
2017.05.19 09:52:09.014,8.762,8.76318,1.00,1.00
2017.05.19 09:52:09.521,8.76211,8.76329,1.00,1.00
2017.05.19 09:52:10.344,8.76219,8.76335,1.00,1.00
2017.05.19 09:52:10.597,8.7623,8.76348,1.00,1.00
2017.05.19 09:52:11.604,8.7623,8.76349,1.00,1.00
2017.05.19 09:52:12.442,8.76235,8.76353,1.00,1.00
2017.05.19 09:52:13.199,8.76229,8.76347,1.00,1.00
2017.05.19 09:52:13.597,8.76235,8.76353,1.00,1.00
2017.05.19 09:52:14.572,8.76236,8.76354,1.00,1.00
2017.05.19 09:52:14.905,8.76255,8.76373,1.00,1.00
2017.05.19 09:52:15.209,8.76263,8.76381,1.00,1.00
2017.05.19 09:52:15.869,8.76258,8.76376,1.00,1.00
2017.05.19 09:52:16.236,8.76247,8.76366,1.00,1.00
2017.05.19 09:52:16.543,8.7626,8.76376,1.00,1.00
2017.05.19 09:52:17.271,8.76265,8.76383,1.00,1.00
2017.05.19 09:52:17.795,8.7626,8.76378,1.00,1.00
2017.05.19 09:52:18.801,8.76256,8.76374,1.00,1.00
2017.05.19 09:52:21.621,8.7626,8.76379,1.00,1.00
2017.05.19 09:52:21.773,8.7627,8.76386,1.00,1.00
2017.05.19 09:52:22.205,8.76296,8.76415,1.00,1.00
2017.05.19 09:52:23.130,8.76295,8.76413,1.00,1.00
2017.05.19 09:52:23.559,8.76302,8.7642,1.00,1.00
2017.05.19 09:52:24.459,8.76301,8.76419,1.00,1.00
2017.05.19 09:52:27.483,8.76293,8.76411,1.00,1.00
2017.05.19 09:52:28.538,8.76292,8.7641,1.00,1.00
2017.05.19 09:52:29.523,8.76289,8.76407,1.00,1.00
2017.05.19 09:52:30.008,8.76297,8.76415,1.00,1.00
2017.05.19 09:52:30.576,8.76302,8.7642,1.00,1.00
2017.05.19 09:52:30.993,8.76307,8.76426,1.00,1.00
2017.05.19 09:52:31.830,8.76298,8.76417,1.00,1.00
2017.05.19 09:52:32.264,8.76303,8.76474,1.00,1.67
2017.05.19 09:52:32.395,8.76407,8.7649,1.00,1.00
2017.05.19 09:52:32.547,8.76392,8.7649,1.00,1.00
2017.05.19 09:52:32.649,8.76392,8.7651,1.00,1.00
2017.05.19 09:52:33.215,8.76375,8.76493,1.00,1.00
2017.05.19 09:52:33.573,8.76388,8.76506,1.00,1.00
2017.05.19 09:52:34.049,8.7638,8.76498,1.00,1.00
2017.05.19 09:52:34.202,8.76384,8.76503,1.00,1.00
2017.05.19 09:52:34.523,8.76394,8.76513,1.00,1.00
2017.05.19 09:52:35.207,8.76386,8.76505,1.00,1.00
2017.05.19 09:52:35.512,8.76405,8.76523,1.00,1.00
2017.05.19 09:52:36.374,8.76408,8.76527,1.00,1.00
2017.05.19 09:52:36.729,8.76413,8.76531,1.00,1.00
2017.05.19 09:52:37.247,8.76402,8.76519,1.00,1.00
2017.05.19 09:52:39.030,8.76416,8.76534,1.00,1.00
2017.05.19 09:52:39.261,8.76425,8.76544,1.00,1.00
2017.05.19 09:52:39.312,8.76417,8.76536,1.00,1.00
2017.05.19 09:52:39.852,8.76428,8.76546,1.00,1.00
2017.05.19 09:52:40.883,8.76425,8.76544,1.00,1.00
2017.05.19 09:52:42.502,8.76425,8.76542,1.00,1.00
2017.05.19 09:52:43.323,8.76434,8.76552,1.00,1.00
2017.05.19 09:52:43.375,8.7644,8.76559,1.00,1.00
2017.05.19 09:52:45.008,8.76443,8.76561,1.00,1.00
2017.05.19 09:52:46.159,8.76452,8.7657,1.00,1.00
2017.05.19 09:52:46.260,8.76463,8.76582,1.00,1.00
2017.05.19 09:52:46.861,8.76464,8.76582,1.00,1.00
2017.05.19 09:52:46.912,8.7649,8.7661,1.00,1.00
2017.05.19 09:52:46.964,8.76492,8.76612,1.00,1.00
2017.05.19 09:52:47.844,8.76501,8.76621,1.00,1.00
2017.05.19 09:52:48.459,8.76506,8.76626,1.00,1.00
2017.05.19 09:52:48.831,8.76517,8.76637,1.00,1.00
2017.05.19 09:52:49.238,8.76504,8.76631,1.00,1.00
2017.05.19 09:52:50.010,8.76499,8.76626,1.00,1.00
2017.05.19 09:52:50.421,8.76504,8.76631,1.00,1.00
2017.05.19 09:52:50.522,8.76511,8.76639,1.00,1.00
2017.05.19 09:52:51.014,8.76535,8.76656,1.00,1.00
2017.05.19 09:52:51.116,8.76535,8.76662,1.00,1.00
2017.05.19 09:52:51.320,8.76545,8.76672,1.00,1.00
2017.05.19 09:52:52.167,8.76545,8.7667,1.00,1.00
2017.05.19 09:52:53.588,8.7655,8.76677,1.00,1.00
2017.05.19 09:52:54.556,8.76546,8.76673,1.00,1.00
2017.05.19 09:52:55.562,8.76544,8.76671,1.00,1.00
2017.05.19 09:52:57.069,8.76559,8.76684,1.00,1.00
2017.05.19 09:52:57.382,8.76562,8.76685,1.00,1.00
2017.05.19 09:52:57.484,8.76562,8.76688,1.00,1.00
2017.05.19 09:52:57.535,8.76555,8.76682,1.00,1.00
2017.05.19 09:52:59.538,8.76563,8.76687,1.00,1.00
2017.05.19 09:52:59.871,8.76577,8.76697,1.00,1.00
2017.05.19 09:52:59.923,8.76577,8.76703,1.00,1.00
2017.05.19 09:53:00.430,8.76577,8.76704,1.00,1.00
2017.05.19 09:53:00.946,8.76578,8.76705,1.00,1.00
2017.05.19 09:53:01.683,8.76581,8.76708,1.00,1.00
2017.05.19 09:53:02.980,8.76578,8.76703,1.00,1.00
2017.05.19 09:53:04.159,8.76552,8.76679,1.00,1.00
2017.05.19 09:53:04.312,8.76542,8.76667,1.00,1.00
2017.05.19 09:53:05.522,8.76546,8.76673,1.00,1.00
2017.05.19 09:53:09.550,8.76545,8.76672,1.00,1.00
2017.05.19 09:53:12.441,8.76546,8.7667,1.00,1.00
2017.05.19 09:53:13.503,8.76546,8.76672,1.00,1.00
2017.05.19 09:53:14.110,8.76541,8.76668,1.00,1.00
2017.05.19 09:53:14.373,8.76547,8.76674,1.00,1.00
2017.05.19 09:53:15.108,8.76553,8.7668,1.00,1.00
2017.05.19 09:53:15.410,8.76541,8.76668,1.00,1.00
2017.05.19 09:53:16.216,8.76542,8.76669,1.00,1.00
2017.05.19 09:53:16.731,8.76549,8.76676,1.00,1.00
2017.05.19 09:53:17.191,8.76554,8.7668,1.00,1.00
2017.05.19 09:53:18.611,8.76565,8.76686,1.00,1.00
2017.05.19 09:53:18.713,8.76565,8.7669,1.00,1.00
2017.05.19 09:53:18.916,8.76573,8.76699,1.00,1.00
2017.05.19 09:53:19.679,8.7658,8.76703,1.00,1.00
2017.05.19 09:53:19.781,8.76564,8.76691,1.00,1.00
2017.05.19 09:53:19.918,8.76556,8.76683,1.00,1.00
2017.05.19 09:53:20.226,8.76569,8.76695,1.00,1.00
2017.05.19 09:53:20.887,8.76579,8.76706,1.00,1.00
2017.05.19 09:53:21.469,8.76574,8.76701,1.00,1.00
2017.05.19 09:53:21.884,8.7657,8.76696,1.00,1.00
2017.05.19 09:53:21.935,8.76557,8.76684,1.00,1.00
2017.05.19 09:53:23.011,8.76552,8.76679,1.00,1.00
2017.05.19 09:53:23.593,8.76558,8.76684,1.00,1.00
2017.05.19 09:53:23.945,8.76579,8.76702,1.00,1.00
2017.05.19 09:53:24.428,8.76579,8.76705,1.00,1.00
2017.05.19 09:53:24.802,8.76581,8.76704,1.00,1.00
2017.05.19 09:53:25.010,8.76581,8.76707,1.00,1.00
2017.05.19 09:53:25.517,8.76592,8.76712,1.00,1.00
2017.05.19 09:53:25.669,8.76592,8.76716,1.00,1.00
2017.05.19 09:53:26.018,8.76585,8.76711,1.00,1.00
2017.05.19 09:53:26.174,8.76574,8.76701,1.00,1.00
2017.05.19 09:53:26.553,8.76563,8.76689,1.00,1.00
2017.05.19 09:53:27.130,8.76568,8.76695,1.00,1.00
2017.05.19 09:53:27.327,8.76559,8.76685,1.00,1.00
2017.05.19 09:53:27.593,8.76545,8.7668,1.00,1.00
2017.05.19 09:53:28.273,8.76539,8.76675,1.00,1.00
2017.05.19 09:53:29.253,8.76542,8.76679,1.00,1.00
2017.05.19 09:53:30.253,8.76542,8.76681,1.00,1.00
2017.05.19 09:53:30.304,8.76553,8.76691,1.00,1.00
2017.05.19 09:53:30.456,8.76545,8.76684,1.00,1.00
2017.05.19 09:53:30.507,8.76554,8.76693,1.00,1.00
2017.05.19 09:53:31.291,8.76559,8.76698,1.00,1.00
2017.05.19 09:53:37.112,8.7656,8.76699,1.00,1.00
2017.05.19 09:53:38.630,8.76563,8.76702,1.00,1.00
2017.05.19 09:53:39.148,8.7656,8.76699,1.00,1.00
2017.05.19 09:53:39.455,8.76551,8.76689,1.00,1.00
2017.05.19 09:53:40.120,8.76543,8.76681,1.00,1.00
2017.05.19 09:53:42.670,8.76544,8.76682,1.00,1.00
2017.05.19 09:53:43.097,8.76548,8.76687,1.00,1.00
2017.05.19 09:53:43.717,8.76566,8.76702,1.00,1.00
2017.05.19 09:53:44.087,8.76555,8.76694,1.00,1.00
2017.05.19 09:53:44.513,8.76545,8.76682,1.00,1.00
2017.05.19 09:53:46.213,8.7655,8.76687,1.00,1.00
2017.05.19 09:53:47.426,8.76566,8.76698,1.00,1.00
2017.05.19 09:53:47.731,8.766,8.76726,1.00,1.00
2017.05.19 09:53:47.883,8.76616,8.76743,1.00,1.00
2017.05.19 09:53:48.137,8.76626,8.76753,1.00,1.00
2017.05.19 09:53:48.486,8.76636,8.76763,1.00,1.00
2017.05.19 09:53:49.013,8.76614,8.76741,1.00,1.00
2017.05.19 09:53:49.487,8.76604,8.76731,1.00,1.00
2017.05.19 09:53:50.428,8.76595,8.76721,1.00,1.00
2017.05.19 09:53:50.480,8.76556,8.76712,1.00,1.00
2017.05.19 09:53:50.581,8.7655,8.76712,1.00,1.00
2017.05.19 09:53:50.761,8.76556,8.76712,1.00,1.00
2017.05.19 09:53:51.188,8.76556,8.76692,1.00,1.00
2017.05.19 09:53:51.527,8.76562,8.76692,1.00,1.00
2017.05.19 09:53:51.782,8.76568,8.76703,1.00,1.00
2017.05.19 09:53:51.962,8.76576,8.76703,1.00,1.00
2017.05.19 09:53:52.287,8.76603,8.7673,1.00,1.00
2017.05.19 09:53:53.163,8.7661,8.76737,1.00,1.00
2017.05.19 09:53:53.469,8.76642,8.76761,1.00,1.00
2017.05.19 09:53:53.672,8.76654,8.76781,1.00,1.00
2017.05.19 09:53:53.926,8.76673,8.768,1.00,1.00
2017.05.19 09:53:54.434,8.76673,8.76799,1.00,1.00
2017.05.19 09:53:54.485,8.76683,8.7681,1.00,1.00
2017.05.19 09:53:55.202,8.76674,8.76801,1.00,1.00
2017.05.19 09:53:57.466,8.7668,8.76807,1.00,1.00
2017.05.19 09:53:57.881,8.76687,8.76813,1.00,1.00
2017.05.19 09:53:58.473,8.76695,8.76821,1.00,1.00
2017.05.19 09:54:00.151,8.76697,8.76824,1.00,1.00
2017.05.19 09:54:00.745,8.76717,8.76843,1.00,1.00
2017.05.19 09:54:01.153,8.76724,8.7685,1.00,1.00
2017.05.19 09:54:02.339,8.76719,8.76845,1.00,1.00
2017.05.19 09:54:03.422,8.76712,8.76838,1.00,1.00
2017.05.19 09:54:03.733,8.76706,8.76832,1.00,1.00
2017.05.19 09:54:03.953,8.76719,8.76846,1.00,1.00
2017.05.19 09:54:04.401,8.76727,8.76853,1.00,1.00
2017.05.19 09:54:04.792,8.76735,8.76861,1.00,1.00
2017.05.19 09:54:05.593,8.76722,8.76848,1.00,1.00
2017.05.19 09:54:06.173,8.76715,8.76841,1.00,1.00
2017.05.19 09:54:06.994,8.76723,8.76849,1.00,1.00
2017.05.19 09:54:07.045,8.76716,8.76843,1.00,1.00
2017.05.19 09:54:08.348,8.76724,8.7685,1.00,1.00
2017.05.19 09:54:09.377,8.76721,8.76845,1.00,1.00
2017.05.19 09:54:10.361,8.76724,8.7685,1.00,1.00
2017.05.19 09:54:11.215,8.76718,8.76845,1.00,1.00
2017.05.19 09:54:11.370,8.76712,8.76839,1.00,1.00
2017.05.19 09:54:12.460,8.76711,8.76837,1.00,1.00
2017.05.19 09:54:13.482,8.76708,8.76835,1.00,1.00
2017.05.19 09:54:13.715,8.76687,8.76822,1.00,1.00
2017.05.19 09:54:13.766,8.76676,8.76802,1.00,1.00
2017.05.19 09:54:14.206,8.76687,8.76813,1.00,1.00
2017.05.19 09:54:14.308,8.76671,8.76798,1.00,1.00
2017.05.19 09:54:14.631,8.76685,8.76812,1.00,1.00
2017.05.19 09:54:14.937,8.76679,8.76806,1.00,1.00
2017.05.19 09:54:15.658,8.76674,8.76801,1.00,1.00
2017.05.19 09:54:18.283,8.76686,8.76812,1.00,1.00
2017.05.19 09:54:18.334,8.76679,8.76806,1.00,1.00
2017.05.19 09:54:19.164,8.76674,8.768,1.00,1.00
2017.05.19 09:54:22.242,8.76674,8.76801,1.00,1.00
2017.05.19 09:54:23.121,8.76675,8.76801,1.00,1.00
2017.05.19 09:54:23.731,8.76674,8.76801,1.00,1.00
2017.05.19 09:54:27.713,8.76672,8.76799,1.00,1.00
2017.05.19 09:54:33.108,8.76695,8.76822,1.00,1.00
2017.05.19 09:54:34.085,8.76689,8.76816,1.00,1.00
2017.05.19 09:54:34.390,8.76684,8.76811,1.00,1.00
2017.05.19 09:54:34.694,8.76651,8.76778,1.00,1.00
2017.05.19 09:54:35.527,8.76644,8.76771,1.00,1.00
2017.05.19 09:54:35.832,8.76628,8.76755,1.00,1.00
2017.05.19 09:54:36.173,8.76635,8.76762,1.00,1.00
2017.05.19 09:54:36.922,8.76639,8.76766,1.00,1.00
2017.05.19 09:54:37.900,8.76641,8.76768,1.00,1.00
2017.05.19 09:54:40.547,8.76648,8.76774,1.00,1.00
2017.05.19 09:54:40.598,8.76654,8.76781,1.00,1.00
2017.05.19 09:54:40.942,8.76661,8.76788,1.00,1.00
2017.05.19 09:54:41.044,8.7665,8.76789,1.00,1.00
2017.05.19 09:54:41.588,8.76651,8.76789,1.00,1.00
2017.05.19 09:54:42.790,8.76662,8.76789,1.00,1.00
2017.05.19 09:54:43.570,8.76667,8.76793,1.00,1.00
2017.05.19 09:54:45.257,8.76663,8.7679,1.00,1.00
2017.05.19 09:54:45.464,8.76672,8.76797,1.00,1.00
2017.05.19 09:54:46.223,8.76663,8.7679,1.00,1.00
2017.05.19 09:54:46.275,8.76656,8.76783,1.00,1.00
2017.05.19 09:54:46.611,8.76644,8.7677,1.00,1.00
2017.05.19 09:54:47.430,8.7664,8.76767,1.00,1.00
2017.05.19 09:54:49.065,8.76641,8.76767,1.00,1.00
2017.05.19 09:54:51.416,8.76639,8.76765,1.00,1.00
2017.05.19 09:54:53.681,8.76643,8.76769,1.00,1.00
2017.05.19 09:54:53.984,8.7666,8.76786,1.00,1.00
2017.05.19 09:54:54.295,8.7667,8.76795,1.00,1.00
2017.05.19 09:54:54.801,8.76678,8.76804,1.00,1.00
2017.05.19 09:54:56.662,8.76672,8.76797,1.00,1.00
2017.05.19 09:54:57.172,8.76671,8.76797,1.00,1.00
2017.05.19 09:54:57.772,8.76662,8.76788,1.00,1.00
2017.05.19 09:54:58.077,8.76646,8.76772,1.00,1.00
2017.05.19 09:54:58.796,8.76641,8.76767,1.00,1.00
2017.05.19 09:54:59.109,8.76669,8.76789,1.00,1.00
2017.05.19 09:54:59.160,8.76669,8.76792,1.00,1.00
2017.05.19 09:54:59.372,8.76669,8.76795,1.00,1.00
2017.05.19 09:54:59.961,8.76665,8.76791,1.00,1.00
2017.05.19 09:55:00.266,8.76671,8.76797,1.00,1.00
2017.05.19 09:55:01.053,8.76667,8.76793,1.00,1.00
2017.05.19 09:55:01.366,8.7668,8.76806,1.00,1.00
2017.05.19 09:55:02.336,8.76679,8.76806,1.00,1.00
2017.05.19 09:55:02.639,8.76671,8.76797,1.00,1.00
2017.05.19 09:55:03.486,8.76677,8.76803,1.00,1.00
2017.05.19 09:55:04.750,8.76681,8.76807,1.00,1.00
2017.05.19 09:55:04.801,8.76686,8.76813,1.00,1.00
2017.05.19 09:55:12.800,8.76688,8.76814,1.00,1.00
2017.05.19 09:55:13.577,8.7671,8.76837,1.00,1.00
2017.05.19 09:55:13.629,8.7672,8.76848,1.00,1.50
2017.05.19 09:55:14.600,8.76715,8.76842,1.00,1.00
2017.05.19 09:55:15.618,8.76716,8.76843,1.00,1.00
2017.05.19 09:55:21.849,8.76694,8.76821,1.00,1.00
2017.05.19 09:55:22.447,8.76705,8.76832,1.00,1.00
2017.05.19 09:55:22.809,8.76715,8.7684,1.00,1.00
2017.05.19 09:55:23.130,8.76721,8.76846,1.00,1.00
2017.05.19 09:55:23.639,8.76729,8.76855,1.00,1.00
2017.05.19 09:55:23.690,8.76726,8.76852,1.00,1.00
2017.05.19 09:55:24.022,8.76733,8.76859,1.00,1.00
2017.05.19 09:55:24.900,8.76737,8.76863,1.00,1.00
2017.05.19 09:55:26.544,8.76746,8.76872,1.00,1.00
2017.05.19 09:55:27.300,8.76737,8.76862,1.00,1.00
2017.05.19 09:55:27.867,8.76741,8.76867,1.00,1.00
2017.05.19 09:55:28.747,8.76733,8.76857,1.00,1.00
2017.05.19 09:55:30.170,8.7674,8.76866,1.00,1.00
2017.05.19 09:55:30.373,8.76745,8.76871,1.00,1.00
2017.05.19 09:55:30.677,8.76729,8.76855,1.00,1.00
2017.05.19 09:55:31.378,8.76725,8.76849,1.00,1.00
2017.05.19 09:55:31.581,8.76695,8.76822,1.00,1.00
2017.05.19 09:55:32.576,8.76691,8.76818,1.00,1.00
2017.05.19 09:55:34.418,8.76695,8.76822,1.00,1.00
2017.05.19 09:55:35.314,8.76691,8.76818,1.00,1.00
2017.05.19 09:55:35.619,8.76698,8.76825,1.00,1.00
2017.05.19 09:55:35.981,8.76707,8.76834,1.00,1.00
2017.05.19 09:55:36.711,8.76712,8.76838,1.00,1.00
2017.05.19 09:55:37.713,8.76713,8.7684,1.00,1.00
2017.05.19 09:55:38.621,8.76721,8.76848,1.00,1.00
2017.05.19 09:55:39.350,8.76699,8.76826,1.00,1.00
2017.05.19 09:55:39.868,8.76698,8.76825,1.00,1.00
2017.05.19 09:55:40.342,8.76691,8.76818,1.00,1.00
2017.05.19 09:55:40.713,8.76687,8.76813,1.00,1.00
2017.05.19 09:55:42.908,8.76689,8.76816,1.00,1.00
2017.05.19 09:55:43.861,8.76693,8.76819,1.00,1.00
2017.05.19 09:55:44.426,8.76683,8.76809,1.00,1.00
2017.05.19 09:55:44.831,8.76672,8.76798,1.00,1.00
2017.05.19 09:55:45.429,8.76667,8.76793,1.00,1.00
2017.05.19 09:55:45.822,8.76672,8.76799,1.00,1.00
2017.05.19 09:55:46.479,8.76667,8.76793,1.00,1.00
2017.05.19 09:55:47.162,8.76659,8.76806,1.00,1.00
2017.05.19 09:55:54.904,8.76661,8.76806,1.00,1.00
2017.05.19 09:55:57.938,8.76662,8.76802,1.00,1.00
2017.05.19 09:55:59.617,8.76668,8.76808,1.00,1.00
2017.05.19 09:56:00.617,8.76669,8.76806,1.00,1.00
2017.05.19 09:56:01.128,8.76679,8.76818,1.00,1.00
2017.05.19 09:56:01.687,8.76671,8.7681,1.00,1.00
2017.05.19 09:56:02.086,8.76664,8.76803,1.00,1.00
2017.05.19 09:56:04.508,8.76665,8.76803,1.00,1.00
2017.05.19 09:56:06.275,8.76673,8.76812,1.00,1.00
2017.05.19 09:56:06.326,8.76686,8.76825,1.00,1.00
2017.05.19 09:56:06.632,8.76695,8.76834,1.00,1.00
2017.05.19 09:56:07.214,8.7671,8.76849,1.00,1.00
2017.05.19 09:56:07.521,8.76701,8.7684,1.00,1.00
2017.05.19 09:56:08.299,8.76699,8.7684,1.00,1.00
2017.05.19 09:56:08.861,8.76693,8.76834,1.00,1.00
2017.05.19 09:56:10.729,8.76693,8.76833,1.00,1.00
2017.05.19 09:56:11.068,8.76688,8.76828,1.00,1.00
2017.05.19 09:56:11.989,8.76689,8.76828,1.00,1.00
2017.05.19 09:56:12.649,8.76688,8.76828,1.50,1.00
2017.05.19 09:56:13.257,8.76689,8.76828,1.00,1.00
2017.05.19 09:56:14.075,8.76689,8.76822,1.00,1.00
2017.05.19 09:56:14.403,8.76685,8.76814,1.00,1.00
2017.05.19 09:56:14.454,8.76673,8.76814,1.00,1.00
2017.05.19 09:56:15.202,8.76671,8.76803,1.00,1.00
2017.05.19 09:56:15.304,8.76667,8.76803,1.00,1.00
2017.05.19 09:56:15.554,8.76663,8.76803,1.00,1.00
2017.05.19 09:56:16.218,8.7666,8.76798,1.00,1.00
2017.05.19 09:56:18.196,8.76668,8.76798,1.00,1.00
2017.05.19 09:56:18.528,8.7666,8.76798,1.00,1.00
2017.05.19 09:56:19.783,8.76659,8.76793,1.00,1.00
2017.05.19 09:56:21.890,8.76655,8.76793,1.00,1.00
2017.05.19 09:56:22.392,8.76654,8.76793,1.00,1.00
2017.05.19 09:56:23.098,8.76655,8.76794,1.00,1.00
2017.05.19 09:56:24.666,8.76668,8.76794,1.00,1.00
2017.05.19 09:56:24.749,8.76655,8.76794,1.00,1.00
2017.05.19 09:56:25.402,8.76654,8.76793,1.00,1.00
2017.05.19 09:56:25.978,8.76651,8.7679,1.00,1.00
2017.05.19 09:56:26.941,8.76655,8.76794,1.00,1.00
2017.05.19 09:56:27.998,8.76656,8.76782,1.00,1.00
2017.05.19 09:56:28.961,8.76671,8.76782,1.00,1.00
2017.05.19 09:56:29.190,8.76656,8.76782,1.00,1.00
2017.05.19 09:56:30.110,8.76659,8.76786,1.00,1.00
2017.05.19 09:56:30.162,8.76664,8.7679,1.00,1.00
2017.05.19 09:56:30.484,8.76674,8.76801,1.00,1.00
2017.05.19 09:56:30.737,8.76684,8.7681,1.00,1.00
2017.05.19 09:56:31.819,8.76688,8.76814,1.00,1.00
2017.05.19 09:56:32.429,8.76692,8.76818,1.00,1.00
2017.05.19 09:56:35.514,8.76682,8.76808,1.00,1.00
2017.05.19 09:56:36.452,8.76668,8.76807,1.00,1.00
2017.05.19 09:56:36.503,8.76681,8.76807,1.00,1.00
2017.05.19 09:56:36.605,8.76663,8.7679,1.00,1.00
2017.05.19 09:56:36.657,8.76674,8.768,1.00,1.00
2017.05.19 09:56:37.615,8.7667,8.76797,1.00,1.00
2017.05.19 09:56:39.979,8.76672,8.76799,1.00,1.00
2017.05.19 09:56:40.725,8.76683,8.76809,1.00,1.00
2017.05.19 09:56:41.105,8.76682,8.76805,1.00,1.00
2017.05.19 09:56:41.399,8.76674,8.768,1.00,1.00
2017.05.19 09:56:41.450,8.76665,8.76791,1.00,1.00
2017.05.19 09:56:42.475,8.76661,8.76787,1.00,1.00
2017.05.19 09:56:43.567,8.76658,8.76784,1.00,1.00
2017.05.19 09:56:44.702,8.76663,8.76788,1.00,1.00
2017.05.19 09:56:45.496,8.76673,8.76799,1.00,1.00
2017.05.19 09:56:50.962,8.76677,8.76802,1.00,1.00
2017.05.19 09:56:52.541,8.76675,8.76801,1.00,1.00
2017.05.19 09:56:57.071,8.76681,8.76806,1.00,1.00
2017.05.19 09:56:58.067,8.76683,8.76809,1.00,1.00
2017.05.19 09:56:58.118,8.76691,8.76815,1.00,1.00
2017.05.19 09:56:58.170,8.76697,8.76823,1.00,1.00
2017.05.19 09:56:58.418,8.76689,8.76813,1.00,1.00
2017.05.19 09:56:59.863,8.76684,8.76809,1.00,1.00
2017.05.19 09:56:59.999,8.76693,8.76817,1.00,1.00
2017.05.19 09:57:02.245,8.76703,8.76827,1.00,1.00
2017.05.19 09:57:03.778,8.76707,8.76831,1.00,1.00
2017.05.19 09:57:04.032,8.76701,8.76827,1.00,1.00
2017.05.19 09:57:06.435,8.76696,8.76822,1.00,1.00
2017.05.19 09:57:06.989,8.7669,8.76816,1.00,1.00
2017.05.19 09:57:07.192,8.76689,8.76833,1.00,1.00
2017.05.19 09:57:07.243,8.7671,8.76836,1.00,1.00
2017.05.19 09:57:07.975,8.76688,8.76835,1.00,1.00
2017.05.19 09:57:08.225,8.7671,8.76836,1.00,1.00
2017.05.19 09:57:08.278,8.76689,8.76834,1.00,1.00
2017.05.19 09:57:10.552,8.76691,8.76837,1.00,1.00
2017.05.19 09:57:10.705,8.76714,8.76841,1.00,1.00
2017.05.19 09:57:10.993,8.7669,8.7684,1.00,1.00
2017.05.19 09:57:12.955,8.76694,8.76844,1.00,1.00
2017.05.19 09:57:13.368,8.76695,8.76837,1.00,1.00
2017.05.19 09:57:14.900,8.767,8.7684,1.00,1.00
2017.05.19 09:57:14.951,8.76704,8.76847,1.00,1.00
2017.05.19 09:57:15.791,8.76711,8.76854,1.00,1.00
2017.05.19 09:57:16.575,8.76716,8.76858,1.00,1.00
2017.05.19 09:57:16.888,8.76721,8.76863,1.00,1.00
2017.05.19 09:57:17.568,8.76715,8.76857,1.00,1.00
2017.05.19 09:57:20.885,8.76711,8.76853,1.00,1.00
2017.05.19 09:57:21.788,8.76721,8.76863,1.00,1.00
2017.05.19 09:57:22.210,8.76717,8.76859,1.00,1.00
2017.05.19 09:57:22.959,8.76723,8.76865,1.00,1.00
2017.05.19 09:57:23.262,8.76728,8.7687,1.00,1.00
2017.05.19 09:57:25.058,8.76727,8.76869,1.00,1.00
2017.05.19 09:57:27.943,8.76724,8.76866,1.00,1.00
2017.05.19 09:57:28.331,8.76726,8.76853,1.00,1.00
2017.05.19 09:57:30.114,8.76723,8.76849,1.00,1.00
2017.05.19 09:57:31.103,8.76725,8.76852,1.00,1.00
2017.05.19 09:57:32.871,8.76721,8.76847,1.00,1.00
2017.05.19 09:57:33.186,8.767,8.76826,1.00,1.00
2017.05.19 09:57:33.908,8.76705,8.76832,1.00,1.00
2017.05.19 09:57:34.020,8.76706,8.76866,1.00,1.00
2017.05.19 09:57:34.071,8.7673,8.76856,1.00,1.00
2017.05.19 09:57:35.048,8.76734,8.76861,1.00,1.00
2017.05.19 09:57:36.739,8.76738,8.76865,1.00,1.00
2017.05.19 09:57:37.370,8.76737,8.76895,1.00,1.00
2017.05.19 09:57:37.422,8.76751,8.76909,1.00,1.00
2017.05.19 09:57:37.473,8.76744,8.76903,1.00,1.00
2017.05.19 09:57:37.525,8.76762,8.76903,1.00,1.00
2017.05.19 09:57:37.670,8.76766,8.76929,1.00,1.00
2017.05.19 09:57:37.771,8.76766,8.76944,1.00,1.00
2017.05.19 09:57:37.823,8.76766,8.76951,1.00,1.00
2017.05.19 09:57:37.975,8.76817,8.76944,1.00,1.00
2017.05.19 09:57:38.315,8.76793,8.7692,1.00,1.00
2017.05.19 09:57:38.639,8.76804,8.76931,1.00,1.00
2017.05.19 09:57:39.162,8.76809,8.76935,1.00,1.00
2017.05.19 09:57:39.373,8.76816,8.76943,1.00,1.00
2017.05.19 09:57:39.526,8.7683,8.76956,1.00,1.00
2017.05.19 09:57:40.540,8.76832,8.76959,1.00,1.00
2017.05.19 09:57:42.673,8.76831,8.7697,1.00,1.00
2017.05.19 09:57:42.724,8.76845,8.76974,1.00,1.00
2017.05.19 09:57:43.029,8.76876,8.77002,1.00,1.00
2017.05.19 09:57:43.675,8.7688,8.77005,1.00,1.00
2017.05.19 09:57:44.263,8.76884,8.7701,1.00,1.00
2017.05.19 09:57:44.972,8.7687,8.77003,1.00,1.00
2017.05.19 09:57:45.226,8.76865,8.77002,1.00,1.00
2017.05.19 09:57:45.277,8.76857,8.76983,1.00,1.00
2017.05.19 09:57:45.582,8.76847,8.76973,1.00,1.00
2017.05.19 09:57:45.886,8.76828,8.76954,1.00,1.00
2017.05.19 09:57:46.219,8.76803,8.76929,1.00,1.00
2017.05.19 09:57:46.560,8.76786,8.76911,1.00,1.00
2017.05.19 09:57:46.611,8.76771,8.76897,1.00,1.00
2017.05.19 09:57:46.713,8.76774,8.76897,1.00,1.00
2017.05.19 09:57:46.814,8.76771,8.76897,1.00,1.00
2017.05.19 09:57:46.865,8.7676,8.76886,1.00,1.00
2017.05.19 09:57:47.574,8.76756,8.76881,1.00,1.00
2017.05.19 09:57:50.103,8.76766,8.76892,1.00,1.00
2017.05.19 09:57:55.126,8.76764,8.7689,1.00,1.00
2017.05.19 09:57:56.149,8.76762,8.76888,1.00,1.00
2017.05.19 09:57:56.877,8.76773,8.76899,1.00,1.00
2017.05.19 09:57:57.220,8.76785,8.7691,1.00,1.00
2017.05.19 09:57:57.728,8.76805,8.76931,1.00,1.00
2017.05.19 09:57:57.981,8.76796,8.76922,1.00,1.00
2017.05.19 09:57:58.503,8.76786,8.76912,1.00,1.00
2017.05.19 09:57:59.546,8.7678,8.76906,1.00,1.00
2017.05.19 09:58:00.676,8.76775,8.76901,1.00,1.00
2017.05.19 09:58:01.752,8.76775,8.76902,1.00,1.00
2017.05.19 09:58:04.429,8.76781,8.76907,1.00,1.00
2017.05.19 09:58:05.151,8.76793,8.7692,1.00,1.00
2017.05.19 09:58:05.202,8.76801,8.76925,1.00,1.00
2017.05.19 09:58:05.596,8.76809,8.76934,1.00,1.00
2017.05.19 09:58:06.596,8.7681,8.76936,1.00,1.00
2017.05.19 09:58:07.697,8.76808,8.76935,1.00,1.00
2017.05.19 09:58:10.149,8.76807,8.76933,1.00,1.00
2017.05.19 09:58:10.716,8.76802,8.76928,1.00,1.00
2017.05.19 09:58:13.161,8.76804,8.76931,1.00,1.00
2017.05.19 09:58:15.714,8.76811,8.76935,1.00,1.00
2017.05.19 09:58:16.613,8.76811,8.76937,1.00,1.00
2017.05.19 09:58:19.149,8.7681,8.76937,1.00,1.00
2017.05.19 09:58:19.200,8.76803,8.7693,1.00,1.00
2017.05.19 09:58:19.506,8.76792,8.76919,1.00,1.00
2017.05.19 09:58:20.421,8.76783,8.7691,1.00,1.00
2017.05.19 09:58:21.380,8.7678,8.76907,1.00,1.00
2017.05.19 09:58:22.681,8.76781,8.76908,1.00,1.00
2017.05.19 09:58:28.238,8.76783,8.76908,1.00,1.00
2017.05.19 09:58:29.315,8.76787,8.76914,1.00,1.00
2017.05.19 09:58:29.367,8.76782,8.76909,1.00,1.00
2017.05.19 09:58:30.731,8.76779,8.76905,1.00,1.00
2017.05.19 09:58:31.056,8.7677,8.76897,1.00,1.00
2017.05.19 09:58:31.402,8.76737,8.76865,1.00,1.00
2017.05.19 09:58:31.453,8.76733,8.76854,1.00,1.00
2017.05.19 09:58:31.555,8.76714,8.7684,1.00,1.00
2017.05.19 09:58:31.607,8.76718,8.7684,1.00,1.00
2017.05.19 09:58:31.867,8.76714,8.7684,1.00,1.00
2017.05.19 09:58:32.020,8.76726,8.76853,1.00,1.00
2017.05.19 09:58:32.071,8.76747,8.76873,1.00,1.00
2017.05.19 09:58:32.396,8.76763,8.76889,1.00,1.00
2017.05.19 09:58:33.204,8.76766,8.76893,1.00,1.00
2017.05.19 09:58:34.600,8.76776,8.76901,1.00,1.00
2017.05.19 09:58:34.905,8.76784,8.76909,1.00,1.00
2017.05.19 09:58:35.584,8.76778,8.76905,1.00,1.00
2017.05.19 09:58:36.262,8.76787,8.76914,1.00,1.00
2017.05.19 09:58:36.610,8.76784,8.76909,1.00,1.00
2017.05.19 09:58:36.733,8.76791,8.76918,1.00,1.00
2017.05.19 09:58:37.597,8.76785,8.76912,1.00,1.00
2017.05.19 09:58:40.237,8.76787,8.76912,1.00,1.00
2017.05.19 09:58:41.916,8.76792,8.76919,1.00,1.00
2017.05.19 09:58:42.219,8.76782,8.76909,1.00,1.00
2017.05.19 09:58:42.848,8.76771,8.76898,1.00,1.00
2017.05.19 09:58:43.228,8.76777,8.76901,1.00,1.00
2017.05.19 09:58:47.365,8.76799,8.76923,1.00,1.00
2017.05.19 09:58:47.517,8.7681,8.76936,1.00,1.00
2017.05.19 09:58:47.697,8.76799,8.76926,1.00,1.00
2017.05.19 09:58:48.217,8.76793,8.76919,1.00,1.00
2017.05.19 09:58:48.535,8.76802,8.76927,1.00,1.00
2017.05.19 09:58:52.064,8.76797,8.76923,1.00,1.00
2017.05.19 09:58:53.065,8.76795,8.76921,1.00,1.00
2017.05.19 09:58:55.248,8.76798,8.76923,1.00,1.00
2017.05.19 09:58:55.418,8.76786,8.76912,1.00,1.00
2017.05.19 09:58:55.848,8.76793,8.76919,1.00,1.00
2017.05.19 09:58:55.951,8.76842,8.7697,1.00,1.00
2017.05.19 09:58:56.003,8.76826,8.76952,1.00,1.00
2017.05.19 09:58:56.790,8.76835,8.76961,1.00,1.00
2017.05.19 09:59:00.775,8.76832,8.76956,1.00,1.00
2017.05.19 09:59:06.262,8.76832,8.76983,1.00,1.00
2017.05.19 09:59:06.313,8.76854,8.76978,1.00,1.00
2017.05.19 09:59:07.259,8.76847,8.76971,1.00,1.00
2017.05.19 09:59:07.930,8.76853,8.76979,1.00,1.00
2017.05.19 09:59:08.408,8.76843,8.76969,1.00,1.00
2017.05.19 09:59:08.911,8.7686,8.76987,1.00,1.00
2017.05.19 09:59:09.016,8.76849,8.76975,1.00,1.00
2017.05.19 09:59:09.219,8.7686,8.76987,1.00,1.00
2017.05.19 09:59:10.193,8.76857,8.76984,1.00,1.00
2017.05.19 09:59:10.805,8.76864,8.7699,1.00,1.00
2017.05.19 09:59:10.856,8.76871,8.76998,1.00,1.00
2017.05.19 09:59:11.301,8.76882,8.77009,1.00,1.00
2017.05.19 09:59:11.751,8.76867,8.76993,1.00,1.00
2017.05.19 09:59:12.072,8.76875,8.77001,1.00,1.00
2017.05.19 09:59:12.434,8.76865,8.76991,1.00,1.00
2017.05.19 09:59:13.281,8.76847,8.76971,1.00,1.00
2017.05.19 09:59:13.386,8.76855,8.76981,1.00,1.00
2017.05.19 09:59:13.437,8.76866,8.76993,1.00,1.00
2017.05.19 09:59:13.844,8.76891,8.77018,1.00,1.00
2017.05.19 09:59:14.208,8.76902,8.77028,1.00,1.00
2017.05.19 09:59:14.514,8.76891,8.77017,1.00,1.00
2017.05.19 09:59:14.988,8.76903,8.77028,1.00,1.00
2017.05.19 09:59:15.986,8.76902,8.77027,1.00,1.00
2017.05.19 09:59:16.265,8.76907,8.77034,1.00,1.00
2017.05.19 09:59:17.009,8.76912,8.77039,1.00,1.00
2017.05.19 09:59:17.344,8.76908,8.77034,1.00,1.00
2017.05.19 09:59:18.460,8.76903,8.7703,1.00,1.00
2017.05.19 09:59:18.561,8.76895,8.7702,1.00,1.00
2017.05.19 09:59:19.578,8.76897,8.77024,1.00,1.00
2017.05.19 09:59:20.320,8.76893,8.7702,1.00,1.00
2017.05.19 09:59:21.187,8.76895,8.77019,1.00,1.00
2017.05.19 09:59:21.368,8.76888,8.77014,1.00,1.00
2017.05.19 09:59:22.240,8.76893,8.77019,1.00,1.00
2017.05.19 09:59:25.299,8.76891,8.77017,1.00,1.00
2017.05.19 09:59:25.878,8.76901,8.77025,1.00,1.00
2017.05.19 09:59:26.081,8.76907,8.77033,1.00,1.00
2017.05.19 09:59:28.244,8.76903,8.77029,1.00,1.00
2017.05.19 09:59:29.245,8.76905,8.77032,1.00,1.00
2017.05.19 09:59:29.684,8.76897,8.77022,1.00,1.00
2017.05.19 09:59:30.653,8.76894,8.77022,1.00,1.00
2017.05.19 09:59:31.681,8.76895,8.77024,1.00,1.00
2017.05.19 09:59:32.141,8.76904,8.77032,1.00,1.00
2017.05.19 09:59:32.529,8.76913,8.77041,1.00,1.00
2017.05.19 09:59:32.937,8.76908,8.77035,1.00,1.00
2017.05.19 09:59:34.511,8.76913,8.7704,1.00,1.00
2017.05.19 09:59:35.371,8.76922,8.77049,1.00,1.00
2017.05.19 09:59:35.475,8.76927,8.77055,1.00,1.00
2017.05.19 09:59:37.843,8.76929,8.77057,1.00,1.00
2017.05.19 09:59:40.829,8.76935,8.77063,1.00,1.00
2017.05.19 09:59:40.880,8.76945,8.77081,1.00,1.00
2017.05.19 09:59:40.982,8.76948,8.77089,1.00,1.00
2017.05.19 09:59:41.186,8.76958,8.77093,1.00,1.00
2017.05.19 09:59:41.943,8.76968,8.77099,1.00,1.00
2017.05.19 09:59:42.456,8.76968,8.77098,1.00,1.00
2017.05.19 09:59:42.983,8.76963,8.77093,1.00,1.00
2017.05.19 09:59:43.142,8.76971,8.77102,1.00,1.00
2017.05.19 09:59:43.244,8.76983,8.77113,1.00,1.00
2017.05.19 09:59:44.216,8.76986,8.77116,1.00,1.00
2017.05.19 09:59:45.091,8.76991,8.77119,1.00,1.00
2017.05.19 09:59:45.142,8.77009,8.77138,1.00,1.00
2017.05.19 09:59:45.244,8.77014,8.77146,1.00,1.00
2017.05.19 09:59:45.954,8.77003,8.77132,1.00,1.00
2017.05.19 09:59:46.258,8.77006,8.77134,1.00,1.00
2017.05.19 09:59:46.960,8.77002,8.77128,1.00,1.00
2017.05.19 09:59:49.541,8.76984,8.77112,1.00,1.00
2017.05.19 09:59:49.744,8.76977,8.77104,1.00,1.00
2017.05.19 09:59:49.947,8.76963,8.77091,1.00,1.00
2017.05.19 09:59:50.886,8.7697,8.77097,1.00,1.00
2017.05.19 09:59:50.987,8.76975,8.77103,1.00,1.00
2017.05.19 09:59:52.861,8.76977,8.77104,1.00,1.00
2017.05.19 09:59:54.378,8.76978,8.77118,1.00,1.00
2017.05.19 09:59:55.398,8.76978,8.7712,1.00,1.00
2017.05.19 09:59:56.352,8.76979,8.77121,1.00,1.00
2017.05.19 09:59:58.420,8.76979,8.77123,1.00,1.00
