2016.09.15 10:00:00.404,8.49246,8.49402,1.00,1.00
2016.09.15 10:00:00.709,8.49233,8.49402,1.00,1.00
2016.09.15 10:00:00.760,8.49242,8.49405,1.00,1.00
2016.09.15 10:00:01.144,8.49249,8.49408,1.00,1.00
2016.09.15 10:00:01.445,8.49241,8.4941,1.00,1.00
2016.09.15 10:00:02.115,8.49236,8.49409,1.00,1.00
2016.09.15 10:00:02.889,8.4924,8.49409,1.00,1.00
2016.09.15 10:00:03.519,8.49236,8.49409,1.00,1.00
2016.09.15 10:00:03.932,8.49244,8.4941,1.00,1.00
2016.09.15 10:00:04.249,8.49261,8.49423,1.00,1.00
2016.09.15 10:00:04.351,8.49262,8.49429,1.00,1.00
2016.09.15 10:00:04.464,8.49252,8.49439,1.00,1.00
2016.09.15 10:00:04.677,8.4927,8.49439,1.00,1.00
2016.09.15 10:00:05.330,8.49256,8.49416,1.00,1.00
2016.09.15 10:00:05.661,8.49277,8.49436,1.00,1.00
2016.09.15 10:00:08.019,8.49277,8.49436,1.00,1.00
2016.09.15 10:00:08.327,8.4927,8.49431,1.00,1.00
2016.09.15 10:00:08.672,8.49277,8.49436,1.00,1.00
2016.09.15 10:00:09.529,8.49279,8.49438,1.00,1.00
2016.09.15 10:00:10.039,8.49279,8.49438,1.00,1.00
2016.09.15 10:00:10.575,8.49287,8.49445,1.00,1.00
2016.09.15 10:00:10.626,8.49287,8.49445,1.00,1.00
2016.09.15 10:00:10.677,8.49305,8.49457,1.00,1.00
2016.09.15 10:00:10.871,8.49305,8.49457,1.00,1.00
2016.09.15 10:00:11.369,8.49296,8.49454,1.00,1.00
2016.09.15 10:00:11.737,8.49292,8.4945,1.00,1.00
2016.09.15 10:00:11.840,8.49292,8.4945,1.00,1.00
2016.09.15 10:00:12.663,8.49288,8.49445,1.00,1.00
2016.09.15 10:00:13.037,8.49288,8.49445,1.00,1.00
2016.09.15 10:00:13.088,8.49273,8.4944,1.00,1.00
2016.09.15 10:00:13.148,8.49273,8.49442,1.00,1.00
2016.09.15 10:00:13.199,8.49255,8.49441,1.00,1.00
2016.09.15 10:00:13.251,8.49254,8.49414,1.00,1.00
2016.09.15 10:00:13.433,8.4927,8.49428,1.00,1.00
2016.09.15 10:00:13.534,8.4927,8.49428,1.00,1.00
2016.09.15 10:00:13.872,8.4927,8.49428,1.00,1.00
2016.09.15 10:00:14.073,8.49278,8.49437,1.00,1.00
2016.09.15 10:00:14.964,8.49283,8.4944,1.00,1.00
2016.09.15 10:00:15.791,8.4928,8.49434,1.00,1.00
2016.09.15 10:00:17.077,8.49282,8.49439,1.00,1.00
2016.09.15 10:00:17.269,8.49273,8.49423,1.00,1.00
2016.09.15 10:00:17.320,8.49273,8.49423,1.00,1.00
2016.09.15 10:00:17.371,8.49259,8.49427,1.00,1.00
2016.09.15 10:00:17.524,8.49259,8.49416,1.00,1.00
2016.09.15 10:00:18.052,8.49246,8.49395,1.00,1.00
2016.09.15 10:00:18.465,8.49246,8.49395,1.00,1.00
2016.09.15 10:00:18.644,8.49246,8.49395,1.00,1.00
2016.09.15 10:00:18.943,8.49245,8.49394,1.00,1.00
2016.09.15 10:00:18.994,8.4925,8.49399,1.00,1.00
2016.09.15 10:00:19.211,8.4925,8.49399,1.00,1.00
2016.09.15 10:00:19.261,8.49272,8.49416,1.00,1.00
2016.09.15 10:00:19.585,8.49285,8.49435,1.00,1.00
2016.09.15 10:00:20.251,8.4928,8.49429,1.00,1.00
2016.09.15 10:00:20.574,8.49257,8.49407,1.00,1.00
2016.09.15 10:00:20.777,8.49253,8.49447,1.00,1.00
2016.09.15 10:00:20.828,8.49254,8.49447,1.75,1.00
2016.09.15 10:00:21.016,8.49313,8.4946,1.00,1.00
2016.09.15 10:00:21.170,8.49313,8.4946,1.00,1.00
2016.09.15 10:00:21.385,8.49313,8.4946,1.00,1.00
2016.09.15 10:00:21.598,8.49313,8.4946,1.00,1.00
2016.09.15 10:00:21.972,8.49322,8.49471,1.00,1.00
2016.09.15 10:00:22.073,8.49333,8.49482,1.00,1.00
2016.09.15 10:00:22.175,8.49333,8.49482,1.00,1.00
2016.09.15 10:00:22.276,8.49333,8.49482,1.00,1.00
2016.09.15 10:00:22.565,8.49343,8.49493,1.00,1.00
2016.09.15 10:00:23.397,8.49341,8.49488,1.00,1.00
2016.09.15 10:00:23.570,8.49342,8.49492,1.00,1.00
2016.09.15 10:00:23.980,8.4933,8.4948,1.00,1.00
2016.09.15 10:00:24.219,8.4933,8.4948,1.00,1.00
2016.09.15 10:00:24.270,8.4933,8.4948,1.00,1.00
2016.09.15 10:00:24.581,8.4934,8.49489,1.00,1.00
2016.09.15 10:00:25.984,8.49345,8.49494,1.00,1.00
2016.09.15 10:00:26.253,8.4937,8.4952,1.00,1.00
2016.09.15 10:00:26.304,8.49372,8.49543,1.00,1.00
2016.09.15 10:00:26.406,8.49385,8.49535,1.00,1.00
2016.09.15 10:00:26.507,8.49385,8.49535,1.00,1.00
2016.09.15 10:00:27.037,8.49385,8.49535,1.00,1.00
2016.09.15 10:00:27.087,8.49385,8.49535,1.00,1.00
2016.09.15 10:00:27.284,8.49381,8.49531,1.00,1.00
2016.09.15 10:00:27.386,8.49376,8.49525,1.00,1.00
2016.09.15 10:00:27.944,8.49363,8.49529,1.00,1.00
2016.09.15 10:00:28.991,8.49337,8.495,1.00,1.00
2016.09.15 10:00:29.093,8.49335,8.495,1.00,1.00
2016.09.15 10:00:29.194,8.49335,8.495,1.00,1.00
2016.09.15 10:00:29.440,8.49359,8.49517,1.00,1.00
2016.09.15 10:00:29.491,8.49359,8.49517,1.00,1.00
2016.09.15 10:00:29.783,8.49359,8.49517,1.00,1.00
2016.09.15 10:00:30.098,8.49359,8.49517,1.00,1.00
2016.09.15 10:00:30.484,8.49359,8.49517,1.00,1.00
2016.09.15 10:00:30.586,8.49355,8.49517,1.00,1.00
2016.09.15 10:00:32.467,8.49333,8.495,1.00,1.00
2016.09.15 10:00:32.519,8.49333,8.49488,1.00,1.00
2016.09.15 10:00:32.824,8.49348,8.49488,1.00,1.00
2016.09.15 10:00:32.925,8.49348,8.49508,1.00,1.00
2016.09.15 10:00:32.976,8.49348,8.49515,1.00,1.00
2016.09.15 10:00:33.382,8.49355,8.49517,1.00,1.00
2016.09.15 10:00:33.799,8.49353,8.49517,1.00,1.00
2016.09.15 10:00:34.114,8.4934,8.49507,1.00,1.00
2016.09.15 10:00:34.330,8.49328,8.49495,1.00,1.00
2016.09.15 10:00:34.954,8.49345,8.49492,1.00,1.00
2016.09.15 10:00:35.317,8.49339,8.49486,1.00,1.00
2016.09.15 10:00:35.817,8.49339,8.49486,1.00,1.00
2016.09.15 10:00:36.073,8.49332,8.49479,1.00,1.00
2016.09.15 10:00:36.418,8.49328,8.49474,1.00,1.00
2016.09.15 10:00:37.069,8.49327,8.49474,1.00,1.00
2016.09.15 10:00:37.294,8.49327,8.49474,1.00,1.00
2016.09.15 10:00:37.877,8.49327,8.49474,1.00,1.00
2016.09.15 10:00:38.591,8.49329,8.49476,1.00,1.00
2016.09.15 10:00:39.605,8.49332,8.49479,1.00,1.00
2016.09.15 10:00:40.034,8.49331,8.49483,1.00,1.00
2016.09.15 10:00:42.251,8.49331,8.49483,1.00,1.00
2016.09.15 10:00:45.365,8.49331,8.49483,1.00,1.00
2016.09.15 10:00:45.669,8.49332,8.49484,1.00,1.00
2016.09.15 10:00:46.545,8.49331,8.49483,1.00,1.00
2016.09.15 10:00:47.114,8.49349,8.49491,1.00,1.00
2016.09.15 10:00:47.216,8.49346,8.49491,1.00,1.00
2016.09.15 10:00:47.317,8.49348,8.49491,1.00,1.00
2016.09.15 10:00:47.848,8.49348,8.49491,1.00,1.00
2016.09.15 10:00:48.187,8.49348,8.49491,1.00,1.00
2016.09.15 10:00:48.992,8.49348,8.49491,1.00,1.00
2016.09.15 10:00:49.552,8.49348,8.49491,1.00,1.00
2016.09.15 10:00:50.169,8.49348,8.49491,1.00,1.00
2016.09.15 10:00:52.890,8.49348,8.49491,1.00,1.00
2016.09.15 10:00:53.622,8.49346,8.49491,1.00,1.00
2016.09.15 10:00:53.724,8.49337,8.49489,1.00,1.00
2016.09.15 10:00:54.061,8.49337,8.49489,1.00,1.00
2016.09.15 10:00:54.162,8.49337,8.49489,1.00,1.00
2016.09.15 10:00:54.665,8.49353,8.49499,1.00,1.00
2016.09.15 10:00:54.868,8.49371,8.49499,1.00,1.00
2016.09.15 10:00:54.969,8.49361,8.49511,1.00,1.00
2016.09.15 10:00:55.177,8.49361,8.49504,1.00,1.00
2016.09.15 10:00:55.626,8.49343,8.49492,1.00,1.00
2016.09.15 10:00:55.727,8.49334,8.49483,1.00,1.00
2016.09.15 10:00:56.077,8.49334,8.49483,1.00,1.00
2016.09.15 10:00:56.165,8.49334,8.49483,1.00,1.00
2016.09.15 10:00:58.431,8.49331,8.4948,1.00,1.00
2016.09.15 10:00:58.482,8.49331,8.4948,1.00,1.00
2016.09.15 10:00:58.570,8.49331,8.4948,1.00,1.00
2016.09.15 10:00:59.580,8.49331,8.4948,1.00,1.00
2016.09.15 10:01:00.423,8.49331,8.4948,1.00,1.00
2016.09.15 10:01:00.474,8.49335,8.49484,1.00,1.00
2016.09.15 10:01:00.934,8.49331,8.4948,1.00,1.00
2016.09.15 10:01:00.985,8.49331,8.4948,1.00,1.00
2016.09.15 10:01:01.383,8.49331,8.4948,1.00,1.00
2016.09.15 10:01:01.434,8.49352,8.49501,1.00,1.00
2016.09.15 10:01:01.485,8.49352,8.49501,1.00,1.00
2016.09.15 10:01:02.445,8.49349,8.49498,1.00,1.00
2016.09.15 10:01:02.815,8.49349,8.49498,1.00,1.00
2016.09.15 10:01:02.868,8.49345,8.49495,1.00,1.00
2016.09.15 10:01:02.978,8.49345,8.49495,1.00,1.00
2016.09.15 10:01:03.628,8.4934,8.4949,1.00,1.00
2016.09.15 10:01:04.385,8.49337,8.49486,1.00,1.00
2016.09.15 10:01:04.637,8.4934,8.4949,1.00,1.00
2016.09.15 10:01:04.934,8.4934,8.4949,1.00,1.00
2016.09.15 10:01:04.985,8.49349,8.49499,1.00,1.00
2016.09.15 10:01:05.188,8.49359,8.49508,1.00,1.00
2016.09.15 10:01:05.599,8.4935,8.49499,1.00,1.00
2016.09.15 10:01:05.651,8.4934,8.49489,1.00,1.00
2016.09.15 10:01:05.975,8.49331,8.49491,1.00,1.00
2016.09.15 10:01:06.077,8.49333,8.49481,1.00,1.00
2016.09.15 10:01:06.128,8.49333,8.49481,1.00,1.00
2016.09.15 10:01:06.179,8.4932,8.49469,1.00,1.00
2016.09.15 10:01:06.458,8.4932,8.49469,1.00,1.00
2016.09.15 10:01:06.841,8.49311,8.4946,1.00,1.00
2016.09.15 10:01:06.893,8.49311,8.4946,1.00,1.00
2016.09.15 10:01:07.590,8.49302,8.49451,1.00,1.00
2016.09.15 10:01:07.894,8.49293,8.4944,1.00,1.00
2016.09.15 10:01:08.655,8.49292,8.49439,1.00,1.00
2016.09.15 10:01:08.918,8.49285,8.49432,1.00,1.00
2016.09.15 10:01:09.020,8.49274,8.49419,1.00,1.00
2016.09.15 10:01:09.071,8.49263,8.4941,1.00,1.00
2016.09.15 10:01:09.122,8.49263,8.4941,1.00,1.00
2016.09.15 10:01:09.495,8.49263,8.4941,1.00,1.00
2016.09.15 10:01:09.598,8.49263,8.4941,1.00,1.00
2016.09.15 10:01:09.852,8.49267,8.49414,1.00,1.00
2016.09.15 10:01:09.903,8.49267,8.49414,1.00,1.00
2016.09.15 10:01:10.243,8.49276,8.49422,1.00,1.00
2016.09.15 10:01:10.294,8.49262,8.49409,1.00,1.00
2016.09.15 10:01:10.395,8.49247,8.49393,1.00,1.00
2016.09.15 10:01:10.993,8.49253,8.494,1.00,1.00
2016.09.15 10:01:11.222,8.49253,8.494,1.00,1.00
2016.09.15 10:01:11.274,8.49326,8.49438,1.00,1.00
2016.09.15 10:01:11.325,8.49326,8.49468,1.00,1.00
2016.09.15 10:01:11.426,8.49326,8.49472,1.00,1.00
2016.09.15 10:01:11.477,8.49344,8.4949,1.00,1.00
2016.09.15 10:01:11.528,8.49344,8.4949,1.00,1.00
2016.09.15 10:01:11.579,8.49341,8.49488,1.00,1.00
2016.09.15 10:01:11.886,8.49341,8.49488,1.00,1.00
2016.09.15 10:01:12.252,8.49341,8.49488,1.00,1.00
2016.09.15 10:01:12.465,8.49338,8.49485,1.00,1.00
2016.09.15 10:01:12.711,8.49338,8.49485,1.00,1.00
2016.09.15 10:01:12.814,8.49338,8.49485,1.00,1.00
2016.09.15 10:01:13.465,8.49334,8.49481,1.00,1.00
2016.09.15 10:01:14.103,8.49334,8.49481,1.00,1.00
2016.09.15 10:01:14.641,8.49334,8.49481,1.00,1.00
2016.09.15 10:01:15.307,8.49331,8.49476,1.00,1.00
2016.09.15 10:01:15.958,8.49339,8.49486,1.00,1.00
2016.09.15 10:01:16.151,8.49348,8.49495,1.00,1.00
2016.09.15 10:01:16.404,8.49358,8.49512,1.00,1.00
2016.09.15 10:01:16.810,8.49352,8.49498,1.00,1.00
2016.09.15 10:01:17.287,8.49359,8.49506,1.00,1.00
2016.09.15 10:01:17.388,8.49357,8.49504,1.00,1.00
2016.09.15 10:01:17.715,8.49357,8.49501,1.00,1.00
2016.09.15 10:01:18.302,8.49372,8.49516,1.00,1.00
2016.09.15 10:01:18.404,8.49362,8.49507,1.00,1.00
2016.09.15 10:01:19.081,8.49349,8.49492,1.00,1.00
2016.09.15 10:01:19.132,8.49349,8.49492,1.00,1.00
2016.09.15 10:01:19.285,8.49361,8.49505,1.00,1.00
2016.09.15 10:01:20.067,8.49357,8.49502,1.00,1.00
2016.09.15 10:01:20.271,8.4936,8.49504,1.00,1.00
2016.09.15 10:01:20.373,8.49339,8.49484,1.00,1.00
2016.09.15 10:01:20.424,8.49339,8.49484,1.00,1.00
2016.09.15 10:01:20.728,8.49339,8.49484,1.00,1.00
2016.09.15 10:01:20.779,8.49355,8.495,1.00,1.00
2016.09.15 10:01:21.268,8.49364,8.49507,1.00,1.00
2016.09.15 10:01:21.569,8.49356,8.495,1.00,1.00
2016.09.15 10:01:21.853,8.49356,8.495,1.00,1.00
2016.09.15 10:01:22.730,8.49356,8.495,1.00,1.00
2016.09.15 10:01:22.832,8.49356,8.495,1.00,1.00
2016.09.15 10:01:23.118,8.49363,8.49535,1.00,1.00
2016.09.15 10:01:23.169,8.49363,8.49535,1.00,1.00
2016.09.15 10:01:23.220,8.49411,8.49535,1.00,1.00
2016.09.15 10:01:23.390,8.49411,8.49554,1.00,1.00
2016.09.15 10:01:23.492,8.49396,8.4954,1.00,1.00
2016.09.15 10:01:23.543,8.49396,8.4954,1.00,1.00
2016.09.15 10:01:23.593,8.49385,8.49529,1.00,1.00
2016.09.15 10:01:24.198,8.49396,8.4954,1.00,1.00
2016.09.15 10:01:24.250,8.49396,8.4954,1.00,1.00
2016.09.15 10:01:24.621,8.494,8.49544,1.00,1.00
2016.09.15 10:01:24.982,8.4938,8.49524,1.00,1.00
2016.09.15 10:01:25.674,8.4938,8.49524,1.00,1.00
2016.09.15 10:01:25.725,8.49384,8.49529,1.00,1.00
2016.09.15 10:01:25.927,8.49394,8.49538,1.00,1.00
2016.09.15 10:01:26.671,8.49394,8.49538,1.00,1.00
2016.09.15 10:01:27.423,8.49386,8.4953,1.00,1.00
2016.09.15 10:01:27.488,8.49378,8.49526,1.37,1.00
2016.09.15 10:01:27.675,8.49358,8.49502,1.00,1.00
2016.09.15 10:01:28.188,8.49349,8.49491,1.00,1.00
2016.09.15 10:01:29.591,8.49344,8.49488,1.00,1.00
2016.09.15 10:01:29.985,8.49344,8.49488,1.00,1.00
2016.09.15 10:01:30.035,8.49334,8.49478,1.00,1.00
2016.09.15 10:01:30.086,8.49334,8.49478,1.00,1.00
2016.09.15 10:01:30.619,8.49331,8.49473,1.00,1.00
2016.09.15 10:01:30.915,8.49341,8.49485,1.00,1.00
2016.09.15 10:01:31.619,8.4935,8.49494,1.00,1.00
2016.09.15 10:01:31.897,8.49341,8.49485,1.00,1.00
2016.09.15 10:01:32.198,8.4933,8.49474,1.00,1.00
2016.09.15 10:01:32.899,8.49326,8.49471,1.00,1.00
2016.09.15 10:01:33.100,8.4934,8.49485,1.00,1.00
2016.09.15 10:01:33.151,8.4934,8.49485,1.00,1.00
2016.09.15 10:01:35.251,8.4934,8.49485,1.00,1.00
2016.09.15 10:01:35.353,8.4934,8.49485,1.00,1.00
2016.09.15 10:01:38.006,8.49343,8.49487,1.00,1.00
2016.09.15 10:01:38.309,8.49338,8.49483,1.00,1.00
2016.09.15 10:01:38.505,8.49344,8.49488,1.00,1.00
2016.09.15 10:01:39.007,8.49338,8.49483,1.00,1.00
2016.09.15 10:01:39.308,8.49344,8.49488,1.00,1.00
2016.09.15 10:01:39.642,8.49338,8.49483,1.00,1.00
2016.09.15 10:01:40.558,8.49335,8.49479,1.00,1.00
2016.09.15 10:01:40.729,8.49335,8.49479,1.00,1.00
2016.09.15 10:01:41.436,8.49318,8.4946,1.00,1.00
2016.09.15 10:01:41.633,8.49309,8.49453,1.00,1.00
2016.09.15 10:01:41.684,8.49309,8.49453,1.00,1.00
2016.09.15 10:01:41.736,8.49294,8.49438,1.00,1.00
2016.09.15 10:01:42.653,8.49298,8.49442,1.00,1.00
2016.09.15 10:01:42.704,8.49298,8.49442,1.00,1.00
2016.09.15 10:01:43.229,8.49298,8.49442,1.00,1.00
2016.09.15 10:01:44.765,8.49293,8.49437,1.00,1.00
2016.09.15 10:01:45.165,8.49287,8.49429,1.00,1.00
2016.09.15 10:01:45.442,8.49268,8.49431,1.00,1.00
2016.09.15 10:01:46.033,8.49278,8.49439,1.00,1.00
2016.09.15 10:01:47.655,8.49278,8.49439,1.00,1.00
2016.09.15 10:01:47.756,8.49281,8.49444,1.00,1.00
2016.09.15 10:01:48.009,8.49289,8.49452,1.00,1.00
2016.09.15 10:01:48.060,8.49289,8.49452,1.00,1.00
2016.09.15 10:01:48.362,8.49299,8.49441,1.00,1.00
2016.09.15 10:01:48.921,8.49299,8.49441,1.00,1.00
2016.09.15 10:01:49.107,8.49299,8.49441,1.00,1.00
2016.09.15 10:01:49.990,8.49299,8.49441,1.00,1.00
2016.09.15 10:01:50.227,8.49294,8.49438,1.00,1.00
2016.09.15 10:01:50.893,8.49294,8.49438,1.00,1.00
2016.09.15 10:01:51.541,8.49294,8.49438,1.00,1.00
2016.09.15 10:01:53.466,8.49302,8.49447,1.00,1.00
2016.09.15 10:01:54.549,8.49317,8.49461,1.00,1.00
2016.09.15 10:01:55.552,8.49314,8.49459,1.00,1.00
2016.09.15 10:01:56.802,8.49314,8.49459,1.00,1.00
2016.09.15 10:01:57.372,8.49317,8.49481,1.00,1.00
2016.09.15 10:01:57.423,8.49317,8.49484,1.00,1.00
2016.09.15 10:01:57.474,8.49345,8.49487,1.00,1.00
2016.09.15 10:01:57.971,8.49345,8.49487,1.00,1.00
2016.09.15 10:01:58.794,8.49339,8.49484,1.00,1.00
2016.09.15 10:02:00.950,8.49313,8.49457,1.00,1.00
2016.09.15 10:02:01.894,8.49308,8.49452,1.00,1.00
2016.09.15 10:02:02.357,8.49317,8.49461,1.00,1.00
2016.09.15 10:02:03.359,8.49314,8.49458,1.00,1.00
2016.09.15 10:02:04.160,8.49322,8.49467,1.00,1.00
2016.09.15 10:02:04.588,8.49315,8.4946,1.00,1.00
2016.09.15 10:02:04.690,8.49306,8.4945,1.00,1.00
2016.09.15 10:02:04.963,8.49326,8.4947,1.00,1.00
2016.09.15 10:02:05.133,8.49337,8.49481,1.00,1.50
2016.09.15 10:02:05.492,8.4932,8.49464,1.00,1.00
2016.09.15 10:02:05.864,8.49309,8.49453,1.00,1.00
2016.09.15 10:02:05.966,8.49297,8.49441,1.00,1.00
2016.09.15 10:02:06.180,8.49311,8.49455,1.00,1.00
2016.09.15 10:02:06.584,8.4932,8.49464,1.00,1.00
2016.09.15 10:02:07.166,8.49315,8.49459,1.00,1.00
2016.09.15 10:02:08.184,8.49307,8.49452,1.00,1.00
2016.09.15 10:02:08.249,8.49307,8.49452,1.00,1.00
2016.09.15 10:02:08.300,8.4932,8.49464,1.00,1.00
2016.09.15 10:02:09.016,8.49332,8.49477,1.00,1.00
2016.09.15 10:02:09.477,8.49336,8.4948,1.00,1.00
2016.09.15 10:02:10.078,8.49329,8.49474,1.00,1.00
2016.09.15 10:02:10.536,8.49329,8.49474,1.00,1.00
2016.09.15 10:02:11.163,8.49329,8.49474,1.00,1.00
2016.09.15 10:02:11.436,8.49329,8.49474,1.00,1.00
2016.09.15 10:02:11.813,8.49324,8.49468,1.00,1.00
2016.09.15 10:02:14.368,8.49324,8.49468,1.00,1.00
2016.09.15 10:02:14.419,8.49355,8.49499,1.00,1.00
2016.09.15 10:02:14.627,8.49369,8.49513,1.00,1.00
2016.09.15 10:02:15.034,8.49382,8.49526,1.00,1.00
2016.09.15 10:02:15.234,8.49382,8.49526,1.00,1.00
2016.09.15 10:02:15.285,8.49382,8.49526,1.00,1.00
2016.09.15 10:02:15.336,8.49407,8.49552,1.00,1.00
2016.09.15 10:02:15.387,8.49407,8.49552,1.00,1.00
2016.09.15 10:02:15.438,8.49423,8.49567,1.00,1.00
2016.09.15 10:02:15.981,8.49414,8.49558,1.00,1.00
2016.09.15 10:02:16.299,8.49408,8.49552,1.00,1.00
2016.09.15 10:02:16.903,8.49401,8.49545,1.00,1.00
2016.09.15 10:02:16.954,8.49401,8.49545,1.00,1.00
2016.09.15 10:02:17.914,8.4942,8.49565,1.00,1.00
2016.09.15 10:02:18.402,8.49416,8.49562,1.00,1.00
2016.09.15 10:02:19.203,8.49425,8.49572,1.00,1.00
2016.09.15 10:02:19.406,8.49415,8.49561,1.00,1.00
2016.09.15 10:02:20.209,8.49406,8.49552,1.00,1.00
2016.09.15 10:02:22.059,8.49415,8.49562,1.00,1.00
2016.09.15 10:02:23.117,8.49415,8.49562,1.00,1.00
2016.09.15 10:02:23.372,8.49415,8.49562,1.00,1.00
2016.09.15 10:02:24.899,8.49415,8.49562,1.00,1.00
2016.09.15 10:02:25.223,8.49417,8.49563,1.00,1.00
2016.09.15 10:02:25.702,8.49417,8.49563,1.00,1.00
2016.09.15 10:02:25.765,8.49417,8.49563,1.00,1.00
2016.09.15 10:02:27.516,8.49411,8.49558,1.00,1.00
2016.09.15 10:02:29.665,8.49407,8.49554,1.00,1.00
2016.09.15 10:02:29.976,8.49412,8.49559,1.00,1.00
2016.09.15 10:02:30.662,8.49408,8.49555,1.00,1.00
2016.09.15 10:02:31.107,8.49413,8.4956,1.00,1.00
2016.09.15 10:02:31.475,8.49413,8.4956,1.00,1.00
2016.09.15 10:02:33.125,8.49415,8.4956,1.00,1.00
2016.09.15 10:02:33.526,8.4941,8.49557,1.00,1.00
2016.09.15 10:02:34.527,8.49409,8.49556,1.00,1.00
2016.09.15 10:02:35.081,8.49404,8.49551,1.00,1.00
2016.09.15 10:02:35.385,8.49402,8.49549,1.00,1.00
2016.09.15 10:02:35.529,8.4941,8.49557,1.00,1.00
2016.09.15 10:02:35.733,8.4941,8.49557,1.00,1.00
2016.09.15 10:02:36.029,8.4941,8.49557,1.00,1.00
2016.09.15 10:02:36.131,8.49404,8.49551,1.00,1.00
2016.09.15 10:02:36.461,8.49391,8.49538,1.00,1.00
2016.09.15 10:02:36.887,8.49407,8.49571,1.00,1.00
2016.09.15 10:02:36.938,8.49418,8.49581,1.00,1.00
2016.09.15 10:02:37.581,8.4941,8.49573,1.00,1.00
2016.09.15 10:02:37.874,8.49389,8.49553,1.00,1.00
2016.09.15 10:02:38.045,8.49399,8.49563,1.00,1.00
2016.09.15 10:02:38.350,8.49412,8.49576,1.00,1.00
2016.09.15 10:02:39.236,8.4941,8.49573,1.00,1.00
2016.09.15 10:02:39.788,8.4941,8.49574,1.00,1.00
2016.09.15 10:02:40.137,8.49412,8.49564,1.00,1.00
2016.09.15 10:02:40.573,8.49417,8.4957,1.00,1.00
2016.09.15 10:02:42.240,8.49415,8.49562,1.00,1.00
2016.09.15 10:02:42.769,8.49419,8.49566,1.00,1.00
2016.09.15 10:02:43.342,8.49414,8.49559,1.00,1.00
2016.09.15 10:02:43.742,8.49417,8.49564,1.00,1.00
2016.09.15 10:02:44.259,8.49431,8.49578,1.00,1.00
2016.09.15 10:02:44.310,8.49431,8.49578,1.00,1.00
2016.09.15 10:02:44.361,8.49441,8.49588,1.00,1.00
2016.09.15 10:02:44.412,8.49441,8.49588,1.00,1.00
2016.09.15 10:02:44.462,8.49466,8.49608,1.00,1.00
2016.09.15 10:02:44.696,8.49466,8.49613,1.00,1.00
2016.09.15 10:02:44.747,8.49477,8.49624,1.00,1.00
2016.09.15 10:02:44.953,8.49509,8.49656,1.00,1.00
2016.09.15 10:02:45.056,8.4953,8.49675,1.00,1.00
2016.09.15 10:02:45.158,8.49532,8.4969,1.00,1.00
2016.09.15 10:02:45.367,8.49532,8.4969,1.00,1.00
2016.09.15 10:02:45.444,8.49532,8.49693,1.00,1.00
2016.09.15 10:02:45.495,8.49559,8.49721,1.00,1.00
2016.09.15 10:02:45.546,8.49552,8.49699,1.00,1.00
2016.09.15 10:02:45.878,8.49552,8.49699,1.00,1.00
2016.09.15 10:02:46.257,8.49536,8.49683,1.00,1.00
2016.09.15 10:02:47.736,8.49526,8.49673,1.00,1.00
2016.09.15 10:02:48.551,8.49529,8.49674,1.00,1.00
2016.09.15 10:02:49.152,8.49524,8.49671,1.00,1.00
2016.09.15 10:02:49.222,8.49524,8.49671,1.00,1.00
2016.09.15 10:02:49.324,8.49513,8.4966,1.00,1.00
2016.09.15 10:02:49.476,8.49522,8.49669,1.00,1.00
2016.09.15 10:02:49.872,8.49514,8.49688,1.00,1.00
2016.09.15 10:02:49.924,8.49526,8.49688,1.00,1.00
2016.09.15 10:02:50.130,8.49568,8.49715,1.00,1.00
2016.09.15 10:02:50.433,8.49588,8.49735,1.00,1.00
2016.09.15 10:02:51.056,8.49583,8.4973,1.00,1.00
2016.09.15 10:02:51.286,8.49579,8.49726,1.00,1.00
2016.09.15 10:02:52.462,8.49586,8.49732,1.00,1.00
2016.09.15 10:02:52.563,8.49577,8.49724,1.00,1.00
2016.09.15 10:02:52.665,8.49577,8.49724,1.00,1.00
2016.09.15 10:02:52.868,8.49573,8.49718,1.00,1.00
2016.09.15 10:02:53.487,8.49584,8.49731,1.00,1.00
2016.09.15 10:02:53.682,8.49579,8.49726,1.00,1.00
2016.09.15 10:02:53.999,8.49572,8.49717,1.00,1.00
2016.09.15 10:02:55.166,8.49572,8.49719,1.50,1.00
2016.09.15 10:02:56.410,8.49582,8.49729,1.00,1.00
2016.09.15 10:02:57.366,8.49577,8.49724,1.00,1.00
2016.09.15 10:02:59.494,8.4959,8.49737,1.00,1.00
2016.09.15 10:02:59.544,8.4959,8.49737,1.00,1.00
2016.09.15 10:02:59.595,8.49595,8.49742,1.00,1.00
2016.09.15 10:02:59.900,8.49577,8.49724,1.00,1.00
2016.09.15 10:02:59.951,8.49577,8.49724,1.00,1.00
2016.09.15 10:03:00.269,8.49577,8.49724,1.00,1.00
2016.09.15 10:03:00.877,8.49582,8.49729,1.00,1.00
2016.09.15 10:03:01.873,8.49583,8.4973,1.00,1.00
2016.09.15 10:03:02.049,8.49579,8.49726,1.00,1.00
2016.09.15 10:03:02.456,8.49579,8.49726,1.00,1.00
2016.09.15 10:03:02.549,8.49579,8.49726,1.00,1.00
2016.09.15 10:03:02.975,8.49585,8.49729,1.00,1.00
2016.09.15 10:03:03.374,8.49579,8.49726,1.00,1.00
2016.09.15 10:03:04.023,8.49597,8.49744,1.00,1.00
2016.09.15 10:03:04.382,8.49601,8.49747,1.00,1.00
2016.09.15 10:03:04.554,8.49601,8.49747,1.00,1.00
2016.09.15 10:03:04.605,8.49584,8.49731,1.00,1.00
2016.09.15 10:03:04.854,8.49584,8.49731,1.00,1.00
2016.09.15 10:03:05.580,8.49588,8.49735,1.00,1.00
2016.09.15 10:03:05.900,8.49601,8.49747,1.00,1.00
2016.09.15 10:03:06.122,8.49592,8.49739,1.00,1.00
2016.09.15 10:03:06.582,8.49584,8.49731,1.00,1.00
2016.09.15 10:03:06.833,8.49598,8.49745,1.00,1.00
2016.09.15 10:03:07.785,8.49594,8.49741,1.00,1.00
2016.09.15 10:03:08.097,8.49584,8.49731,1.00,1.00
2016.09.15 10:03:08.662,8.49584,8.49731,1.00,1.00
2016.09.15 10:03:09.249,8.49579,8.49726,1.00,1.00
2016.09.15 10:03:10.275,8.49575,8.49735,1.00,1.00
2016.09.15 10:03:10.817,8.49596,8.49755,1.00,1.00
2016.09.15 10:03:10.868,8.49596,8.49755,1.00,1.00
2016.09.15 10:03:11.020,8.49607,8.49767,1.00,1.00
2016.09.15 10:03:11.186,8.49638,8.4977,1.00,1.00
2016.09.15 10:03:11.237,8.49638,8.4977,1.00,1.00
2016.09.15 10:03:11.339,8.49638,8.49797,1.00,1.00
2016.09.15 10:03:11.698,8.49642,8.49812,1.00,1.00
2016.09.15 10:03:11.946,8.49696,8.49839,1.00,1.00
2016.09.15 10:03:11.997,8.49696,8.49842,1.00,1.00
2016.09.15 10:03:12.200,8.49696,8.49842,1.00,1.00
2016.09.15 10:03:12.403,8.49714,8.49861,1.00,1.00
2016.09.15 10:03:12.923,8.49725,8.49872,1.00,1.00
2016.09.15 10:03:13.895,8.49724,8.49871,1.00,1.00
2016.09.15 10:03:14.095,8.4972,8.49867,1.00,1.00
2016.09.15 10:03:15.898,8.49722,8.49869,1.00,1.00
2016.09.15 10:03:18.392,8.4972,8.49867,1.00,1.00
2016.09.15 10:03:19.837,8.4969,8.49837,1.00,1.00
2016.09.15 10:03:20.244,8.49683,8.4983,1.00,1.00
2016.09.15 10:03:20.846,8.49689,8.49834,1.00,1.00
2016.09.15 10:03:21.253,8.49684,8.49831,1.00,1.00
2016.09.15 10:03:21.460,8.49676,8.49823,1.00,1.00
2016.09.15 10:03:22.456,8.49672,8.49818,1.00,1.00
2016.09.15 10:03:22.949,8.49656,8.49802,1.00,1.00
2016.09.15 10:03:23.153,8.49663,8.4981,1.00,1.00
2016.09.15 10:03:23.475,8.49705,8.49863,1.00,1.00
2016.09.15 10:03:23.525,8.49717,8.49864,1.00,1.00
2016.09.15 10:03:24.414,8.49719,8.49864,1.00,1.00
2016.09.15 10:03:24.614,8.49714,8.49861,1.00,1.00
2016.09.15 10:03:25.661,8.49717,8.49864,1.00,1.00
2016.09.15 10:03:26.918,8.49713,8.4986,1.00,1.00
2016.09.15 10:03:27.396,8.49717,8.49864,1.00,1.00
2016.09.15 10:03:30.346,8.49718,8.49865,1.00,1.00
2016.09.15 10:03:30.666,8.49713,8.4986,1.00,1.00
2016.09.15 10:03:31.425,8.49709,8.49875,1.00,1.00
2016.09.15 10:03:31.526,8.49734,8.49875,1.00,1.00
2016.09.15 10:03:31.679,8.4976,8.49912,1.00,1.00
2016.09.15 10:03:32.021,8.49782,8.49929,1.00,1.00
2016.09.15 10:03:32.449,8.49764,8.4991,1.00,1.00
2016.09.15 10:03:33.173,8.49767,8.49912,1.00,1.00
2016.09.15 10:03:33.376,8.49751,8.49898,1.00,1.00
2016.09.15 10:03:33.528,8.49743,8.4989,1.00,1.00
2016.09.15 10:03:34.129,8.49736,8.49883,1.00,1.00
2016.09.15 10:03:34.531,8.4974,8.49887,1.00,1.00
2016.09.15 10:03:34.970,8.49734,8.49881,1.00,1.00
2016.09.15 10:03:35.678,8.49729,8.49875,1.00,1.00
2016.09.15 10:03:35.910,8.49734,8.49881,1.00,1.00
2016.09.15 10:03:39.930,8.4973,8.49877,1.00,1.00
2016.09.15 10:03:41.020,8.49729,8.49876,1.00,1.00
2016.09.15 10:03:42.207,8.49713,8.49877,1.00,1.00
2016.09.15 10:03:43.580,8.49708,8.49869,1.00,1.00
2016.09.15 10:03:46.786,8.49708,8.49869,1.00,1.00
2016.09.15 10:03:46.888,8.49708,8.49869,1.00,1.00
2016.09.15 10:03:48.259,8.49708,8.49865,1.00,1.00
2016.09.15 10:03:49.261,8.49708,8.4987,1.00,1.00
2016.09.15 10:03:49.366,8.49708,8.49877,1.00,1.00
2016.09.15 10:03:49.417,8.49706,8.49877,1.00,1.00
2016.09.15 10:03:49.468,8.49721,8.4989,1.00,1.00
2016.09.15 10:03:49.741,8.4973,8.499,1.00,1.00
2016.09.15 10:03:50.193,8.4972,8.49891,1.00,1.00
2016.09.15 10:03:50.469,8.49714,8.49884,1.00,1.00
2016.09.15 10:03:50.574,8.49786,8.49904,1.00,1.00
2016.09.15 10:03:50.625,8.49786,8.49924,1.00,1.37
2016.09.15 10:03:50.677,8.49792,8.49935,1.00,1.00
2016.09.15 10:03:50.728,8.49792,8.49955,1.00,1.00
2016.09.15 10:03:50.779,8.4981,8.49973,1.00,1.37
2016.09.15 10:03:50.880,8.4981,8.49973,1.00,1.37
2016.09.15 10:03:51.162,8.4978,8.49943,1.00,1.00
2016.09.15 10:03:51.264,8.4978,8.49943,1.00,1.00
2016.09.15 10:03:51.595,8.49751,8.49915,1.00,1.00
2016.09.15 10:03:51.841,8.49734,8.49922,1.00,1.00
2016.09.15 10:03:52.811,8.49729,8.49917,1.00,1.00
2016.09.15 10:03:53.160,8.49724,8.49893,1.00,1.00
2016.09.15 10:03:53.457,8.49704,8.49881,1.00,1.00
2016.09.15 10:03:53.508,8.49697,8.49881,1.00,1.00
2016.09.15 10:03:53.691,8.49697,8.49881,1.00,1.00
2016.09.15 10:03:53.907,8.49697,8.49881,1.00,1.00
2016.09.15 10:03:54.605,8.49702,8.49881,1.00,1.00
2016.09.15 10:03:54.725,8.49697,8.49881,1.00,1.00
2016.09.15 10:03:55.115,8.49702,8.49872,1.00,1.00
2016.09.15 10:03:55.575,8.49703,8.49866,1.00,1.00
2016.09.15 10:03:56.074,8.49707,8.4987,1.00,1.00
2016.09.15 10:03:57.102,8.49706,8.49867,1.00,1.00
2016.09.15 10:03:59.880,8.49716,8.49863,1.00,1.00
2016.09.15 10:04:00.729,8.4971,8.49857,1.00,1.00
2016.09.15 10:04:01.083,8.49705,8.49852,1.00,1.00
2016.09.15 10:04:01.307,8.49701,8.49892,1.60,1.00
2016.09.15 10:04:01.358,8.49747,8.49892,1.75,1.00
2016.09.15 10:04:01.409,8.49802,8.49953,1.00,1.37
2016.09.15 10:04:01.460,8.49802,8.49924,1.00,1.00
2016.09.15 10:04:01.510,8.49802,8.49924,1.00,1.00
2016.09.15 10:04:01.561,8.49802,8.49944,1.00,1.00
2016.09.15 10:04:01.612,8.49825,8.49967,1.00,1.60
2016.09.15 10:04:01.714,8.49802,8.49949,1.00,1.00
2016.09.15 10:04:01.815,8.49791,8.49929,1.02,1.00
2016.09.15 10:04:01.866,8.49782,8.49929,1.00,1.00
2016.09.15 10:04:02.047,8.49782,8.49929,1.00,1.00
2016.09.15 10:04:02.408,8.49774,8.4992,1.00,1.00
2016.09.15 10:04:03.403,8.49772,8.49919,1.00,1.00
2016.09.15 10:04:03.902,8.49766,8.49913,1.00,1.00
2016.09.15 10:04:04.535,8.49756,8.49903,1.00,1.00
2016.09.15 10:04:05.414,8.49756,8.49903,1.00,1.00
2016.09.15 10:04:06.114,8.49751,8.49898,1.00,1.00
2016.09.15 10:04:08.196,8.49722,8.49888,1.00,1.00
2016.09.15 10:04:08.371,8.49718,8.49888,1.00,1.00
2016.09.15 10:04:09.325,8.49718,8.4989,1.50,1.00
2016.09.15 10:04:09.528,8.4972,8.4989,1.00,1.00
2016.09.15 10:04:09.630,8.4972,8.4989,1.00,1.00
2016.09.15 10:04:10.405,8.49718,8.49885,1.00,1.00
2016.09.15 10:04:10.507,8.49718,8.4988,1.00,1.00
2016.09.15 10:04:11.011,8.49723,8.49886,1.00,1.00
2016.09.15 10:04:12.779,8.49723,8.49886,1.00,1.00
2016.09.15 10:04:12.844,8.49723,8.49886,1.00,1.00
2016.09.15 10:04:14.242,8.49719,8.49883,1.00,1.00
2016.09.15 10:04:14.344,8.49727,8.4989,1.00,1.00
2016.09.15 10:04:14.446,8.49727,8.4989,1.00,1.00
2016.09.15 10:04:14.547,8.49727,8.4989,1.00,1.00
2016.09.15 10:04:14.830,8.49727,8.4989,1.00,1.00
2016.09.15 10:04:15.029,8.49727,8.4989,1.00,1.00
2016.09.15 10:04:15.219,8.49724,8.49885,1.00,1.00
2016.09.15 10:04:15.727,8.49744,8.49907,1.00,1.00
2016.09.15 10:04:16.439,8.49744,8.49907,1.00,1.00
2016.09.15 10:04:16.541,8.49752,8.49909,1.00,1.00
2016.09.15 10:04:16.744,8.49758,8.49916,1.00,1.00
2016.09.15 10:04:17.509,8.49762,8.4992,1.00,1.00
2016.09.15 10:04:18.558,8.49759,8.49917,1.00,1.00
2016.09.15 10:04:19.529,8.49758,8.49916,1.00,1.00
2016.09.15 10:04:20.036,8.49764,8.49922,1.00,1.00
2016.09.15 10:04:21.070,8.4977,8.49928,1.00,1.00
2016.09.15 10:04:21.415,8.49762,8.4992,1.00,1.00
2016.09.15 10:04:24.021,8.4976,8.49918,1.00,1.00
2016.09.15 10:04:25.022,8.49758,8.49916,1.00,1.00
2016.09.15 10:04:25.123,8.4975,8.49908,1.50,1.00
2016.09.15 10:04:25.391,8.49759,8.49913,1.00,1.00
2016.09.15 10:04:26.447,8.49747,8.49889,1.00,1.00
2016.09.15 10:04:26.499,8.49734,8.49889,1.00,1.00
2016.09.15 10:04:26.640,8.4974,8.49894,1.00,1.00
2016.09.15 10:04:26.842,8.4975,8.49905,1.00,1.00
2016.09.15 10:04:27.284,8.49748,8.49902,1.00,1.00
2016.09.15 10:04:27.839,8.49754,8.49909,1.00,1.00
2016.09.15 10:04:28.228,8.49749,8.49904,1.00,1.00
2016.09.15 10:04:28.841,8.49744,8.49898,1.00,1.00
2016.09.15 10:04:28.943,8.49749,8.49904,1.00,1.00
2016.09.15 10:04:29.274,8.49735,8.4989,1.00,1.00
2016.09.15 10:04:29.832,8.4973,8.49884,1.00,1.00
2016.09.15 10:04:31.034,8.49731,8.49885,1.00,1.00
2016.09.15 10:04:31.649,8.49736,8.4989,1.00,1.00
2016.09.15 10:04:33.349,8.49738,8.49891,1.00,1.00
2016.09.15 10:04:33.682,8.49759,8.49912,1.00,1.00
2016.09.15 10:04:34.340,8.49764,8.49918,1.00,1.00
2016.09.15 10:04:34.666,8.49759,8.49912,1.00,1.00
2016.09.15 10:04:35.450,8.49763,8.49917,1.00,1.00
2016.09.15 10:04:36.743,8.49759,8.49912,1.00,1.00
2016.09.15 10:04:38.471,8.49755,8.49908,1.00,1.00
2016.09.15 10:04:38.821,8.49761,8.49914,1.00,1.00
2016.09.15 10:04:39.386,8.49754,8.49906,1.00,1.00
2016.09.15 10:04:39.672,8.49759,8.49912,1.00,1.00
2016.09.15 10:04:40.249,8.49754,8.49908,1.00,1.00
2016.09.15 10:04:40.649,8.49757,8.49911,1.00,1.00
2016.09.15 10:04:45.897,8.49762,8.49917,1.00,1.00
2016.09.15 10:04:46.056,8.49772,8.49916,1.00,1.00
2016.09.15 10:04:48.289,8.49761,8.49906,1.00,1.00
2016.09.15 10:04:48.360,8.49772,8.49914,1.00,1.00
2016.09.15 10:04:48.460,8.49765,8.4991,1.00,1.00
2016.09.15 10:04:49.380,8.49772,8.49916,1.00,1.00
2016.09.15 10:04:50.665,8.49768,8.49912,1.00,1.00
2016.09.15 10:04:50.883,8.49763,8.49908,1.00,1.00
2016.09.15 10:04:53.996,8.49779,8.49924,1.00,1.00
2016.09.15 10:04:54.099,8.49796,8.49941,1.00,1.35
2016.09.15 10:04:54.303,8.49796,8.49941,1.00,1.35
2016.09.15 10:04:54.405,8.49788,8.49932,1.00,1.00
2016.09.15 10:04:54.518,8.49788,8.49932,1.00,1.00
2016.09.15 10:04:55.301,8.49786,8.49931,1.00,1.00
2016.09.15 10:04:55.494,8.49796,8.49941,1.00,1.35
2016.09.15 10:04:55.545,8.49796,8.49941,1.00,1.00
2016.09.15 10:04:55.596,8.49805,8.49949,1.00,1.00
2016.09.15 10:04:56.155,8.49813,8.49957,1.00,1.00
2016.09.15 10:04:56.586,8.49809,8.49951,1.00,1.00
2016.09.15 10:05:01.142,8.49807,8.49951,1.00,1.00
2016.09.15 10:05:01.244,8.49811,8.49955,1.00,1.00
2016.09.15 10:05:02.297,8.49806,8.49949,1.00,1.00
2016.09.15 10:05:02.399,8.49809,8.49953,1.00,1.00
2016.09.15 10:05:02.600,8.49825,8.49969,1.00,1.00
2016.09.15 10:05:02.651,8.49825,8.49969,1.00,1.00
2016.09.15 10:05:02.872,8.49813,8.49957,1.00,1.00
2016.09.15 10:05:03.750,8.49818,8.49963,1.00,1.00
2016.09.15 10:05:03.801,8.49816,8.49958,1.00,1.00
2016.09.15 10:05:04.004,8.49827,8.49972,1.00,1.00
2016.09.15 10:05:05.001,8.49829,8.49973,1.00,1.00
2016.09.15 10:05:05.266,8.49827,8.49972,1.00,1.00
2016.09.15 10:05:07.550,8.4981,8.49954,1.00,1.00
2016.09.15 10:05:09.609,8.49814,8.49958,1.00,1.00
2016.09.15 10:05:10.410,8.4981,8.49954,1.00,1.00
2016.09.15 10:05:10.623,8.49807,8.4996,1.00,1.00
2016.09.15 10:05:10.724,8.49839,8.49983,1.00,1.00
2016.09.15 10:05:11.000,8.49851,8.49995,1.00,1.00
2016.09.15 10:05:11.152,8.49851,8.49995,1.00,1.00
2016.09.15 10:05:15.157,8.49847,8.49991,1.00,1.00
2016.09.15 10:05:18.466,8.49846,8.4999,1.00,1.00
2016.09.15 10:05:20.902,8.49853,8.49997,1.00,1.00
2016.09.15 10:05:24.132,8.4985,8.49994,1.00,1.00
2016.09.15 10:05:24.933,8.49855,8.49999,1.00,1.00
2016.09.15 10:05:25.951,8.49854,8.49998,1.00,1.00
2016.09.15 10:05:28.869,8.49845,8.4999,1.00,1.00
2016.09.15 10:05:28.971,8.49839,8.49983,1.00,1.00
2016.09.15 10:05:29.277,8.49849,8.49991,1.00,1.00
2016.09.15 10:05:29.329,8.49829,8.49973,1.00,1.00
2016.09.15 10:05:29.956,8.49813,8.49958,1.00,1.00
2016.09.15 10:05:31.147,8.49812,8.49957,1.00,1.00
2016.09.15 10:05:33.453,8.4981,8.49955,1.00,1.00
2016.09.15 10:05:33.950,8.49838,8.49983,1.00,1.00
2016.09.15 10:05:34.001,8.49838,8.49983,1.00,1.00
2016.09.15 10:05:34.103,8.49856,8.49996,1.00,1.00
2016.09.15 10:05:34.270,8.49856,8.5,1.00,1.00
2016.09.15 10:05:34.321,8.49844,8.49989,1.00,1.00
2016.09.15 10:05:34.474,8.49846,8.4999,1.00,1.00
2016.09.15 10:05:34.778,8.49831,8.49975,1.00,1.00
2016.09.15 10:05:34.969,8.49841,8.49991,1.00,1.00
2016.09.15 10:05:35.020,8.49841,8.49991,1.00,1.00
2016.09.15 10:05:35.071,8.49874,8.50017,1.00,1.00
2016.09.15 10:05:35.122,8.49874,8.50017,1.00,1.00
2016.09.15 10:05:35.173,8.49888,8.50017,1.00,1.00
2016.09.15 10:05:35.223,8.49888,8.50032,1.00,1.00
2016.09.15 10:05:35.843,8.49888,8.50032,1.00,1.00
2016.09.15 10:05:36.100,8.49892,8.50037,1.00,1.00
2016.09.15 10:05:36.158,8.49889,8.50033,1.00,1.00
2016.09.15 10:05:36.694,8.49875,8.50019,1.00,1.00
2016.09.15 10:05:36.796,8.49848,8.50001,1.37,1.00
2016.09.15 10:05:36.847,8.49848,8.50001,1.00,1.00
2016.09.15 10:05:37.152,8.49857,8.5,1.00,1.00
2016.09.15 10:05:37.861,8.49846,8.4999,1.00,1.00
2016.09.15 10:05:38.176,8.49841,8.49986,1.00,1.00
2016.09.15 10:05:39.006,8.49863,8.50008,1.00,1.00
2016.09.15 10:05:39.107,8.49873,8.50017,1.00,1.00
2016.09.15 10:05:39.283,8.4988,8.50024,1.00,1.00
2016.09.15 10:05:40.008,8.49888,8.50032,1.00,1.00
2016.09.15 10:05:40.408,8.49884,8.50028,1.00,1.00
2016.09.15 10:05:40.509,8.49878,8.50023,1.00,1.00
2016.09.15 10:05:40.823,8.49878,8.50053,1.37,1.00
2016.09.15 10:05:40.975,8.4991,8.50066,1.37,1.00
2016.09.15 10:05:41.026,8.49966,8.50091,1.00,1.00
2016.09.15 10:05:41.077,8.49966,8.5011,1.00,1.00
2016.09.15 10:05:41.127,8.49966,8.5011,1.00,1.00
2016.09.15 10:05:41.410,8.49966,8.5011,1.00,1.00
2016.09.15 10:05:41.710,8.49966,8.5011,1.00,1.00
2016.09.15 10:05:42.317,8.49965,8.50109,1.00,1.00
2016.09.15 10:05:42.755,8.49972,8.50116,1.00,1.00
2016.09.15 10:05:42.806,8.49972,8.50116,1.00,1.00
2016.09.15 10:05:43.340,8.49976,8.50117,1.00,1.00
2016.09.15 10:05:44.143,8.49976,8.5012,1.00,1.00
2016.09.15 10:05:45.224,8.49981,8.50125,1.00,1.00
2016.09.15 10:05:45.543,8.49975,8.50119,1.00,1.00
2016.09.15 10:05:46.251,8.4997,8.50115,1.00,1.00
2016.09.15 10:05:46.638,8.49964,8.50108,1.00,1.00
2016.09.15 10:05:48.689,8.49965,8.50109,1.00,1.00
2016.09.15 10:05:50.873,8.49958,8.501,1.00,1.00
2016.09.15 10:05:50.924,8.49969,8.50111,1.00,1.00
2016.09.15 10:05:51.102,8.49974,8.50118,1.00,1.35
2016.09.15 10:05:51.717,8.49966,8.5011,1.00,1.00
2016.09.15 10:05:51.768,8.49966,8.5011,1.00,1.00
2016.09.15 10:05:52.035,8.49978,8.50123,1.00,1.60
2016.09.15 10:05:52.109,8.49985,8.50127,1.00,1.60
2016.09.15 10:05:52.160,8.49985,8.50127,1.00,1.60
2016.09.15 10:05:52.210,8.49985,8.50127,1.00,1.00
2016.09.15 10:05:52.741,8.49985,8.50127,1.00,1.00
2016.09.15 10:05:54.183,8.49985,8.50129,1.00,1.00
2016.09.15 10:05:55.550,8.49981,8.50125,1.00,1.00
2016.09.15 10:05:56.310,8.49976,8.50121,1.00,1.00
2016.09.15 10:05:58.723,8.49989,8.50133,1.00,1.00
2016.09.15 10:05:59.515,8.49979,8.50123,1.00,1.00
2016.09.15 10:05:59.716,8.49973,8.50117,1.00,1.00
2016.09.15 10:05:59.925,8.49987,8.50131,1.00,1.00
2016.09.15 10:06:00.518,8.49979,8.50123,1.00,1.00
2016.09.15 10:06:01.819,8.49984,8.50128,1.00,1.00
2016.09.15 10:06:02.254,8.49981,8.50123,1.00,1.00
2016.09.15 10:06:02.821,8.49975,8.50119,1.00,1.00
2016.09.15 10:06:03.054,8.49962,8.50104,1.00,1.00
2016.09.15 10:06:03.222,8.49951,8.50095,1.00,1.00
2016.09.15 10:06:03.425,8.49967,8.50111,1.00,1.00
2016.09.15 10:06:03.526,8.49978,8.50114,1.00,1.00
2016.09.15 10:06:04.075,8.49968,8.50113,1.00,1.00
2016.09.15 10:06:04.447,8.49974,8.50118,1.00,1.35
2016.09.15 10:06:06.827,8.49967,8.50111,1.00,1.00
2016.09.15 10:06:07.031,8.49953,8.50098,1.00,1.00
2016.09.15 10:06:07.530,8.49943,8.50087,1.00,1.00
2016.09.15 10:06:08.232,8.49922,8.50084,1.00,1.00
2016.09.15 10:06:08.283,8.49907,8.50051,1.00,1.00
2016.09.15 10:06:08.720,8.49907,8.50051,1.00,1.00
2016.09.15 10:06:09.082,8.49898,8.50043,1.00,1.00
2016.09.15 10:06:09.387,8.49903,8.50048,1.00,1.00
2016.09.15 10:06:09.881,8.49903,8.50048,1.00,1.00
2016.09.15 10:06:10.152,8.4987,8.50041,1.50,1.00
2016.09.15 10:06:11.085,8.4987,8.5003,1.00,1.00
2016.09.15 10:06:11.431,8.4987,8.50013,1.00,1.00
2016.09.15 10:06:11.483,8.49842,8.50013,1.00,1.00
2016.09.15 10:06:12.016,8.49843,8.50014,1.00,1.00
2016.09.15 10:06:12.768,8.49871,8.50015,1.00,1.00
2016.09.15 10:06:13.289,8.49871,8.50015,1.00,1.00
2016.09.15 10:06:13.390,8.49871,8.50015,1.00,1.00
2016.09.15 10:06:13.492,8.49845,8.50015,1.00,1.00
2016.09.15 10:06:14.038,8.49849,8.50019,1.00,1.00
2016.09.15 10:06:15.562,8.49849,8.50022,1.00,1.00
2016.09.15 10:06:15.668,8.49845,8.50018,1.00,1.00
2016.09.15 10:06:16.263,8.49851,8.50022,1.00,1.00
2016.09.15 10:06:16.623,8.49841,8.50012,1.00,1.00
2016.09.15 10:06:16.941,8.49834,8.50002,1.00,1.00
2016.09.15 10:06:16.992,8.49841,8.50012,1.00,1.00
2016.09.15 10:06:17.474,8.49851,8.50021,1.00,1.00
2016.09.15 10:06:18.567,8.49848,8.50019,1.00,1.00
2016.09.15 10:06:19.700,8.49848,8.50019,1.00,1.00
2016.09.15 10:06:20.102,8.49848,8.50019,1.00,1.00
2016.09.15 10:06:20.380,8.49853,8.50024,1.00,1.00
2016.09.15 10:06:21.306,8.49882,8.50038,1.00,1.00
2016.09.15 10:06:21.407,8.49882,8.50047,1.00,1.00
2016.09.15 10:06:22.325,8.49878,8.50047,1.00,1.00
2016.09.15 10:06:22.427,8.49911,8.50047,1.00,1.00
2016.09.15 10:06:22.690,8.49906,8.50047,1.00,1.00
2016.09.15 10:06:22.942,8.49878,8.50047,1.00,1.00
2016.09.15 10:06:22.993,8.49874,8.5003,1.00,1.00
2016.09.15 10:06:23.044,8.49871,8.5003,1.00,1.00
2016.09.15 10:06:23.311,8.49858,8.50031,1.00,1.00
2016.09.15 10:06:24.279,8.49863,8.50035,1.00,1.00
2016.09.15 10:06:25.581,8.49864,8.50027,1.00,1.00
2016.09.15 10:06:26.482,8.49869,8.50033,1.00,1.00
2016.09.15 10:06:26.883,8.49864,8.50027,1.00,1.00
2016.09.15 10:06:27.116,8.49879,8.50042,1.00,1.35
2016.09.15 10:06:27.167,8.49879,8.50042,1.00,1.00
2016.09.15 10:06:27.372,8.4989,8.50046,1.00,1.00
2016.09.15 10:06:28.181,8.49886,8.5005,1.00,1.00
2016.09.15 10:06:28.255,8.49891,8.50055,1.00,1.00
2016.09.15 10:06:28.672,8.49883,8.50046,1.00,1.00
2016.09.15 10:06:29.186,8.49887,8.50051,1.00,1.00
2016.09.15 10:06:29.987,8.49887,8.50033,1.00,1.00
2016.09.15 10:06:30.705,8.49878,8.50025,1.00,1.00
2016.09.15 10:06:31.042,8.49884,8.50029,1.00,1.00
2016.09.15 10:06:31.794,8.49868,8.50015,1.50,1.00
2016.09.15 10:06:31.970,8.49868,8.50005,1.00,1.00
2016.09.15 10:06:32.021,8.49858,8.50005,1.00,1.00
2016.09.15 10:06:32.937,8.49856,8.50003,1.00,1.00
2016.09.15 10:06:33.244,8.49864,8.50011,1.00,1.00
2016.09.15 10:06:33.575,8.49871,8.50018,1.00,1.00
2016.09.15 10:06:33.758,8.49886,8.50032,1.00,1.60
2016.09.15 10:06:33.894,8.49873,8.5002,1.00,1.00
2016.09.15 10:06:37.299,8.49856,8.50003,1.00,1.00
2016.09.15 10:06:39.324,8.49857,8.50004,1.00,1.00
2016.09.15 10:06:40.609,8.49855,8.49999,1.00,1.00
2016.09.15 10:06:40.710,8.49849,8.49996,1.00,1.00
2016.09.15 10:06:41.625,8.49854,8.5,1.00,1.00
2016.09.15 10:06:41.914,8.4986,8.50007,1.00,1.00
2016.09.15 10:06:42.015,8.49867,8.50014,1.00,1.00
2016.09.15 10:06:42.117,8.49877,8.50024,1.00,1.00
2016.09.15 10:06:42.408,8.49848,8.49995,1.00,1.00
2016.09.15 10:06:43.516,8.49844,8.49991,1.00,1.00
2016.09.15 10:06:47.529,8.49863,8.5001,1.00,1.00
2016.09.15 10:06:48.706,8.4986,8.50007,1.00,1.00
2016.09.15 10:06:48.835,8.49865,8.50012,1.00,1.00
2016.09.15 10:06:49.638,8.4986,8.50007,1.00,1.00
2016.09.15 10:06:50.639,8.49859,8.50006,1.00,1.00
2016.09.15 10:06:50.887,8.49859,8.50006,1.00,1.00
2016.09.15 10:06:51.452,8.49849,8.49996,1.00,1.00
2016.09.15 10:06:51.782,8.49844,8.49991,1.00,1.00
2016.09.15 10:06:52.990,8.49848,8.49994,1.00,1.00
2016.09.15 10:06:53.346,8.49852,8.49999,1.00,1.00
2016.09.15 10:06:53.484,8.4986,8.50007,1.00,1.00
2016.09.15 10:06:53.586,8.49873,8.50018,1.00,1.00
2016.09.15 10:06:54.271,8.49855,8.50002,1.00,1.00
2016.09.15 10:06:54.373,8.49846,8.49993,1.00,1.00
2016.09.15 10:06:56.563,8.4985,8.49997,1.00,1.00
2016.09.15 10:06:57.029,8.49846,8.49993,1.00,1.00
2016.09.15 10:06:58.925,8.49851,8.49998,1.00,1.00
2016.09.15 10:07:00.884,8.49851,8.49998,1.00,1.00
2016.09.15 10:07:02.275,8.49846,8.49993,1.00,1.00
2016.09.15 10:07:02.589,8.49851,8.49998,1.00,1.00
2016.09.15 10:07:02.719,8.49851,8.49998,1.00,1.00
2016.09.15 10:07:03.681,8.4985,8.49997,1.00,1.00
2016.09.15 10:07:03.921,8.49846,8.49995,1.00,1.00
2016.09.15 10:07:03.981,8.49853,8.49999,1.00,1.00
2016.09.15 10:07:05.505,8.49868,8.50015,1.00,1.00
2016.09.15 10:07:05.710,8.49877,8.50024,1.00,1.00
2016.09.15 10:07:06.085,8.49869,8.50016,1.00,1.00
2016.09.15 10:07:06.405,8.49869,8.50014,1.00,1.00
2016.09.15 10:07:06.801,8.49855,8.49999,1.00,1.00
2016.09.15 10:07:07.266,8.49849,8.49989,1.00,1.00
2016.09.15 10:07:07.317,8.49863,8.50007,1.00,1.00
2016.09.15 10:07:07.988,8.49856,8.50001,1.00,1.00
2016.09.15 10:07:08.433,8.49871,8.50016,1.00,1.00
2016.09.15 10:07:08.703,8.49871,8.50016,1.00,1.00
2016.09.15 10:07:09.424,8.4987,8.50015,1.00,1.00
2016.09.15 10:07:09.526,8.49877,8.50021,1.00,1.00
2016.09.15 10:07:10.391,8.49872,8.50016,1.00,1.00
2016.09.15 10:07:11.393,8.49873,8.50018,1.00,1.00
2016.09.15 10:07:12.002,8.49878,8.50022,1.00,1.00
2016.09.15 10:07:12.383,8.49878,8.50022,1.00,1.50
2016.09.15 10:07:12.434,8.49884,8.50026,1.00,1.75
2016.09.15 10:07:12.535,8.49884,8.50022,1.00,1.35
2016.09.15 10:07:12.793,8.49876,8.50017,1.00,1.35
2016.09.15 10:07:12.895,8.49864,8.50006,1.00,1.75
2016.09.15 10:07:12.997,8.49854,8.49998,1.00,1.75
2016.09.15 10:07:13.100,8.49854,8.49998,1.00,1.00
2016.09.15 10:07:13.163,8.49854,8.49998,1.00,1.00
2016.09.15 10:07:13.215,8.49854,8.49998,1.00,1.00
2016.09.15 10:07:13.455,8.49854,8.49998,1.00,1.00
2016.09.15 10:07:13.675,8.4984,8.49984,1.00,1.00
2016.09.15 10:07:16.400,8.49837,8.49982,1.00,1.00
2016.09.15 10:07:18.102,8.49837,8.49984,1.00,1.00
2016.09.15 10:07:18.343,8.49843,8.4999,1.00,1.00
2016.09.15 10:07:18.940,8.49817,8.49962,1.00,1.00
2016.09.15 10:07:19.158,8.49817,8.49962,1.00,1.00
2016.09.15 10:07:19.522,8.49812,8.49956,1.00,1.00
2016.09.15 10:07:19.624,8.49823,8.49992,1.00,1.00
2016.09.15 10:07:19.676,8.49823,8.49992,1.00,1.00
2016.09.15 10:07:20.022,8.49833,8.49977,1.00,1.00
2016.09.15 10:07:20.708,8.49837,8.49982,1.00,1.00
2016.09.15 10:07:20.921,8.49834,8.49978,1.00,1.00
2016.09.15 10:07:21.378,8.49825,8.49969,1.00,1.00
2016.09.15 10:07:21.693,8.49814,8.49958,1.00,1.00
2016.09.15 10:07:22.362,8.49821,8.49966,1.00,1.00
2016.09.15 10:07:22.850,8.49828,8.49971,1.00,1.00
2016.09.15 10:07:24.414,8.49829,8.49971,1.00,1.00
2016.09.15 10:07:24.865,8.4984,8.49985,1.00,1.00
2016.09.15 10:07:26.006,8.49838,8.49983,1.00,1.00
2016.09.15 10:07:26.144,8.49821,8.4997,1.00,1.00
2016.09.15 10:07:26.348,8.49821,8.4997,1.00,1.00
2016.09.15 10:07:26.654,8.49832,8.49982,1.00,1.00
2016.09.15 10:07:28.346,8.49832,8.49982,1.00,1.00
2016.09.15 10:07:29.136,8.49836,8.49985,1.00,1.00
2016.09.15 10:07:29.641,8.49825,8.49974,1.00,1.00
2016.09.15 10:07:29.950,8.49819,8.49968,1.00,1.00
2016.09.15 10:07:30.252,8.49813,8.49963,1.00,1.00
2016.09.15 10:07:31.463,8.49814,8.49963,1.00,1.00
2016.09.15 10:07:32.686,8.49811,8.4996,1.00,1.00
2016.09.15 10:07:33.228,8.49817,8.49967,1.00,1.00
2016.09.15 10:07:33.453,8.49827,8.49976,1.00,1.00
2016.09.15 10:07:33.727,8.49833,8.49982,1.00,1.00
2016.09.15 10:07:33.960,8.49841,8.49988,1.00,1.00
2016.09.15 10:07:34.430,8.49835,8.49982,1.00,1.00
2016.09.15 10:07:35.232,8.49816,8.49961,1.00,1.00
2016.09.15 10:07:35.334,8.49829,8.49976,1.00,1.00
2016.09.15 10:07:36.434,8.49835,8.4998,1.00,1.00
2016.09.15 10:07:37.668,8.49845,8.49992,1.00,1.37
2016.09.15 10:07:37.769,8.49849,8.49994,1.00,1.00
2016.09.15 10:07:38.468,8.49849,8.49994,1.00,1.00
2016.09.15 10:07:38.824,8.49845,8.49992,1.00,1.00
2016.09.15 10:07:40.820,8.49844,8.49991,1.00,1.00
2016.09.15 10:07:41.142,8.49848,8.49995,1.00,1.00
2016.09.15 10:07:44.990,8.49865,8.50012,1.00,1.00
2016.09.15 10:07:45.352,8.49886,8.50031,1.00,1.00
2016.09.15 10:07:46.185,8.49886,8.50033,1.00,1.00
2016.09.15 10:07:50.956,8.49873,8.50018,1.00,1.00
2016.09.15 10:07:51.058,8.49873,8.50018,1.00,1.75
2016.09.15 10:07:51.357,8.49868,8.50015,1.00,1.75
2016.09.15 10:07:51.657,8.4988,8.50042,1.00,1.75
2016.09.15 10:07:52.204,8.49877,8.50024,1.00,1.75
2016.09.15 10:07:53.300,8.49877,8.50024,1.00,1.75
2016.09.15 10:07:53.360,8.49877,8.50042,1.00,1.75
2016.09.15 10:07:53.411,8.49877,8.50042,1.00,1.75
2016.09.15 10:07:54.463,8.49875,8.5004,1.00,1.75
2016.09.15 10:07:55.063,8.49874,8.5002,1.00,1.75
2016.09.15 10:07:56.104,8.4987,8.50017,1.00,1.75
2016.09.15 10:07:56.165,8.4987,8.50038,1.00,1.75
2016.09.15 10:07:56.857,8.4987,8.50038,1.00,1.37
2016.09.15 10:07:56.908,8.49876,8.50044,1.00,1.75
2016.09.15 10:07:57.212,8.49881,8.50049,1.00,1.75
2016.09.15 10:07:57.367,8.49873,8.5002,1.00,1.00
2016.09.15 10:07:58.047,8.49873,8.5002,1.00,1.37
2016.09.15 10:07:59.394,8.49873,8.5002,1.00,1.75
2016.09.15 10:07:59.773,8.49879,8.50033,1.00,1.75
2016.09.15 10:08:00.274,8.49883,8.50039,1.00,1.75
2016.09.15 10:08:00.496,8.49901,8.50057,1.00,1.75
2016.09.15 10:08:00.778,8.49909,8.5006,1.00,1.75
2016.09.15 10:08:01.417,8.49901,8.50057,1.00,1.75
2016.09.15 10:08:01.780,8.49905,8.5006,1.00,1.75
2016.09.15 10:08:02.484,8.49901,8.50056,1.00,1.75
2016.09.15 10:08:02.840,8.49908,8.5006,1.00,1.75
2016.09.15 10:08:03.486,8.49912,8.5006,1.00,1.75
2016.09.15 10:08:03.552,8.49912,8.5006,1.00,1.37
2016.09.15 10:08:03.756,8.49908,8.50055,1.00,1.37
2016.09.15 10:08:03.909,8.49896,8.50043,1.00,1.00
2016.09.15 10:08:03.960,8.49896,8.50043,1.00,1.00
2016.09.15 10:08:04.163,8.49896,8.50043,1.00,1.00
2016.09.15 10:08:04.643,8.49896,8.50043,1.00,1.00
2016.09.15 10:08:04.825,8.49896,8.50043,1.00,1.00
2016.09.15 10:08:06.506,8.49898,8.50043,1.00,1.00
2016.09.15 10:08:09.495,8.49896,8.50043,1.00,1.00
2016.09.15 10:08:10.142,8.49913,8.5006,1.00,1.00
2016.09.15 10:08:10.303,8.49906,8.50053,1.00,1.00
2016.09.15 10:08:10.353,8.49906,8.50053,1.00,1.00
2016.09.15 10:08:10.676,8.49895,8.50041,1.00,1.00
2016.09.15 10:08:11.241,8.49908,8.50054,1.00,1.00
2016.09.15 10:08:11.342,8.49915,8.50062,1.00,1.00
2016.09.15 10:08:11.839,8.49924,8.50069,1.00,1.00
2016.09.15 10:08:11.941,8.49909,8.50056,1.00,1.00
2016.09.15 10:08:12.043,8.49898,8.50045,1.00,1.00
2016.09.15 10:08:13.030,8.49896,8.50043,1.00,1.00
2016.09.15 10:08:13.432,8.49899,8.50046,1.00,1.00
2016.09.15 10:08:14.275,8.49899,8.50046,1.00,1.00
2016.09.15 10:08:14.640,8.49899,8.50046,1.00,1.00
2016.09.15 10:08:15.017,8.499,8.50072,1.00,1.37
2016.09.15 10:08:15.068,8.499,8.50072,1.00,1.37
2016.09.15 10:08:16.244,8.499,8.50072,1.00,1.37
2016.09.15 10:08:16.354,8.49906,8.50078,1.00,1.37
2016.09.15 10:08:16.548,8.49906,8.50078,1.00,1.37
2016.09.15 10:08:16.746,8.49906,8.50078,1.00,1.37
2016.09.15 10:08:16.847,8.49906,8.50078,1.00,1.37
2016.09.15 10:08:16.948,8.49906,8.50078,1.00,1.37
2016.09.15 10:08:17.050,8.49906,8.50078,1.00,1.37
2016.09.15 10:08:17.346,8.499,8.50072,1.00,1.37
2016.09.15 10:08:17.872,8.499,8.50072,1.00,1.37
2016.09.15 10:08:18.057,8.499,8.50072,1.00,1.37
2016.09.15 10:08:18.108,8.499,8.50072,1.00,1.00
2016.09.15 10:08:18.810,8.49901,8.50073,1.00,1.00
2016.09.15 10:08:19.319,8.49898,8.50058,1.00,1.00
2016.09.15 10:08:22.055,8.49898,8.50058,1.00,1.00
2016.09.15 10:08:22.928,8.49893,8.50053,1.00,1.00
2016.09.15 10:08:23.438,8.49889,8.50048,1.00,1.00
2016.09.15 10:08:24.060,8.49885,8.50044,1.00,1.00
2016.09.15 10:08:24.447,8.49863,8.50022,1.00,1.00
2016.09.15 10:08:24.498,8.49862,8.50022,1.00,1.00
2016.09.15 10:08:24.961,8.49862,8.50022,1.00,1.00
2016.09.15 10:08:25.334,8.49859,8.50017,1.00,1.00
2016.09.15 10:08:25.573,8.49859,8.50017,1.00,1.00
2016.09.15 10:08:25.623,8.49882,8.50035,1.00,1.37
2016.09.15 10:08:25.674,8.49882,8.50042,1.00,1.37
2016.09.15 10:08:25.877,8.49882,8.50042,1.00,1.37
2016.09.15 10:08:26.621,8.49877,8.50037,1.00,1.37
2016.09.15 10:08:27.267,8.49877,8.50037,1.00,1.37
2016.09.15 10:08:27.369,8.49862,8.50019,1.00,1.00
2016.09.15 10:08:27.622,8.49865,8.50023,1.00,1.00
2016.09.15 10:08:27.766,8.49865,8.50023,1.00,1.00
2016.09.15 10:08:28.687,8.49865,8.50023,1.00,1.00
2016.09.15 10:08:29.102,8.49865,8.50023,1.00,1.00
2016.09.15 10:08:30.059,8.49877,8.50037,1.00,1.37
2016.09.15 10:08:30.110,8.49877,8.50037,1.00,1.00
2016.09.15 10:08:31.028,8.4988,8.5004,1.00,1.00
2016.09.15 10:08:31.428,8.49877,8.50045,1.00,1.00
2016.09.15 10:08:31.479,8.49877,8.50045,1.00,1.00
2016.09.15 10:08:31.806,8.49883,8.50043,1.00,1.00
2016.09.15 10:08:32.057,8.49889,8.50049,1.00,1.00
2016.09.15 10:08:32.983,8.49889,8.50049,1.00,1.12
2016.09.15 10:08:40.892,8.49889,8.50048,1.00,1.00
2016.09.15 10:08:42.003,8.49889,8.50048,1.00,1.00
2016.09.15 10:08:42.463,8.49885,8.50045,1.00,1.00
2016.09.15 10:08:42.514,8.49885,8.50045,1.00,1.00
2016.09.15 10:08:42.656,8.49876,8.50035,1.00,1.00
2016.09.15 10:08:42.707,8.49876,8.50035,1.00,1.00
2016.09.15 10:08:42.757,8.49867,8.50023,1.00,1.00
2016.09.15 10:08:43.445,8.4987,8.50027,1.00,1.00
2016.09.15 10:08:43.647,8.49888,8.50045,1.00,1.37
2016.09.15 10:08:44.445,8.49881,8.50041,1.00,1.37
2016.09.15 10:08:46.705,8.49878,8.50035,1.00,1.00
2016.09.15 10:08:46.814,8.49878,8.50035,1.00,1.00
2016.09.15 10:08:46.866,8.49867,8.50019,1.00,1.00
2016.09.15 10:08:47.665,8.4987,8.50028,1.00,1.00
2016.09.15 10:08:47.869,8.49874,8.50032,1.00,1.00
2016.09.15 10:08:48.183,8.49867,8.50023,1.00,1.00
2016.09.15 10:08:49.141,8.49867,8.50023,1.00,1.00
2016.09.15 10:08:49.731,8.49867,8.50022,1.00,1.00
2016.09.15 10:08:53.431,8.49867,8.50022,1.00,1.00
2016.09.15 10:08:53.533,8.49867,8.50022,1.00,1.00
2016.09.15 10:08:53.718,8.49867,8.50022,1.00,1.00
2016.09.15 10:08:54.591,8.49867,8.50024,1.00,1.00
2016.09.15 10:08:55.878,8.49867,8.50012,1.50,1.00
2016.09.15 10:08:58.513,8.49867,8.50012,1.00,1.00
2016.09.15 10:08:59.606,8.49853,8.5,1.00,1.00
2016.09.15 10:09:00.445,8.49853,8.5,1.00,1.00
2016.09.15 10:09:01.815,8.49849,8.49996,1.00,1.00
2016.09.15 10:09:02.937,8.49866,8.50013,1.00,1.00
2016.09.15 10:09:02.987,8.49866,8.50013,1.00,1.00
2016.09.15 10:09:03.038,8.49879,8.50024,1.00,1.00
2016.09.15 10:09:03.140,8.49879,8.50026,1.00,1.00
2016.09.15 10:09:03.391,8.49879,8.50026,1.00,1.00
2016.09.15 10:09:04.003,8.4988,8.50027,1.00,1.00
2016.09.15 10:09:04.680,8.4987,8.50017,1.00,1.00
2016.09.15 10:09:05.436,8.49863,8.5001,1.00,1.00
2016.09.15 10:09:05.783,8.49855,8.50002,1.00,1.00
2016.09.15 10:09:05.986,8.49855,8.50002,1.00,1.00
2016.09.15 10:09:06.443,8.49851,8.49998,1.00,1.00
2016.09.15 10:09:06.872,8.49855,8.50002,1.00,1.00
2016.09.15 10:09:09.610,8.49854,8.49999,1.00,1.00
2016.09.15 10:09:10.390,8.49849,8.49996,1.00,1.00
2016.09.15 10:09:10.918,8.49845,8.49992,1.00,1.00
2016.09.15 10:09:11.020,8.49858,8.50005,1.00,1.00
2016.09.15 10:09:11.121,8.49896,8.50032,1.00,1.37
2016.09.15 10:09:11.172,8.49896,8.50043,1.00,1.75
2016.09.15 10:09:11.379,8.49882,8.50029,1.00,1.00
2016.09.15 10:09:15.220,8.49882,8.50029,1.00,1.00
2016.09.15 10:09:15.396,8.49882,8.50029,1.00,1.00
2016.09.15 10:09:15.447,8.49892,8.50039,1.00,1.37
2016.09.15 10:09:16.615,8.49894,8.50039,1.00,1.37
2016.09.15 10:09:16.828,8.49894,8.50039,1.00,1.00
2016.09.15 10:09:17.485,8.49894,8.50039,1.00,1.00
2016.09.15 10:09:17.586,8.49894,8.50039,1.00,1.00
2016.09.15 10:09:18.919,8.49894,8.50041,1.00,1.00
2016.09.15 10:09:19.319,8.49889,8.50036,1.00,1.00
2016.09.15 10:09:21.086,8.49895,8.50042,1.00,1.00
2016.09.15 10:09:23.736,8.49895,8.50042,1.00,1.37
2016.09.15 10:09:23.837,8.49893,8.50042,1.00,1.37
2016.09.15 10:09:23.939,8.49889,8.50038,1.00,1.37
2016.09.15 10:09:24.826,8.49893,8.50042,1.00,1.37
2016.09.15 10:09:25.050,8.49889,8.50038,1.00,1.00
2016.09.15 10:09:25.199,8.49889,8.50038,1.00,1.00
2016.09.15 10:09:25.428,8.49883,8.50033,1.00,1.00
2016.09.15 10:09:26.803,8.49881,8.50031,1.00,1.00
2016.09.15 10:09:30.836,8.49873,8.50015,1.00,1.00
2016.09.15 10:09:30.937,8.49863,8.5001,1.00,1.00
2016.09.15 10:09:31.241,8.49863,8.5001,1.00,1.00
2016.09.15 10:09:31.837,8.49858,8.50008,1.00,1.00
2016.09.15 10:09:34.562,8.49853,8.50003,1.00,1.00
2016.09.15 10:09:34.872,8.49849,8.49998,1.00,1.00
2016.09.15 10:09:35.383,8.49849,8.49998,1.00,1.00
2016.09.15 10:09:35.621,8.49849,8.49998,1.00,1.00
2016.09.15 10:09:35.672,8.49853,8.50003,1.00,1.00
2016.09.15 10:09:39.656,8.49852,8.5,1.00,1.00
2016.09.15 10:09:42.183,8.49855,8.50005,1.00,1.00
2016.09.15 10:09:42.360,8.49862,8.50011,1.00,1.00
2016.09.15 10:09:44.463,8.49858,8.50007,1.00,1.00
2016.09.15 10:09:44.764,8.49854,8.50004,1.00,1.00
2016.09.15 10:09:48.162,8.49854,8.50004,1.00,1.00
2016.09.15 10:09:48.970,8.49857,8.50006,1.00,1.00
2016.09.15 10:09:53.231,8.49858,8.50007,1.00,1.00
2016.09.15 10:09:55.992,8.49856,8.50005,1.00,1.00
2016.09.15 10:09:59.116,8.49829,8.49979,1.50,1.00
2016.09.15 10:09:59.218,8.49838,8.49987,1.00,1.00
2016.09.15 10:09:59.837,8.49839,8.49986,1.00,1.00
2016.09.15 10:10:01.225,8.49839,8.49986,1.00,1.00
2016.09.15 10:10:04.007,8.49841,8.49986,1.00,1.00
2016.09.15 10:10:04.809,8.49836,8.49982,1.00,1.00
2016.09.15 10:10:04.911,8.49822,8.49969,1.00,1.00
2016.09.15 10:10:06.545,8.49816,8.49963,1.00,1.00
2016.09.15 10:10:07.012,8.49821,8.49976,1.00,1.00
2016.09.15 10:10:07.954,8.49821,8.49976,1.00,1.00
2016.09.15 10:10:08.056,8.49815,8.49972,1.00,1.00
2016.09.15 10:10:08.313,8.49803,8.4996,1.00,1.00
2016.09.15 10:10:08.364,8.49795,8.49953,1.00,1.37
2016.09.15 10:10:08.637,8.49795,8.49953,1.00,1.37
2016.09.15 10:10:09.178,8.49795,8.49953,1.00,1.37
2016.09.15 10:10:09.228,8.49803,8.4996,1.00,1.50
2016.09.15 10:10:09.330,8.49803,8.4996,1.00,1.00
2016.09.15 10:10:09.823,8.4981,8.49966,1.00,1.00
2016.09.15 10:10:10.068,8.4981,8.49966,1.00,1.37
2016.09.15 10:10:10.825,8.49807,8.49965,1.00,1.37
2016.09.15 10:10:10.922,8.49807,8.49965,1.00,1.37
2016.09.15 10:10:11.080,8.49813,8.4996,1.00,1.00
2016.09.15 10:10:11.233,8.49813,8.4996,1.00,1.00
2016.09.15 10:10:16.062,8.49808,8.49955,1.00,1.00
2016.09.15 10:10:16.223,8.49798,8.49945,1.00,1.75
2016.09.15 10:10:16.743,8.49803,8.4995,1.00,1.75
2016.09.15 10:10:16.913,8.49803,8.4995,1.00,1.75
2016.09.15 10:10:17.065,8.49789,8.49936,1.00,1.37
2016.09.15 10:10:17.581,8.49789,8.49936,1.00,1.37
2016.09.15 10:10:18.019,8.49784,8.49931,1.00,1.37
2016.09.15 10:10:19.071,8.49781,8.49927,1.00,1.00
2016.09.15 10:10:19.173,8.49775,8.49942,1.00,1.37
2016.09.15 10:10:19.438,8.49805,8.49952,1.00,1.00
2016.09.15 10:10:19.641,8.49794,8.49945,1.00,1.00
2016.09.15 10:10:19.742,8.49794,8.49945,1.00,1.00
2016.09.15 10:10:20.140,8.49794,8.49945,1.00,1.00
2016.09.15 10:10:20.774,8.49817,8.49961,1.00,1.00
2016.09.15 10:10:20.825,8.49817,8.49969,1.00,1.37
2016.09.15 10:10:20.977,8.49817,8.49969,1.00,1.00
2016.09.15 10:10:21.079,8.49835,8.49987,1.00,1.00
2016.09.15 10:10:21.743,8.49831,8.49982,1.00,1.00
2016.09.15 10:10:24.783,8.4983,8.49981,1.00,1.00
2016.09.15 10:10:25.748,8.49828,8.49977,1.00,1.00
2016.09.15 10:10:26.101,8.49825,8.49972,1.00,1.00
2016.09.15 10:10:27.980,8.49824,8.49971,1.00,1.00
2016.09.15 10:10:30.162,8.49822,8.49967,1.00,1.00
2016.09.15 10:10:30.213,8.49822,8.49967,1.00,1.00
2016.09.15 10:10:30.264,8.49815,8.49961,1.00,1.00
2016.09.15 10:10:31.608,8.4981,8.49957,1.00,1.00
2016.09.15 10:10:31.764,8.49812,8.49961,1.00,1.00
2016.09.15 10:10:35.675,8.49812,8.49961,1.00,1.00
2016.09.15 10:10:39.480,8.49803,8.49951,1.00,1.00
2016.09.15 10:10:39.533,8.49797,8.49942,1.00,1.00
2016.09.15 10:10:40.380,8.49797,8.49946,1.00,1.00
2016.09.15 10:10:41.385,8.49797,8.49949,1.50,1.00
2016.09.15 10:10:41.682,8.49799,8.49949,1.00,1.00
2016.09.15 10:10:44.729,8.49797,8.49937,1.00,1.00
2016.09.15 10:10:44.831,8.49787,8.49937,1.00,1.00
2016.09.15 10:10:45.688,8.49793,8.49942,1.00,1.00
2016.09.15 10:10:47.301,8.49793,8.49942,1.00,1.00
2016.09.15 10:10:48.232,8.49803,8.49953,1.00,1.00
2016.09.15 10:10:49.193,8.49799,8.49949,1.00,1.00
2016.09.15 10:10:51.096,8.49795,8.49945,1.00,1.00
2016.09.15 10:10:52.409,8.49795,8.49945,1.00,1.00
2016.09.15 10:10:52.764,8.49815,8.49958,1.00,1.00
2016.09.15 10:10:53.137,8.49802,8.49953,1.00,1.00
2016.09.15 10:10:53.674,8.49796,8.49946,1.00,1.00
2016.09.15 10:10:54.832,8.49795,8.49945,1.00,1.00
2016.09.15 10:10:55.440,8.49786,8.49937,1.50,1.00
2016.09.15 10:10:55.541,8.49786,8.49925,1.00,1.00
2016.09.15 10:10:55.643,8.49767,8.49918,1.00,1.00
2016.09.15 10:10:56.406,8.49767,8.49923,1.00,1.00
2016.09.15 10:10:56.507,8.49757,8.49911,1.00,1.00
2016.09.15 10:10:56.713,8.49755,8.49911,1.00,1.00
2016.09.15 10:10:58.416,8.49758,8.49921,1.00,1.00
2016.09.15 10:10:58.518,8.49784,8.4993,1.00,1.37
2016.09.15 10:10:58.568,8.49784,8.4994,1.00,1.37
2016.09.15 10:10:58.852,8.49794,8.4995,1.00,1.75
2016.09.15 10:10:59.713,8.49789,8.49945,1.00,1.37
2016.09.15 10:10:59.901,8.49789,8.49945,1.00,1.00
2016.09.15 10:10:59.952,8.49789,8.49945,1.00,1.00
2016.09.15 10:11:01.715,8.49794,8.4995,1.00,1.12
2016.09.15 10:11:01.766,8.49794,8.4995,1.00,1.12
2016.09.15 10:11:01.817,8.49794,8.49938,1.00,1.00
2016.09.15 10:11:02.428,8.49794,8.49938,1.00,1.00
2016.09.15 10:11:02.531,8.49797,8.49946,1.00,1.00
2016.09.15 10:11:02.582,8.49797,8.49946,1.00,1.00
2016.09.15 10:11:03.391,8.49804,8.49949,1.00,1.00
2016.09.15 10:11:03.442,8.49798,8.49942,1.00,1.00
2016.09.15 10:11:03.493,8.49798,8.49942,1.00,1.00
2016.09.15 10:11:04.426,8.49796,8.4994,1.00,1.00
2016.09.15 10:11:04.477,8.49796,8.4994,1.00,1.00
2016.09.15 10:11:04.528,8.49785,8.49929,1.00,1.00
2016.09.15 10:11:05.449,8.4979,8.49935,1.00,1.00
2016.09.15 10:11:05.500,8.4979,8.49935,1.00,1.00
2016.09.15 10:11:06.330,8.49787,8.49929,1.00,1.00
2016.09.15 10:11:06.430,8.49792,8.49937,1.00,1.00
2016.09.15 10:11:06.555,8.49787,8.49931,1.00,1.00
2016.09.15 10:11:09.307,8.49787,8.49931,1.00,1.75
2016.09.15 10:11:09.358,8.49784,8.49928,1.00,1.75
2016.09.15 10:11:09.409,8.49784,8.49928,1.00,1.75
2016.09.15 10:11:09.460,8.49776,8.4992,1.00,1.37
2016.09.15 10:11:10.436,8.49775,8.49925,1.00,1.50
2016.09.15 10:11:10.537,8.49775,8.49922,1.00,1.37
2016.09.15 10:11:11.079,8.49775,8.49922,1.00,1.00
2016.09.15 10:11:12.863,8.49786,8.49933,1.00,1.00
2016.09.15 10:11:12.914,8.49786,8.49933,1.00,1.00
2016.09.15 10:11:13.917,8.49786,8.49933,1.00,1.00
2016.09.15 10:11:14.881,8.49786,8.49933,1.00,1.00
2016.09.15 10:11:16.183,8.49786,8.49933,1.00,1.00
2016.09.15 10:11:16.383,8.49786,8.49933,1.00,1.00
2016.09.15 10:11:16.869,8.49777,8.49924,1.00,1.00
2016.09.15 10:11:17.402,8.49778,8.49923,1.00,1.00
2016.09.15 10:11:17.887,8.49786,8.49932,1.00,1.00
2016.09.15 10:11:18.189,8.49774,8.4992,1.00,1.00
2016.09.15 10:11:18.683,8.49763,8.4991,1.00,1.00
2016.09.15 10:11:18.785,8.49748,8.49914,1.00,1.00
2016.09.15 10:11:18.993,8.49766,8.49931,1.00,1.37
2016.09.15 10:11:19.095,8.49767,8.49914,1.00,1.00
2016.09.15 10:11:19.197,8.49767,8.49914,1.00,1.00
2016.09.15 10:11:19.557,8.49767,8.49914,1.00,1.00
2016.09.15 10:11:19.694,8.49767,8.49914,1.00,1.00
2016.09.15 10:11:20.123,8.49767,8.49914,1.00,1.00
2016.09.15 10:11:20.377,8.4978,8.49927,1.00,1.00
2016.09.15 10:11:20.478,8.49769,8.49916,1.00,1.00
2016.09.15 10:11:22.290,8.49769,8.49916,1.00,1.37
2016.09.15 10:11:22.391,8.49766,8.49913,1.00,1.37
2016.09.15 10:11:22.442,8.49766,8.49913,1.00,1.37
2016.09.15 10:11:23.393,8.49762,8.49909,1.00,1.00
2016.09.15 10:11:23.551,8.49755,8.49901,1.00,1.37
2016.09.15 10:11:24.512,8.49751,8.49898,1.00,1.37
2016.09.15 10:11:24.564,8.49751,8.49898,1.00,1.37
2016.09.15 10:11:24.615,8.49751,8.49898,1.00,1.37
2016.09.15 10:11:24.717,8.49751,8.49898,1.00,1.37
2016.09.15 10:11:25.497,8.49748,8.49895,1.00,1.37
2016.09.15 10:11:26.160,8.49746,8.49903,1.00,1.37
2016.09.15 10:11:27.509,8.49741,8.49898,1.00,1.37
2016.09.15 10:11:28.391,8.49757,8.49904,1.00,1.37
2016.09.15 10:11:28.493,8.49747,8.49894,1.00,1.37
2016.09.15 10:11:29.042,8.49747,8.49894,1.00,1.37
2016.09.15 10:11:29.384,8.49742,8.49888,1.00,1.37
2016.09.15 10:11:29.435,8.49742,8.49888,1.00,1.37
2016.09.15 10:11:29.604,8.49732,8.49877,1.00,1.00
2016.09.15 10:11:29.706,8.49743,8.4989,1.00,1.37
2016.09.15 10:11:30.233,8.49727,8.49873,1.00,1.00
2016.09.15 10:11:30.619,8.49727,8.49873,1.00,1.00
2016.09.15 10:11:31.119,8.49726,8.49872,1.00,1.00
2016.09.15 10:11:31.221,8.49726,8.49872,1.00,1.00
2016.09.15 10:11:31.513,8.49726,8.49872,1.00,1.50
2016.09.15 10:11:31.969,8.49729,8.49874,1.00,1.75
2016.09.15 10:11:32.376,8.49725,8.49872,1.00,1.50
2016.09.15 10:11:32.427,8.49725,8.49872,1.00,1.50
2016.09.15 10:11:33.125,8.49725,8.49872,1.00,1.50
2016.09.15 10:11:33.175,8.4973,8.49887,1.00,1.75
2016.09.15 10:11:34.210,8.49729,8.49884,1.00,1.75
2016.09.15 10:11:35.478,8.49725,8.4988,1.00,1.75
2016.09.15 10:11:38.667,8.49725,8.4988,1.00,1.75
2016.09.15 10:11:38.718,8.49737,8.49904,1.00,1.75
2016.09.15 10:11:38.769,8.49737,8.49917,1.00,1.75
2016.09.15 10:11:38.821,8.4974,8.49896,1.00,1.50
2016.09.15 10:11:38.922,8.49737,8.49877,1.00,1.00
2016.09.15 10:11:38.973,8.49737,8.49877,1.00,1.00
2016.09.15 10:11:39.024,8.4973,8.49877,1.00,1.00
2016.09.15 10:11:39.187,8.49723,8.49872,1.00,1.00
2016.09.15 10:11:39.590,8.49727,8.49897,1.00,1.75
2016.09.15 10:11:39.743,8.49727,8.49897,1.00,1.75
2016.09.15 10:11:39.793,8.49754,8.49907,1.00,1.75
2016.09.15 10:11:40.186,8.49754,8.49907,1.00,1.75
2016.09.15 10:11:40.238,8.49762,8.49909,1.00,1.75
2016.09.15 10:11:40.289,8.49762,8.49909,1.00,1.75
2016.09.15 10:11:40.340,8.49762,8.49909,1.00,1.37
2016.09.15 10:11:41.193,8.49762,8.49909,1.00,1.37
2016.09.15 10:11:41.244,8.49757,8.49902,1.00,1.37
2016.09.15 10:11:41.397,8.4975,8.49897,1.00,1.00
2016.09.15 10:11:41.447,8.4975,8.49897,1.00,1.00
2016.09.15 10:11:41.600,8.49744,8.49891,1.00,1.00
2016.09.15 10:11:41.810,8.49744,8.49891,1.00,1.75
2016.09.15 10:11:41.860,8.49744,8.49891,1.00,1.75
2016.09.15 10:11:42.059,8.49738,8.49895,1.00,1.75
2016.09.15 10:11:42.992,8.49733,8.49889,1.50,1.75
2016.09.15 10:11:43.115,8.49733,8.49889,1.00,1.75
2016.09.15 10:11:43.701,8.49742,8.49899,1.00,1.75
2016.09.15 10:11:43.937,8.49738,8.49885,1.00,1.75
2016.09.15 10:11:43.988,8.49738,8.49885,1.00,1.75
2016.09.15 10:11:44.151,8.49738,8.49885,1.00,1.75
2016.09.15 10:11:44.388,8.49748,8.49892,1.00,1.75
2016.09.15 10:11:44.603,8.49748,8.49901,1.00,1.75
2016.09.15 10:11:44.653,8.49748,8.49901,1.00,1.37
2016.09.15 10:11:44.889,8.49755,8.499,1.00,1.37
2016.09.15 10:11:45.054,8.49755,8.499,1.00,1.37
2016.09.15 10:11:45.353,8.49755,8.499,1.00,1.37
2016.09.15 10:11:45.453,8.49755,8.499,1.00,1.37
2016.09.15 10:11:45.865,8.49755,8.499,1.00,1.37
2016.09.15 10:11:45.954,8.49755,8.499,1.00,1.37
2016.09.15 10:11:47.118,8.49758,8.49905,1.00,1.37
2016.09.15 10:11:48.507,8.49763,8.49907,1.00,1.37
2016.09.15 10:11:48.618,8.49763,8.49907,1.00,1.00
2016.09.15 10:11:48.794,8.49756,8.49903,1.00,1.00
2016.09.15 10:11:49.159,8.49756,8.49903,1.00,1.00
2016.09.15 10:11:49.718,8.49762,8.49908,1.00,1.12
2016.09.15 10:11:51.169,8.49762,8.49908,1.00,1.12
2016.09.15 10:11:53.600,8.49755,8.49902,1.00,1.00
2016.09.15 10:11:53.911,8.4976,8.49907,1.00,1.00
2016.09.15 10:11:54.012,8.4976,8.49907,1.00,1.00
2016.09.15 10:11:54.168,8.4976,8.49907,1.00,1.00
2016.09.15 10:11:54.270,8.4976,8.49907,1.00,1.00
2016.09.15 10:11:54.371,8.4976,8.49907,1.00,1.00
2016.09.15 10:11:54.422,8.49761,8.49908,1.00,1.12
2016.09.15 10:11:54.625,8.49762,8.49909,1.00,1.37
2016.09.15 10:11:55.024,8.49762,8.49909,1.00,1.00
2016.09.15 10:11:56.314,8.49757,8.49902,1.00,1.00
2016.09.15 10:11:56.372,8.49757,8.49902,1.00,1.00
2016.09.15 10:11:56.423,8.49766,8.49912,1.00,1.00
2016.09.15 10:11:57.574,8.49766,8.49912,1.00,1.00
2016.09.15 10:11:57.792,8.49766,8.49912,1.00,1.00
2016.09.15 10:11:57.843,8.49761,8.49907,1.00,1.00
2016.09.15 10:11:58.133,8.49764,8.49911,1.00,1.00
2016.09.15 10:11:58.811,8.49761,8.49907,1.00,1.00
2016.09.15 10:11:59.112,8.49765,8.4991,1.00,1.00
2016.09.15 10:11:59.813,8.49761,8.49907,1.00,1.00
2016.09.15 10:12:01.315,8.49768,8.49915,1.00,1.37
2016.09.15 10:12:01.935,8.49763,8.4991,1.00,1.00
2016.09.15 10:12:02.230,8.49763,8.4991,1.00,1.37
2016.09.15 10:12:04.326,8.49759,8.49906,1.00,1.12
2016.09.15 10:12:08.118,8.49756,8.49903,1.00,1.00
2016.09.15 10:12:09.429,8.49747,8.49879,1.00,1.00
2016.09.15 10:12:11.678,8.49757,8.49909,1.00,1.00
2016.09.15 10:12:11.729,8.49768,8.49909,1.00,1.00
2016.09.15 10:12:11.780,8.49825,8.49957,1.00,1.00
2016.09.15 10:12:11.987,8.49807,8.49952,1.00,1.00
2016.09.15 10:12:12.038,8.49807,8.49952,1.00,1.00
2016.09.15 10:12:12.451,8.49807,8.49952,1.00,1.00
2016.09.15 10:12:12.741,8.49819,8.4995,1.00,1.00
2016.09.15 10:12:13.045,8.49823,8.49953,1.00,1.00
2016.09.15 10:12:13.146,8.49823,8.49953,1.00,1.12
2016.09.15 10:12:13.636,8.49819,8.4995,1.00,1.00
2016.09.15 10:12:13.882,8.49809,8.49941,1.00,1.00
2016.09.15 10:12:13.983,8.49802,8.49933,1.00,1.00
2016.09.15 10:12:14.856,8.49805,8.49937,1.00,1.00
2016.09.15 10:12:15.828,8.4981,8.49942,1.00,1.00
2016.09.15 10:12:16.181,8.49814,8.49945,1.00,1.00
2016.09.15 10:12:17.034,8.49815,8.49946,1.00,1.00
2016.09.15 10:12:19.259,8.49817,8.49949,1.00,1.00
2016.09.15 10:12:20.579,8.49806,8.49938,1.00,1.00
2016.09.15 10:12:21.630,8.49806,8.49938,1.00,1.00
2016.09.15 10:12:22.431,8.49806,8.49938,1.00,1.00
2016.09.15 10:12:24.134,8.49806,8.49938,1.00,1.00
2016.09.15 10:12:24.881,8.49806,8.49938,1.00,1.00
2016.09.15 10:12:25.274,8.49808,8.4994,1.00,1.00
2016.09.15 10:12:25.649,8.49808,8.4994,1.00,1.00
2016.09.15 10:12:25.962,8.49808,8.4994,1.00,1.00
2016.09.15 10:12:26.063,8.49811,8.49942,1.00,1.00
2016.09.15 10:12:26.357,8.49816,8.49948,1.00,1.00
2016.09.15 10:12:26.617,8.49816,8.49948,1.00,1.00
2016.09.15 10:12:27.199,8.49815,8.49946,1.00,1.00
2016.09.15 10:12:27.658,8.49806,8.49946,1.00,1.00
2016.09.15 10:12:31.263,8.498,8.4994,1.00,1.00
2016.09.15 10:12:32.265,8.49803,8.49943,1.00,1.00
2016.09.15 10:12:39.241,8.49793,8.49933,1.00,1.00
2016.09.15 10:12:40.093,8.49796,8.49937,1.00,1.00
2016.09.15 10:12:40.300,8.49796,8.49937,1.00,1.00
2016.09.15 10:12:40.401,8.49792,8.49932,1.00,1.00
2016.09.15 10:12:40.604,8.49784,8.49924,1.50,1.00
2016.09.15 10:12:40.758,8.49784,8.49924,1.00,1.00
2016.09.15 10:12:41.096,8.49783,8.49917,1.00,1.00
2016.09.15 10:12:41.198,8.49793,8.49933,1.00,1.00
2016.09.15 10:12:41.554,8.49793,8.49933,1.00,1.00
2016.09.15 10:12:41.999,8.49797,8.49937,1.00,1.00
2016.09.15 10:12:42.724,8.49805,8.49943,1.00,1.37
2016.09.15 10:12:42.825,8.49805,8.49943,1.00,1.00
2016.09.15 10:12:43.028,8.498,8.4994,1.00,1.00
2016.09.15 10:12:43.683,8.49795,8.49935,1.00,1.00
2016.09.15 10:12:44.290,8.49802,8.49942,1.00,1.00
2016.09.15 10:12:47.013,8.49796,8.49936,1.00,1.00
2016.09.15 10:12:49.342,8.498,8.4994,1.00,1.00
2016.09.15 10:12:51.702,8.498,8.4994,1.00,1.00
2016.09.15 10:12:53.135,8.49804,8.49944,1.00,1.00
2016.09.15 10:12:55.001,8.49803,8.49943,1.00,1.00
2016.09.15 10:12:55.302,8.49799,8.49939,1.00,1.00
2016.09.15 10:12:56.118,8.49791,8.49931,1.00,1.00
2016.09.15 10:12:56.465,8.49777,8.49917,1.00,1.00
2016.09.15 10:12:57.145,8.49791,8.49931,1.00,1.00
2016.09.15 10:12:57.761,8.49797,8.49937,1.00,1.00
2016.09.15 10:12:58.140,8.49799,8.49942,1.00,1.00
2016.09.15 10:13:00.256,8.49783,8.4994,1.00,1.00
2016.09.15 10:13:00.358,8.49783,8.4994,1.00,1.00
2016.09.15 10:13:00.525,8.49783,8.4994,1.00,1.00
2016.09.15 10:13:00.660,8.49783,8.4994,1.00,1.00
2016.09.15 10:13:00.711,8.49783,8.49944,1.50,1.00
2016.09.15 10:13:01.312,8.49786,8.49944,1.00,1.00
2016.09.15 10:13:01.626,8.49786,8.49944,1.00,1.00
2016.09.15 10:13:02.313,8.49784,8.49941,1.00,1.00
2016.09.15 10:13:03.430,8.49784,8.49941,1.00,1.00
2016.09.15 10:13:03.988,8.49784,8.49941,1.00,1.00
2016.09.15 10:13:04.353,8.49783,8.4994,1.50,1.00
2016.09.15 10:13:04.454,8.49783,8.4994,1.50,1.00
2016.09.15 10:13:04.655,8.49783,8.4994,1.50,1.00
2016.09.15 10:13:04.886,8.49827,8.49981,1.00,1.00
2016.09.15 10:13:04.937,8.49827,8.49981,1.00,1.00
2016.09.15 10:13:05.866,8.49825,8.49981,1.00,1.00
2016.09.15 10:13:06.064,8.49825,8.49981,1.00,1.00
2016.09.15 10:13:06.680,8.4982,8.49977,1.00,1.00
2016.09.15 10:13:06.822,8.49824,8.4998,1.00,1.00
2016.09.15 10:13:08.525,8.4982,8.49977,1.00,1.00
2016.09.15 10:13:08.846,8.49816,8.49972,1.00,1.00
2016.09.15 10:13:09.619,8.49831,8.49994,1.00,1.00
2016.09.15 10:13:09.684,8.49839,8.50012,1.00,1.75
2016.09.15 10:13:09.735,8.49856,8.50016,1.00,1.75
2016.09.15 10:13:09.786,8.49856,8.5002,1.00,1.75
2016.09.15 10:13:09.837,8.49859,8.49999,1.00,1.37
2016.09.15 10:13:10.143,8.49859,8.49999,1.00,1.00
2016.09.15 10:13:10.430,8.49838,8.50003,1.60,1.00
2016.09.15 10:13:10.744,8.49847,8.5001,1.00,1.37
2016.09.15 10:13:10.845,8.4985,8.49991,1.00,1.00
2016.09.15 10:13:10.946,8.49845,8.50011,1.00,1.37
2016.09.15 10:13:10.997,8.49845,8.50011,1.00,1.37
2016.09.15 10:13:11.048,8.49849,8.4999,1.00,1.00
2016.09.15 10:13:11.449,8.49844,8.49984,1.00,1.00
2016.09.15 10:13:11.499,8.49844,8.49984,1.00,1.00
2016.09.15 10:13:11.983,8.49844,8.49984,1.00,1.00
2016.09.15 10:13:12.285,8.4984,8.4998,1.00,1.00
2016.09.15 10:13:12.335,8.49836,8.4997,1.60,1.00
2016.09.15 10:13:12.569,8.49824,8.49964,1.60,1.00
2016.09.15 10:13:13.396,8.4981,8.4994,2.10,1.00
2016.09.15 10:13:13.889,8.4981,8.4994,1.50,1.00
2016.09.15 10:13:13.990,8.4981,8.4994,1.00,1.00
2016.09.15 10:13:14.269,8.4981,8.49962,1.00,1.00
2016.09.15 10:13:14.320,8.49804,8.49962,1.00,1.00
2016.09.15 10:13:14.422,8.49793,8.49962,1.60,1.00
2016.09.15 10:13:14.549,8.49793,8.49944,1.60,1.00
2016.09.15 10:13:15.242,8.49793,8.49937,1.60,1.00
2016.09.15 10:13:17.142,8.49793,8.49957,1.60,1.00
2016.09.15 10:13:17.244,8.49793,8.49979,1.60,1.00
2016.09.15 10:13:17.345,8.49807,8.49986,1.60,1.00
2016.09.15 10:13:17.447,8.49815,8.49975,1.60,1.00
2016.09.15 10:13:17.498,8.49815,8.49975,1.60,1.00
2016.09.15 10:13:17.599,8.49815,8.49975,1.60,1.00
2016.09.15 10:13:17.805,8.49815,8.49956,1.60,1.00
2016.09.15 10:13:17.907,8.49815,8.49956,1.60,1.00
2016.09.15 10:13:18.008,8.49815,8.49956,1.60,1.00
2016.09.15 10:13:18.243,8.49815,8.49956,1.60,1.00
2016.09.15 10:13:18.345,8.49815,8.49956,1.35,1.00
2016.09.15 10:13:18.398,8.49793,8.49956,1.60,1.00
2016.09.15 10:13:18.705,8.49793,8.49945,1.60,1.00
2016.09.15 10:13:18.960,8.49793,8.49951,1.60,1.00
2016.09.15 10:13:19.112,8.49793,8.49951,1.60,1.00
2016.09.15 10:13:19.163,8.49793,8.49964,1.60,1.00
2016.09.15 10:13:19.561,8.49793,8.49958,1.60,1.00
2016.09.15 10:13:19.731,8.49791,8.49958,1.60,1.00
2016.09.15 10:13:20.054,8.49791,8.49946,1.60,1.00
2016.09.15 10:13:20.556,8.49792,8.49932,1.60,1.00
2016.09.15 10:13:20.607,8.49792,8.49932,1.60,1.00
2016.09.15 10:13:20.658,8.4981,8.4995,1.00,1.00
2016.09.15 10:13:20.708,8.4981,8.4995,1.00,1.00
2016.09.15 10:13:20.810,8.4981,8.4995,1.00,1.00
2016.09.15 10:13:21.558,8.498,8.4994,1.60,1.00
2016.09.15 10:13:21.761,8.49791,8.49938,1.97,1.00
2016.09.15 10:13:21.863,8.49791,8.49939,1.00,1.00
2016.09.15 10:13:21.914,8.49791,8.49939,1.00,1.00
2016.09.15 10:13:21.965,8.49775,8.49915,1.60,1.00
2016.09.15 10:13:22.132,8.49787,8.49927,1.60,1.00
2016.09.15 10:13:22.183,8.49798,8.49938,1.37,1.00
2016.09.15 10:13:22.234,8.49798,8.49938,1.97,1.00
2016.09.15 10:13:22.285,8.49798,8.49938,1.97,1.00
2016.09.15 10:13:22.337,8.49798,8.49938,1.97,1.00
2016.09.15 10:13:22.387,8.49821,8.4996,1.60,1.00
2016.09.15 10:13:22.540,8.49821,8.4996,1.60,1.00
2016.09.15 10:13:22.642,8.49821,8.4996,1.60,1.00
2016.09.15 10:13:22.813,8.49821,8.4996,1.60,1.00
2016.09.15 10:13:22.917,8.49821,8.4996,1.00,1.00
2016.09.15 10:13:22.968,8.49802,8.49942,1.97,1.00
2016.09.15 10:13:23.950,8.498,8.4994,1.97,1.00
2016.09.15 10:13:25.592,8.49791,8.49932,1.97,1.00
2016.09.15 10:13:26.169,8.49796,8.49936,1.97,1.00
2016.09.15 10:13:26.397,8.49796,8.49936,1.60,1.00
2016.09.15 10:13:26.770,8.49802,8.49942,1.60,1.00
2016.09.15 10:13:26.955,8.4981,8.49951,1.60,1.00
2016.09.15 10:13:27.056,8.49804,8.49942,1.60,1.00
2016.09.15 10:13:29.081,8.49807,8.49951,1.60,1.00
2016.09.15 10:13:29.182,8.4982,8.4996,1.00,1.00
2016.09.15 10:13:29.233,8.4982,8.4996,1.60,1.00
2016.09.15 10:13:30.203,8.49816,8.49955,1.60,1.00
2016.09.15 10:13:30.558,8.49805,8.49945,1.60,1.00
2016.09.15 10:13:30.685,8.49805,8.49945,1.60,1.00
2016.09.15 10:13:31.336,8.49808,8.49948,1.60,1.00
2016.09.15 10:13:31.388,8.49799,8.49939,1.97,1.00
2016.09.15 10:13:32.163,8.49794,8.49932,1.97,1.00
2016.09.15 10:13:32.267,8.49794,8.49932,1.60,1.00
2016.09.15 10:13:33.773,8.49794,8.49932,1.60,1.00
2016.09.15 10:13:34.516,8.49793,8.49932,1.60,1.00
2016.09.15 10:13:38.272,8.49793,8.49932,1.00,1.00
2016.09.15 10:13:38.592,8.49793,8.49906,1.00,1.00
2016.09.15 10:13:38.693,8.49793,8.49923,1.00,1.00
2016.09.15 10:13:39.081,8.49771,8.49912,1.60,1.00
2016.09.15 10:13:39.284,8.49763,8.49934,1.97,1.00
2016.09.15 10:13:39.465,8.49776,8.49921,1.60,1.00
2016.09.15 10:13:39.521,8.49776,8.49921,1.97,1.00
2016.09.15 10:13:39.623,8.49788,8.49933,1.00,1.00
2016.09.15 10:13:39.725,8.49781,8.49957,1.60,1.00
2016.09.15 10:13:40.240,8.49782,8.49957,1.60,1.00
2016.09.15 10:13:40.463,8.49782,8.49957,1.60,1.00
2016.09.15 10:13:41.030,8.49782,8.49956,1.60,1.00
2016.09.15 10:13:41.205,8.49782,8.49956,1.60,1.00
2016.09.15 10:13:41.565,8.49782,8.49955,1.60,1.00
2016.09.15 10:13:41.668,8.49782,8.49955,1.60,1.00
2016.09.15 10:13:43.103,8.49782,8.49932,1.60,1.00
2016.09.15 10:13:43.325,8.49758,8.49932,1.60,1.00
2016.09.15 10:13:43.376,8.49755,8.4993,1.60,1.00
2016.09.15 10:13:43.514,8.49755,8.4993,1.60,1.00
2016.09.15 10:13:43.690,8.49755,8.4993,1.60,1.00
2016.09.15 10:13:44.090,8.49755,8.49923,1.60,1.00
2016.09.15 10:13:44.599,8.49777,8.49941,1.60,1.00
2016.09.15 10:13:44.700,8.49778,8.49941,1.60,1.00
2016.09.15 10:13:44.766,8.49778,8.49954,1.60,1.00
2016.09.15 10:13:44.817,8.49778,8.49954,1.60,1.00
2016.09.15 10:13:45.370,8.49778,8.49954,1.60,1.00
2016.09.15 10:13:46.140,8.49779,8.49955,1.60,1.00
2016.09.15 10:13:46.699,8.49779,8.49955,1.97,1.00
2016.09.15 10:13:46.846,8.49778,8.49943,1.97,1.00
2016.09.15 10:13:46.948,8.49778,8.49938,1.97,1.00
2016.09.15 10:13:47.049,8.49778,8.49947,1.97,1.00
2016.09.15 10:13:47.816,8.49778,8.49949,1.97,1.00
2016.09.15 10:13:48.543,8.49778,8.49949,1.97,1.00
2016.09.15 10:13:48.594,8.49775,8.49949,1.97,1.00
2016.09.15 10:13:48.740,8.49781,8.49949,1.60,1.00
2016.09.15 10:13:49.139,8.49791,8.49951,1.00,1.00
2016.09.15 10:13:49.527,8.49796,8.49946,1.00,1.00
2016.09.15 10:13:49.861,8.49796,8.49946,1.00,1.00
2016.09.15 10:13:50.656,8.49799,8.49962,1.00,1.00
2016.09.15 10:13:51.709,8.49802,8.49962,1.00,1.00
2016.09.15 10:13:52.973,8.49802,8.49962,1.00,1.00
2016.09.15 10:13:53.373,8.498,8.49938,1.00,1.00
2016.09.15 10:13:53.425,8.49792,8.49938,1.00,1.00
2016.09.15 10:13:53.764,8.49792,8.49929,1.00,1.00
2016.09.15 10:13:53.815,8.49775,8.49929,1.60,1.00
2016.09.15 10:13:54.415,8.49775,8.49932,1.60,1.00
2016.09.15 10:13:55.416,8.49775,8.49931,1.60,1.00
2016.09.15 10:13:56.518,8.49784,8.49931,1.00,1.00
2016.09.15 10:13:56.842,8.49777,8.49925,1.60,1.00
2016.09.15 10:13:57.519,8.49781,8.49929,1.60,1.00
2016.09.15 10:14:02.515,8.49782,8.49927,1.60,1.00
2016.09.15 10:14:03.941,8.49813,8.49961,1.00,1.00
2016.09.15 10:14:04.043,8.49813,8.49961,1.00,1.00
2016.09.15 10:14:06.448,8.49819,8.49967,1.00,1.00
2016.09.15 10:14:06.754,8.49804,8.49952,1.00,1.00
2016.09.15 10:14:07.061,8.49796,8.4993,1.00,1.00
2016.09.15 10:14:07.499,8.4979,8.4993,1.00,1.00
2016.09.15 10:14:07.839,8.4979,8.49927,1.00,1.00
2016.09.15 10:14:07.941,8.49773,8.49921,1.60,1.00
2016.09.15 10:14:08.003,8.49773,8.49921,1.00,1.00
2016.09.15 10:14:08.285,8.49764,8.49899,1.10,1.00
2016.09.15 10:14:08.386,8.49764,8.49899,1.00,1.00
2016.09.15 10:14:08.488,8.49753,8.49899,1.00,1.00
2016.09.15 10:14:09.019,8.49753,8.49893,1.00,1.00
2016.09.15 10:14:10.263,8.49753,8.49894,1.00,1.00
2016.09.15 10:14:10.568,8.49753,8.49899,1.00,1.00
2016.09.15 10:14:10.669,8.49753,8.49893,1.00,1.00
2016.09.15 10:14:11.647,8.49753,8.49894,1.00,1.00
2016.09.15 10:14:13.017,8.49746,8.49894,1.00,1.00
2016.09.15 10:14:13.266,8.49738,8.49886,1.00,1.00
2016.09.15 10:14:13.736,8.49742,8.4989,1.00,1.00
2016.09.15 10:14:14.295,8.49735,8.49882,1.00,1.00
2016.09.15 10:14:14.524,8.49725,8.49873,1.37,1.00
2016.09.15 10:14:14.780,8.49725,8.49873,1.00,1.00
2016.09.15 10:14:15.129,8.4971,8.49858,1.00,1.00
2016.09.15 10:14:15.366,8.4971,8.49858,1.00,1.00
2016.09.15 10:14:15.795,8.49717,8.49864,1.00,1.00
2016.09.15 10:14:17.257,8.49713,8.49861,1.00,1.00
2016.09.15 10:14:19.561,8.49711,8.49859,1.00,1.00
2016.09.15 10:14:19.962,8.49708,8.49855,1.00,1.00
2016.09.15 10:14:20.697,8.49711,8.49859,1.00,1.00
2016.09.15 10:14:21.336,8.49711,8.49859,1.00,1.00
2016.09.15 10:14:21.438,8.49711,8.49859,1.00,1.00
2016.09.15 10:14:21.584,8.49713,8.49861,1.00,1.00
2016.09.15 10:14:22.616,8.49716,8.49864,1.00,1.00
2016.09.15 10:14:22.950,8.49733,8.49878,1.00,1.00
2016.09.15 10:14:23.788,8.49738,8.49883,1.00,1.00
2016.09.15 10:14:24.311,8.49741,8.49887,1.00,1.00
2016.09.15 10:14:25.271,8.4974,8.49886,1.00,1.00
2016.09.15 10:14:26.122,8.49744,8.49889,1.00,1.00
2016.09.15 10:14:26.275,8.49765,8.4991,1.00,1.00
2016.09.15 10:14:26.377,8.49765,8.4991,1.00,1.00
2016.09.15 10:14:26.784,8.49765,8.4991,1.00,1.00
2016.09.15 10:14:27.099,8.4976,8.49905,1.00,1.00
2016.09.15 10:14:27.412,8.49757,8.499,1.00,1.00
2016.09.15 10:14:27.790,8.49766,8.49911,1.00,1.00
2016.09.15 10:14:28.069,8.49779,8.49922,1.00,1.00
2016.09.15 10:14:28.677,8.4978,8.49923,1.00,1.00
2016.09.15 10:14:29.203,8.49765,8.49908,1.00,1.00
2016.09.15 10:14:29.695,8.49761,8.49903,1.00,1.00
2016.09.15 10:14:31.285,8.49773,8.49916,1.00,1.00
2016.09.15 10:14:31.386,8.49779,8.49921,1.00,1.00
2016.09.15 10:14:32.283,8.49782,8.49925,1.00,1.00
2016.09.15 10:14:32.933,8.49779,8.49921,1.00,1.00
2016.09.15 10:14:33.312,8.49783,8.49926,1.00,1.00
2016.09.15 10:14:34.589,8.49781,8.49922,1.00,1.00
2016.09.15 10:14:36.890,8.49785,8.49928,1.00,1.00
2016.09.15 10:14:37.496,8.49779,8.49921,1.00,1.00
2016.09.15 10:14:37.919,8.49767,8.4991,1.00,1.00
2016.09.15 10:14:38.021,8.4976,8.49887,1.00,1.00
2016.09.15 10:14:38.072,8.49746,8.49887,1.00,1.00
2016.09.15 10:14:38.614,8.49745,8.49887,1.00,1.00
2016.09.15 10:14:38.894,8.49753,8.49896,1.00,1.00
2016.09.15 10:14:39.197,8.49746,8.49889,1.00,1.00
2016.09.15 10:14:40.297,8.49747,8.4989,1.00,1.00
2016.09.15 10:14:44.229,8.49747,8.4989,1.00,1.00
2016.09.15 10:14:44.331,8.49747,8.4989,1.00,1.00
2016.09.15 10:14:44.629,8.49737,8.4988,1.37,1.00
2016.09.15 10:14:45.299,8.49737,8.4988,1.37,1.00
2016.09.15 10:14:46.386,8.49737,8.4988,1.37,1.00
2016.09.15 10:14:46.539,8.49737,8.4988,1.00,1.00
2016.09.15 10:14:46.742,8.49715,8.49858,1.37,1.00
2016.09.15 10:14:46.793,8.49715,8.49858,1.00,1.00
2016.09.15 10:14:46.895,8.49715,8.49858,1.00,1.00
2016.09.15 10:14:47.338,8.49708,8.49859,1.00,1.00
2016.09.15 10:14:47.440,8.49708,8.49859,1.00,1.00
2016.09.15 10:14:47.708,8.49703,8.49855,1.87,1.00
2016.09.15 10:14:49.287,8.49703,8.49855,1.87,1.00
2016.09.15 10:14:49.611,8.49703,8.49854,1.12,1.00
2016.09.15 10:14:49.859,8.49703,8.49847,1.12,1.00
2016.09.15 10:14:50.697,8.49703,8.49847,1.12,1.00
2016.09.15 10:14:50.961,8.49703,8.49852,1.12,1.00
2016.09.15 10:14:51.524,8.49703,8.49852,1.00,1.00
2016.09.15 10:14:52.717,8.49703,8.49851,1.00,1.00
2016.09.15 10:14:53.720,8.49703,8.49847,1.00,1.00
2016.09.15 10:14:54.066,8.49703,8.49854,1.00,1.00
2016.09.15 10:14:54.721,8.49703,8.49851,1.00,1.00
2016.09.15 10:14:55.322,8.49705,8.49856,1.00,1.00
2016.09.15 10:14:55.736,8.49721,8.49873,1.00,1.00
2016.09.15 10:14:56.165,8.49729,8.4988,1.00,1.00
2016.09.15 10:14:56.472,8.49737,8.49888,1.00,1.00
2016.09.15 10:14:56.624,8.4973,8.49888,1.00,1.00
2016.09.15 10:15:00.424,8.4973,8.49888,1.00,1.00
2016.09.15 10:15:00.569,8.4973,8.49888,1.00,1.00
2016.09.15 10:15:00.620,8.49754,8.49897,1.00,1.00
2016.09.15 10:15:00.964,8.49746,8.49889,1.00,1.00
2016.09.15 10:15:01.431,8.49738,8.49881,1.00,1.00
2016.09.15 10:15:01.772,8.4975,8.49892,1.00,1.00
2016.09.15 10:15:02.458,8.49746,8.49888,1.00,1.00
2016.09.15 10:15:03.076,8.49758,8.49899,1.00,1.00
2016.09.15 10:15:03.619,8.49758,8.49898,1.00,1.00
2016.09.15 10:15:04.276,8.49763,8.49903,1.00,1.00
2016.09.15 10:15:04.623,8.49768,8.49908,1.00,1.00
2016.09.15 10:15:07.562,8.49759,8.49899,1.00,1.00
2016.09.15 10:15:07.894,8.49761,8.49901,1.00,1.00
2016.09.15 10:15:08.408,8.49772,8.49912,1.00,1.00
2016.09.15 10:15:08.789,8.49776,8.49916,1.00,1.00
2016.09.15 10:15:11.663,8.49767,8.49917,1.00,1.00
2016.09.15 10:15:14.054,8.49752,8.49897,1.00,1.00
2016.09.15 10:15:14.156,8.49752,8.49885,1.00,1.00
2016.09.15 10:15:15.329,8.49735,8.49885,1.00,1.00
2016.09.15 10:15:15.528,8.4973,8.49881,1.00,1.00
2016.09.15 10:15:17.267,8.49739,8.49892,1.00,1.00
2016.09.15 10:15:17.369,8.49739,8.49892,1.00,1.00
2016.09.15 10:15:19.171,8.49734,8.49886,1.37,1.00
2016.09.15 10:15:19.305,8.49737,8.49892,1.00,1.00
2016.09.15 10:15:20.160,8.49733,8.49887,1.37,1.00
2016.09.15 10:15:21.085,8.49738,8.49891,1.00,1.00
2016.09.15 10:15:21.190,8.49743,8.49896,1.00,1.00
2016.09.15 10:15:26.279,8.49709,8.49864,1.00,1.00
2016.09.15 10:15:26.381,8.497,8.49852,1.00,1.00
2016.09.15 10:15:26.885,8.49709,8.49849,1.00,1.00
2016.09.15 10:15:27.671,8.49709,8.49852,1.00,1.00
2016.09.15 10:15:28.921,8.49717,8.49859,1.00,1.00
2016.09.15 10:15:30.507,8.49722,8.49865,1.00,1.00
2016.09.15 10:15:30.610,8.49734,8.49876,1.00,1.00
2016.09.15 10:15:30.661,8.49734,8.49876,1.00,1.00
2016.09.15 10:15:30.939,8.49774,8.49899,1.00,1.00
2016.09.15 10:15:31.006,8.49761,8.49904,1.00,1.00
2016.09.15 10:15:32.013,8.4976,8.49903,1.00,1.00
2016.09.15 10:15:33.028,8.49759,8.49901,1.00,1.00
2016.09.15 10:15:34.683,8.49758,8.499,1.00,1.00
2016.09.15 10:15:36.617,8.49755,8.49898,1.00,1.00
2016.09.15 10:15:38.027,8.49753,8.49896,1.00,1.00
2016.09.15 10:15:40.392,8.49754,8.49897,1.00,1.00
2016.09.15 10:15:41.139,8.49746,8.49889,1.00,1.00
2016.09.15 10:15:41.445,8.49746,8.49884,1.00,1.00
2016.09.15 10:15:41.613,8.49757,8.49897,1.00,1.00
2016.09.15 10:15:42.196,8.49747,8.49887,1.00,1.00
2016.09.15 10:15:44.666,8.4975,8.4989,1.00,1.00
2016.09.15 10:15:45.746,8.49741,8.49881,1.00,1.00
2016.09.15 10:15:45.924,8.49736,8.49877,1.00,1.00
2016.09.15 10:15:47.443,8.49739,8.49879,1.00,1.00
2016.09.15 10:15:49.233,8.49763,8.49903,1.00,1.00
2016.09.15 10:15:49.951,8.49754,8.49894,1.00,1.00
2016.09.15 10:15:50.284,8.49744,8.49884,1.00,1.00
2016.09.15 10:15:50.702,8.4975,8.4989,1.00,1.00
2016.09.15 10:15:51.087,8.49741,8.49881,1.00,1.00
2016.09.15 10:15:53.141,8.49765,8.49903,1.00,1.00
2016.09.15 10:15:53.250,8.49771,8.49911,1.00,1.00
2016.09.15 10:15:53.528,8.4978,8.4992,1.00,1.00
2016.09.15 10:15:55.078,8.49785,8.49925,1.00,1.00
2016.09.15 10:15:55.873,8.49785,8.49927,1.00,1.00
2016.09.15 10:15:55.929,8.49785,8.49925,1.00,1.00
2016.09.15 10:15:56.959,8.49788,8.49928,1.00,1.00
2016.09.15 10:15:58.893,8.49784,8.49924,1.00,1.00
2016.09.15 10:16:16.832,8.49788,8.49928,1.00,1.00
2016.09.15 10:16:17.149,8.49809,8.49949,1.00,1.00
2016.09.15 10:16:17.540,8.49801,8.49941,1.00,1.00
2016.09.15 10:16:18.379,8.498,8.4994,1.00,1.00
2016.09.15 10:16:19.584,8.49797,8.49937,1.00,1.00
2016.09.15 10:16:20.503,8.4979,8.4993,1.00,1.00
2016.09.15 10:16:21.507,8.49792,8.4993,1.00,1.00
2016.09.15 10:16:25.475,8.49789,8.49929,1.00,1.00
2016.09.15 10:16:26.191,8.49781,8.49923,1.60,1.00
2016.09.15 10:16:26.723,8.49783,8.49923,1.60,1.00
2016.09.15 10:16:26.825,8.49775,8.49926,1.60,1.00
2016.09.15 10:16:27.721,8.49783,8.49933,1.60,1.00
2016.09.15 10:16:27.823,8.4979,8.49941,1.00,1.00
2016.09.15 10:16:28.205,8.49784,8.49932,1.60,1.00
2016.09.15 10:16:32.484,8.49791,8.49931,1.00,1.00
2016.09.15 10:16:33.182,8.4979,8.4993,1.00,1.00
2016.09.15 10:16:34.642,8.49791,8.49931,1.00,1.00
2016.09.15 10:16:36.512,8.49789,8.49929,1.00,1.00
2016.09.15 10:16:36.837,8.49781,8.49924,1.60,1.00
2016.09.15 10:16:37.084,8.4979,8.49931,1.00,1.00
2016.09.15 10:16:37.435,8.49786,8.49926,1.35,1.00
2016.09.15 10:16:40.899,8.49784,8.49924,1.60,1.00
2016.09.15 10:16:41.901,8.49783,8.49923,1.60,1.00
2016.09.15 10:16:42.001,8.49777,8.49918,1.60,1.00
2016.09.15 10:16:42.143,8.49785,8.49923,1.60,1.00
2016.09.15 10:16:43.142,8.49775,8.49919,1.00,1.00
2016.09.15 10:16:45.806,8.49781,8.49921,1.00,1.00
2016.09.15 10:16:47.509,8.49786,8.49926,1.00,1.00
2016.09.15 10:16:47.787,8.49808,8.49948,1.00,1.00
2016.09.15 10:16:47.839,8.49808,8.49948,1.00,1.00
2016.09.15 10:16:48.493,8.49796,8.49935,1.00,1.00
2016.09.15 10:16:48.645,8.49788,8.49928,1.00,1.00
2016.09.15 10:16:49.045,8.49778,8.49919,1.00,1.00
2016.09.15 10:16:49.412,8.49785,8.49925,1.00,1.00
2016.09.15 10:16:54.643,8.49792,8.49932,1.00,1.00
2016.09.15 10:16:56.472,8.49797,8.49937,1.00,1.00
2016.09.15 10:16:56.808,8.49818,8.49958,1.00,1.00
2016.09.15 10:16:56.859,8.49806,8.49946,1.37,1.00
2016.09.15 10:16:57.014,8.49806,8.49946,1.00,1.00
2016.09.15 10:16:57.172,8.49801,8.49927,1.00,1.00
2016.09.15 10:16:57.401,8.49801,8.49927,1.00,1.00
2016.09.15 10:16:57.454,8.49801,8.49927,1.00,1.00
2016.09.15 10:16:57.555,8.49801,8.49937,1.00,1.00
2016.09.15 10:16:57.777,8.49801,8.49928,1.00,1.00
2016.09.15 10:16:58.073,8.49783,8.49921,1.00,1.00
2016.09.15 10:16:58.534,8.49783,8.49915,1.00,1.00
2016.09.15 10:16:58.935,8.49784,8.49924,1.00,1.00
2016.09.15 10:16:59.073,8.49783,8.49934,1.00,1.00
2016.09.15 10:16:59.936,8.49783,8.4993,1.00,1.00
2016.09.15 10:17:00.640,8.49783,8.49934,1.00,1.00
2016.09.15 10:17:02.586,8.49783,8.49921,1.00,1.00
2016.09.15 10:17:03.539,8.49783,8.49921,1.00,1.00
2016.09.15 10:17:03.640,8.49783,8.49921,1.00,1.00
2016.09.15 10:17:04.058,8.49783,8.4991,1.00,1.00
2016.09.15 10:17:04.862,8.49783,8.49912,1.00,1.00
2016.09.15 10:17:07.379,8.49783,8.49908,1.00,1.00
2016.09.15 10:17:07.531,8.49777,8.49908,1.00,1.00
2016.09.15 10:17:08.599,8.4979,8.4992,1.00,1.00
2016.09.15 10:17:08.860,8.498,8.49931,1.00,1.00
2016.09.15 10:17:08.962,8.49807,8.49939,1.00,1.00
2016.09.15 10:17:09.268,8.49799,8.4993,1.00,1.00
2016.09.15 10:17:10.566,8.49798,8.49929,1.00,1.00
2016.09.15 10:17:11.888,8.49793,8.49933,1.00,1.00
2016.09.15 10:17:12.082,8.4978,8.4992,1.12,1.00
2016.09.15 10:17:12.828,8.4978,8.4992,1.00,1.00
2016.09.15 10:17:14.478,8.49783,8.49924,1.00,1.00
2016.09.15 10:17:17.172,8.49758,8.49898,1.75,1.00
2016.09.15 10:17:17.223,8.49758,8.49898,1.00,1.00
2016.09.15 10:17:17.274,8.49758,8.49898,1.00,1.00
2016.09.15 10:17:17.477,8.49771,8.49903,1.00,1.00
2016.09.15 10:17:17.826,8.4979,8.4992,1.00,1.00
2016.09.15 10:17:17.978,8.49807,8.49939,1.00,1.00
2016.09.15 10:17:18.079,8.49807,8.49939,1.00,1.00
2016.09.15 10:17:18.181,8.498,8.49942,1.00,1.00
2016.09.15 10:17:19.000,8.49812,8.49956,1.00,1.00
2016.09.15 10:17:20.723,8.49814,8.49958,1.00,1.00
2016.09.15 10:17:21.072,8.49813,8.49945,1.00,1.00
2016.09.15 10:17:21.719,8.49817,8.49949,1.00,1.00
2016.09.15 10:17:25.072,8.49817,8.49949,1.37,1.00
2016.09.15 10:17:25.123,8.49817,8.49964,1.37,1.00
2016.09.15 10:17:25.225,8.49816,8.49967,1.37,1.00
2016.09.15 10:17:25.378,8.49821,8.49967,1.00,1.00
2016.09.15 10:17:26.235,8.49821,8.49966,1.00,1.00
2016.09.15 10:17:26.971,8.49821,8.49966,1.37,1.00
2016.09.15 10:17:27.073,8.49822,8.4997,1.37,1.00
2016.09.15 10:17:27.225,8.49826,8.49973,1.12,1.00
2016.09.15 10:17:27.327,8.49839,8.49987,1.00,1.00
2016.09.15 10:17:27.428,8.49838,8.49983,1.00,1.00
2016.09.15 10:17:27.530,8.4985,8.49997,1.00,1.00
2016.09.15 10:17:27.758,8.49851,8.49983,1.00,1.00
2016.09.15 10:17:28.062,8.49851,8.49972,1.00,1.00
2016.09.15 10:17:28.458,8.49851,8.49979,1.00,1.00
2016.09.15 10:17:29.103,8.49851,8.49986,1.00,1.00
2016.09.15 10:17:29.528,8.49842,8.49981,1.00,1.00
2016.09.15 10:17:30.430,8.49842,8.49981,1.37,1.00
2016.09.15 10:17:32.533,8.49842,8.49981,1.00,1.00
2016.09.15 10:17:32.611,8.49831,8.49983,1.37,1.00
2016.09.15 10:17:32.709,8.49837,8.49989,1.37,1.00
2016.09.15 10:17:33.710,8.49839,8.49991,1.37,1.00
2016.09.15 10:17:34.413,8.49836,8.49988,1.37,1.00
2016.09.15 10:17:34.515,8.49851,8.50003,1.00,1.00
2016.09.15 10:17:34.616,8.49866,8.5002,1.00,1.00
2016.09.15 10:17:35.002,8.49881,8.50036,1.00,1.00
2016.09.15 10:17:35.053,8.49881,8.50036,1.37,1.00
2016.09.15 10:17:35.103,8.49881,8.50036,1.37,1.00
2016.09.15 10:17:35.154,8.49893,8.50048,1.00,1.00
2016.09.15 10:17:35.205,8.49898,8.50048,1.00,1.00
2016.09.15 10:17:35.257,8.49907,8.50061,1.00,1.00
2016.09.15 10:17:35.510,8.49907,8.50061,1.00,1.00
2016.09.15 10:17:35.710,8.49898,8.50037,1.00,1.00
2016.09.15 10:17:35.862,8.49882,8.50037,1.75,1.00
2016.09.15 10:17:36.015,8.49881,8.50036,1.37,1.00
2016.09.15 10:17:36.066,8.49905,8.5005,1.00,1.00
2016.09.15 10:17:36.222,8.49905,8.50056,1.00,1.00
2016.09.15 10:17:38.899,8.49905,8.50053,1.00,1.00
2016.09.15 10:17:39.104,8.49876,8.50028,1.37,1.00
2016.09.15 10:17:39.256,8.49876,8.50028,1.37,1.00
2016.09.15 10:17:40.673,8.49875,8.50027,1.87,1.00
2016.09.15 10:17:41.377,8.49875,8.50024,1.37,1.00
2016.09.15 10:17:41.934,8.49883,8.50026,1.00,1.00
2016.09.15 10:17:43.147,8.49928,8.50058,1.00,1.00
2016.09.15 10:17:43.364,8.49928,8.50058,1.00,1.00
2016.09.15 10:17:43.416,8.4994,8.50072,1.00,1.00
2016.09.15 10:17:43.467,8.49906,8.50045,1.00,1.00
2016.09.15 10:17:44.498,8.49906,8.50046,1.00,1.00
2016.09.15 10:17:44.879,8.49906,8.50053,1.00,1.00
2016.09.15 10:17:44.981,8.49912,8.50062,1.00,1.00
2016.09.15 10:17:45.474,8.49916,8.50064,1.00,1.00
2016.09.15 10:17:46.548,8.49916,8.50065,1.00,1.00
2016.09.15 10:17:47.650,8.49917,8.50058,1.00,1.00
2016.09.15 10:17:49.927,8.49922,8.50061,1.00,1.00
2016.09.15 10:17:51.357,8.49918,8.50062,1.00,1.00
2016.09.15 10:17:52.854,8.49918,8.50062,1.37,1.00
2016.09.15 10:17:53.651,8.49933,8.50077,1.00,1.00
2016.09.15 10:17:53.701,8.49953,8.50088,1.00,1.00
2016.09.15 10:17:53.904,8.49947,8.501,1.00,1.00
2016.09.15 10:17:54.057,8.49947,8.501,1.00,1.00
2016.09.15 10:17:54.108,8.49945,8.50078,1.00,1.00
2016.09.15 10:17:54.702,8.49923,8.50078,1.50,1.00
2016.09.15 10:17:55.541,8.49923,8.50078,1.87,1.00
2016.09.15 10:17:55.664,8.49924,8.50079,1.37,1.00
2016.09.15 10:17:56.093,8.49923,8.50075,1.37,1.00
2016.09.15 10:17:56.490,8.4991,8.50065,1.75,1.00
2016.09.15 10:17:56.592,8.49917,8.50072,1.00,1.00
2016.09.15 10:17:56.966,8.49927,8.50075,1.00,1.00
2016.09.15 10:17:58.207,8.49923,8.50071,1.37,1.00
2016.09.15 10:17:58.700,8.49923,8.50076,1.37,1.00
2016.09.15 10:18:01.463,8.49923,8.50076,1.00,1.00
2016.09.15 10:18:02.377,8.49915,8.50068,1.37,1.00
2016.09.15 10:18:02.607,8.49911,8.50065,1.37,1.00
2016.09.15 10:18:02.658,8.49911,8.50065,1.37,1.00
2016.09.15 10:18:02.709,8.49914,8.50059,1.37,1.00
2016.09.15 10:18:03.264,8.49914,8.50059,1.00,1.00
2016.09.15 10:18:04.694,8.49917,8.50061,1.00,1.00
2016.09.15 10:18:05.332,8.49925,8.5007,1.00,1.00
2016.09.15 10:18:05.408,8.49934,8.50079,1.00,1.00
2016.09.15 10:18:05.712,8.49944,8.50088,1.00,1.00
2016.09.15 10:18:06.384,8.4994,8.50085,1.00,1.00
2016.09.15 10:18:06.593,8.49925,8.50068,1.87,1.00
2016.09.15 10:18:06.695,8.49925,8.50068,1.37,1.00
2016.09.15 10:18:07.870,8.49925,8.50068,1.00,1.00
2016.09.15 10:18:08.819,8.49919,8.50064,1.00,1.00
2016.09.15 10:18:08.922,8.49913,8.50057,1.00,1.00
2016.09.15 10:18:09.796,8.49918,8.50063,1.00,1.00
2016.09.15 10:18:10.813,8.49915,8.5006,1.00,1.00
2016.09.15 10:18:10.919,8.499,8.5006,1.37,1.00
2016.09.15 10:18:11.021,8.49889,8.50034,1.00,1.00
2016.09.15 10:18:11.371,8.49877,8.50022,1.00,1.00
2016.09.15 10:18:11.572,8.49879,8.50035,1.00,1.00
2016.09.15 10:18:12.124,8.49875,8.5003,1.00,1.00
2016.09.15 10:18:12.667,8.49873,8.50027,1.00,1.00
2016.09.15 10:18:13.006,8.49878,8.50034,1.00,1.00
2016.09.15 10:18:13.469,8.49878,8.50034,1.00,1.00
2016.09.15 10:18:14.716,8.49873,8.50028,1.50,1.00
2016.09.15 10:18:14.987,8.49873,8.50028,1.50,1.00
2016.09.15 10:18:15.238,8.49873,8.50024,1.00,1.00
2016.09.15 10:18:17.712,8.49873,8.50019,1.00,1.00
2016.09.15 10:18:18.840,8.49873,8.50013,1.00,1.00
2016.09.15 10:18:20.015,8.49873,8.50014,1.00,1.00
2016.09.15 10:18:20.132,8.49878,8.50023,1.00,1.00
2016.09.15 10:18:22.219,8.49882,8.50028,1.00,1.00
2016.09.15 10:18:24.130,8.49886,8.50033,1.00,1.00
2016.09.15 10:18:24.296,8.49893,8.5004,1.00,1.00
2016.09.15 10:18:24.661,8.49887,8.50038,1.00,1.00
2016.09.15 10:18:24.822,8.49881,8.50027,1.12,1.00
2016.09.15 10:18:25.859,8.49879,8.50025,1.37,1.00
2016.09.15 10:18:27.027,8.49883,8.50025,1.00,1.00
2016.09.15 10:18:32.777,8.49894,8.50028,1.00,1.00
2016.09.15 10:18:42.086,8.49874,8.50008,1.00,1.00
2016.09.15 10:18:42.188,8.49865,8.49999,1.37,1.00
2016.09.15 10:18:43.211,8.49869,8.50003,1.00,1.00
2016.09.15 10:18:47.353,8.49862,8.49997,1.00,1.00
2016.09.15 10:18:48.401,8.49865,8.49999,1.00,1.00
2016.09.15 10:18:49.890,8.49865,8.49999,1.00,1.00
2016.09.15 10:18:50.246,8.49855,8.49989,1.00,1.00
2016.09.15 10:18:50.559,8.49848,8.49979,1.00,1.00
2016.09.15 10:18:51.264,8.49847,8.49979,1.00,1.00
2016.09.15 10:18:53.914,8.49847,8.49982,1.00,1.00
2016.09.15 10:18:53.965,8.49842,8.49982,1.00,1.00
2016.09.15 10:18:54.016,8.49845,8.49979,1.00,1.00
2016.09.15 10:18:55.050,8.49835,8.4997,1.00,1.00
2016.09.15 10:18:56.111,8.49839,8.49973,1.00,1.00
2016.09.15 10:18:57.071,8.49841,8.49973,1.00,1.00
2016.09.15 10:19:02.278,8.49836,8.4997,1.00,1.00
2016.09.15 10:19:03.280,8.49834,8.49968,1.00,1.00
2016.09.15 10:19:04.101,8.49822,8.49968,1.37,1.00
2016.09.15 10:19:04.152,8.49822,8.49968,1.00,1.00
2016.09.15 10:19:04.482,8.49815,8.49948,1.00,1.00
2016.09.15 10:19:05.625,8.49817,8.49962,1.00,1.00
2016.09.15 10:19:06.385,8.49823,8.49966,1.00,1.00
2016.09.15 10:19:06.770,8.4983,8.49965,1.00,1.00
2016.09.15 10:19:08.388,8.49823,8.49957,1.00,1.00
2016.09.15 10:19:08.989,8.49827,8.49961,1.00,1.00
2016.09.15 10:19:09.829,8.49823,8.49957,1.00,1.00
2016.09.15 10:19:10.797,8.49825,8.49957,1.00,1.00
2016.09.15 10:19:12.100,8.49824,8.49959,1.00,1.00
2016.09.15 10:19:13.112,8.49827,8.49962,1.00,1.00
2016.09.15 10:19:15.008,8.49827,8.49962,1.00,1.00
2016.09.15 10:19:17.810,8.49822,8.49963,1.00,1.00
2016.09.15 10:19:18.511,8.49824,8.49964,1.00,1.00
2016.09.15 10:19:19.512,8.49825,8.49965,1.00,1.00
2016.09.15 10:19:20.619,8.49825,8.49973,1.00,1.00
2016.09.15 10:19:22.523,8.49825,8.49973,1.00,1.00
2016.09.15 10:19:23.124,8.49825,8.49973,1.00,1.00
2016.09.15 10:19:24.926,8.49825,8.49973,1.00,1.00
2016.09.15 10:19:26.924,8.49838,8.4997,1.00,1.00
2016.09.15 10:19:30.432,8.49833,8.49965,1.00,1.00
2016.09.15 10:19:31.645,8.4982,8.49952,1.00,1.00
2016.09.15 10:19:31.980,8.49813,8.49942,1.00,1.00
2016.09.15 10:19:32.081,8.49823,8.49955,1.00,1.00
2016.09.15 10:19:32.646,8.49829,8.4996,1.00,1.00
2016.09.15 10:19:32.849,8.49819,8.49951,1.00,1.00
2016.09.15 10:19:34.236,8.49816,8.49946,1.00,1.00
2016.09.15 10:19:34.972,8.49816,8.49946,1.00,1.00
2016.09.15 10:19:35.179,8.49814,8.49946,1.00,1.00
2016.09.15 10:19:35.675,8.49822,8.49954,1.00,1.00
2016.09.15 10:19:35.994,8.49828,8.49959,1.00,1.00
2016.09.15 10:19:36.645,8.49832,8.49964,1.00,1.00
2016.09.15 10:19:40.852,8.49831,8.49963,1.00,1.00
2016.09.15 10:19:41.256,8.49824,8.49956,1.00,1.00
2016.09.15 10:19:41.659,8.49835,8.49965,1.00,1.00
2016.09.15 10:19:41.761,8.49826,8.49957,1.00,1.00
2016.09.15 10:19:42.826,8.49828,8.49958,1.00,1.00
2016.09.15 10:19:44.462,8.49832,8.49964,1.00,1.00
2016.09.15 10:19:45.283,8.4982,8.49956,1.00,1.00
2016.09.15 10:19:45.384,8.49817,8.49948,1.00,1.00
2016.09.15 10:19:45.587,8.49826,8.49958,1.00,1.00
2016.09.15 10:19:46.166,8.49837,8.49966,1.00,1.00
2016.09.15 10:19:46.564,8.49833,8.49963,1.00,1.00
2016.09.15 10:19:50.170,8.49831,8.49963,1.00,1.00
2016.09.15 10:19:50.771,8.49808,8.4994,1.00,1.00
2016.09.15 10:19:50.822,8.49808,8.4994,1.00,1.00
2016.09.15 10:19:51.169,8.49788,8.4992,1.00,1.00
2016.09.15 10:19:51.773,8.49783,8.49914,1.00,1.00
2016.09.15 10:19:53.220,8.49773,8.49905,1.00,1.00
2016.09.15 10:19:53.614,8.49765,8.49897,1.00,1.00
2016.09.15 10:19:54.310,8.49765,8.49896,1.00,1.00
2016.09.15 10:19:54.580,8.4977,8.49902,1.00,1.00
2016.09.15 10:19:54.681,8.49789,8.49919,1.00,1.00
2016.09.15 10:19:55.297,8.49797,8.49929,1.00,1.00
2016.09.15 10:19:55.836,8.49792,8.49924,1.00,1.00
2016.09.15 10:19:57.205,8.49791,8.49922,1.00,1.00
2016.09.15 10:19:59.466,8.49773,8.49904,1.00,1.00
2016.09.15 10:19:59.810,8.49783,8.49915,1.00,1.00
2016.09.15 10:20:00.013,8.49791,8.49922,1.00,1.00
2016.09.15 10:20:00.114,8.49782,8.49914,1.00,1.00
2016.09.15 10:20:01.423,8.49759,8.49891,1.00,1.00
2016.09.15 10:20:01.474,8.49759,8.49891,1.00,1.00
2016.09.15 10:20:01.926,8.49743,8.4985,1.00,1.00
2016.09.15 10:20:02.028,8.49743,8.4985,1.00,1.00
2016.09.15 10:20:02.162,8.49718,8.4985,1.00,1.00
2016.09.15 10:20:02.395,8.49718,8.4985,1.00,1.00
2016.09.15 10:20:02.844,8.49718,8.4985,1.00,1.00
2016.09.15 10:20:02.898,8.4971,8.49842,1.00,1.00
2016.09.15 10:20:03.832,8.49723,8.49855,1.00,1.00
2016.09.15 10:20:04.229,8.49715,8.49845,1.00,1.00
2016.09.15 10:20:05.203,8.49712,8.49844,1.00,1.00
2016.09.15 10:20:09.658,8.49712,8.49844,1.00,1.00
2016.09.15 10:20:09.711,8.49716,8.49848,1.00,1.00
2016.09.15 10:20:10.058,8.49716,8.49848,1.00,1.00
2016.09.15 10:20:10.713,8.49718,8.49849,1.00,1.00
2016.09.15 10:20:11.720,8.4972,8.49851,1.00,1.00
2016.09.15 10:20:12.750,8.4973,8.49865,1.00,1.00
2016.09.15 10:20:12.953,8.49741,8.49875,1.00,1.00
2016.09.15 10:20:13.055,8.49749,8.49884,1.00,1.00
2016.09.15 10:20:13.951,8.49746,8.4988,1.00,1.00
2016.09.15 10:20:14.311,8.4974,8.49874,1.00,1.00
2016.09.15 10:20:14.459,8.49711,8.49855,1.00,1.00
2016.09.15 10:20:14.561,8.49703,8.49835,1.00,1.00
2016.09.15 10:20:14.670,8.49699,8.49814,1.00,1.00
2016.09.15 10:20:14.721,8.4968,8.49814,1.00,1.00
2016.09.15 10:20:14.772,8.49663,8.49795,1.00,1.00
2016.09.15 10:20:14.964,8.49643,8.49778,1.00,1.00
2016.09.15 10:20:15.015,8.49643,8.49778,1.00,1.00
2016.09.15 10:20:15.437,8.49653,8.49787,1.00,1.00
2016.09.15 10:20:15.488,8.49653,8.49787,1.00,1.00
2016.09.15 10:20:15.693,8.49662,8.49797,1.00,1.00
2016.09.15 10:20:16.438,8.49658,8.49792,1.00,1.00
2016.09.15 10:20:17.955,8.49662,8.49796,1.00,1.00
2016.09.15 10:20:18.466,8.49672,8.49806,1.00,1.00
2016.09.15 10:20:18.831,8.49666,8.498,1.00,1.00
2016.09.15 10:20:20.244,8.49665,8.49799,1.00,1.00
2016.09.15 10:20:25.946,8.49664,8.49798,1.00,1.00
2016.09.15 10:20:28.907,8.49664,8.49798,1.00,1.00
2016.09.15 10:20:29.009,8.49664,8.49798,1.00,1.00
2016.09.15 10:20:32.957,8.49663,8.49798,1.00,1.00
2016.09.15 10:20:35.286,8.49664,8.49799,1.00,1.00
2016.09.15 10:20:42.279,8.49665,8.49804,1.00,1.00
2016.09.15 10:20:48.153,8.49659,8.49803,1.00,1.00
2016.09.15 10:20:50.203,8.49656,8.49799,1.00,1.00
2016.09.15 10:20:50.315,8.4966,8.49804,1.00,1.00
2016.09.15 10:20:50.707,8.49654,8.49798,1.00,1.00
2016.09.15 10:20:51.607,8.49642,8.49786,1.00,1.00
2016.09.15 10:20:51.912,8.49637,8.4978,1.00,1.00
2016.09.15 10:20:52.464,8.49637,8.4978,1.00,1.00
2016.09.15 10:20:52.858,8.49642,8.49785,1.00,1.00
2016.09.15 10:20:54.768,8.49642,8.49785,1.00,1.00
2016.09.15 10:20:55.204,8.49652,8.49795,1.00,1.00
2016.09.15 10:20:55.611,8.4966,8.49804,1.00,1.00
2016.09.15 10:20:55.916,8.49655,8.49798,1.00,1.00
2016.09.15 10:20:56.310,8.49655,8.49798,1.00,1.00
2016.09.15 10:20:56.472,8.49655,8.49798,1.00,1.00
2016.09.15 10:20:57.502,8.49654,8.49798,1.00,1.00
2016.09.15 10:20:57.866,8.49662,8.49803,1.00,1.00
2016.09.15 10:20:58.308,8.49656,8.498,1.00,1.00
2016.09.15 10:21:01.313,8.49659,8.498,1.00,1.00
2016.09.15 10:21:02.633,8.4966,8.498,1.00,1.00
2016.09.15 10:21:02.878,8.49653,8.49794,1.00,1.00
2016.09.15 10:21:02.933,8.49642,8.49782,1.00,1.00
2016.09.15 10:21:03.944,8.49643,8.49783,1.00,1.00
2016.09.15 10:21:05.727,8.49648,8.49788,1.00,1.00
2016.09.15 10:21:06.128,8.49653,8.49793,1.00,1.00
2016.09.15 10:21:06.432,8.49672,8.49812,1.00,1.00
2016.09.15 10:21:08.149,8.49664,8.49804,1.00,1.00
2016.09.15 10:21:09.134,8.49669,8.49809,1.00,1.00
2016.09.15 10:21:09.660,8.49651,8.49791,1.00,1.00
2016.09.15 10:21:10.135,8.49656,8.49796,1.00,1.00
2016.09.15 10:21:10.643,8.49652,8.49792,1.00,1.00
2016.09.15 10:21:12.338,8.49654,8.49785,1.00,1.00
2016.09.15 10:21:18.050,8.49653,8.49785,1.00,1.00
2016.09.15 10:21:19.078,8.49659,8.49791,1.00,1.00
2016.09.15 10:21:19.379,8.49667,8.49798,1.00,1.00
2016.09.15 10:21:20.355,8.4967,8.49801,1.00,1.00
2016.09.15 10:21:21.784,8.49671,8.49803,1.00,1.00
2016.09.15 10:21:22.087,8.49675,8.49807,1.00,1.00
2016.09.15 10:21:23.887,8.49671,8.49803,1.00,1.00
2016.09.15 10:21:24.526,8.4967,8.49802,1.00,1.00
2016.09.15 10:21:27.366,8.49669,8.49801,1.00,1.00
2016.09.15 10:21:33.395,8.49637,8.49769,1.00,1.00
2016.09.15 10:21:33.706,8.49645,8.49776,1.00,1.00
2016.09.15 10:21:34.406,8.4965,8.49782,1.00,1.00
2016.09.15 10:21:37.212,8.49641,8.49773,1.00,1.00
2016.09.15 10:21:37.616,8.49636,8.49768,1.00,1.00
2016.09.15 10:21:39.721,8.49648,8.4978,1.00,1.00
2016.09.15 10:21:41.085,8.4965,8.4978,1.00,1.00
2016.09.15 10:21:41.485,8.49644,8.49775,1.00,1.00
2016.09.15 10:21:42.502,8.49644,8.49776,1.00,1.00
2016.09.15 10:21:45.597,8.49648,8.49779,1.00,1.00
2016.09.15 10:21:46.409,8.49656,8.49788,1.00,1.00
2016.09.15 10:21:46.713,8.49662,8.49794,1.00,1.00
2016.09.15 10:21:48.101,8.49661,8.49793,1.00,1.00
2016.09.15 10:21:49.097,8.49662,8.49794,1.00,1.00
2016.09.15 10:21:49.611,8.4967,8.49801,1.00,1.00
2016.09.15 10:21:50.099,8.49665,8.49797,1.00,1.00
2016.09.15 10:21:53.509,8.49661,8.49793,1.00,1.00
2016.09.15 10:21:54.732,8.49667,8.49798,1.00,1.00
2016.09.15 10:21:55.077,8.4967,8.49801,1.00,1.00
2016.09.15 10:21:55.230,8.49692,8.49822,1.00,1.00
2016.09.15 10:21:55.331,8.49706,8.49837,1.00,1.00
2016.09.15 10:21:56.308,8.497,8.49831,1.00,1.00
2016.09.15 10:21:57.310,8.49697,8.49829,1.00,1.00
2016.09.15 10:21:57.649,8.49694,8.49828,1.00,1.00
2016.09.15 10:21:59.112,8.49691,8.49826,1.00,1.00
2016.09.15 10:21:59.416,8.49691,8.49826,1.00,1.00
2016.09.15 10:22:03.154,8.49681,8.49827,1.00,1.00
2016.09.15 10:22:04.434,8.49687,8.49832,1.00,1.00
2016.09.15 10:22:04.872,8.49682,8.49828,1.00,1.00
2016.09.15 10:22:05.327,8.49682,8.49828,1.00,1.00
2016.09.15 10:22:05.429,8.49692,8.49826,1.00,1.00
2016.09.15 10:22:06.427,8.4969,8.49823,1.00,1.00
2016.09.15 10:22:07.456,8.49688,8.49822,1.00,1.00
2016.09.15 10:22:10.251,8.49691,8.49826,1.00,1.00
2016.09.15 10:22:10.937,8.49695,8.49829,1.00,1.00
2016.09.15 10:22:11.951,8.49692,8.49829,1.00,1.00
2016.09.15 10:22:12.440,8.49685,8.49822,1.00,1.00
2016.09.15 10:22:17.546,8.49664,8.49801,1.00,1.00
2016.09.15 10:22:17.850,8.49672,8.49809,1.00,1.00
2016.09.15 10:22:18.344,8.49663,8.498,1.00,1.00
2016.09.15 10:22:18.851,8.49656,8.49793,1.00,1.00
2016.09.15 10:22:19.162,8.49653,8.49788,1.00,1.00
2016.09.15 10:22:19.854,8.49655,8.49791,1.00,1.00
2016.09.15 10:22:20.354,8.49658,8.49795,1.00,1.00
2016.09.15 10:22:22.057,8.49655,8.49791,1.00,1.00
2016.09.15 10:22:23.207,8.49665,8.49801,1.00,1.00
2016.09.15 10:22:25.261,8.49661,8.49798,1.00,1.00
2016.09.15 10:22:25.312,8.49661,8.49798,1.00,1.00
2016.09.15 10:22:26.063,8.49665,8.49801,1.00,1.00
2016.09.15 10:22:27.555,8.49662,8.49799,1.00,1.00
2016.09.15 10:22:27.708,8.49667,8.49803,1.00,1.00
2016.09.15 10:22:29.907,8.49683,8.4982,1.00,1.00
2016.09.15 10:22:30.110,8.49693,8.49828,1.00,1.00
2016.09.15 10:22:30.872,8.49682,8.49818,1.00,1.00
2016.09.15 10:22:33.176,8.49686,8.49822,1.00,1.00
2016.09.15 10:22:34.731,8.49663,8.498,1.00,1.00
2016.09.15 10:22:35.631,8.49663,8.498,1.00,1.00
2016.09.15 10:22:36.486,8.49663,8.498,1.00,1.00
2016.09.15 10:22:36.611,8.49663,8.498,1.00,1.00
2016.09.15 10:22:37.833,8.49666,8.49802,1.00,1.00
2016.09.15 10:22:38.260,8.49669,8.49806,1.00,1.00
2016.09.15 10:22:39.791,8.49664,8.49801,1.00,1.00
2016.09.15 10:22:41.228,8.49662,8.49799,1.00,1.00
2016.09.15 10:22:42.219,8.4966,8.49797,1.00,1.00
2016.09.15 10:22:42.800,8.4966,8.49797,1.00,1.00
2016.09.15 10:22:43.003,8.49677,8.49814,1.00,1.00
2016.09.15 10:22:43.369,8.49686,8.49823,1.00,1.00
2016.09.15 10:22:43.448,8.49686,8.49823,1.00,1.00
2016.09.15 10:22:43.652,8.49686,8.49823,1.00,1.00
2016.09.15 10:22:44.019,8.49692,8.49827,1.00,1.00
2016.09.15 10:22:46.212,8.49695,8.49832,1.00,1.00
2016.09.15 10:22:46.549,8.49699,8.49836,1.00,1.00
2016.09.15 10:22:48.213,8.49693,8.49828,1.00,1.00
2016.09.15 10:22:49.011,8.49693,8.49828,1.00,1.00
2016.09.15 10:22:49.240,8.4969,8.49827,1.00,1.00
2016.09.15 10:22:50.516,8.49689,8.49825,1.00,1.00
2016.09.15 10:22:51.520,8.49686,8.49822,1.00,1.00
2016.09.15 10:22:51.696,8.4968,8.49817,1.00,1.00
2016.09.15 10:22:52.431,8.49679,8.49816,1.00,1.00
2016.09.15 10:22:52.519,8.49673,8.49807,1.00,1.00
2016.09.15 10:22:53.670,8.49663,8.49798,1.00,1.00
2016.09.15 10:22:53.918,8.49661,8.49798,1.00,1.00
2016.09.15 10:22:54.630,8.49666,8.49803,1.00,1.00
2016.09.15 10:22:54.939,8.49658,8.49795,1.00,1.00
2016.09.15 10:22:55.350,8.49665,8.49802,1.00,1.00
2016.09.15 10:22:55.656,8.49677,8.49814,1.00,1.00
2016.09.15 10:22:56.033,8.49668,8.49805,1.00,1.00
2016.09.15 10:22:56.577,8.49664,8.49801,1.00,1.00
2016.09.15 10:22:56.970,8.49684,8.49819,1.00,1.00
2016.09.15 10:22:57.072,8.49675,8.49812,1.00,1.00
2016.09.15 10:22:57.763,8.49684,8.49821,1.00,1.00
2016.09.15 10:22:59.379,8.4968,8.49817,1.00,1.00
2016.09.15 10:22:59.582,8.49685,8.49823,1.00,1.00
2016.09.15 10:22:59.840,8.49681,8.49817,1.00,1.00
2016.09.15 10:23:00.291,8.49671,8.49808,1.00,1.00
2016.09.15 10:23:00.341,8.49671,8.49808,1.00,1.00
2016.09.15 10:23:00.660,8.49676,8.49813,1.00,1.00
2016.09.15 10:23:00.985,8.49677,8.49818,1.00,1.00
2016.09.15 10:23:01.087,8.4967,8.49807,1.00,1.00
2016.09.15 10:23:02.750,8.49673,8.49807,1.00,1.00
2016.09.15 10:23:03.079,8.49661,8.49795,1.00,1.00
2016.09.15 10:23:03.445,8.49667,8.49801,1.00,1.00
2016.09.15 10:23:04.865,8.49663,8.49797,1.00,1.00
2016.09.15 10:23:05.445,8.49663,8.49797,1.00,1.00
2016.09.15 10:23:05.784,8.49668,8.49802,1.00,1.00
2016.09.15 10:23:06.271,8.49663,8.49797,1.00,1.00
2016.09.15 10:23:08.068,8.49667,8.49801,1.00,1.00
2016.09.15 10:23:09.517,8.49663,8.49797,1.00,1.00
2016.09.15 10:23:09.884,8.49667,8.49801,1.00,1.00
2016.09.15 10:23:11.170,8.49668,8.498,1.00,1.00
2016.09.15 10:23:11.272,8.49637,8.49783,1.37,1.00
2016.09.15 10:23:11.323,8.49637,8.49783,1.37,1.00
2016.09.15 10:23:11.373,8.49639,8.49774,1.00,1.00
2016.09.15 10:23:11.576,8.49639,8.49716,1.00,2.10
2016.09.15 10:23:11.627,8.49639,8.49716,1.00,2.10
2016.09.15 10:23:11.678,8.49575,8.49697,1.10,1.00
2016.09.15 10:23:11.729,8.49563,8.49697,1.00,1.00
2016.09.15 10:23:12.065,8.49563,8.49647,1.00,2.10
2016.09.15 10:23:12.116,8.49563,8.49647,1.00,2.10
2016.09.15 10:23:12.218,8.49525,8.49647,1.00,2.10
2016.09.15 10:23:12.421,8.49503,8.49621,1.00,1.00
2016.09.15 10:23:13.919,8.49503,8.49634,1.00,1.00
2016.09.15 10:23:14.287,8.49512,8.49646,1.00,1.00
2016.09.15 10:23:15.477,8.49507,8.49642,1.00,1.00
2016.09.15 10:23:16.807,8.49514,8.49648,1.00,1.00
2016.09.15 10:23:16.879,8.49525,8.49655,1.00,1.00
2016.09.15 10:23:17.032,8.49525,8.49659,1.00,1.00
2016.09.15 10:23:18.292,8.49521,8.49656,1.00,1.00
2016.09.15 10:23:19.406,8.49503,8.49637,1.00,1.00
2016.09.15 10:23:19.507,8.49491,8.49625,1.00,1.00
2016.09.15 10:23:20.284,8.49486,8.4962,1.00,1.00
2016.09.15 10:23:20.620,8.49489,8.49624,1.00,1.00
2016.09.15 10:23:22.419,8.49515,8.49649,1.00,1.00
2016.09.15 10:23:23.406,8.49523,8.49657,1.00,1.00
2016.09.15 10:23:23.711,8.4953,8.49664,1.00,1.00
2016.09.15 10:23:23.812,8.49513,8.49647,1.00,1.00
2016.09.15 10:23:24.691,8.49509,8.49643,1.00,1.00
2016.09.15 10:23:26.299,8.49513,8.49645,1.00,1.00
2016.09.15 10:23:26.400,8.49515,8.4965,1.00,1.00
2016.09.15 10:23:27.295,8.49523,8.49657,1.00,1.00
2016.09.15 10:23:29.598,8.49519,8.49653,1.00,1.00
2016.09.15 10:23:31.667,8.49519,8.49674,1.00,1.00
2016.09.15 10:23:31.859,8.49519,8.49674,1.00,1.00
2016.09.15 10:23:32.175,8.49528,8.49682,1.00,1.00
2016.09.15 10:23:33.304,8.49526,8.49681,1.00,1.00
2016.09.15 10:23:33.605,8.4953,8.49682,1.00,1.00
2016.09.15 10:23:34.324,8.49526,8.49681,1.00,1.00
2016.09.15 10:23:35.644,8.49524,8.49679,1.00,1.00
2016.09.15 10:23:36.509,8.49529,8.49682,1.00,1.00
2016.09.15 10:23:36.810,8.49525,8.4968,1.00,1.00
2016.09.15 10:23:41.317,8.49524,8.49679,1.00,1.00
2016.09.15 10:23:41.874,8.49524,8.49679,1.00,1.00
2016.09.15 10:23:42.374,8.49524,8.49679,1.00,1.00
2016.09.15 10:23:42.656,8.49528,8.49684,1.00,1.50
2016.09.15 10:23:42.920,8.49535,8.49684,1.00,1.00
2016.09.15 10:23:43.256,8.49532,8.49684,1.00,1.00
2016.09.15 10:23:45.369,8.49528,8.49684,1.00,1.50
2016.09.15 10:23:45.931,8.49525,8.4968,1.00,1.00
2016.09.15 10:23:46.058,8.49525,8.4968,1.00,1.00
2016.09.15 10:23:46.160,8.49525,8.4968,1.00,1.00
2016.09.15 10:23:46.399,8.49525,8.4968,1.00,1.00
2016.09.15 10:23:46.733,8.49528,8.49684,1.00,1.50
2016.09.15 10:23:47.882,8.49525,8.4968,1.00,1.00
2016.09.15 10:23:48.384,8.49525,8.4968,1.00,1.00
2016.09.15 10:23:48.705,8.49525,8.4968,1.00,1.00
2016.09.15 10:23:48.953,8.49524,8.4968,1.00,1.00
2016.09.15 10:23:49.275,8.49524,8.4968,1.00,1.00
2016.09.15 10:23:50.310,8.49524,8.4968,1.00,1.00
2016.09.15 10:23:50.411,8.49524,8.4968,1.00,1.00
2016.09.15 10:23:50.513,8.49524,8.4968,1.00,1.00
2016.09.15 10:23:51.293,8.49525,8.4968,1.00,1.00
2016.09.15 10:23:53.556,8.49507,8.49656,1.00,1.00
2016.09.15 10:23:53.658,8.49503,8.49668,1.00,1.00
2016.09.15 10:23:53.709,8.49503,8.49668,1.00,1.00
2016.09.15 10:23:54.075,8.49503,8.49668,1.00,1.00
2016.09.15 10:23:54.157,8.49516,8.49671,1.00,1.00
2016.09.15 10:23:54.675,8.49524,8.4968,1.00,1.00
2016.09.15 10:23:55.845,8.4952,8.49675,1.00,1.00
2016.09.15 10:23:56.323,8.49515,8.49666,1.00,1.00
2016.09.15 10:23:56.866,8.49514,8.49666,1.00,1.00
2016.09.15 10:23:57.706,8.4952,8.49666,1.00,1.00
2016.09.15 10:23:58.139,8.4952,8.49676,1.00,1.00
2016.09.15 10:24:01.683,8.49524,8.49679,1.00,1.00
2016.09.15 10:24:02.894,8.4954,8.49695,1.00,1.00
2016.09.15 10:24:03.100,8.49547,8.49698,1.00,1.00
2016.09.15 10:24:03.263,8.49547,8.49698,1.00,1.00
2016.09.15 10:24:03.678,8.4955,8.49698,1.00,1.00
2016.09.15 10:24:04.231,8.49548,8.49698,1.00,1.00
2016.09.15 10:24:05.181,8.49544,8.49697,1.00,1.00
2016.09.15 10:24:05.783,8.49529,8.49682,1.00,1.00
2016.09.15 10:24:06.359,8.49535,8.49687,1.00,1.00
2016.09.15 10:24:06.784,8.4953,8.49683,1.00,1.00
2016.09.15 10:24:07.815,8.49524,8.49698,1.00,1.00
2016.09.15 10:24:07.917,8.49541,8.49698,1.00,1.00
2016.09.15 10:24:08.535,8.49542,8.49695,1.00,1.00
2016.09.15 10:24:08.787,8.4956,8.49698,1.00,1.00
2016.09.15 10:24:09.194,8.49567,8.49698,1.00,1.00
2016.09.15 10:24:09.518,8.49548,8.49698,1.00,1.00
2016.09.15 10:24:09.620,8.49524,8.49676,1.00,1.00
2016.09.15 10:24:09.890,8.49537,8.4969,1.00,1.00
2016.09.15 10:24:10.520,8.49549,8.49698,1.00,1.00
2016.09.15 10:24:10.794,8.49561,8.49698,1.00,1.00
2016.09.15 10:24:11.495,8.49557,8.49698,1.00,1.00
2016.09.15 10:24:13.849,8.49557,8.49707,1.00,1.00
2016.09.15 10:24:14.001,8.49552,8.49705,1.00,1.00
2016.09.15 10:24:14.103,8.49544,8.49697,1.00,1.00
2016.09.15 10:24:14.484,8.49529,8.49682,1.00,1.00
2016.09.15 10:24:15.151,8.49535,8.49688,1.00,1.00
2016.09.15 10:24:15.607,8.49528,8.49681,1.37,1.00
2016.09.15 10:24:15.709,8.49528,8.49681,1.00,1.00
2016.09.15 10:24:16.103,8.49537,8.49688,1.00,1.00
2016.09.15 10:24:16.154,8.49541,8.49693,1.00,1.00
2016.09.15 10:24:16.366,8.49555,8.49707,1.00,1.50
2016.09.15 10:24:16.504,8.49544,8.49697,1.00,1.00
2016.09.15 10:24:17.390,8.4955,8.49703,1.00,1.00
2016.09.15 10:24:17.831,8.49556,8.49707,1.00,1.00
2016.09.15 10:24:17.933,8.49547,8.497,1.00,1.00
2016.09.15 10:24:18.958,8.4955,8.49703,1.00,1.00
2016.09.15 10:24:19.462,8.49541,8.49694,1.00,1.00
2016.09.15 10:24:20.010,8.49535,8.49688,1.00,1.00
2016.09.15 10:24:20.312,8.49541,8.49693,1.00,1.00
2016.09.15 10:24:21.117,8.49549,8.49701,1.00,1.00
2016.09.15 10:24:22.113,8.4954,8.49693,1.00,1.00
2016.09.15 10:24:22.334,8.49556,8.49707,1.00,1.50
2016.09.15 10:24:22.436,8.49559,8.49707,1.00,1.00
2016.09.15 10:24:22.918,8.4955,8.49701,1.00,1.00
2016.09.15 10:24:23.617,8.49546,8.49698,1.00,1.00
2016.09.15 10:24:23.930,8.49546,8.49698,1.00,1.00
2016.09.15 10:24:24.141,8.49555,8.49707,1.00,1.00
2016.09.15 10:24:24.667,8.4955,8.49703,1.00,1.00
2016.09.15 10:24:24.867,8.49541,8.49694,1.00,1.00
2016.09.15 10:24:24.918,8.49521,8.4967,1.37,1.00
2016.09.15 10:24:25.205,8.49517,8.4967,1.37,1.00
2016.09.15 10:24:25.316,8.49517,8.4967,1.00,1.00
2016.09.15 10:24:25.961,8.49517,8.49669,1.00,1.00
2016.09.15 10:24:26.621,8.4952,8.49673,1.00,1.00
2016.09.15 10:24:27.647,8.49517,8.4967,1.00,1.00
2016.09.15 10:24:28.052,8.49527,8.49679,1.00,1.50
2016.09.15 10:24:28.250,8.49527,8.49679,1.00,1.00
2016.09.15 10:24:28.334,8.49539,8.49692,1.00,1.00
2016.09.15 10:24:28.624,8.49531,8.49684,1.00,1.00
2016.09.15 10:24:28.972,8.49517,8.4967,1.00,1.00
2016.09.15 10:24:29.175,8.49512,8.4966,1.00,1.00
2016.09.15 10:24:29.432,8.49508,8.4966,1.00,1.00
2016.09.15 10:24:29.764,8.49516,8.49669,1.00,1.00
2016.09.15 10:24:31.669,8.49499,8.49652,1.00,1.00
2016.09.15 10:24:31.728,8.49494,8.49647,1.00,1.00
2016.09.15 10:24:32.377,8.49507,8.49659,1.00,1.00
2016.09.15 10:24:32.545,8.49517,8.4967,1.00,1.00
2016.09.15 10:24:33.080,8.49512,8.49665,1.00,1.00
2016.09.15 10:24:33.331,8.49509,8.49659,1.00,1.00
2016.09.15 10:24:33.431,8.49517,8.4967,1.00,1.00
2016.09.15 10:24:34.172,8.49522,8.49674,1.00,1.00
2016.09.15 10:24:34.333,8.49527,8.4968,1.00,1.00
2016.09.15 10:24:35.873,8.49532,8.49682,1.00,1.00
2016.09.15 10:24:36.145,8.49549,8.49682,1.00,1.00
2016.09.15 10:24:36.360,8.49549,8.49682,1.00,1.00
2016.09.15 10:24:36.512,8.49549,8.49701,1.00,1.00
2016.09.15 10:24:36.940,8.49555,8.49707,1.00,1.00
2016.09.15 10:24:39.063,8.49555,8.49707,1.00,1.00
2016.09.15 10:24:39.381,8.49547,8.497,1.00,1.00
2016.09.15 10:24:39.465,8.49547,8.497,1.00,1.00
2016.09.15 10:24:39.572,8.49547,8.497,1.00,1.00
2016.09.15 10:24:39.674,8.4954,8.49692,1.00,1.00
2016.09.15 10:24:40.046,8.4954,8.49692,1.00,1.00
2016.09.15 10:24:40.890,8.49534,8.49687,1.00,1.00
2016.09.15 10:24:40.969,8.49534,8.49687,1.00,1.00
2016.09.15 10:24:41.638,8.49534,8.49687,1.00,1.00
2016.09.15 10:24:41.970,8.49535,8.49688,1.00,1.00
2016.09.15 10:24:42.271,8.49535,8.49688,1.00,1.00
2016.09.15 10:24:42.578,8.49535,8.49688,1.00,1.00
2016.09.15 10:24:43.107,8.49536,8.49689,1.00,1.00
2016.09.15 10:24:43.354,8.49525,8.49678,1.00,1.00
2016.09.15 10:24:46.657,8.49515,8.49668,1.00,1.00
2016.09.15 10:24:50.765,8.49517,8.4967,1.00,1.00
2016.09.15 10:24:51.767,8.49521,8.49673,1.00,1.00
2016.09.15 10:24:52.402,8.49532,8.49684,1.00,1.00
2016.09.15 10:24:52.686,8.49525,8.49678,1.00,1.00
2016.09.15 10:24:53.104,8.49519,8.49672,1.00,1.00
2016.09.15 10:24:54.105,8.49528,8.49683,1.00,1.00
2016.09.15 10:24:54.206,8.49537,8.4969,1.00,1.00
2016.09.15 10:24:54.308,8.49546,8.4969,1.00,1.00
2016.09.15 10:24:54.359,8.49546,8.49701,1.00,1.00
2016.09.15 10:24:55.209,8.49558,8.49711,1.00,1.00
2016.09.15 10:24:55.709,8.49548,8.49703,1.00,1.00
2016.09.15 10:24:56.675,8.49549,8.49704,1.00,1.00
2016.09.15 10:24:57.513,8.49549,8.49704,1.00,1.00
2016.09.15 10:24:57.818,8.49559,8.49709,1.00,1.00
2016.09.15 10:24:57.928,8.49558,8.4971,1.00,1.00
2016.09.15 10:24:58.307,8.49558,8.4971,1.00,1.00
2016.09.15 10:24:58.901,8.49558,8.4971,1.00,1.00
2016.09.15 10:25:02.084,8.49545,8.49698,1.00,1.00
2016.09.15 10:25:02.214,8.49543,8.49695,1.00,1.00
2016.09.15 10:25:02.515,8.49532,8.49685,1.00,1.00
2016.09.15 10:25:03.186,8.49537,8.4969,1.00,1.00
2016.09.15 10:25:03.939,8.49531,8.49683,1.00,1.00
2016.09.15 10:25:04.889,8.4954,8.49693,1.00,1.00
2016.09.15 10:25:05.218,8.49531,8.49684,1.00,1.00
2016.09.15 10:25:06.190,8.4953,8.49683,1.00,1.00
2016.09.15 10:25:07.994,8.49525,8.49678,1.00,1.00
2016.09.15 10:25:08.872,8.4953,8.49683,1.00,1.00
2016.09.15 10:25:08.923,8.4953,8.49683,1.00,1.00
2016.09.15 10:25:09.440,8.49525,8.49677,1.00,1.00
2016.09.15 10:25:09.746,8.49538,8.49689,1.00,1.00
2016.09.15 10:25:09.910,8.49538,8.49689,1.00,1.00
2016.09.15 10:25:10.164,8.49538,8.49689,1.00,1.00
2016.09.15 10:25:10.367,8.49538,8.49689,1.00,1.00
2016.09.15 10:25:10.712,8.49546,8.49697,1.00,1.00
2016.09.15 10:25:10.924,8.49536,8.49689,1.00,1.00
2016.09.15 10:25:11.128,8.49547,8.497,1.00,1.00
2016.09.15 10:25:11.830,8.49537,8.49689,1.00,1.00
2016.09.15 10:25:14.704,8.49532,8.49683,1.00,1.00
2016.09.15 10:25:15.931,8.49539,8.49692,1.00,1.00
2016.09.15 10:25:16.032,8.49553,8.49706,1.00,1.00
2016.09.15 10:25:16.307,8.49571,8.49716,1.00,1.00
2016.09.15 10:25:16.478,8.49571,8.49724,1.00,1.00
2016.09.15 10:25:17.142,8.49551,8.49718,1.00,1.00
2016.09.15 10:25:17.193,8.49551,8.49715,1.00,1.00
2016.09.15 10:25:17.515,8.49549,8.49702,1.00,1.00
2016.09.15 10:25:17.633,8.4955,8.49715,1.00,1.00
2016.09.15 10:25:18.210,8.49551,8.49715,1.00,1.00
2016.09.15 10:25:18.411,8.49548,8.497,1.00,1.00
2016.09.15 10:25:18.610,8.49547,8.49715,1.00,1.00
2016.09.15 10:25:18.945,8.49547,8.49715,1.00,1.00
2016.09.15 10:25:19.124,8.49547,8.497,1.00,1.00
2016.09.15 10:25:19.512,8.49547,8.49715,1.00,1.00
2016.09.15 10:25:19.795,8.49547,8.49717,1.00,1.00
2016.09.15 10:25:19.846,8.49561,8.49733,1.00,1.00
2016.09.15 10:25:20.337,8.49562,8.49739,1.00,1.00
2016.09.15 10:25:20.445,8.49554,8.49725,1.00,1.00
2016.09.15 10:25:20.496,8.49554,8.49725,1.00,1.00
2016.09.15 10:25:20.805,8.49541,8.49712,1.00,1.00
2016.09.15 10:25:21.099,8.49541,8.49712,1.00,1.00
2016.09.15 10:25:21.434,8.49538,8.49691,1.00,1.00
2016.09.15 10:25:25.343,8.49545,8.49698,1.00,1.00
2016.09.15 10:25:25.675,8.49547,8.49699,1.00,1.00
2016.09.15 10:25:26.422,8.49544,8.49695,1.00,1.00
2016.09.15 10:25:26.522,8.49534,8.49687,1.00,1.00
2016.09.15 10:25:26.660,8.49534,8.49687,1.00,1.00
2016.09.15 10:25:26.762,8.49543,8.49715,1.00,1.00
2016.09.15 10:25:27.223,8.49544,8.49697,1.00,1.00
2016.09.15 10:25:27.550,8.49537,8.4969,1.00,1.00
2016.09.15 10:25:27.898,8.49532,8.49685,1.00,1.00
2016.09.15 10:25:28.726,8.49531,8.49684,1.00,1.00
2016.09.15 10:25:29.027,8.49535,8.49688,1.00,1.00
2016.09.15 10:25:31.538,8.49531,8.49713,1.00,1.00
2016.09.15 10:25:31.965,8.49528,8.4971,1.00,1.00
2016.09.15 10:25:32.431,8.49533,8.49715,1.00,1.50
2016.09.15 10:25:32.532,8.49529,8.49711,1.00,1.00
2016.09.15 10:25:33.301,8.49534,8.49714,1.00,1.00
2016.09.15 10:25:33.633,8.49537,8.49715,1.00,1.00
2016.09.15 10:25:34.144,8.49546,8.49715,1.00,1.00
2016.09.15 10:25:34.340,8.49546,8.49736,1.00,1.42
2016.09.15 10:25:34.407,8.49548,8.49713,1.00,1.00
2016.09.15 10:25:34.936,8.49554,8.49736,1.00,1.87
2016.09.15 10:25:35.129,8.49554,8.49736,1.00,1.22
2016.09.15 10:25:39.427,8.49558,8.4974,1.00,1.37
2016.09.15 10:25:39.580,8.49558,8.49744,1.00,1.37
2016.09.15 10:25:39.682,8.49586,8.49744,1.00,1.00
2016.09.15 10:25:39.733,8.49586,8.49753,1.00,1.00
2016.09.15 10:25:39.784,8.49586,8.49753,1.00,1.00
2016.09.15 10:25:39.886,8.49605,8.49757,1.00,1.00
2016.09.15 10:25:40.088,8.49605,8.49757,1.00,1.00
2016.09.15 10:25:40.190,8.49605,8.49757,1.00,1.00
2016.09.15 10:25:40.584,8.49605,8.49757,1.00,1.00
2016.09.15 10:25:40.740,8.49613,8.49765,1.00,1.00
2016.09.15 10:25:41.083,8.49619,8.49767,1.00,1.00
2016.09.15 10:25:41.134,8.49619,8.49767,1.00,1.00
2016.09.15 10:25:41.456,8.49628,8.49767,1.00,1.00
2016.09.15 10:25:41.946,8.49633,8.49767,1.00,1.00
2016.09.15 10:25:42.347,8.49637,8.49767,1.00,1.00
2016.09.15 10:25:42.849,8.49628,8.49767,1.00,1.00
2016.09.15 10:25:45.165,8.49628,8.4978,1.00,1.00
2016.09.15 10:25:46.116,8.49628,8.4978,1.00,1.00
2016.09.15 10:25:46.167,8.49614,8.49767,1.00,1.00
2016.09.15 10:25:48.056,8.49596,8.49743,1.00,1.00
2016.09.15 10:25:48.259,8.4958,8.49733,1.00,1.00
2016.09.15 10:25:48.690,8.49591,8.49743,1.00,1.00
2016.09.15 10:25:48.925,8.49603,8.49756,1.00,1.00
2016.09.15 10:25:48.976,8.49612,8.49765,1.00,1.37
2016.09.15 10:25:49.376,8.49624,8.49769,1.00,1.00
2016.09.15 10:25:49.478,8.49634,8.49769,1.00,1.00
2016.09.15 10:25:49.529,8.49634,8.49787,1.00,1.00
2016.09.15 10:25:50.086,8.49645,8.49795,1.00,1.00
2016.09.15 10:25:50.372,8.49637,8.49789,1.00,1.00
2016.09.15 10:25:51.397,8.4964,8.49791,1.00,1.00
2016.09.15 10:25:51.807,8.49631,8.49784,1.00,1.00
2016.09.15 10:25:51.964,8.49624,8.49784,1.00,1.00
2016.09.15 10:25:52.066,8.4962,8.49777,1.00,1.00
2016.09.15 10:25:52.168,8.4962,8.49771,1.00,1.00
2016.09.15 10:25:52.965,8.4962,8.49776,1.50,1.00
2016.09.15 10:25:53.069,8.4963,8.49785,1.00,1.00
2016.09.15 10:25:53.968,8.4962,8.49776,1.50,1.00
2016.09.15 10:25:55.247,8.49609,8.49764,1.00,1.00
2016.09.15 10:25:55.298,8.49602,8.49758,1.00,1.00
2016.09.15 10:25:56.180,8.49607,8.49762,1.00,1.00
2016.09.15 10:25:57.344,8.4961,8.49765,1.00,1.00
2016.09.15 10:25:57.875,8.49614,8.4977,1.00,1.00
2016.09.15 10:25:58.381,8.49624,8.49779,1.00,1.00
2016.09.15 10:25:58.615,8.49624,8.49779,1.00,1.00
2016.09.15 10:25:58.716,8.49615,8.4977,1.00,1.00
2016.09.15 10:25:58.919,8.49606,8.49761,1.00,1.00
2016.09.15 10:25:59.416,8.49615,8.4977,1.00,1.00
2016.09.15 10:26:01.082,8.49624,8.49779,1.00,1.00
2016.09.15 10:26:01.382,8.49634,8.4979,1.00,1.00
2016.09.15 10:26:01.723,8.49624,8.49779,1.00,1.00
2016.09.15 10:26:02.127,8.49635,8.4979,1.00,1.00
2016.09.15 10:26:02.689,8.49641,8.49795,1.00,1.50
2016.09.15 10:26:02.893,8.49635,8.4979,1.00,1.00
2016.09.15 10:26:03.307,8.49613,8.49782,1.00,1.00
2016.09.15 10:26:03.460,8.49613,8.49782,1.00,1.00
2016.09.15 10:26:03.887,8.49635,8.4979,1.00,1.00
2016.09.15 10:26:03.938,8.49635,8.4979,1.00,1.00
2016.09.15 10:26:04.325,8.49619,8.49774,1.00,1.00
2016.09.15 10:26:04.375,8.49619,8.49774,1.00,1.00
2016.09.15 10:26:04.526,8.49619,8.49774,1.00,1.00
2016.09.15 10:26:04.627,8.49619,8.49774,1.00,1.00
2016.09.15 10:26:04.729,8.49619,8.49774,1.00,1.00
2016.09.15 10:26:04.975,8.49619,8.49774,1.00,1.00
2016.09.15 10:26:05.291,8.49595,8.49767,1.00,1.00
2016.09.15 10:26:05.740,8.49575,8.49728,1.00,1.00
2016.09.15 10:26:05.791,8.49569,8.49728,1.00,1.00
2016.09.15 10:26:05.842,8.49569,8.49728,1.00,1.00
2016.09.15 10:26:05.893,8.49569,8.49723,1.00,1.00
2016.09.15 10:26:06.105,8.4958,8.49736,1.00,1.00
2016.09.15 10:26:06.694,8.4959,8.49745,1.00,1.00
2016.09.15 10:26:06.996,8.49585,8.49741,1.00,1.00
2016.09.15 10:26:07.098,8.49563,8.49739,1.00,1.00
2016.09.15 10:26:07.544,8.49579,8.49758,1.00,1.37
2016.09.15 10:26:07.901,8.49588,8.49766,1.00,1.37
2016.09.15 10:26:08.065,8.49592,8.49766,1.00,1.00
2016.09.15 10:26:08.454,8.49608,8.49764,1.00,1.00
2016.09.15 10:26:08.784,8.49599,8.49754,1.00,1.00
2016.09.15 10:26:10.037,8.49599,8.49754,1.00,1.00
2016.09.15 10:26:10.439,8.49604,8.4976,1.00,1.00
2016.09.15 10:26:10.605,8.49602,8.49757,1.00,1.00
2016.09.15 10:26:10.751,8.49615,8.49767,1.00,1.00
2016.09.15 10:26:11.145,8.496,8.49756,1.00,1.00
2016.09.15 10:26:11.609,8.49613,8.49767,1.00,1.00
2016.09.15 10:26:12.915,8.49612,8.49767,1.00,1.50
2016.09.15 10:26:13.269,8.49603,8.49756,1.00,1.00
2016.09.15 10:26:13.340,8.49596,8.49751,1.00,1.00
2016.09.15 10:26:14.023,8.49606,8.49761,1.00,1.00
2016.09.15 10:26:14.189,8.49612,8.49767,1.00,1.50
2016.09.15 10:26:14.240,8.4962,8.49767,1.00,1.00
2016.09.15 10:26:14.504,8.4962,8.49775,1.00,1.00
2016.09.15 10:26:14.820,8.49635,8.4979,1.00,1.37
2016.09.15 10:26:14.871,8.49635,8.4979,1.00,1.00
2016.09.15 10:26:15.221,8.49628,8.49783,1.00,1.00
2016.09.15 10:26:16.021,8.4963,8.49785,1.00,1.00
2016.09.15 10:26:16.656,8.49637,8.49791,1.00,1.00
2016.09.15 10:26:16.953,8.49619,8.49774,1.00,1.00
2016.09.15 10:26:17.054,8.49629,8.49784,1.00,1.00
2016.09.15 10:26:17.252,8.49629,8.49784,1.00,1.00
2016.09.15 10:26:17.517,8.49629,8.49784,1.00,1.00
2016.09.15 10:26:17.567,8.49629,8.49784,1.00,1.00
2016.09.15 10:26:17.864,8.49618,8.49774,1.00,1.00
2016.09.15 10:26:18.054,8.49618,8.49774,1.00,1.00
2016.09.15 10:26:18.497,8.4962,8.49773,1.00,1.00
2016.09.15 10:26:19.159,8.49627,8.49782,1.00,1.00
2016.09.15 10:26:20.110,8.49627,8.49782,1.00,1.00
2016.09.15 10:26:20.976,8.49628,8.49783,1.00,1.00
2016.09.15 10:26:22.564,8.49634,8.49789,1.00,1.00
2016.09.15 10:26:23.582,8.49619,8.49785,1.00,1.00
2016.09.15 10:26:25.679,8.49619,8.49794,1.00,1.37
2016.09.15 10:26:26.537,8.49644,8.49797,1.00,1.37
2016.09.15 10:26:26.588,8.49644,8.49797,1.00,1.00
2016.09.15 10:26:27.176,8.49644,8.49797,1.00,1.00
2016.09.15 10:26:27.329,8.49644,8.49797,1.00,1.37
2016.09.15 10:26:27.380,8.4962,8.49797,1.00,1.87
2016.09.15 10:26:27.980,8.4962,8.49792,1.00,1.12
2016.09.15 10:26:28.540,8.49642,8.49797,1.00,1.87
2016.09.15 10:26:28.591,8.49642,8.49797,1.00,1.50
2016.09.15 10:26:28.641,8.49651,8.49797,1.00,1.00
2016.09.15 10:26:28.881,8.49651,8.49797,1.00,1.00
2016.09.15 10:26:29.141,8.49641,8.49796,1.00,1.00
2016.09.15 10:26:29.312,8.49641,8.49796,1.00,1.37
2016.09.15 10:26:29.362,8.49621,8.49796,1.00,1.37
2016.09.15 10:26:30.043,8.49618,8.49782,1.00,1.00
2016.09.15 10:26:30.145,8.49618,8.49765,1.00,1.00
2016.09.15 10:26:30.196,8.49618,8.49765,1.00,1.37
2016.09.15 10:26:30.298,8.49618,8.49765,1.00,1.37
2016.09.15 10:26:30.349,8.49618,8.49771,1.00,1.37
2016.09.15 10:26:30.723,8.49618,8.49771,1.00,1.37
2016.09.15 10:26:30.824,8.49618,8.49771,1.00,1.37
2016.09.15 10:26:30.875,8.49618,8.49766,1.00,1.37
2016.09.15 10:26:30.926,8.49591,8.49766,1.00,1.37
2016.09.15 10:26:30.986,8.49591,8.49766,1.00,1.37
2016.09.15 10:26:31.087,8.49591,8.49766,1.00,1.37
2016.09.15 10:26:31.187,8.49591,8.49766,1.00,1.37
2016.09.15 10:26:31.390,8.49601,8.49756,1.00,1.00
2016.09.15 10:26:32.138,8.49601,8.49756,1.00,1.37
2016.09.15 10:26:32.888,8.49588,8.49742,1.00,1.00
2016.09.15 10:26:32.939,8.49588,8.49742,1.00,1.00
2016.09.15 10:26:33.109,8.49586,8.49742,1.00,1.00
2016.09.15 10:26:33.514,8.49586,8.49742,1.00,1.60
2016.09.15 10:26:33.666,8.49573,8.49748,1.00,1.60
2016.09.15 10:26:33.824,8.49573,8.49748,1.00,1.97
2016.09.15 10:26:34.398,8.49573,8.49748,1.00,1.97
2016.09.15 10:26:34.491,8.49573,8.49748,1.00,1.97
2016.09.15 10:26:34.791,8.49573,8.49748,1.00,1.97
2016.09.15 10:26:35.192,8.49573,8.49748,1.00,1.97
2016.09.15 10:26:35.992,8.49572,8.49747,1.00,1.97
2016.09.15 10:26:36.178,8.49572,8.49737,1.00,1.60
2016.09.15 10:26:39.357,8.49582,8.49737,1.00,1.60
2016.09.15 10:26:39.789,8.49582,8.49737,1.00,1.00
2016.09.15 10:26:40.357,8.49578,8.49737,1.00,1.00
2016.09.15 10:26:40.459,8.49574,8.49737,1.00,1.00
2016.09.15 10:26:40.790,8.49574,8.49737,1.00,1.00
2016.09.15 10:26:41.359,8.49579,8.49737,1.00,1.00
2016.09.15 10:26:42.065,8.49579,8.49737,1.75,1.00
2016.09.15 10:26:42.166,8.49597,8.49737,1.37,1.00
2016.09.15 10:26:42.319,8.49597,8.49737,1.37,1.00
2016.09.15 10:26:42.572,8.49616,8.49737,1.00,1.00
2016.09.15 10:26:42.724,8.49616,8.49737,1.00,1.00
2016.09.15 10:26:43.100,8.49597,8.49737,1.37,1.00
2016.09.15 10:26:44.136,8.49597,8.49737,1.37,1.00
2016.09.15 10:26:44.187,8.49589,8.49736,1.37,1.00
2016.09.15 10:26:44.339,8.49589,8.49736,1.00,1.00
2016.09.15 10:26:46.384,8.49597,8.4975,1.00,1.00
2016.09.15 10:26:46.435,8.49597,8.4975,1.00,1.00
2016.09.15 10:26:47.017,8.49597,8.4975,1.00,1.00
2016.09.15 10:26:47.467,8.496,8.49753,1.00,1.00
2016.09.15 10:26:48.679,8.49598,8.49761,1.00,1.60
2016.09.15 10:26:50.634,8.49598,8.49761,1.00,1.00
2016.09.15 10:26:50.685,8.49598,8.49766,1.00,1.35
2016.09.15 10:26:50.736,8.49623,8.49767,1.00,1.00
2016.09.15 10:26:50.787,8.49634,8.49767,1.00,1.00
2016.09.15 10:26:50.838,8.49634,8.49767,1.00,1.00
2016.09.15 10:26:54.684,8.49634,8.49767,1.00,1.00
2016.09.15 10:26:54.786,8.49623,8.49767,1.00,1.50
2016.09.15 10:26:54.837,8.49623,8.49767,1.00,1.50
2016.09.15 10:26:54.938,8.49621,8.49767,1.00,1.50
2016.09.15 10:26:55.781,8.49623,8.49767,1.00,1.50
2016.09.15 10:26:55.899,8.49623,8.49767,1.00,1.50
2016.09.15 10:26:55.950,8.49623,8.49767,1.00,1.50
2016.09.15 10:26:56.001,8.49625,8.49767,1.00,1.00
2016.09.15 10:26:56.984,8.49629,8.49767,1.00,1.00
2016.09.15 10:26:58.842,8.49629,8.49766,1.00,1.00
2016.09.15 10:26:59.091,8.49622,8.49767,1.00,1.00
2016.09.15 10:26:59.244,8.49622,8.49767,1.00,1.00
2016.09.15 10:26:59.295,8.49614,8.4976,1.00,1.00
2016.09.15 10:26:59.396,8.49605,8.4975,1.00,1.00
2016.09.15 10:26:59.587,8.49597,8.49744,1.00,1.00
2016.09.15 10:26:59.638,8.49597,8.49744,1.00,1.00
2016.09.15 10:27:00.390,8.49597,8.49743,1.00,1.00
2016.09.15 10:27:00.442,8.49597,8.49743,1.00,1.00
2016.09.15 10:27:01.873,8.49597,8.49743,1.37,1.00
2016.09.15 10:27:01.924,8.49609,8.49767,1.00,1.00
2016.09.15 10:27:03.945,8.49605,8.49767,1.00,1.00
2016.09.15 10:27:06.015,8.49604,8.49767,1.00,1.00
2016.09.15 10:27:06.303,8.4961,8.49767,1.00,1.00
2016.09.15 10:27:06.608,8.49612,8.49759,1.00,1.00
2016.09.15 10:27:06.955,8.49608,8.49755,1.00,1.00
2016.09.15 10:27:07.460,8.49608,8.49755,1.00,1.00
2016.09.15 10:27:07.511,8.49592,8.49734,1.00,1.00
2016.09.15 10:27:07.613,8.49587,8.49734,1.00,1.00
2016.09.15 10:27:07.772,8.49574,8.49721,1.00,1.00
2016.09.15 10:27:07.823,8.49578,8.49725,1.00,1.00
2016.09.15 10:27:08.729,8.4957,8.49717,1.00,1.00
2016.09.15 10:27:09.105,8.49561,8.49707,1.00,1.00
2016.09.15 10:27:09.720,8.49551,8.49698,1.00,1.00
2016.09.15 10:27:09.900,8.4954,8.49687,1.37,1.00
2016.09.15 10:27:11.455,8.49546,8.49693,1.00,1.00
2016.09.15 10:27:16.866,8.49546,8.4969,1.00,1.00
2016.09.15 10:27:17.318,8.49549,8.49694,1.00,1.00
2016.09.15 10:27:17.676,8.49549,8.49694,1.00,1.00
2016.09.15 10:27:17.828,8.49542,8.49686,1.12,1.00
2016.09.15 10:27:18.314,8.49548,8.49693,1.00,1.00
2016.09.15 10:27:18.821,8.49552,8.49696,1.00,1.00
2016.09.15 10:27:20.209,8.49552,8.49696,1.00,1.00
2016.09.15 10:27:20.260,8.49546,8.49691,1.00,1.00
2016.09.15 10:27:20.362,8.4955,8.49694,1.00,1.00
2016.09.15 10:27:20.901,8.4955,8.49694,1.00,1.00
2016.09.15 10:27:20.952,8.49544,8.49689,1.00,1.00
2016.09.15 10:27:21.003,8.49544,8.49689,1.00,1.00
2016.09.15 10:27:21.054,8.49537,8.49681,1.00,1.00
2016.09.15 10:27:21.156,8.49551,8.49695,1.00,1.00
2016.09.15 10:27:21.207,8.49551,8.49695,1.00,1.00
2016.09.15 10:27:22.071,8.49546,8.49691,1.00,1.00
2016.09.15 10:27:22.227,8.49541,8.49685,1.00,1.00
2016.09.15 10:27:22.511,8.49548,8.49693,1.00,1.00
2016.09.15 10:27:22.562,8.49548,8.49693,1.37,1.00
2016.09.15 10:27:22.663,8.49555,8.49711,1.37,1.00
2016.09.15 10:27:22.714,8.49555,8.49711,1.37,1.00
2016.09.15 10:27:22.887,8.49555,8.49711,1.37,1.00
2016.09.15 10:27:22.988,8.49555,8.49711,1.37,1.00
2016.09.15 10:27:23.665,8.49559,8.49711,1.37,1.00
2016.09.15 10:27:24.014,8.49559,8.49721,1.37,1.00
2016.09.15 10:27:24.167,8.49575,8.4972,1.00,1.00
2016.09.15 10:27:25.132,8.49579,8.49724,1.00,1.00
2016.09.15 10:27:25.800,8.49578,8.49723,1.00,1.00
2016.09.15 10:27:26.441,8.49586,8.49727,1.00,1.00
2016.09.15 10:27:26.791,8.49607,8.49727,1.00,1.00
2016.09.15 10:27:26.842,8.49607,8.49727,1.00,1.00
2016.09.15 10:27:26.894,8.49607,8.49737,1.00,2.17
2016.09.15 10:27:26.995,8.49607,8.49737,1.00,1.95
2016.09.15 10:27:27.046,8.49616,8.49737,1.00,1.95
2016.09.15 10:27:27.097,8.49616,8.49727,1.00,1.00
2016.09.15 10:27:27.593,8.4961,8.49727,1.00,1.00
2016.09.15 10:27:27.644,8.4961,8.49754,1.00,1.00
2016.09.15 10:27:28.037,8.49614,8.49758,1.00,1.00
2016.09.15 10:27:28.139,8.49608,8.49756,1.00,1.00
2016.09.15 10:27:28.340,8.49608,8.49756,1.37,1.00
2016.09.15 10:27:28.392,8.49636,8.49776,1.00,1.00
2016.09.15 10:27:28.442,8.49636,8.49777,1.00,1.00
2016.09.15 10:27:28.500,8.49636,8.49777,1.00,1.00
2016.09.15 10:27:31.376,8.49641,8.49789,1.00,1.00
2016.09.15 10:27:31.608,8.49635,8.49783,1.00,1.00
2016.09.15 10:27:31.710,8.49635,8.49783,1.00,1.00
2016.09.15 10:27:32.445,8.49636,8.49784,1.00,1.00
2016.09.15 10:27:34.017,8.49636,8.4978,1.00,1.00
2016.09.15 10:27:34.151,8.49663,8.49808,1.00,1.00
2016.09.15 10:27:34.407,8.49663,8.49808,1.00,1.00
2016.09.15 10:27:34.831,8.49663,8.49808,1.00,1.00
2016.09.15 10:27:34.882,8.49645,8.49789,1.00,1.00
2016.09.15 10:27:34.933,8.49645,8.49789,1.00,1.00
2016.09.15 10:27:35.136,8.49645,8.49789,1.00,1.00
2016.09.15 10:27:35.187,8.49653,8.49797,1.00,1.00
2016.09.15 10:27:35.238,8.49653,8.49797,1.00,1.00
2016.09.15 10:27:35.498,8.49668,8.49812,1.00,1.00
2016.09.15 10:27:36.353,8.4967,8.49814,1.00,1.00
2016.09.15 10:27:36.868,8.49657,8.49817,1.00,1.00
2016.09.15 10:27:36.919,8.49657,8.49817,1.00,1.00
2016.09.15 10:27:37.529,8.49689,8.49827,1.37,1.00
2016.09.15 10:27:37.580,8.49705,8.49827,1.00,1.00
2016.09.15 10:27:37.630,8.49705,8.49827,1.00,1.00
2016.09.15 10:27:37.681,8.49705,8.49862,1.00,1.00
2016.09.15 10:27:37.784,8.49705,8.49868,1.00,1.00
2016.09.15 10:27:38.484,8.49702,8.49868,1.00,1.00
2016.09.15 10:27:38.585,8.49695,8.49861,1.37,1.00
2016.09.15 10:27:38.721,8.49695,8.49861,1.37,1.00
2016.09.15 10:27:39.126,8.49695,8.49861,1.00,1.00
2016.09.15 10:27:40.171,8.4968,8.49839,1.37,1.00
2016.09.15 10:27:40.222,8.4968,8.49839,1.00,1.00
2016.09.15 10:27:40.273,8.4968,8.49832,1.00,1.00
2016.09.15 10:27:40.374,8.49668,8.49832,1.00,1.00
2016.09.15 10:27:41.212,8.49675,8.49841,1.00,1.00
2016.09.15 10:27:41.992,8.49679,8.49845,1.00,1.00
2016.09.15 10:27:42.467,8.49668,8.49834,1.00,1.00
2016.09.15 10:27:43.466,8.49669,8.49832,1.00,1.00
2016.09.15 10:27:44.971,8.49665,8.49828,1.37,1.00
2016.09.15 10:27:45.280,8.4966,8.49823,1.00,1.00
2016.09.15 10:27:45.382,8.4965,8.49813,1.37,1.00
2016.09.15 10:27:45.690,8.49641,8.49805,1.37,1.00
2016.09.15 10:27:45.997,8.49633,8.49794,1.37,1.00
2016.09.15 10:27:46.271,8.49624,8.49788,1.75,1.00
2016.09.15 10:27:46.473,8.49633,8.49796,1.37,1.00
2016.09.15 10:27:47.372,8.49634,8.49797,1.37,1.00
2016.09.15 10:27:48.884,8.49636,8.49806,1.37,1.00
2016.09.15 10:27:48.986,8.49633,8.49791,1.37,1.00
2016.09.15 10:27:49.088,8.49633,8.49791,1.37,1.00
2016.09.15 10:27:49.338,8.49603,8.49761,1.75,1.00
2016.09.15 10:27:49.388,8.49603,8.49761,1.75,1.00
2016.09.15 10:27:49.946,8.49602,8.49761,1.75,1.00
2016.09.15 10:27:49.997,8.49611,8.4977,1.75,1.00
2016.09.15 10:27:50.098,8.49611,8.4977,1.37,1.00
2016.09.15 10:27:50.296,8.49615,8.49773,1.12,1.00
2016.09.15 10:27:50.501,8.49627,8.49779,1.00,1.00
2016.09.15 10:27:51.409,8.49626,8.49779,1.00,1.00
2016.09.15 10:27:51.790,8.49631,8.49775,1.00,1.00
2016.09.15 10:27:53.230,8.49632,8.49775,1.37,1.00
2016.09.15 10:27:53.796,8.49621,8.49779,1.37,1.00
2016.09.15 10:27:53.904,8.49597,8.49759,1.75,1.00
2016.09.15 10:27:54.007,8.49585,8.49747,1.75,1.00
2016.09.15 10:27:54.160,8.49574,8.49736,1.75,1.00
2016.09.15 10:27:54.263,8.49574,8.49736,1.75,1.00
2016.09.15 10:27:54.314,8.49585,8.4973,1.37,1.00
2016.09.15 10:27:55.809,8.49584,8.49729,1.00,1.00
2016.09.15 10:27:55.911,8.49576,8.4972,1.12,1.00
2016.09.15 10:27:56.920,8.49574,8.49718,1.37,1.00
2016.09.15 10:27:57.312,8.49585,8.4973,1.00,1.00
2016.09.15 10:27:57.641,8.49594,8.49738,1.00,1.00
2016.09.15 10:27:57.915,8.49594,8.49738,1.75,1.00
2016.09.15 10:27:58.320,8.49588,8.49741,1.75,1.00
2016.09.15 10:27:58.539,8.49606,8.49741,1.37,1.00
2016.09.15 10:27:58.591,8.49606,8.49741,1.37,1.00
2016.09.15 10:27:58.693,8.49606,8.49762,1.37,1.00
2016.09.15 10:27:59.381,8.49606,8.49762,1.37,1.00
2016.09.15 10:27:59.432,8.4959,8.49746,1.75,1.00
2016.09.15 10:27:59.483,8.4959,8.49746,1.75,1.00
2016.09.15 10:27:59.534,8.4958,8.49736,1.37,1.00
2016.09.15 10:27:59.585,8.4958,8.49736,1.37,1.00
2016.09.15 10:28:00.016,8.4958,8.49736,1.75,1.00
2016.09.15 10:28:00.068,8.4959,8.49742,1.75,1.00
2016.09.15 10:28:00.119,8.4959,8.49742,1.75,1.00
2016.09.15 10:28:00.278,8.4959,8.49742,1.75,1.00
2016.09.15 10:28:00.590,8.4959,8.49742,1.75,1.00
2016.09.15 10:28:00.641,8.49607,8.49742,1.37,1.00
2016.09.15 10:28:00.836,8.49614,8.49742,1.12,1.00
2016.09.15 10:28:00.938,8.49604,8.49742,1.37,1.00
2016.09.15 10:28:01.090,8.49604,8.49742,1.37,1.00
2016.09.15 10:28:01.197,8.49604,8.4976,1.37,1.00
2016.09.15 10:28:03.319,8.49604,8.4976,1.37,1.00
2016.09.15 10:28:03.986,8.496,8.49757,1.37,1.00
2016.09.15 10:28:04.037,8.49585,8.49744,1.75,1.00
2016.09.15 10:28:04.139,8.49565,8.49724,1.37,1.00
2016.09.15 10:28:05.148,8.49566,8.49724,1.37,1.00
2016.09.15 10:28:07.816,8.49568,8.49727,1.37,1.00
2016.09.15 10:28:07.999,8.49578,8.49731,1.75,1.00
2016.09.15 10:28:09.020,8.49576,8.49731,1.75,1.00
2016.09.15 10:28:11.956,8.49578,8.49731,1.75,1.00
2016.09.15 10:28:12.516,8.4958,8.49731,1.75,1.00
2016.09.15 10:28:12.616,8.49571,8.4973,1.75,1.00
2016.09.15 10:28:13.217,8.49581,8.49731,1.75,1.00
2016.09.15 10:28:16.424,8.49577,8.49731,1.75,1.00
2016.09.15 10:28:18.452,8.49573,8.49727,1.75,1.00
2016.09.15 10:28:18.916,8.49582,8.49731,1.75,1.00
2016.09.15 10:28:19.018,8.49583,8.49727,1.75,1.00
2016.09.15 10:28:19.103,8.49583,8.49727,1.75,1.00
2016.09.15 10:28:19.332,8.49595,8.49731,1.37,1.00
2016.09.15 10:28:19.434,8.49608,8.49731,1.00,1.00
2016.09.15 10:28:19.536,8.49608,8.4975,1.00,1.00
2016.09.15 10:28:19.780,8.49608,8.4975,1.00,1.00
2016.09.15 10:28:20.367,8.49608,8.4975,1.37,1.00
2016.09.15 10:28:20.469,8.49604,8.49748,1.37,1.00
2016.09.15 10:28:20.658,8.49586,8.4973,1.75,1.00
2016.09.15 10:28:20.869,8.49578,8.49722,1.37,1.00
2016.09.15 10:28:20.921,8.49578,8.49722,1.37,1.00
2016.09.15 10:28:21.208,8.49578,8.49722,1.37,1.00
2016.09.15 10:28:21.360,8.49592,8.49727,1.00,1.00
2016.09.15 10:28:21.730,8.49592,8.49727,1.75,1.00
2016.09.15 10:28:21.846,8.49596,8.49727,1.75,1.00
2016.09.15 10:28:22.237,8.496,8.49727,1.50,1.00
2016.09.15 10:28:23.239,8.49597,8.49727,1.75,1.00
2016.09.15 10:28:24.464,8.49596,8.49727,1.75,1.00
2016.09.15 10:28:24.573,8.49599,8.49727,1.00,1.00
2016.09.15 10:28:24.624,8.49599,8.49743,1.00,1.00
2016.09.15 10:28:24.901,8.49599,8.49743,1.00,1.00
2016.09.15 10:28:25.343,8.49599,8.49743,1.00,1.00
2016.09.15 10:28:25.967,8.49599,8.49743,1.00,1.00
2016.09.15 10:28:26.117,8.49599,8.49743,1.00,1.00
2016.09.15 10:28:26.555,8.49599,8.49743,1.00,1.00
2016.09.15 10:28:26.956,8.49597,8.49741,1.12,1.00
2016.09.15 10:28:27.620,8.49597,8.49741,1.12,1.00
2016.09.15 10:28:28.273,8.49592,8.49745,1.37,1.00
2016.09.15 10:28:33.431,8.49592,8.49745,1.37,1.00
2016.09.15 10:28:33.482,8.49596,8.49751,1.37,1.00
2016.09.15 10:28:33.584,8.49602,8.49756,1.37,1.00
2016.09.15 10:28:33.685,8.49612,8.49756,1.37,1.00
2016.09.15 10:28:33.788,8.49605,8.49756,1.37,1.00
2016.09.15 10:28:34.129,8.49607,8.49752,1.37,1.00
2016.09.15 10:28:34.968,8.49606,8.49751,1.37,1.00
2016.09.15 10:28:35.361,8.49602,8.49747,1.37,1.00
2016.09.15 10:28:35.728,8.49608,8.49752,1.37,1.00
2016.09.15 10:28:38.090,8.49602,8.49747,1.37,1.00
2016.09.15 10:28:38.620,8.49602,8.49747,1.37,1.00
2016.09.15 10:28:38.677,8.49608,8.49752,1.37,1.00
2016.09.15 10:28:39.278,8.49602,8.49747,1.37,1.00
2016.09.15 10:28:39.386,8.49602,8.49747,1.37,1.00
2016.09.15 10:28:40.583,8.4961,8.49752,1.37,1.00
2016.09.15 10:28:42.004,8.4961,8.49754,1.37,1.00
2016.09.15 10:28:42.383,8.49603,8.49748,1.37,1.00
2016.09.15 10:28:42.898,8.49596,8.4974,1.75,1.00
2016.09.15 10:28:43.899,8.49593,8.49737,1.37,1.00
2016.09.15 10:28:44.102,8.49597,8.49741,1.12,1.00
2016.09.15 10:28:44.887,8.49602,8.49746,1.00,1.00
2016.09.15 10:28:45.698,8.49602,8.49746,1.37,1.00
2016.09.15 10:28:48.994,8.496,8.49745,1.37,1.00
2016.09.15 10:28:49.494,8.49605,8.4975,1.37,1.00
2016.09.15 10:28:50.015,8.49602,8.49752,1.37,1.00
2016.09.15 10:28:50.066,8.49602,8.49752,1.37,1.00
2016.09.15 10:28:50.253,8.49623,8.49756,1.75,1.00
2016.09.15 10:28:51.280,8.49623,8.49765,1.75,1.00
2016.09.15 10:28:51.331,8.49621,8.49766,1.75,1.00
2016.09.15 10:28:53.507,8.49616,8.49758,1.75,1.00
2016.09.15 10:28:53.688,8.49611,8.49755,1.75,1.00
2016.09.15 10:28:53.790,8.49611,8.49755,1.75,1.00
2016.09.15 10:28:54.009,8.49621,8.49766,1.37,1.00
2016.09.15 10:28:58.316,8.49623,8.49767,1.37,1.00
2016.09.15 10:28:59.017,8.49626,8.49771,1.37,1.00
2016.09.15 10:28:59.464,8.49623,8.49767,1.37,1.00
2016.09.15 10:28:59.515,8.49623,8.49767,1.37,1.00
2016.09.15 10:28:59.566,8.49635,8.49779,1.12,1.00
2016.09.15 10:28:59.667,8.49642,8.49783,1.00,1.00
2016.09.15 10:28:59.736,8.49642,8.49783,1.00,1.00
2016.09.15 10:29:00.527,8.49647,8.49783,1.00,1.00
2016.09.15 10:29:01.082,8.49647,8.49783,1.37,1.00
2016.09.15 10:29:02.624,8.49651,8.49783,1.00,1.00
2016.09.15 10:29:02.724,8.49642,8.49783,1.37,1.00
2016.09.15 10:29:03.668,8.49646,8.49783,1.37,1.00
2016.09.15 10:29:04.812,8.49638,8.49782,1.75,1.00
2016.09.15 10:29:05.240,8.49646,8.49783,1.37,1.00
2016.09.15 10:29:05.393,8.49646,8.49791,1.37,1.00
2016.09.15 10:29:05.444,8.49657,8.49801,1.37,1.00
2016.09.15 10:29:05.670,8.4967,8.49807,1.00,1.00
2016.09.15 10:29:06.244,8.49678,8.49807,1.00,1.00
2016.09.15 10:29:06.295,8.49678,8.49807,1.37,1.00
2016.09.15 10:29:06.446,8.49672,8.49807,1.75,1.00
2016.09.15 10:29:06.980,8.49661,8.49805,1.75,1.00
2016.09.15 10:29:07.031,8.49645,8.4979,1.75,1.00
2016.09.15 10:29:07.231,8.49654,8.49798,1.75,1.00
2016.09.15 10:29:08.078,8.49658,8.49802,1.75,1.00
2016.09.15 10:29:08.128,8.49658,8.49802,1.37,1.00
2016.09.15 10:29:11.434,8.49658,8.49802,1.37,1.00
2016.09.15 10:29:11.536,8.49658,8.49802,1.37,1.00
2016.09.15 10:29:11.589,8.49653,8.49797,1.75,1.00
2016.09.15 10:29:11.674,8.49645,8.4979,1.75,1.00
2016.09.15 10:29:11.725,8.49645,8.4979,1.75,1.00
2016.09.15 10:29:11.878,8.49657,8.49802,1.50,1.00
2016.09.15 10:29:13.374,8.49658,8.49802,1.37,1.00
2016.09.15 10:29:13.741,8.49661,8.49806,1.37,1.50
2016.09.15 10:29:13.792,8.49661,8.49806,1.00,1.50
2016.09.15 10:29:13.843,8.49656,8.498,1.00,1.00
2016.09.15 10:29:13.946,8.4965,8.49792,1.37,1.00
2016.09.15 10:29:14.220,8.49659,8.49803,1.00,1.00
2016.09.15 10:29:14.943,8.49655,8.49799,1.12,1.00
2016.09.15 10:29:15.286,8.49655,8.49799,1.37,1.00
2016.09.15 10:29:17.668,8.49603,8.49748,1.00,1.00
2016.09.15 10:29:17.719,8.49603,8.49748,1.00,1.00
2016.09.15 10:29:17.770,8.49585,8.49719,1.37,1.00
2016.09.15 10:29:17.821,8.49582,8.49714,1.00,1.00
2016.09.15 10:29:17.872,8.49543,8.49688,1.00,1.00
2016.09.15 10:29:17.922,8.49543,8.49688,1.00,1.00
2016.09.15 10:29:17.975,8.49516,8.4966,1.75,1.00
2016.09.15 10:29:18.027,8.49516,8.4966,1.75,1.00
2016.09.15 10:29:18.331,8.49516,8.4966,1.00,1.00
2016.09.15 10:29:18.676,8.49487,8.49631,1.37,1.00
2016.09.15 10:29:18.727,8.49487,8.49631,1.37,1.00
2016.09.15 10:29:19.095,8.49487,8.49631,1.00,1.00
2016.09.15 10:29:19.570,8.49483,8.49628,1.00,1.00
2016.09.15 10:29:19.932,8.49479,8.49623,1.00,1.00
2016.09.15 10:29:20.050,8.49485,8.4963,1.00,1.00
2016.09.15 10:29:20.365,8.49485,8.4963,1.00,1.00
2016.09.15 10:29:20.773,8.49496,8.4964,1.00,1.00
2016.09.15 10:29:20.824,8.49496,8.4964,1.00,1.00
2016.09.15 10:29:21.264,8.49496,8.4964,1.00,1.00
2016.09.15 10:29:21.365,8.49496,8.4964,1.00,1.00
2016.09.15 10:29:21.424,8.49496,8.4964,1.00,1.00
2016.09.15 10:29:21.525,8.49496,8.4964,1.00,1.00
2016.09.15 10:29:22.346,8.49496,8.4964,1.00,1.00
2016.09.15 10:29:22.649,8.49496,8.4964,1.00,1.00
2016.09.15 10:29:22.752,8.49496,8.4964,1.00,1.00
2016.09.15 10:29:22.901,8.49521,8.49664,1.00,1.00
2016.09.15 10:29:22.952,8.49521,8.49666,1.00,1.00
2016.09.15 10:29:23.902,8.49512,8.49656,1.00,1.00
2016.09.15 10:29:24.003,8.49508,8.49653,1.00,1.00
2016.09.15 10:29:24.156,8.49496,8.4964,1.00,1.00
2016.09.15 10:29:24.258,8.49489,8.49634,1.00,1.00
2016.09.15 10:29:24.461,8.49498,8.49642,1.00,1.00
2016.09.15 10:29:24.562,8.49508,8.49653,1.00,1.00
2016.09.15 10:29:25.457,8.49512,8.49656,1.00,1.00
2016.09.15 10:29:26.459,8.49511,8.49655,1.00,1.00
2016.09.15 10:29:27.098,8.4952,8.49665,1.00,1.00
2016.09.15 10:29:28.062,8.49528,8.49672,1.00,1.00
2016.09.15 10:29:28.309,8.49528,8.49672,1.00,1.00
2016.09.15 10:29:28.368,8.49522,8.49667,1.00,1.00
2016.09.15 10:29:28.665,8.49509,8.49653,1.00,1.00
2016.09.15 10:29:28.766,8.49499,8.49644,1.00,1.00
2016.09.15 10:29:28.868,8.49517,8.49661,1.00,1.00
2016.09.15 10:29:29.293,8.49524,8.49668,1.00,1.00
2016.09.15 10:29:29.893,8.4952,8.49664,1.00,1.00
2016.09.15 10:29:30.154,8.49513,8.49658,1.00,1.00
2016.09.15 10:29:30.408,8.4951,8.49654,1.00,1.00
2016.09.15 10:29:30.459,8.4951,8.49654,1.00,1.00
2016.09.15 10:29:30.812,8.49519,8.49663,1.00,1.00
2016.09.15 10:29:31.196,8.49528,8.49672,1.00,1.00
2016.09.15 10:29:32.019,8.49521,8.49663,1.00,1.00
2016.09.15 10:29:32.270,8.49524,8.49668,1.00,1.00
2016.09.15 10:29:32.543,8.49528,8.49683,1.00,1.00
2016.09.15 10:29:32.594,8.49555,8.49699,1.00,1.60
2016.09.15 10:29:32.696,8.49555,8.49699,1.00,1.60
2016.09.15 10:29:32.870,8.49555,8.49699,1.00,1.60
2016.09.15 10:29:33.002,8.49563,8.49707,1.00,1.60
2016.09.15 10:29:33.477,8.49551,8.49696,1.00,1.00
2016.09.15 10:29:33.579,8.49545,8.49689,1.00,1.00
2016.09.15 10:29:34.579,8.49539,8.49681,1.00,1.00
2016.09.15 10:29:34.681,8.49531,8.49675,1.00,1.00
2016.09.15 10:29:36.382,8.49532,8.49677,1.00,1.00
2016.09.15 10:29:36.484,8.49494,8.49626,1.37,1.00
2016.09.15 10:29:36.536,8.49493,8.49626,1.00,1.00
2016.09.15 10:29:36.587,8.49481,8.49626,1.00,1.00
2016.09.15 10:29:37.480,8.49485,8.49629,1.00,1.00
2016.09.15 10:29:37.880,8.4948,8.49624,1.00,1.00
2016.09.15 10:29:38.214,8.49488,8.49633,1.00,1.00
2016.09.15 10:29:39.013,8.4948,8.49623,1.00,1.00
2016.09.15 10:29:39.064,8.4948,8.49623,1.00,1.00
2016.09.15 10:29:39.214,8.4948,8.49624,1.00,1.00
2016.09.15 10:29:39.265,8.4948,8.49624,1.00,1.00
2016.09.15 10:29:39.509,8.49488,8.49632,1.00,1.00
2016.09.15 10:29:39.882,8.49488,8.49632,1.00,1.00
2016.09.15 10:29:39.984,8.49494,8.49638,1.00,1.00
2016.09.15 10:29:40.484,8.49489,8.49633,1.00,1.00
2016.09.15 10:29:40.988,8.49494,8.49638,1.00,1.00
2016.09.15 10:29:41.368,8.49494,8.49638,1.00,1.00
2016.09.15 10:29:42.092,8.49495,8.4964,1.00,1.00
2016.09.15 10:29:43.394,8.49492,8.49636,1.00,1.00
2016.09.15 10:29:44.575,8.49492,8.49636,1.00,1.00
2016.09.15 10:29:44.817,8.49491,8.49642,1.00,1.00
2016.09.15 10:29:44.976,8.49491,8.49642,1.00,1.00
2016.09.15 10:29:45.027,8.49493,8.49638,1.00,1.00
2016.09.15 10:29:45.501,8.49483,8.49627,1.00,1.00
2016.09.15 10:29:45.804,8.49488,8.49633,1.00,1.00
2016.09.15 10:29:46.218,8.49488,8.49633,1.00,1.00
2016.09.15 10:29:46.863,8.49489,8.49634,1.00,1.00
2016.09.15 10:29:47.034,8.49499,8.49643,1.00,1.00
2016.09.15 10:29:47.602,8.49491,8.49635,1.00,1.00
2016.09.15 10:29:48.440,8.4948,8.49625,1.00,1.00
2016.09.15 10:29:48.607,8.4949,8.49634,1.00,1.00
2016.09.15 10:29:48.707,8.4948,8.49625,1.00,1.00
2016.09.15 10:29:48.935,8.49492,8.49636,1.00,1.00
2016.09.15 10:29:49.760,8.49496,8.4964,1.00,1.00
2016.09.15 10:29:50.466,8.49495,8.49639,1.00,1.00
2016.09.15 10:29:51.548,8.49493,8.49638,1.00,1.00
2016.09.15 10:29:51.650,8.49483,8.49627,1.00,1.00
2016.09.15 10:29:51.815,8.49497,8.49639,1.00,1.00
2016.09.15 10:29:51.917,8.49497,8.49639,1.00,1.00
2016.09.15 10:29:52.643,8.49492,8.49648,1.00,1.50
2016.09.15 10:29:52.745,8.49492,8.49648,1.00,1.50
2016.09.15 10:29:53.335,8.49481,8.49637,1.00,1.00
2016.09.15 10:29:53.518,8.49481,8.49629,1.00,1.00
2016.09.15 10:29:53.618,8.4949,8.49639,1.00,1.00
2016.09.15 10:29:55.867,8.49484,8.49628,1.00,1.00
2016.09.15 10:29:55.969,8.49479,8.49623,1.00,1.00
2016.09.15 10:29:56.223,8.49479,8.49623,1.00,1.00
2016.09.15 10:29:56.515,8.49479,8.49623,1.00,1.00
2016.09.15 10:29:56.566,8.49473,8.49618,1.00,1.00
2016.09.15 10:29:56.718,8.49473,8.49618,1.00,1.00
2016.09.15 10:29:56.769,8.4948,8.49625,1.00,1.00
2016.09.15 10:29:57.071,8.49489,8.49634,1.00,1.00
2016.09.15 10:29:57.906,8.49489,8.49634,1.00,1.00
2016.09.15 10:29:58.414,8.49489,8.49634,1.00,1.00
2016.09.15 10:29:58.465,8.49492,8.49637,1.00,1.00
2016.09.15 10:29:58.516,8.49492,8.49637,1.00,1.00
2016.09.15 10:29:58.617,8.49492,8.49637,1.00,1.00
2016.09.15 10:29:59.423,8.49492,8.49637,1.00,1.00
2016.09.15 10:29:59.474,8.49483,8.49628,1.00,1.00
2016.09.15 10:29:59.677,8.49466,8.4961,1.00,1.00
2016.09.15 10:30:00.106,8.4948,8.49624,1.00,1.00
2016.09.15 10:30:00.312,8.4948,8.49624,1.00,1.00
2016.09.15 10:30:00.579,8.49474,8.49618,1.00,1.00
2016.09.15 10:30:00.960,8.49479,8.49623,1.00,1.00
2016.09.15 10:30:01.333,8.49479,8.49623,1.00,1.00
2016.09.15 10:30:01.435,8.49479,8.49623,1.00,1.00
2016.09.15 10:30:01.618,8.49479,8.49623,1.00,1.00
2016.09.15 10:30:01.722,8.49479,8.49623,1.00,1.00
2016.09.15 10:30:02.570,8.49469,8.49614,1.00,1.00
2016.09.15 10:30:02.672,8.49488,8.49627,1.00,1.00
2016.09.15 10:30:02.723,8.49488,8.49627,1.00,1.00
2016.09.15 10:30:02.920,8.49483,8.49627,1.00,1.50
2016.09.15 10:30:02.971,8.49483,8.49627,1.00,1.50
2016.09.15 10:30:03.289,8.49473,8.49618,1.00,1.00
2016.09.15 10:30:03.547,8.49483,8.49627,1.00,1.50
2016.09.15 10:30:04.022,8.49483,8.49627,1.00,1.50
2016.09.15 10:30:04.674,8.49481,8.49625,1.00,1.00
2016.09.15 10:30:05.043,8.49478,8.49623,1.00,1.00
2016.09.15 10:30:05.125,8.49478,8.49623,1.00,1.00
2016.09.15 10:30:05.176,8.49474,8.49617,1.00,1.00
2016.09.15 10:30:05.227,8.49474,8.49617,1.00,1.00
2016.09.15 10:30:05.278,8.49486,8.49627,1.00,1.00
2016.09.15 10:30:05.543,8.49475,8.4962,1.00,1.00
2016.09.15 10:30:06.144,8.49469,8.49613,1.00,1.00
2016.09.15 10:30:06.482,8.49472,8.49622,1.37,1.00
2016.09.15 10:30:06.533,8.49472,8.49622,1.37,1.00
2016.09.15 10:30:06.685,8.49496,8.4964,1.00,1.00
2016.09.15 10:30:06.736,8.49496,8.4964,1.00,1.00
2016.09.15 10:30:06.889,8.49512,8.49654,1.00,1.00
2016.09.15 10:30:07.687,8.49518,8.49658,1.00,1.00
2016.09.15 10:30:07.903,8.49502,8.49647,1.00,1.00
2016.09.15 10:30:08.038,8.49502,8.49647,1.00,1.00
2016.09.15 10:30:08.483,8.4952,8.49658,1.00,1.00
2016.09.15 10:30:08.534,8.4952,8.49658,1.00,1.00
2016.09.15 10:30:08.636,8.4952,8.49658,1.00,1.00
2016.09.15 10:30:08.749,8.49516,8.49658,1.00,1.00
2016.09.15 10:30:09.032,8.49523,8.49658,1.00,1.00
2016.09.15 10:30:09.192,8.49512,8.49656,1.00,1.00
2016.09.15 10:30:09.591,8.49521,8.49665,1.00,1.00
2016.09.15 10:30:09.903,8.49541,8.49685,1.00,1.00
2016.09.15 10:30:12.154,8.4954,8.49684,1.00,1.00
2016.09.15 10:30:12.518,8.4955,8.49693,1.00,1.00
2016.09.15 10:30:12.671,8.49553,8.49698,1.00,1.60
2016.09.15 10:30:13.374,8.49553,8.49698,1.00,1.60
2016.09.15 10:30:13.623,8.49545,8.4969,1.00,1.00
2016.09.15 10:30:13.877,8.49543,8.49687,1.00,1.00
2016.09.15 10:30:14.044,8.49543,8.49687,1.00,1.00
2016.09.15 10:30:14.264,8.49554,8.4969,1.00,1.00
2016.09.15 10:30:14.366,8.49554,8.49698,1.00,1.60
2016.09.15 10:30:16.875,8.49556,8.497,1.00,1.60
2016.09.15 10:30:17.563,8.4956,8.49704,1.00,1.60
2016.09.15 10:30:18.805,8.49552,8.49696,1.00,1.60
2016.09.15 10:30:19.006,8.49536,8.4968,1.00,1.00
2016.09.15 10:30:19.160,8.49536,8.4968,1.00,1.00
2016.09.15 10:30:19.923,8.49537,8.49682,1.00,1.00
2016.09.15 10:30:19.974,8.4953,8.49674,1.00,1.00
2016.09.15 10:30:20.177,8.4953,8.49674,1.00,1.00
2016.09.15 10:30:20.664,8.4953,8.49674,1.00,1.00
2016.09.15 10:30:20.858,8.4953,8.49674,1.00,1.00
2016.09.15 10:30:21.385,8.49532,8.49676,1.00,1.00
2016.09.15 10:30:21.703,8.49546,8.49691,1.00,1.00
2016.09.15 10:30:21.804,8.49543,8.49695,1.00,1.00
2016.09.15 10:30:22.209,8.49552,8.49697,1.00,1.00
2016.09.15 10:30:22.693,8.49552,8.49697,1.00,1.00
2016.09.15 10:30:23.313,8.49559,8.49703,1.00,1.00
2016.09.15 10:30:25.003,8.49563,8.49707,1.00,1.00
2016.09.15 10:30:26.177,8.49558,8.49702,1.00,1.00
2016.09.15 10:30:26.311,8.49557,8.49724,1.00,1.00
2016.09.15 10:30:26.362,8.49557,8.49724,1.37,1.00
2016.09.15 10:30:26.530,8.49574,8.49718,1.00,1.00
2016.09.15 10:30:26.682,8.4955,8.49694,1.37,1.00
2016.09.15 10:30:26.784,8.4955,8.49694,1.37,1.00
2016.09.15 10:30:26.885,8.4955,8.49694,1.37,1.00
2016.09.15 10:30:26.987,8.49533,8.49677,1.75,1.00
2016.09.15 10:30:27.364,8.49533,8.49677,1.00,1.00
2016.09.15 10:30:27.617,8.49533,8.49677,1.00,1.00
2016.09.15 10:30:27.718,8.49531,8.49676,1.00,1.00
2016.09.15 10:30:27.820,8.49531,8.49676,1.00,1.00
2016.09.15 10:30:28.685,8.49526,8.4967,1.00,1.00
2016.09.15 10:30:29.183,8.49531,8.49676,1.00,1.00
2016.09.15 10:30:31.558,8.49544,8.49687,1.00,1.00
2016.09.15 10:30:31.812,8.4955,8.49694,1.00,1.00
2016.09.15 10:30:31.913,8.4956,8.49698,1.00,1.00
2016.09.15 10:30:32.135,8.49544,8.49689,1.00,1.00
2016.09.15 10:30:32.375,8.49535,8.49679,1.00,1.00
2016.09.15 10:30:33.090,8.49534,8.49678,1.00,1.00
2016.09.15 10:30:33.585,8.49534,8.49678,1.00,1.00
2016.09.15 10:30:34.192,8.49531,8.49676,1.00,1.00
2016.09.15 10:30:34.292,8.49535,8.49679,1.00,1.00
2016.09.15 10:30:35.311,8.49536,8.4968,1.00,1.00
2016.09.15 10:30:35.413,8.49536,8.4968,1.00,1.00
2016.09.15 10:30:35.895,8.49532,8.49677,1.00,1.00
2016.09.15 10:30:36.398,8.49532,8.49677,1.00,1.00
2016.09.15 10:30:36.812,8.49535,8.49679,1.00,1.00
2016.09.15 10:30:36.914,8.49535,8.49679,1.00,1.00
2016.09.15 10:30:37.015,8.49528,8.49673,1.00,1.00
2016.09.15 10:30:37.365,8.49521,8.49665,1.00,1.00
2016.09.15 10:30:37.416,8.49493,8.49637,1.37,1.00
2016.09.15 10:30:37.467,8.49493,8.49637,1.00,1.00
2016.09.15 10:30:37.518,8.49493,8.49637,1.00,1.00
2016.09.15 10:30:37.620,8.49493,8.49637,1.00,1.00
2016.09.15 10:30:37.823,8.49481,8.49625,1.37,1.00
2016.09.15 10:30:38.132,8.4949,8.49634,1.00,1.00
2016.09.15 10:30:38.206,8.4948,8.49624,1.37,1.00
2016.09.15 10:30:39.273,8.4948,8.49624,1.00,1.00
2016.09.15 10:30:41.211,8.49487,8.49631,1.00,1.00
2016.09.15 10:30:42.207,8.49485,8.49629,1.00,1.00
2016.09.15 10:30:43.508,8.49492,8.49636,1.00,1.00
2016.09.15 10:30:45.234,8.49477,8.49622,1.00,1.00
2016.09.15 10:30:45.561,8.49483,8.49627,1.00,1.00
2016.09.15 10:30:45.714,8.49483,8.49627,1.00,1.00
2016.09.15 10:30:46.117,8.49492,8.49636,1.00,1.00
2016.09.15 10:30:49.255,8.49486,8.49628,1.00,1.00
2016.09.15 10:30:50.322,8.49479,8.49624,1.00,1.00
2016.09.15 10:30:50.660,8.49485,8.49629,1.00,1.00
2016.09.15 10:30:51.623,8.49488,8.49632,1.00,1.00
2016.09.15 10:30:52.325,8.49481,8.49625,1.00,1.00
2016.09.15 10:30:53.370,8.4949,8.49632,1.00,1.00
2016.09.15 10:30:53.427,8.4949,8.49632,1.00,1.00
2016.09.15 10:30:54.130,8.49483,8.49627,1.00,1.00
2016.09.15 10:30:54.331,8.4948,8.49625,1.00,1.00
2016.09.15 10:30:54.431,8.49489,8.49631,1.00,1.00
2016.09.15 10:30:54.804,8.49489,8.49631,1.00,1.00
2016.09.15 10:30:54.974,8.49478,8.49622,1.00,1.00
2016.09.15 10:30:55.482,8.49483,8.49628,1.00,1.00
2016.09.15 10:30:56.481,8.49488,8.49632,1.00,1.00
2016.09.15 10:30:56.718,8.49484,8.49629,1.00,1.00
2016.09.15 10:30:56.936,8.49484,8.49629,1.00,1.00
2016.09.15 10:30:57.036,8.49484,8.49629,1.00,1.00
2016.09.15 10:30:57.586,8.49493,8.49637,1.00,1.00
2016.09.15 10:30:57.885,8.49493,8.49637,1.00,1.00
2016.09.15 10:30:58.540,8.49494,8.49638,1.00,1.00
2016.09.15 10:31:00.443,8.49498,8.49639,1.00,1.00
2016.09.15 10:31:00.547,8.49498,8.49643,1.00,1.00
2016.09.15 10:31:01.462,8.495,8.49644,1.00,1.00
2016.09.15 10:31:02.215,8.49492,8.49637,1.00,1.00
2016.09.15 10:31:02.526,8.49502,8.49646,1.00,1.00
2016.09.15 10:31:05.697,8.49487,8.49631,1.37,1.00
2016.09.15 10:31:06.553,8.49493,8.49635,1.37,1.00
2016.09.15 10:31:06.655,8.49493,8.49635,1.00,1.00
2016.09.15 10:31:07.554,8.49491,8.49635,1.00,1.00
2016.09.15 10:31:08.257,8.49491,8.49635,1.00,1.00
2016.09.15 10:31:09.121,8.49488,8.49632,1.00,1.00
2016.09.15 10:31:09.289,8.49478,8.49622,1.00,1.00
2016.09.15 10:31:09.758,8.49478,8.49625,1.00,1.00
2016.09.15 10:31:10.763,8.49478,8.49625,1.00,1.00
2016.09.15 10:31:11.065,8.49473,8.4962,1.00,1.00
2016.09.15 10:31:12.268,8.49476,8.49623,1.00,1.00
2016.09.15 10:31:13.392,8.49478,8.49625,1.00,1.00
2016.09.15 10:31:13.493,8.49487,8.49633,1.00,1.00
2016.09.15 10:31:14.477,8.49482,8.49629,1.00,1.00
2016.09.15 10:31:15.672,8.49482,8.49629,1.00,1.00
2016.09.15 10:31:16.476,8.49496,8.49643,1.00,1.50
2016.09.15 10:31:16.577,8.49496,8.49643,1.00,1.50
2016.09.15 10:31:16.679,8.49513,8.49643,1.00,1.00
2016.09.15 10:31:16.730,8.49513,8.4966,1.00,1.00
2016.09.15 10:31:17.501,8.4952,8.49667,1.00,1.00
2016.09.15 10:31:17.677,8.49486,8.49633,1.00,1.00
2016.09.15 10:31:17.924,8.49501,8.49648,1.00,1.00
2016.09.15 10:31:18.025,8.49501,8.49648,1.00,1.00
2016.09.15 10:31:18.180,8.49501,8.49648,1.00,1.00
2016.09.15 10:31:18.281,8.49501,8.49648,1.00,1.00
2016.09.15 10:31:19.995,8.49501,8.49648,1.00,1.00
2016.09.15 10:31:21.582,8.49499,8.49646,1.00,1.00
2016.09.15 10:31:23.939,8.49512,8.49652,1.00,1.00
2016.09.15 10:31:24.244,8.49526,8.49652,1.00,1.00
2016.09.15 10:31:24.684,8.49526,8.49652,1.00,1.00
2016.09.15 10:31:25.145,8.49523,8.49652,1.00,1.00
2016.09.15 10:31:26.011,8.49512,8.49652,1.00,1.00
2016.09.15 10:31:26.247,8.49514,8.49652,1.00,1.00
2016.09.15 10:31:26.399,8.49514,8.49652,1.00,1.00
2016.09.15 10:31:26.785,8.49514,8.49652,1.00,1.00
2016.09.15 10:31:27.000,8.49514,8.49652,1.00,1.00
2016.09.15 10:31:27.530,8.49514,8.49652,1.00,1.00
2016.09.15 10:31:27.833,8.49511,8.49652,1.00,1.00
2016.09.15 10:31:27.934,8.49511,8.49652,1.00,1.00
2016.09.15 10:31:28.036,8.49511,8.49652,1.00,1.00
2016.09.15 10:31:28.100,8.49511,8.49652,1.00,1.00
2016.09.15 10:31:28.652,8.49513,8.49652,1.00,1.00
2016.09.15 10:31:28.802,8.49513,8.49652,1.00,1.00
2016.09.15 10:31:29.019,8.49523,8.49652,1.00,1.00
2016.09.15 10:31:29.102,8.49523,8.49652,1.00,1.00
2016.09.15 10:31:29.609,8.49523,8.49652,1.00,1.00
2016.09.15 10:31:29.965,8.49523,8.49652,1.00,1.00
2016.09.15 10:31:30.947,8.49523,8.49652,1.00,1.00
2016.09.15 10:31:31.207,8.49523,8.49652,1.00,1.00
2016.09.15 10:31:33.355,8.49523,8.49663,1.00,1.00
2016.09.15 10:31:33.713,8.49523,8.49663,1.00,1.00
2016.09.15 10:31:34.350,8.49522,8.49663,1.00,1.00
2016.09.15 10:31:36.068,8.49491,8.49653,1.37,2.10
2016.09.15 10:31:36.119,8.49491,8.49653,1.00,2.10
2016.09.15 10:31:36.169,8.49513,8.49653,1.00,2.10
2016.09.15 10:31:36.220,8.49513,8.49653,1.00,2.10
2016.09.15 10:31:36.271,8.49492,8.49626,1.00,1.00
2016.09.15 10:31:36.322,8.49492,8.49626,1.37,1.00
2016.09.15 10:31:36.648,8.49492,8.49626,1.37,1.00
2016.09.15 10:31:36.810,8.49492,8.49626,1.00,1.00
2016.09.15 10:31:36.861,8.49492,8.49626,1.00,1.00
2016.09.15 10:31:36.963,8.49492,8.49626,1.00,1.00
2016.09.15 10:31:37.064,8.49492,8.49622,1.00,2.10
2016.09.15 10:31:37.166,8.49492,8.49622,1.00,2.10
2016.09.15 10:31:37.416,8.49487,8.49618,1.00,1.35
2016.09.15 10:31:37.491,8.49424,8.49571,1.00,1.60
2016.09.15 10:31:37.542,8.494,8.49498,1.00,1.00
2016.09.15 10:31:37.593,8.49359,8.49498,1.00,1.00
2016.09.15 10:31:37.644,8.49359,8.49498,1.00,1.00
2016.09.15 10:31:37.695,8.49351,8.49498,1.00,1.00
2016.09.15 10:31:37.745,8.49351,8.49498,1.00,1.00
2016.09.15 10:31:37.847,8.49351,8.49498,1.00,1.00
2016.09.15 10:31:37.999,8.49351,8.49498,1.00,1.50
2016.09.15 10:31:38.151,8.49351,8.49498,1.00,1.50
2016.09.15 10:31:38.445,8.49364,8.49498,1.00,1.00
2016.09.15 10:31:38.972,8.49346,8.49493,1.00,1.00
2016.09.15 10:31:40.732,8.49346,8.4949,1.00,1.00
2016.09.15 10:31:41.172,8.49361,8.49498,1.00,1.00
2016.09.15 10:31:41.274,8.49339,8.49483,1.00,1.00
2016.09.15 10:31:41.375,8.49336,8.49485,1.00,1.00
2016.09.15 10:31:41.477,8.49323,8.49467,1.00,1.00
2016.09.15 10:31:41.528,8.49323,8.49467,1.00,1.00
2016.09.15 10:31:41.579,8.4933,8.49474,1.00,1.00
2016.09.15 10:31:41.630,8.4933,8.49474,1.37,1.00
2016.09.15 10:31:41.681,8.49337,8.49498,1.37,1.00
2016.09.15 10:31:41.731,8.49337,8.49498,1.37,1.00
2016.09.15 10:31:41.782,8.4938,8.49498,1.00,1.00
2016.09.15 10:31:42.077,8.4938,8.49528,1.00,1.00
2016.09.15 10:31:42.534,8.49385,8.49528,1.00,1.00
2016.09.15 10:31:42.634,8.49384,8.49528,1.00,1.50
2016.09.15 10:31:43.091,8.49389,8.49528,1.00,1.00
2016.09.15 10:31:43.757,8.49388,8.49528,1.00,1.00
2016.09.15 10:31:43.978,8.494,8.49528,1.00,1.00
2016.09.15 10:31:44.216,8.49394,8.49528,1.00,1.00
2016.09.15 10:31:44.267,8.49406,8.49528,1.00,1.00
2016.09.15 10:31:44.419,8.49406,8.4955,1.00,1.00
2016.09.15 10:31:45.258,8.49412,8.49556,1.00,1.60
2016.09.15 10:31:46.666,8.49412,8.49556,1.00,1.60
2016.09.15 10:31:46.768,8.49413,8.49559,1.00,1.60
2016.09.15 10:31:48.274,8.49404,8.49552,1.00,1.00
2016.09.15 10:31:49.492,8.49408,8.49557,1.00,1.60
2016.09.15 10:31:50.447,8.49403,8.49553,1.00,1.00
2016.09.15 10:31:50.748,8.49394,8.49538,1.00,1.00
2016.09.15 10:31:50.800,8.4938,8.49525,1.00,1.00
2016.09.15 10:31:51.352,8.49381,8.49525,1.00,1.00
2016.09.15 10:31:51.908,8.4938,8.49524,1.00,1.00
2016.09.15 10:31:52.691,8.49383,8.49528,1.00,1.00
2016.09.15 10:31:53.997,8.49387,8.49531,1.00,1.00
2016.09.15 10:31:54.553,8.49387,8.49531,1.00,1.00
2016.09.15 10:31:54.654,8.49373,8.49518,1.00,1.00
2016.09.15 10:31:54.756,8.49371,8.49515,1.00,1.00
2016.09.15 10:31:54.857,8.49371,8.49515,1.00,1.00
2016.09.15 10:31:54.958,8.49371,8.49515,1.00,1.00
2016.09.15 10:31:55.471,8.49362,8.49507,1.00,1.00
2016.09.15 10:31:55.857,8.49372,8.49517,1.00,1.00
2016.09.15 10:31:56.186,8.49378,8.49522,1.00,1.00
2016.09.15 10:31:56.758,8.49365,8.49509,1.00,1.00
2016.09.15 10:31:56.858,8.49375,8.49519,1.00,1.00
2016.09.15 10:31:57.765,8.49379,8.49523,1.00,1.00
2016.09.15 10:31:58.188,8.4937,8.49514,1.00,1.00
2016.09.15 10:31:58.569,8.49363,8.49507,1.00,1.00
2016.09.15 10:31:58.907,8.49364,8.49508,1.00,1.00
2016.09.15 10:31:58.965,8.49371,8.49516,1.00,1.00
2016.09.15 10:31:59.666,8.49371,8.49516,1.00,1.00
2016.09.15 10:31:59.717,8.49358,8.49503,1.00,1.00
2016.09.15 10:32:00.487,8.4937,8.49514,1.00,1.00
2016.09.15 10:32:01.218,8.49379,8.49523,1.00,1.00
2016.09.15 10:32:02.208,8.49383,8.49527,1.00,1.00
2016.09.15 10:32:03.978,8.49374,8.49518,1.00,1.00
2016.09.15 10:32:04.328,8.49366,8.4951,1.00,1.00
2016.09.15 10:32:04.722,8.49374,8.49518,1.00,1.00
2016.09.15 10:32:08.486,8.4937,8.49514,1.00,1.00
2016.09.15 10:32:09.588,8.49365,8.49509,1.00,1.00
2016.09.15 10:32:10.250,8.49387,8.49509,1.00,1.00
2016.09.15 10:32:10.480,8.49387,8.49513,1.00,1.00
2016.09.15 10:32:10.532,8.49387,8.49515,1.00,1.00
2016.09.15 10:32:11.090,8.49387,8.49511,1.00,1.00
2016.09.15 10:32:12.134,8.49387,8.49513,1.00,1.00
2016.09.15 10:32:13.193,8.49387,8.49518,1.00,1.00
2016.09.15 10:32:13.293,8.49387,8.49514,1.00,1.00
2016.09.15 10:32:13.835,8.49387,8.49515,1.00,1.00
2016.09.15 10:32:14.121,8.49387,8.49518,1.00,1.00
2016.09.15 10:32:14.607,8.49387,8.4951,1.00,1.00
2016.09.15 10:32:14.708,8.49409,8.4951,1.00,1.00
2016.09.15 10:32:15.109,8.49409,8.49515,1.00,1.00
2016.09.15 10:32:15.545,8.49409,8.49527,1.00,1.50
2016.09.15 10:32:15.997,8.49409,8.49514,1.00,1.00
2016.09.15 10:32:16.106,8.49409,8.49527,1.00,1.00
2016.09.15 10:32:17.241,8.49409,8.49525,1.00,1.00
2016.09.15 10:32:19.435,8.49409,8.49527,1.00,1.00
2016.09.15 10:32:20.434,8.49409,8.49526,1.00,1.00
2016.09.15 10:32:20.739,8.49434,8.49527,1.00,1.00
2016.09.15 10:32:20.790,8.49434,8.49527,1.00,1.00
2016.09.15 10:32:21.241,8.49434,8.49543,1.00,1.00
2016.09.15 10:32:21.342,8.49434,8.49552,1.00,1.00
2016.09.15 10:32:21.807,8.49434,8.49558,1.00,1.60
2016.09.15 10:32:22.347,8.49434,8.49559,1.00,1.60
2016.09.15 10:32:23.083,8.49434,8.49554,1.00,1.00
2016.09.15 10:32:23.134,8.49434,8.49555,1.00,1.35
2016.09.15 10:32:23.565,8.49434,8.49555,1.00,1.35
2016.09.15 10:32:24.117,8.49434,8.49553,1.00,1.00
2016.09.15 10:32:27.419,8.49434,8.49554,1.00,1.00
2016.09.15 10:32:28.425,8.49434,8.49557,1.00,1.60
2016.09.15 10:32:29.454,8.49434,8.49561,1.00,1.60
2016.09.15 10:32:29.505,8.49434,8.49561,1.00,1.60
2016.09.15 10:32:29.827,8.49434,8.49567,1.00,1.60
2016.09.15 10:32:30.268,8.49434,8.49567,1.00,1.00
2016.09.15 10:32:30.569,8.49435,8.49577,1.00,1.57
2016.09.15 10:32:30.620,8.49435,8.49577,1.00,1.35
2016.09.15 10:32:30.671,8.49465,8.49576,1.00,1.00
2016.09.15 10:32:30.772,8.49445,8.49576,1.00,1.00
2016.09.15 10:32:31.047,8.49445,8.49576,1.00,2.17
2016.09.15 10:32:31.149,8.49445,8.49576,1.00,1.00
2016.09.15 10:32:31.636,8.49445,8.49581,1.00,1.00
2016.09.15 10:32:32.210,8.49465,8.49581,1.00,1.00
2016.09.15 10:32:32.451,8.49465,8.49584,1.00,1.00
2016.09.15 10:32:34.474,8.49465,8.49588,1.00,1.35
2016.09.15 10:32:34.535,8.49465,8.49586,1.00,1.00
2016.09.15 10:32:35.564,8.49465,8.49581,1.00,1.00
2016.09.15 10:32:36.377,8.49465,8.49581,1.00,1.00
2016.09.15 10:32:36.678,8.49465,8.49581,1.00,1.00
2016.09.15 10:32:36.978,8.49465,8.49579,1.00,1.00
2016.09.15 10:32:37.114,8.49445,8.49579,1.00,1.00
2016.09.15 10:32:37.216,8.49465,8.49579,1.00,1.00
2016.09.15 10:32:39.554,8.49445,8.49579,1.00,1.00
2016.09.15 10:32:39.850,8.49445,8.49584,1.00,1.00
2016.09.15 10:32:40.042,8.49445,8.4958,1.00,1.00
2016.09.15 10:32:43.247,8.49445,8.49584,1.00,1.00
2016.09.15 10:32:43.748,8.49445,8.49581,1.00,1.00
2016.09.15 10:32:44.473,8.49445,8.49583,1.00,1.00
2016.09.15 10:32:44.549,8.49445,8.49576,1.00,1.00
2016.09.15 10:32:45.501,8.49445,8.4958,1.00,1.00
2016.09.15 10:32:45.851,8.49445,8.49576,1.00,1.00
2016.09.15 10:32:46.853,8.49445,8.49575,1.00,1.00
2016.09.15 10:32:48.492,8.49424,8.49575,1.00,1.00
2016.09.15 10:32:50.304,8.49424,8.49568,1.00,1.00
2016.09.15 10:32:51.361,8.49424,8.49574,1.00,1.00
2016.09.15 10:32:52.563,8.49424,8.49577,1.00,1.00
2016.09.15 10:32:54.060,8.49424,8.49577,1.00,1.00
2016.09.15 10:32:54.212,8.49429,8.49584,1.00,1.00
2016.09.15 10:32:54.319,8.49429,8.49584,1.00,1.00
2016.09.15 10:32:54.370,8.49425,8.4958,1.00,1.00
2016.09.15 10:32:54.421,8.49425,8.4958,1.00,1.00
2016.09.15 10:32:54.573,8.49424,8.49575,1.00,1.00
2016.09.15 10:32:56.810,8.49427,8.49582,1.00,1.00
2016.09.15 10:32:57.778,8.49428,8.49583,1.00,1.00
2016.09.15 10:32:58.408,8.49424,8.49576,1.00,1.00
2016.09.15 10:32:58.780,8.49424,8.49565,1.00,1.00
2016.09.15 10:32:59.129,8.49431,8.49575,1.00,1.00
2016.09.15 10:32:59.385,8.49431,8.49575,1.00,1.00
2016.09.15 10:32:59.689,8.4944,8.49584,1.00,1.00
2016.09.15 10:32:59.841,8.4944,8.49584,1.00,1.00
2016.09.15 10:33:00.832,8.4944,8.49584,1.00,1.00
2016.09.15 10:33:00.932,8.4944,8.49584,1.00,1.00
2016.09.15 10:33:01.632,8.49457,8.49593,1.00,1.00
2016.09.15 10:33:01.683,8.49457,8.49593,1.00,1.00
2016.09.15 10:33:01.734,8.49466,8.49593,1.00,1.00
2016.09.15 10:33:01.785,8.49466,8.49593,1.00,1.00
2016.09.15 10:33:01.836,8.49466,8.4961,1.00,1.00
2016.09.15 10:33:02.199,8.49489,8.49623,1.00,1.00
2016.09.15 10:33:02.323,8.49502,8.49646,1.00,1.00
2016.09.15 10:33:03.057,8.49498,8.49642,1.00,1.00
2016.09.15 10:33:04.046,8.49493,8.49625,1.00,1.00
2016.09.15 10:33:04.352,8.49493,8.49608,1.00,1.00
2016.09.15 10:33:05.014,8.49493,8.49616,1.00,1.00
2016.09.15 10:33:05.066,8.49472,8.49616,1.00,1.00
2016.09.15 10:33:05.746,8.49471,8.49615,1.00,1.00
2016.09.15 10:33:06.281,8.4947,8.49615,1.00,1.00
2016.09.15 10:33:06.800,8.49471,8.49616,1.00,1.00
2016.09.15 10:33:07.484,8.49471,8.49616,1.00,1.00
2016.09.15 10:33:07.535,8.49462,8.49589,1.00,1.00
2016.09.15 10:33:07.586,8.49445,8.49589,1.00,1.00
2016.09.15 10:33:07.789,8.49442,8.49577,1.00,1.00
2016.09.15 10:33:07.978,8.49433,8.49577,1.00,1.00
2016.09.15 10:33:08.029,8.49423,8.49568,1.00,1.00
2016.09.15 10:33:08.488,8.49423,8.49568,1.00,1.00
2016.09.15 10:33:08.821,8.49421,8.49565,1.00,1.00
2016.09.15 10:33:12.210,8.49424,8.49569,1.00,1.00
2016.09.15 10:33:13.862,8.49423,8.49568,1.00,1.00
2016.09.15 10:33:13.913,8.49436,8.4958,1.00,1.00
2016.09.15 10:33:14.015,8.49458,8.49601,1.00,1.50
2016.09.15 10:33:15.015,8.49459,8.49601,1.00,1.00
2016.09.15 10:33:15.116,8.49457,8.49595,1.00,1.00
2016.09.15 10:33:15.170,8.49451,8.49595,1.00,1.00
2016.09.15 10:33:16.116,8.4945,8.49594,1.00,1.00
2016.09.15 10:33:16.654,8.49454,8.49599,1.00,1.00
2016.09.15 10:33:16.705,8.49454,8.49599,1.00,1.00
2016.09.15 10:33:16.929,8.49454,8.49599,1.00,1.00
2016.09.15 10:33:17.118,8.49458,8.49601,1.00,1.00
2016.09.15 10:33:17.719,8.49454,8.49599,1.00,1.00
2016.09.15 10:33:18.621,8.49459,8.49601,1.00,1.00
2016.09.15 10:33:18.734,8.49446,8.49601,1.00,1.00
2016.09.15 10:33:22.017,8.49453,8.49599,1.00,1.00
2016.09.15 10:33:22.233,8.49477,8.49621,1.00,1.00
2016.09.15 10:33:22.335,8.49477,8.49621,1.00,1.00
2016.09.15 10:33:22.538,8.49485,8.49627,1.00,1.00
2016.09.15 10:33:22.912,8.49494,8.49627,1.00,1.00
2016.09.15 10:33:23.778,8.49469,8.49614,1.00,1.00
2016.09.15 10:33:23.933,8.49457,8.49597,1.00,1.00
2016.09.15 10:33:24.136,8.49457,8.49597,1.00,1.00
2016.09.15 10:33:24.473,8.49468,8.49613,1.00,1.00
2016.09.15 10:33:24.663,8.49468,8.49613,1.00,1.00
2016.09.15 10:33:24.824,8.49468,8.49613,1.00,1.00
2016.09.15 10:33:25.277,8.49457,8.49599,1.50,1.00
2016.09.15 10:33:25.328,8.49457,8.49599,1.00,1.00
2016.09.15 10:33:25.946,8.49457,8.496,1.00,1.00
2016.09.15 10:33:27.536,8.49466,8.49608,1.00,1.00
2016.09.15 10:33:28.538,8.49456,8.49601,1.00,1.00
2016.09.15 10:33:28.918,8.49448,8.49593,1.00,1.00
2016.09.15 10:33:29.344,8.49456,8.496,1.00,1.00
2016.09.15 10:33:29.940,8.49458,8.49602,1.00,1.00
2016.09.15 10:33:30.584,8.49452,8.49596,1.00,1.00
2016.09.15 10:33:30.644,8.49445,8.4959,1.00,1.00
2016.09.15 10:33:31.169,8.49451,8.49595,1.00,1.00
2016.09.15 10:33:31.686,8.4946,8.49604,1.00,1.00
2016.09.15 10:33:31.839,8.4946,8.49604,1.00,1.00
2016.09.15 10:33:32.987,8.49458,8.4959,1.00,1.00
2016.09.15 10:33:33.224,8.49428,8.49565,1.00,1.00
2016.09.15 10:33:34.140,8.49428,8.49569,1.00,1.00
2016.09.15 10:33:34.373,8.49428,8.49565,1.00,1.00
2016.09.15 10:33:35.454,8.49428,8.49568,1.00,1.00
2016.09.15 10:33:36.856,8.49428,8.49569,1.00,1.00
2016.09.15 10:33:37.075,8.49428,8.49565,1.00,1.00
2016.09.15 10:33:37.125,8.4941,8.49565,1.00,1.00
2016.09.15 10:33:37.176,8.49402,8.49537,1.00,1.00
2016.09.15 10:33:37.278,8.49402,8.4956,1.00,1.00
2016.09.15 10:33:37.531,8.49402,8.4956,1.00,1.00
2016.09.15 10:33:37.858,8.49413,8.49558,1.00,1.00
2016.09.15 10:33:40.563,8.4941,8.49564,1.00,1.00
2016.09.15 10:33:41.564,8.49412,8.49566,1.00,1.00
2016.09.15 10:33:42.199,8.49408,8.49562,1.00,1.00
2016.09.15 10:33:42.265,8.49414,8.49568,1.00,1.00
2016.09.15 10:33:43.267,8.49412,8.49566,1.00,1.00
2016.09.15 10:33:43.367,8.49407,8.49561,1.00,1.00
2016.09.15 10:33:43.868,8.49412,8.49556,1.00,1.00
2016.09.15 10:33:46.477,8.49412,8.49566,1.00,1.00
2016.09.15 10:33:46.624,8.49412,8.49564,1.00,1.00
2016.09.15 10:33:46.726,8.49412,8.49574,1.00,1.00
2016.09.15 10:33:47.192,8.49412,8.49574,1.00,1.00
2016.09.15 10:33:47.294,8.49423,8.49585,1.00,1.00
2016.09.15 10:33:47.396,8.49435,8.49588,1.00,1.00
2016.09.15 10:33:47.600,8.49448,8.49588,1.00,1.00
2016.09.15 10:33:48.856,8.49448,8.49597,1.00,1.00
2016.09.15 10:33:48.907,8.49454,8.49597,1.00,1.00
2016.09.15 10:33:48.958,8.49454,8.49617,1.00,1.00
2016.09.15 10:33:49.112,8.49469,8.49627,1.00,1.00
2016.09.15 10:33:49.214,8.49479,8.49627,1.00,1.00
2016.09.15 10:33:49.316,8.49479,8.49641,1.00,1.00
2016.09.15 10:33:49.716,8.49492,8.49647,1.00,1.00
2016.09.15 10:33:50.132,8.49507,8.49646,1.00,1.00
2016.09.15 10:33:51.933,8.495,8.4964,1.00,1.00
2016.09.15 10:33:52.035,8.49471,8.49633,1.00,1.00
2016.09.15 10:33:52.225,8.49489,8.49627,1.00,1.00
2016.09.15 10:33:52.922,8.495,8.49627,1.00,1.00
2016.09.15 10:33:53.294,8.49495,8.49627,1.00,1.00
2016.09.15 10:33:53.828,8.495,8.49627,1.00,1.00
2016.09.15 10:33:54.688,8.495,8.49627,1.00,1.00
2016.09.15 10:33:54.739,8.49486,8.49627,1.00,1.00
2016.09.15 10:33:55.430,8.49489,8.49627,1.00,1.00
2016.09.15 10:33:55.532,8.49489,8.49647,1.00,1.00
2016.09.15 10:33:56.042,8.49489,8.49646,1.00,1.00
2016.09.15 10:33:56.616,8.49489,8.49647,1.00,1.00
2016.09.15 10:33:57.369,8.49489,8.49647,1.00,1.00
2016.09.15 10:33:57.522,8.49489,8.49647,1.00,1.00
2016.09.15 10:33:58.069,8.49488,8.49646,1.00,1.00
2016.09.15 10:33:58.386,8.49488,8.49647,1.00,1.00
2016.09.15 10:33:58.437,8.49496,8.49647,1.00,1.00
2016.09.15 10:33:58.860,8.49496,8.49656,1.00,1.00
2016.09.15 10:33:58.911,8.49496,8.49656,1.00,1.00
2016.09.15 10:33:59.354,8.49524,8.49665,1.00,1.00
2016.09.15 10:33:59.456,8.4951,8.49665,1.00,1.00
2016.09.15 10:33:59.558,8.49507,8.49665,1.00,1.00
2016.09.15 10:34:00.226,8.49514,8.49665,1.00,1.00
2016.09.15 10:34:00.327,8.495,8.49659,1.00,1.00
2016.09.15 10:34:00.429,8.49494,8.49654,1.00,1.00
2016.09.15 10:34:00.531,8.49503,8.49662,1.00,1.00
2016.09.15 10:34:00.914,8.49512,8.49672,1.00,1.00
2016.09.15 10:34:01.417,8.49502,8.49661,1.00,1.00
2016.09.15 10:34:01.621,8.4951,8.4967,1.00,1.00
2016.09.15 10:34:02.620,8.49515,8.49675,1.00,1.00
2016.09.15 10:34:03.129,8.49515,8.49675,1.00,1.00
2016.09.15 10:34:03.307,8.49515,8.49675,1.00,1.00
2016.09.15 10:34:03.693,8.49536,8.49687,1.00,1.00
2016.09.15 10:34:03.941,8.49529,8.49687,1.00,1.50
2016.09.15 10:34:04.143,8.49529,8.49687,1.00,1.50
2016.09.15 10:34:04.245,8.49529,8.49687,1.00,1.50
2016.09.15 10:34:04.296,8.49529,8.49686,1.00,1.00
2016.09.15 10:34:04.397,8.49529,8.49687,1.00,1.50
2016.09.15 10:34:04.825,8.49529,8.49683,1.00,1.00
2016.09.15 10:34:05.719,8.49529,8.49683,1.00,1.00
2016.09.15 10:34:06.373,8.49529,8.49684,1.00,1.00
2016.09.15 10:34:06.920,8.49529,8.49681,1.00,1.00
2016.09.15 10:34:06.970,8.49508,8.49662,1.00,1.00
2016.09.15 10:34:07.331,8.49508,8.49641,1.00,1.00
2016.09.15 10:34:07.509,8.49508,8.49657,1.00,1.00
2016.09.15 10:34:07.569,8.495,8.49657,1.00,1.00
2016.09.15 10:34:08.379,8.49505,8.49661,1.00,1.00
2016.09.15 10:34:09.741,8.495,8.49658,1.00,1.00
2016.09.15 10:34:11.446,8.49497,8.49652,1.00,1.00
2016.09.15 10:34:11.875,8.49482,8.4964,1.00,1.00
2016.09.15 10:34:11.926,8.49482,8.4964,1.00,1.00
2016.09.15 10:34:11.977,8.4948,8.49632,1.00,1.00
2016.09.15 10:34:12.079,8.4948,8.49626,1.00,1.00
2016.09.15 10:34:12.184,8.49497,8.49651,1.00,1.00
2016.09.15 10:34:12.552,8.49502,8.49651,1.00,1.00
2016.09.15 10:34:12.603,8.4951,8.49659,1.00,1.00
2016.09.15 10:34:12.767,8.4951,8.49659,1.00,1.00
2016.09.15 10:34:13.071,8.49518,8.49668,1.00,1.00
2016.09.15 10:34:13.173,8.49534,8.49679,1.00,1.00
2016.09.15 10:34:13.375,8.49534,8.49679,1.00,1.00
2016.09.15 10:34:13.527,8.49534,8.49679,1.00,1.00
2016.09.15 10:34:13.578,8.49509,8.49659,1.00,1.00
2016.09.15 10:34:14.267,8.4951,8.49659,1.00,1.00
2016.09.15 10:34:14.369,8.49513,8.49662,1.00,1.00
2016.09.15 10:34:14.775,8.49513,8.49662,1.00,1.00
2016.09.15 10:34:14.881,8.49505,8.49677,1.00,1.00
2016.09.15 10:34:14.952,8.49511,8.4966,1.00,1.00
2016.09.15 10:34:15.595,8.4953,8.49679,1.00,1.00
2016.09.15 10:34:15.646,8.4953,8.49679,1.00,1.00
2016.09.15 10:34:15.697,8.49565,8.49699,1.00,1.00
2016.09.15 10:34:15.748,8.49565,8.49699,1.00,1.00
2016.09.15 10:34:15.799,8.49595,8.49729,1.00,1.60
2016.09.15 10:34:15.849,8.49595,8.49729,1.00,1.60
2016.09.15 10:34:15.900,8.4958,8.49729,1.00,1.60
2016.09.15 10:34:16.052,8.49584,8.49729,1.00,1.00
2016.09.15 10:34:16.103,8.49582,8.49729,1.75,1.00
2016.09.15 10:34:16.154,8.49638,8.49729,1.37,1.00
2016.09.15 10:34:16.205,8.49638,8.49749,1.00,1.00
2016.09.15 10:34:16.408,8.4968,8.49807,1.00,1.00
2016.09.15 10:34:16.459,8.49639,8.49788,1.00,1.00
2016.09.15 10:34:16.564,8.49639,8.49788,1.00,1.00
2016.09.15 10:34:16.753,8.49659,8.49807,1.00,1.00
2016.09.15 10:34:16.804,8.49659,8.49809,1.00,1.00
2016.09.15 10:34:16.956,8.49676,8.49824,1.00,1.00
2016.09.15 10:34:17.268,8.49662,8.49812,1.00,1.00
2016.09.15 10:34:17.858,8.49668,8.49818,1.00,1.00
2016.09.15 10:34:18.163,8.49675,8.49824,1.00,1.00
2016.09.15 10:34:18.611,8.49672,8.49821,1.00,1.00
2016.09.15 10:34:18.960,8.49665,8.49815,1.00,1.00
2016.09.15 10:34:19.062,8.49674,8.49823,1.00,1.00
2016.09.15 10:34:19.164,8.49665,8.49815,1.00,1.00
2016.09.15 10:34:19.694,8.49675,8.49825,1.00,1.00
2016.09.15 10:34:20.192,8.49671,8.4982,1.00,1.00
2016.09.15 10:34:24.394,8.49667,8.49816,1.00,1.00
2016.09.15 10:34:24.719,8.49674,8.49823,1.00,1.00
2016.09.15 10:34:25.051,8.49698,8.49834,1.00,1.00
2016.09.15 10:34:25.872,8.497,8.49834,1.00,1.00
2016.09.15 10:34:26.401,8.49705,8.49834,1.00,1.00
2016.09.15 10:34:28.976,8.49707,8.49834,1.00,1.00
2016.09.15 10:34:29.911,8.49707,8.49856,1.00,1.00
2016.09.15 10:34:30.975,8.49707,8.49847,1.00,1.00
2016.09.15 10:34:34.687,8.49709,8.49847,1.00,1.00
2016.09.15 10:34:37.936,8.49714,8.49847,1.00,1.00
2016.09.15 10:34:37.990,8.49714,8.49847,1.00,1.00
2016.09.15 10:34:38.041,8.49726,8.49866,1.00,1.00
2016.09.15 10:34:38.143,8.49732,8.49884,1.00,1.00
2016.09.15 10:34:38.308,8.49732,8.49884,1.00,1.00
2016.09.15 10:34:38.377,8.49732,8.49884,1.00,1.00
2016.09.15 10:34:38.683,8.49732,8.49884,1.00,1.00
2016.09.15 10:34:39.040,8.49738,8.4989,1.00,1.00
2016.09.15 10:34:39.285,8.49738,8.4989,1.00,1.00
2016.09.15 10:34:39.386,8.49738,8.4989,1.00,1.00
2016.09.15 10:34:39.598,8.49764,8.49897,1.00,1.00
2016.09.15 10:34:39.852,8.49773,8.49925,1.00,1.00
2016.09.15 10:34:39.903,8.49773,8.49925,1.00,1.00
2016.09.15 10:34:40.004,8.49783,8.49935,1.00,1.00
2016.09.15 10:34:40.191,8.49783,8.49935,1.00,1.00
2016.09.15 10:34:40.294,8.49783,8.49935,1.00,1.00
2016.09.15 10:34:40.346,8.49783,8.49935,1.00,1.37
2016.09.15 10:34:40.397,8.49775,8.49927,1.00,1.00
2016.09.15 10:34:41.231,8.49763,8.49908,1.00,1.00
2016.09.15 10:34:42.037,8.49768,8.4992,1.00,1.00
2016.09.15 10:34:42.518,8.49776,8.49926,1.00,1.00
2016.09.15 10:34:42.687,8.49776,8.49926,1.00,1.00
2016.09.15 10:34:43.001,8.49767,8.49919,1.00,1.00
2016.09.15 10:34:43.239,8.49776,8.49928,1.00,1.00
2016.09.15 10:34:44.045,8.49771,8.49923,1.00,1.00
2016.09.15 10:34:45.554,8.49776,8.49928,1.00,1.00
2016.09.15 10:34:46.509,8.4978,8.49932,1.00,1.00
2016.09.15 10:34:46.711,8.49774,8.49926,1.00,1.00
2016.09.15 10:34:46.968,8.49774,8.49926,1.00,1.00
2016.09.15 10:34:47.513,8.49797,8.49937,1.00,1.00
2016.09.15 10:34:47.830,8.49796,8.49937,1.00,1.00
2016.09.15 10:34:47.932,8.49771,8.49923,1.00,1.00
2016.09.15 10:34:48.651,8.49764,8.49916,1.00,1.00
2016.09.15 10:34:48.991,8.49773,8.49925,1.00,1.00
2016.09.15 10:34:49.696,8.49781,8.49933,1.00,1.00
2016.09.15 10:34:49.950,8.49781,8.49933,1.00,1.00
2016.09.15 10:34:50.518,8.49796,8.49937,1.00,1.00
2016.09.15 10:34:50.707,8.49794,8.49937,1.00,1.00
2016.09.15 10:34:51.623,8.4979,8.49937,1.00,1.00
2016.09.15 10:34:52.128,8.49791,8.49937,1.00,1.00
2016.09.15 10:34:52.247,8.49789,8.49937,1.00,1.00
2016.09.15 10:34:54.233,8.4978,8.4993,1.00,1.00
2016.09.15 10:34:54.334,8.49773,8.49923,1.00,1.00
2016.09.15 10:34:54.842,8.49774,8.49923,1.00,1.00
2016.09.15 10:34:55.557,8.49778,8.49927,1.00,1.00
2016.09.15 10:34:57.753,8.49765,8.49915,1.00,1.00
2016.09.15 10:34:57.855,8.49759,8.49908,1.00,1.00
2016.09.15 10:34:58.611,8.49775,8.49924,1.00,1.37
2016.09.15 10:34:58.664,8.49773,8.49922,1.00,1.37
2016.09.15 10:34:58.867,8.49787,8.49936,1.00,1.87
2016.09.15 10:34:58.918,8.49787,8.49936,1.00,1.37
2016.09.15 10:34:58.969,8.49794,8.49937,1.00,1.87
2016.09.15 10:34:59.070,8.49784,8.49934,1.00,1.37
2016.09.15 10:34:59.918,8.49784,8.49934,1.00,1.37
2016.09.15 10:35:00.334,8.4979,8.49936,1.00,1.00
2016.09.15 10:35:00.436,8.4979,8.49937,1.00,1.50
2016.09.15 10:35:00.540,8.49785,8.49935,1.00,1.00
2016.09.15 10:35:01.542,8.49785,8.49932,1.00,1.00
2016.09.15 10:35:02.051,8.49795,8.49932,1.00,1.00
2016.09.15 10:35:02.153,8.49795,8.49937,1.00,1.50
2016.09.15 10:35:02.283,8.49795,8.49931,1.00,1.00
2016.09.15 10:35:02.352,8.49784,8.49931,1.00,1.00
2016.09.15 10:35:02.743,8.49795,8.49937,1.00,1.50
2016.09.15 10:35:03.252,8.49795,8.49933,1.00,1.00
2016.09.15 10:35:03.648,8.49795,8.49937,1.00,1.50
2016.09.15 10:35:03.750,8.49813,8.49937,1.00,1.00
2016.09.15 10:35:03.953,8.49815,8.4995,1.00,1.00
2016.09.15 10:35:04.106,8.49815,8.4995,1.00,1.00
2016.09.15 10:35:04.307,8.49781,8.49926,1.00,1.00
2016.09.15 10:35:05.098,8.49786,8.49933,1.00,1.00
2016.09.15 10:35:07.083,8.49788,8.49935,1.00,1.00
2016.09.15 10:35:08.916,8.49788,8.49935,1.00,1.00
2016.09.15 10:35:08.967,8.49781,8.49914,1.00,1.00
2016.09.15 10:35:09.019,8.49768,8.49914,1.00,1.00
2016.09.15 10:35:09.171,8.4976,8.49905,1.00,1.00
2016.09.15 10:35:09.486,8.49782,8.49924,1.00,1.00
2016.09.15 10:35:09.537,8.49782,8.49924,1.00,1.00
2016.09.15 10:35:09.639,8.49782,8.49924,1.00,1.00
2016.09.15 10:35:09.689,8.49782,8.49929,1.00,1.00
2016.09.15 10:35:10.661,8.49796,8.49943,1.00,1.00
2016.09.15 10:35:10.779,8.49781,8.49928,1.00,1.00
2016.09.15 10:35:10.881,8.49789,8.49928,1.00,1.00
2016.09.15 10:35:11.033,8.49781,8.49928,1.00,1.00
2016.09.15 10:35:11.283,8.49781,8.49928,1.00,1.37
2016.09.15 10:35:11.333,8.49769,8.49907,1.00,1.00
2016.09.15 10:35:11.486,8.49762,8.49907,1.00,1.00
2016.09.15 10:35:11.792,8.49767,8.49914,1.00,1.00
2016.09.15 10:35:12.272,8.49771,8.49918,1.00,1.12
2016.09.15 10:35:12.424,8.49771,8.49918,1.00,1.12
2016.09.15 10:35:12.475,8.49757,8.49902,1.00,1.00
2016.09.15 10:35:12.576,8.49747,8.49892,1.00,1.00
2016.09.15 10:35:12.678,8.49768,8.49915,1.00,1.00
2016.09.15 10:35:12.917,8.49776,8.49923,1.00,1.50
2016.09.15 10:35:12.968,8.49776,8.49923,1.00,1.50
2016.09.15 10:35:13.019,8.49776,8.49923,1.00,1.00
2016.09.15 10:35:13.069,8.49795,8.49942,1.00,1.00
2016.09.15 10:35:13.550,8.4978,8.49927,1.00,1.00
2016.09.15 10:35:13.840,8.4978,8.49927,1.00,1.00
2016.09.15 10:35:14.070,8.49794,8.49936,1.00,1.00
2016.09.15 10:35:14.270,8.49801,8.49936,1.00,1.00
2016.09.15 10:35:14.569,8.49791,8.49937,1.00,1.00
2016.09.15 10:35:15.882,8.49791,8.49936,1.00,1.00
2016.09.15 10:35:17.787,8.49766,8.499,1.00,1.00
2016.09.15 10:35:17.990,8.49747,8.4989,1.00,1.00
2016.09.15 10:35:18.239,8.49738,8.4989,1.00,1.00
2016.09.15 10:35:18.441,8.49738,8.4989,1.00,1.00
2016.09.15 10:35:18.543,8.49738,8.4989,1.00,1.00
2016.09.15 10:35:18.869,8.49738,8.4989,1.00,1.00
2016.09.15 10:35:18.920,8.49721,8.49873,1.00,1.00
2016.09.15 10:35:19.236,8.49717,8.49869,1.00,1.00
2016.09.15 10:35:20.090,8.49719,8.49871,1.00,1.00
2016.09.15 10:35:20.545,8.49729,8.49871,1.00,1.00
2016.09.15 10:35:20.876,8.49729,8.49869,1.00,1.00
2016.09.15 10:35:20.927,8.49719,8.49869,1.00,1.00
2016.09.15 10:35:21.029,8.49727,8.49869,1.00,1.00
2016.09.15 10:35:21.391,8.49719,8.49869,1.00,1.00
2016.09.15 10:35:21.492,8.49723,8.49872,1.00,1.00
2016.09.15 10:35:21.798,8.49727,8.49872,1.00,1.00
2016.09.15 10:35:21.900,8.49728,8.49877,1.00,1.00
2016.09.15 10:35:22.052,8.49728,8.49877,1.00,1.00
2016.09.15 10:35:22.494,8.49732,8.49882,1.00,1.00
2016.09.15 10:35:22.545,8.49732,8.49882,1.00,1.00
2016.09.15 10:35:22.744,8.49732,8.49882,1.00,1.00
2016.09.15 10:35:23.095,8.49729,8.49878,1.00,1.00
2016.09.15 10:35:24.818,8.49734,8.49884,1.00,1.00
2016.09.15 10:35:25.202,8.4973,8.49879,1.00,1.00
2016.09.15 10:35:26.808,8.49735,8.49885,1.00,1.00
2016.09.15 10:35:27.351,8.49747,8.49897,1.00,1.00
2016.09.15 10:35:27.709,8.49747,8.49893,1.00,1.00
2016.09.15 10:35:28.310,8.49744,8.4989,1.00,1.00
2016.09.15 10:35:28.614,8.49744,8.4987,1.00,1.00
2016.09.15 10:35:29.426,8.49744,8.49872,1.00,1.00
2016.09.15 10:35:29.527,8.49744,8.49877,1.00,1.00
2016.09.15 10:35:29.704,8.49744,8.49877,1.00,1.00
2016.09.15 10:35:29.806,8.49744,8.49877,1.00,1.00
2016.09.15 10:35:30.419,8.49748,8.49895,1.00,1.00
2016.09.15 10:35:30.673,8.49748,8.49895,1.00,1.00
2016.09.15 10:35:33.033,8.49751,8.49898,1.00,1.00
2016.09.15 10:35:34.021,8.49752,8.49899,1.00,1.00
2016.09.15 10:35:35.023,8.49754,8.49901,1.00,1.00
2016.09.15 10:35:37.025,8.49755,8.49902,1.00,1.00
2016.09.15 10:35:37.419,8.49766,8.49913,1.00,1.00
2016.09.15 10:35:37.747,8.49765,8.49909,1.00,1.00
2016.09.15 10:35:38.078,8.49765,8.499,1.00,1.00
2016.09.15 10:35:38.239,8.49765,8.4989,1.00,1.00
2016.09.15 10:35:38.291,8.49743,8.4989,1.00,1.00
2016.09.15 10:35:41.132,8.49748,8.49895,1.00,1.00
2016.09.15 10:35:41.437,8.49753,8.499,1.00,1.00
2016.09.15 10:35:42.931,8.4977,8.49921,1.00,1.00
2016.09.15 10:35:43.237,8.49788,8.49935,1.00,1.00
2016.09.15 10:35:43.667,8.49772,8.49917,1.00,1.00
2016.09.15 10:35:44.637,8.49776,8.49923,1.00,1.00
2016.09.15 10:35:44.945,8.49769,8.49916,1.00,1.00
2016.09.15 10:35:45.639,8.49765,8.49912,1.00,1.00
2016.09.15 10:35:48.675,8.49765,8.49915,1.00,1.00
2016.09.15 10:35:48.794,8.4976,8.49909,1.50,1.00
2016.09.15 10:35:49.245,8.49766,8.49916,1.00,1.00
2016.09.15 10:35:49.906,8.49766,8.49916,1.00,1.00
2016.09.15 10:35:50.626,8.49766,8.49915,1.00,1.00
2016.09.15 10:35:52.049,8.49768,8.49915,1.00,1.00
2016.09.15 10:35:52.658,8.49767,8.49919,1.00,1.00
2016.09.15 10:35:54.353,8.49764,8.49914,1.00,1.00
2016.09.15 10:35:54.677,8.4976,8.49909,1.00,1.00
2016.09.15 10:35:54.728,8.4976,8.49923,1.00,1.00
2016.09.15 10:35:54.829,8.4976,8.49923,1.00,1.00
2016.09.15 10:35:55.032,8.49785,8.49936,1.00,1.00
2016.09.15 10:35:55.135,8.49805,8.49936,1.00,1.00
2016.09.15 10:35:55.287,8.49813,8.4995,1.00,1.12
2016.09.15 10:35:55.440,8.49813,8.4995,1.00,1.12
2016.09.15 10:35:55.673,8.49807,8.4995,1.00,1.12
2016.09.15 10:35:55.826,8.49807,8.49958,1.00,1.37
2016.09.15 10:35:55.876,8.49827,8.49977,1.00,1.37
2016.09.15 10:35:56.080,8.49825,8.49969,1.00,1.00
2016.09.15 10:35:56.169,8.49816,8.49969,1.00,1.00
2016.09.15 10:35:56.270,8.49827,8.49977,1.00,1.12
2016.09.15 10:35:56.492,8.49844,8.49986,1.00,1.37
2016.09.15 10:35:56.809,8.49835,8.49986,1.00,1.37
2016.09.15 10:35:57.289,8.49837,8.49994,1.00,1.37
2016.09.15 10:35:57.396,8.49861,8.50011,1.00,1.37
2016.09.15 10:35:57.532,8.49861,8.50011,1.00,1.37
2016.09.15 10:35:57.756,8.49873,8.50024,1.00,1.37
2016.09.15 10:35:57.909,8.49876,8.50026,1.00,1.37
2016.09.15 10:35:58.272,8.49866,8.50016,1.00,1.37
2016.09.15 10:35:58.543,8.49856,8.50006,1.50,1.37
2016.09.15 10:35:58.976,8.49856,8.49999,1.00,1.37
2016.09.15 10:35:59.078,8.49856,8.49999,1.00,1.00
2016.09.15 10:35:59.522,8.49856,8.50004,1.00,1.37
2016.09.15 10:35:59.573,8.49856,8.50006,1.50,1.37
2016.09.15 10:36:00.225,8.49856,8.49997,1.00,1.00
2016.09.15 10:36:00.565,8.49856,8.49997,1.00,1.37
2016.09.15 10:36:00.615,8.49856,8.49992,1.00,1.12
2016.09.15 10:36:00.717,8.49845,8.49993,1.00,1.37
2016.09.15 10:36:00.920,8.49849,8.49998,1.00,1.37
2016.09.15 10:36:01.575,8.49841,8.49986,1.00,1.00
2016.09.15 10:36:02.196,8.49837,8.49986,1.00,1.00
2016.09.15 10:36:02.917,8.49843,8.49992,1.00,1.12
2016.09.15 10:36:03.032,8.49843,8.49992,1.00,1.12
2016.09.15 10:36:03.086,8.49841,8.49991,1.00,1.00
2016.09.15 10:36:03.163,8.49841,8.49991,1.00,1.00
2016.09.15 10:36:03.518,8.49843,8.49992,1.00,1.12
2016.09.15 10:36:03.569,8.49843,8.49992,1.00,1.12
2016.09.15 10:36:03.671,8.49843,8.49992,1.00,1.12
2016.09.15 10:36:03.911,8.49845,8.49992,1.00,1.12
2016.09.15 10:36:04.480,8.49847,8.49997,1.00,1.37
2016.09.15 10:36:04.709,8.49837,8.49984,1.00,1.00
2016.09.15 10:36:05.219,8.49844,8.49991,1.00,1.00
2016.09.15 10:36:05.718,8.49837,8.49984,1.00,1.00
2016.09.15 10:36:07.084,8.49838,8.49985,1.00,1.00
2016.09.15 10:36:07.693,8.49852,8.49999,1.00,1.00
2016.09.15 10:36:07.892,8.49842,8.49989,1.00,1.00
2016.09.15 10:36:08.442,8.49843,8.4999,1.00,1.00
2016.09.15 10:36:09.114,8.49842,8.49989,1.00,1.00
2016.09.15 10:36:09.492,8.49844,8.49989,1.00,1.00
2016.09.15 10:36:09.895,8.49832,8.49979,1.00,1.00
2016.09.15 10:36:09.998,8.49844,8.49991,1.00,1.00
2016.09.15 10:36:10.151,8.49844,8.49991,1.00,1.00
2016.09.15 10:36:10.412,8.49838,8.49985,1.00,1.00
2016.09.15 10:36:11.190,8.49842,8.49989,1.00,1.00
2016.09.15 10:36:11.504,8.49832,8.49979,1.00,1.00
2016.09.15 10:36:12.199,8.49836,8.49983,1.00,1.00
2016.09.15 10:36:13.113,8.49838,8.49985,1.00,1.00
2016.09.15 10:36:13.422,8.49839,8.49981,1.00,1.00
2016.09.15 10:36:14.124,8.49834,8.49976,1.00,1.00
2016.09.15 10:36:14.294,8.49844,8.49988,1.00,1.00
2016.09.15 10:36:14.396,8.4984,8.49984,1.00,1.00
2016.09.15 10:36:15.424,8.49835,8.49979,1.00,1.00
2016.09.15 10:36:16.013,8.49827,8.49969,1.50,1.00
2016.09.15 10:36:16.397,8.49836,8.4998,1.00,1.00
2016.09.15 10:36:16.600,8.49843,8.49988,1.00,1.00
2016.09.15 10:36:17.006,8.49833,8.49977,1.00,1.00
2016.09.15 10:36:17.344,8.49847,8.49991,1.00,1.00
2016.09.15 10:36:17.598,8.49847,8.49991,1.00,1.00
2016.09.15 10:36:19.011,8.49834,8.49978,1.00,1.00
2016.09.15 10:36:20.027,8.4983,8.49974,1.50,1.00
2016.09.15 10:36:20.129,8.4983,8.49968,1.00,1.00
2016.09.15 10:36:20.437,8.49832,8.49976,1.00,1.00
2016.09.15 10:36:21.438,8.4983,8.49971,1.00,1.00
2016.09.15 10:36:21.782,8.4983,8.49971,1.00,1.00
2016.09.15 10:36:22.206,8.4983,8.49971,1.00,1.00
2016.09.15 10:36:23.031,8.4983,8.4997,1.00,1.00
2016.09.15 10:36:24.496,8.4983,8.4997,1.00,1.00
2016.09.15 10:36:24.598,8.4983,8.4997,1.00,1.00
2016.09.15 10:36:24.801,8.4983,8.4997,1.00,1.00
2016.09.15 10:36:24.902,8.4983,8.4997,1.00,1.00
2016.09.15 10:36:27.659,8.49831,8.49975,1.00,1.00
2016.09.15 10:36:28.724,8.4983,8.49974,1.00,1.00
2016.09.15 10:36:29.215,8.4983,8.49972,1.00,1.00
2016.09.15 10:36:39.407,8.49828,8.49972,1.00,1.00
2016.09.15 10:36:40.432,8.49832,8.49977,1.00,1.00
2016.09.15 10:36:40.933,8.49836,8.49981,1.00,1.00
2016.09.15 10:36:42.936,8.49838,8.49982,1.00,1.00
2016.09.15 10:36:43.037,8.49851,8.49987,1.00,1.00
2016.09.15 10:36:43.139,8.49851,8.49987,1.00,1.00
2016.09.15 10:36:44.038,8.49856,8.49987,1.00,1.00
2016.09.15 10:36:45.340,8.49852,8.49987,1.00,1.00
2016.09.15 10:36:45.540,8.49857,8.49987,1.00,1.00
2016.09.15 10:36:47.216,8.49857,8.50004,1.00,1.00
2016.09.15 10:36:47.550,8.49857,8.50004,1.00,1.00
2016.09.15 10:36:50.949,8.49857,8.50001,1.00,1.00
2016.09.15 10:36:51.249,8.4985,8.49995,1.00,1.00
2016.09.15 10:36:54.094,8.49868,8.50012,1.00,1.00
2016.09.15 10:36:54.196,8.49883,8.50027,1.00,1.00
2016.09.15 10:36:54.246,8.49883,8.50027,1.00,1.00
2016.09.15 10:36:54.570,8.49874,8.50018,1.00,1.00
2016.09.15 10:36:54.902,8.49861,8.50004,1.00,1.00
2016.09.15 10:36:54.953,8.49861,8.50004,1.00,1.00
2016.09.15 10:36:55.375,8.49865,8.5001,1.00,1.00
2016.09.15 10:36:55.726,8.49865,8.5001,1.00,1.00
2016.09.15 10:36:56.272,8.4987,8.50015,1.00,1.00
2016.09.15 10:36:58.112,8.49871,8.50016,1.00,1.00
2016.09.15 10:36:58.985,8.4987,8.50015,1.00,1.00
2016.09.15 10:36:59.378,8.49864,8.50018,1.00,1.00
2016.09.15 10:36:59.982,8.49868,8.50022,1.00,1.00
2016.09.15 10:37:00.268,8.49851,8.50004,1.00,1.00
2016.09.15 10:37:00.684,8.49837,8.50002,1.00,1.00
2016.09.15 10:37:00.786,8.49813,8.49965,1.00,1.00
2016.09.15 10:37:00.938,8.49811,8.49965,1.00,1.00
2016.09.15 10:37:01.290,8.49819,8.49972,1.00,1.00
2016.09.15 10:37:01.592,8.49819,8.49988,1.00,1.00
2016.09.15 10:37:01.694,8.49827,8.49983,1.00,1.00
2016.09.15 10:37:01.998,8.49846,8.50002,1.00,1.00
2016.09.15 10:37:02.186,8.49908,8.50039,1.00,1.00
2016.09.15 10:37:02.576,8.49893,8.50038,1.00,1.00
2016.09.15 10:37:02.877,8.49903,8.50039,1.00,1.00
2016.09.15 10:37:02.978,8.49903,8.50039,1.00,1.00
2016.09.15 10:37:03.030,8.49903,8.50048,1.00,1.00
2016.09.15 10:37:03.356,8.49903,8.50048,1.00,1.00
2016.09.15 10:37:03.696,8.49903,8.50048,1.00,1.00
2016.09.15 10:37:04.980,8.49907,8.50052,1.00,1.00
2016.09.15 10:37:07.305,8.4991,8.50055,1.00,1.00
2016.09.15 10:37:07.601,8.4991,8.50055,1.00,1.00
2016.09.15 10:37:08.284,8.49914,8.50057,1.00,1.00
2016.09.15 10:37:10.609,8.49914,8.50057,1.00,1.00
2016.09.15 10:37:10.800,8.49921,8.50065,1.00,1.00
2016.09.15 10:37:10.994,8.4993,8.50075,1.00,1.00
2016.09.15 10:37:11.193,8.4993,8.50075,1.00,1.00
2016.09.15 10:37:11.294,8.4993,8.50075,1.00,1.00
2016.09.15 10:37:11.791,8.49944,8.50077,1.00,1.00
2016.09.15 10:37:12.129,8.49933,8.50077,1.00,1.50
2016.09.15 10:37:12.316,8.49933,8.50077,1.00,1.50
2016.09.15 10:37:12.519,8.49933,8.50077,1.00,1.50
2016.09.15 10:37:14.155,8.49933,8.50077,1.00,1.00
2016.09.15 10:37:14.896,8.4994,8.50085,1.00,1.00
2016.09.15 10:37:17.300,8.4994,8.50085,1.00,1.00
2016.09.15 10:37:17.608,8.4994,8.50085,1.00,1.00
2016.09.15 10:37:18.950,8.49936,8.50081,1.00,1.00
2016.09.15 10:37:19.305,8.49941,8.50084,1.00,1.00
2016.09.15 10:37:20.308,8.49933,8.50077,1.00,1.00
2016.09.15 10:37:21.609,8.4993,8.50077,1.00,1.00
2016.09.15 10:37:21.938,8.4993,8.50077,1.00,1.00
2016.09.15 10:37:21.989,8.4993,8.50077,1.00,1.00
2016.09.15 10:37:22.481,8.49918,8.50065,1.00,1.00
2016.09.15 10:37:22.640,8.49913,8.50059,1.00,1.00
2016.09.15 10:37:23.250,8.49889,8.50062,1.50,1.00
2016.09.15 10:37:23.351,8.49917,8.50064,1.00,1.00
2016.09.15 10:37:24.213,8.49912,8.50059,1.00,1.00
2016.09.15 10:37:25.965,8.49915,8.50062,1.00,1.00
2016.09.15 10:37:27.148,8.49927,8.50067,1.00,1.00
2016.09.15 10:37:28.126,8.49924,8.50067,1.00,1.00
2016.09.15 10:37:29.321,8.49928,8.50067,1.00,1.00
2016.09.15 10:37:30.903,8.49928,8.50067,1.00,1.00
2016.09.15 10:37:31.706,8.49928,8.50067,1.00,1.00
2016.09.15 10:37:31.962,8.49926,8.50067,1.00,1.00
2016.09.15 10:37:34.033,8.49926,8.50073,1.00,1.00
2016.09.15 10:37:35.033,8.49924,8.50071,1.00,1.00
2016.09.15 10:37:37.393,8.49923,8.5007,1.00,1.00
2016.09.15 10:37:39.539,8.49897,8.5007,1.00,1.00
2016.09.15 10:37:44.345,8.499,8.50069,1.00,1.00
2016.09.15 10:37:50.060,8.49904,8.50069,1.00,1.00
2016.09.15 10:37:55.365,8.49893,8.50069,1.60,1.00
2016.09.15 10:37:56.178,8.49893,8.50076,1.60,1.00
2016.09.15 10:37:56.280,8.49908,8.50076,1.00,1.00
2016.09.15 10:37:56.382,8.49908,8.50071,1.00,1.00
2016.09.15 10:37:58.070,8.49908,8.5007,1.00,1.00
2016.09.15 10:37:59.371,8.49908,8.50071,1.00,1.00
2016.09.15 10:38:02.848,8.49908,8.50071,1.00,1.00
2016.09.15 10:38:03.501,8.49908,8.50062,1.00,1.00
2016.09.15 10:38:05.080,8.49908,8.5006,1.00,1.00
2016.09.15 10:38:06.382,8.49908,8.50057,1.00,1.00
2016.09.15 10:38:07.425,8.49908,8.50055,1.00,1.00
2016.09.15 10:38:10.242,8.49908,8.50051,1.00,1.00
2016.09.15 10:38:10.326,8.49908,8.50055,1.00,1.00
2016.09.15 10:38:10.581,8.4987,8.50034,1.35,1.00
2016.09.15 10:38:10.682,8.4987,8.50034,1.00,1.00
2016.09.15 10:38:10.733,8.4987,8.50019,1.00,1.00
2016.09.15 10:38:11.698,8.4987,8.50017,1.00,1.00
2016.09.15 10:38:11.906,8.49834,8.50001,1.60,1.00
2016.09.15 10:38:12.838,8.49832,8.49998,1.60,1.00
2016.09.15 10:38:13.636,8.49836,8.50003,1.60,1.00
2016.09.15 10:38:14.407,8.49844,8.50012,1.00,1.00
2016.09.15 10:38:14.750,8.49831,8.49998,1.00,1.00
2016.09.15 10:38:15.610,8.49835,8.50002,1.00,1.00
2016.09.15 10:38:15.918,8.49831,8.49997,1.00,1.00
2016.09.15 10:38:19.684,8.49831,8.49991,1.00,1.00
2016.09.15 10:38:20.081,8.49831,8.49991,1.00,1.00
2016.09.15 10:38:20.132,8.49831,8.49991,1.00,1.00
2016.09.15 10:38:20.702,8.49831,8.4999,1.00,1.00
2016.09.15 10:38:22.421,8.49831,8.49989,1.00,1.00
2016.09.15 10:38:23.423,8.49831,8.49984,1.00,1.00
2016.09.15 10:38:28.568,8.49831,8.49987,1.00,1.00
2016.09.15 10:38:28.930,8.49831,8.49984,1.00,1.00
2016.09.15 10:38:29.932,8.49831,8.49983,1.00,1.00
2016.09.15 10:38:30.341,8.49831,8.49989,1.00,1.00
2016.09.15 10:38:30.569,8.49821,8.49989,1.00,1.00
2016.09.15 10:38:32.756,8.49817,8.49984,1.00,1.00
2016.09.15 10:38:32.862,8.49817,8.49984,1.37,1.00
2016.09.15 10:38:33.037,8.49822,8.4999,1.37,1.00
2016.09.15 10:38:33.738,8.49818,8.49986,1.37,1.00
2016.09.15 10:38:34.720,8.49818,8.49986,1.00,1.00
2016.09.15 10:38:36.041,8.49819,8.49987,1.00,1.00
2016.09.15 10:38:40.975,8.49819,8.49987,1.00,1.00
2016.09.15 10:38:41.077,8.49819,8.49987,1.00,1.00
2016.09.15 10:38:41.499,8.49819,8.49987,1.00,1.00
2016.09.15 10:38:41.799,8.49823,8.4999,1.00,1.00
2016.09.15 10:38:42.167,8.4981,8.49969,1.72,1.00
2016.09.15 10:38:42.219,8.4981,8.49969,1.30,1.00
2016.09.15 10:38:42.437,8.4981,8.49959,1.30,1.00
2016.09.15 10:38:42.488,8.4981,8.49959,1.30,1.00
2016.09.15 10:38:43.400,8.49774,8.49922,1.00,1.00
2016.09.15 10:38:43.451,8.49774,8.49922,1.00,1.00
2016.09.15 10:38:43.741,8.49774,8.49922,1.00,1.00
2016.09.15 10:38:44.196,8.49774,8.49917,1.00,1.00
2016.09.15 10:38:52.490,8.49774,8.49916,1.00,1.00
2016.09.15 10:38:55.109,8.49774,8.49922,1.00,1.00
2016.09.15 10:38:55.160,8.49774,8.49922,1.00,1.00
2016.09.15 10:38:56.161,8.49774,8.49922,1.00,1.00
2016.09.15 10:38:58.210,8.49774,8.49925,1.00,1.00
2016.09.15 10:38:58.387,8.49774,8.4992,1.00,1.00
2016.09.15 10:38:58.581,8.4976,8.4992,1.00,1.00
2016.09.15 10:38:59.178,8.4976,8.49916,1.00,1.00
2016.09.15 10:39:03.331,8.4976,8.49921,1.00,1.00
2016.09.15 10:39:05.117,8.49761,8.49924,1.00,1.00
2016.09.15 10:39:05.191,8.49764,8.49929,1.00,1.00
2016.09.15 10:39:05.275,8.49764,8.49929,1.00,1.00
2016.09.15 10:39:05.502,8.49787,8.49942,1.00,1.00
2016.09.15 10:39:05.604,8.49787,8.49942,1.00,1.00
2016.09.15 10:39:05.760,8.49809,8.49967,1.00,1.00
2016.09.15 10:39:05.811,8.49821,8.49986,1.37,1.00
2016.09.15 10:39:06.015,8.49821,8.49986,1.37,1.00
2016.09.15 10:39:06.116,8.49821,8.49986,1.37,1.00
2016.09.15 10:39:06.218,8.49821,8.49986,1.37,1.00
2016.09.15 10:39:06.478,8.49821,8.49986,1.37,1.00
2016.09.15 10:39:06.718,8.49817,8.49957,1.37,1.00
2016.09.15 10:39:06.769,8.49817,8.49957,1.00,1.00
2016.09.15 10:39:06.921,8.49792,8.49957,1.00,1.00
2016.09.15 10:39:07.703,8.4979,8.49957,1.00,1.00
2016.09.15 10:39:08.470,8.49787,8.49952,2.10,1.00
2016.09.15 10:39:09.134,8.49787,8.49941,1.60,1.00
2016.09.15 10:39:09.311,8.49793,8.49958,1.00,1.00
2016.09.15 10:39:09.416,8.49793,8.49958,1.00,1.00
2016.09.15 10:39:09.814,8.49812,8.4999,1.00,1.00
2016.09.15 10:39:09.865,8.49812,8.49987,1.00,1.00
2016.09.15 10:39:09.916,8.49787,8.49963,1.00,1.00
2016.09.15 10:39:10.423,8.49787,8.49963,1.00,1.00
2016.09.15 10:39:10.815,8.49787,8.49957,1.00,1.00
2016.09.15 10:39:11.018,8.49787,8.49962,1.00,1.00
2016.09.15 10:39:11.147,8.49787,8.49954,1.00,1.00
2016.09.15 10:39:11.404,8.49787,8.49949,1.00,1.00
2016.09.15 10:39:11.824,8.49797,8.49962,1.00,1.00
2016.09.15 10:39:12.128,8.49787,8.49961,1.00,1.00
2016.09.15 10:39:12.338,8.49797,8.49962,1.00,1.00
2016.09.15 10:39:12.694,8.498,8.49962,1.00,1.00
2016.09.15 10:39:13.507,8.49802,8.49964,1.00,1.00
2016.09.15 10:39:14.508,8.49804,8.49966,1.00,1.00
2016.09.15 10:39:15.412,8.49795,8.49968,1.00,1.00
2016.09.15 10:39:16.156,8.49795,8.49968,1.00,1.00
2016.09.15 10:39:20.621,8.49795,8.49962,1.00,1.00
2016.09.15 10:39:21.134,8.49795,8.4995,1.00,1.00
2016.09.15 10:39:21.376,8.49787,8.4995,1.00,1.00
2016.09.15 10:39:21.662,8.49787,8.49954,1.00,1.00
2016.09.15 10:39:21.713,8.49787,8.49954,1.00,1.00
2016.09.15 10:39:22.047,8.49787,8.49954,1.00,1.00
2016.09.15 10:39:22.149,8.49787,8.49944,1.00,1.00
2016.09.15 10:39:24.455,8.49786,8.49944,1.00,1.00
2016.09.15 10:39:26.624,8.49786,8.49954,1.00,1.00
2016.09.15 10:39:27.435,8.49786,8.49957,1.00,1.00
2016.09.15 10:39:28.438,8.49786,8.49957,1.00,1.50
2016.09.15 10:39:29.273,8.49786,8.49957,1.12,1.50
2016.09.15 10:39:29.477,8.49786,8.49943,1.12,1.00
2016.09.15 10:39:29.539,8.49786,8.49954,1.12,1.00
2016.09.15 10:39:30.594,8.49786,8.49954,1.00,1.00
2016.09.15 10:39:35.247,8.49786,8.49953,1.00,1.00
2016.09.15 10:39:37.554,8.49786,8.49952,1.00,1.00
2016.09.15 10:39:39.519,8.49786,8.49952,1.00,1.00
2016.09.15 10:39:40.065,8.49786,8.49952,1.00,1.00
2016.09.15 10:39:40.167,8.49786,8.49952,1.00,1.00
2016.09.15 10:39:40.269,8.49794,8.49952,1.00,1.00
2016.09.15 10:39:42.499,8.49794,8.49957,1.00,1.00
2016.09.15 10:39:43.958,8.49794,8.49957,1.00,1.50
2016.09.15 10:39:44.009,8.49794,8.4995,1.00,1.00
2016.09.15 10:39:44.571,8.49794,8.49948,1.00,1.00
2016.09.15 10:39:45.655,8.49794,8.49946,1.00,1.00
2016.09.15 10:39:46.060,8.49794,8.49947,1.00,1.00
2016.09.15 10:39:46.406,8.49794,8.49947,1.00,1.00
2016.09.15 10:39:47.562,8.49794,8.49947,1.00,1.00
2016.09.15 10:39:47.904,8.49794,8.49947,1.00,1.00
2016.09.15 10:39:50.065,8.49794,8.49947,1.00,1.00
2016.09.15 10:39:55.623,8.49794,8.49949,1.00,1.00
2016.09.15 10:39:58.635,8.49782,8.49949,1.00,1.00
2016.09.15 10:39:59.594,8.49789,8.49948,1.00,1.00
2016.09.15 10:40:02.203,8.49793,8.49953,1.00,1.00
2016.09.15 10:40:05.303,8.49794,8.49953,1.00,1.00
2016.09.15 10:40:07.606,8.49792,8.49952,1.00,1.00
2016.09.15 10:40:09.343,8.49792,8.49952,1.00,1.00
2016.09.15 10:40:09.445,8.49782,8.49942,1.50,1.00
2016.09.15 10:40:12.638,8.49782,8.49938,1.00,1.00
2016.09.15 10:40:13.518,8.49784,8.49944,1.00,1.00
2016.09.15 10:40:15.632,8.49784,8.49944,1.00,1.00
2016.09.15 10:40:17.173,8.4978,8.4994,1.00,1.00
2016.09.15 10:40:17.323,8.49784,8.49944,1.00,1.00
2016.09.15 10:40:20.328,8.49782,8.49942,1.00,1.00
2016.09.15 10:40:20.529,8.49776,8.49936,1.00,1.00
2016.09.15 10:40:20.803,8.49776,8.49936,1.00,1.00
2016.09.15 10:40:20.854,8.49768,8.49919,1.37,1.00
2016.09.15 10:40:21.007,8.49755,8.49908,1.37,1.00
2016.09.15 10:40:21.057,8.49748,8.49908,1.75,1.00
2016.09.15 10:40:21.342,8.49757,8.49917,1.37,1.00
2016.09.15 10:40:21.632,8.49767,8.49927,1.37,1.00
2016.09.15 10:40:21.843,8.49776,8.49936,1.00,1.00
2016.09.15 10:40:22.850,8.49777,8.49937,1.00,1.00
2016.09.15 10:40:23.476,8.4978,8.4994,1.00,1.00
2016.09.15 10:40:23.656,8.4978,8.4994,1.00,1.00
2016.09.15 10:40:23.987,8.49776,8.49934,1.00,1.00
2016.09.15 10:40:24.763,8.49781,8.49941,1.00,1.00
2016.09.15 10:40:24.865,8.49776,8.49934,1.00,1.00
2016.09.15 10:40:25.169,8.49781,8.49941,1.00,1.00
2016.09.15 10:40:25.270,8.49781,8.49941,1.00,1.00
2016.09.15 10:40:25.753,8.49776,8.49934,1.00,1.00
2016.09.15 10:40:27.379,8.49776,8.49934,1.00,1.00
2016.09.15 10:40:27.554,8.49776,8.49934,1.00,1.00
2016.09.15 10:40:28.157,8.49776,8.49934,1.00,1.00
2016.09.15 10:40:28.470,8.49776,8.49934,1.00,1.00
2016.09.15 10:40:28.688,8.49776,8.49934,1.00,1.00
2016.09.15 10:40:30.871,8.49781,8.49941,1.00,1.00
2016.09.15 10:40:31.058,8.49776,8.49934,1.00,1.00
2016.09.15 10:40:33.462,8.49781,8.49941,1.00,1.00
2016.09.15 10:40:33.662,8.49776,8.49934,1.00,1.00
2016.09.15 10:40:34.074,8.49781,8.49941,1.00,1.00
2016.09.15 10:40:34.464,8.49776,8.49934,1.00,1.00
2016.09.15 10:40:35.465,8.49776,8.49933,1.00,1.00
2016.09.15 10:40:37.712,8.49776,8.49932,1.00,1.00
2016.09.15 10:40:38.620,8.49773,8.49932,1.00,1.00
2016.09.15 10:40:39.198,8.49781,8.49941,1.00,1.00
2016.09.15 10:40:41.316,8.49786,8.49946,1.00,1.00
2016.09.15 10:40:41.879,8.49786,8.49946,1.00,1.00
2016.09.15 10:40:44.678,8.4979,8.49949,1.00,1.00
2016.09.15 10:40:46.217,8.4979,8.49949,1.00,1.00
2016.09.15 10:40:46.319,8.49783,8.49943,1.00,1.00
2016.09.15 10:40:46.589,8.49787,8.49947,1.00,1.00
2016.09.15 10:40:47.282,8.49783,8.49943,1.00,1.00
2016.09.15 10:40:49.224,8.49783,8.49943,1.00,1.00
2016.09.15 10:40:49.887,8.49772,8.49928,1.00,1.00
2016.09.15 10:40:50.039,8.49772,8.49928,1.00,1.00
2016.09.15 10:40:50.285,8.49772,8.49928,1.00,1.00
2016.09.15 10:40:50.438,8.49772,8.4992,1.00,1.00
2016.09.15 10:40:50.495,8.49772,8.4992,1.00,1.00
2016.09.15 10:40:50.922,8.49772,8.49914,1.00,1.00
2016.09.15 10:40:51.646,8.49772,8.49914,1.00,1.00
2016.09.15 10:40:51.799,8.49772,8.49914,1.00,1.00
2016.09.15 10:40:52.002,8.49772,8.49914,1.00,1.00
2016.09.15 10:40:53.793,8.49772,8.49925,1.00,1.00
2016.09.15 10:40:53.844,8.49775,8.49925,1.00,1.00
2016.09.15 10:40:53.895,8.4978,8.49937,1.00,1.00
2016.09.15 10:40:54.047,8.4978,8.49937,1.00,1.00
2016.09.15 10:40:54.931,8.49783,8.4994,1.00,1.00
2016.09.15 10:40:55.920,8.49776,8.49931,1.00,1.00
2016.09.15 10:40:56.451,8.49776,8.49931,1.00,1.00
2016.09.15 10:40:56.502,8.49775,8.49923,1.00,1.00
2016.09.15 10:40:56.932,8.49775,8.49917,1.00,1.00
2016.09.15 10:40:57.538,8.49775,8.49927,1.00,1.00
2016.09.15 10:40:57.589,8.4977,8.49927,1.00,1.00
2016.09.15 10:40:58.499,8.49766,8.49923,1.00,1.00
2016.09.15 10:40:59.306,8.49759,8.49916,1.00,1.00
2016.09.15 10:41:00.136,8.49752,8.49909,1.00,1.00
2016.09.15 10:41:00.995,8.49746,8.49903,1.00,1.00
2016.09.15 10:41:01.224,8.49745,8.49898,1.00,1.00
2016.09.15 10:41:01.470,8.49745,8.49898,1.00,1.00
2016.09.15 10:41:03.449,8.49745,8.49898,1.00,1.00
2016.09.15 10:41:03.730,8.49745,8.49898,1.00,1.00
2016.09.15 10:41:03.831,8.49745,8.49898,1.00,1.00
2016.09.15 10:41:05.429,8.49745,8.49899,1.00,1.00
2016.09.15 10:41:05.912,8.49746,8.49903,1.00,1.00
2016.09.15 10:41:07.776,8.49745,8.499,1.00,1.00
2016.09.15 10:41:09.187,8.49742,8.499,1.00,1.00
2016.09.15 10:41:09.288,8.49742,8.499,1.00,1.00
2016.09.15 10:41:09.441,8.49742,8.499,1.00,1.00
2016.09.15 10:41:09.542,8.49736,8.49891,1.00,1.00
2016.09.15 10:41:09.847,8.49731,8.49886,1.00,1.00
2016.09.15 10:41:09.898,8.49731,8.49886,1.00,1.00
2016.09.15 10:41:09.950,8.49724,8.49882,1.00,1.00
2016.09.15 10:41:10.115,8.49724,8.49882,1.00,1.00
2016.09.15 10:41:10.176,8.49702,8.49859,1.00,1.00
2016.09.15 10:41:10.227,8.49681,8.49846,1.00,1.00
2016.09.15 10:41:10.328,8.4969,8.49846,1.00,1.00
2016.09.15 10:41:11.031,8.49688,8.49862,1.00,1.00
2016.09.15 10:41:11.082,8.49688,8.49862,1.00,1.00
2016.09.15 10:41:11.132,8.49681,8.49848,1.00,1.00
2016.09.15 10:41:11.183,8.49674,8.49848,1.50,1.00
2016.09.15 10:41:11.336,8.49674,8.49837,1.00,1.00
2016.09.15 10:41:12.021,8.49674,8.49843,1.00,1.00
2016.09.15 10:41:13.423,8.49674,8.49842,1.00,1.00
2016.09.15 10:41:14.725,8.49674,8.49843,1.00,1.00
2016.09.15 10:41:16.454,8.49674,8.49841,1.00,1.00
2016.09.15 10:41:18.200,8.49677,8.49851,1.00,1.00
2016.09.15 10:41:18.266,8.49677,8.49851,1.00,1.00
2016.09.15 10:41:18.368,8.49677,8.49851,1.00,1.00
2016.09.15 10:41:18.773,8.49674,8.4985,1.00,1.00
2016.09.15 10:41:19.029,8.49674,8.49842,1.00,1.00
2016.09.15 10:41:19.733,8.49674,8.49838,1.00,1.00
2016.09.15 10:41:20.735,8.49674,8.4984,1.00,1.00
2016.09.15 10:41:21.704,8.49674,8.4984,1.00,1.00
2016.09.15 10:41:22.824,8.49674,8.49842,1.00,1.00
2016.09.15 10:41:26.988,8.49674,8.49846,1.00,1.00
2016.09.15 10:41:27.690,8.49674,8.49842,1.00,1.00
2016.09.15 10:41:28.365,8.49669,8.49842,1.00,1.00
2016.09.15 10:41:28.526,8.4966,8.49833,1.00,1.00
2016.09.15 10:41:28.577,8.4966,8.49833,1.00,1.00
2016.09.15 10:41:29.266,8.49673,8.49846,1.00,1.00
2016.09.15 10:41:29.749,8.49679,8.49836,1.00,1.00
2016.09.15 10:41:35.358,8.49676,8.49831,1.00,1.00
2016.09.15 10:41:36.423,8.49676,8.49834,1.00,1.00
2016.09.15 10:41:39.345,8.49676,8.49834,1.00,1.00
2016.09.15 10:41:39.395,8.49665,8.49823,1.00,1.00
2016.09.15 10:41:39.497,8.49658,8.49804,1.00,1.00
2016.09.15 10:41:39.599,8.49647,8.49804,1.00,1.00
2016.09.15 10:41:40.467,8.49643,8.49801,1.00,1.00
2016.09.15 10:41:40.519,8.49643,8.49801,1.00,1.00
2016.09.15 10:41:40.570,8.4964,8.49797,1.00,1.00
2016.09.15 10:41:40.996,8.4964,8.49797,1.00,1.00
2016.09.15 10:41:43.567,8.49641,8.49799,1.00,1.00
2016.09.15 10:41:44.773,8.49644,8.49802,1.00,1.00
2016.09.15 10:41:46.211,8.49641,8.49798,1.00,1.00
2016.09.15 10:41:46.491,8.49635,8.4979,1.00,1.00
2016.09.15 10:41:46.798,8.49625,8.49777,1.00,1.00
2016.09.15 10:41:46.877,8.49622,8.49777,1.00,1.00
2016.09.15 10:41:46.927,8.4962,8.49769,1.00,1.00
2016.09.15 10:41:46.978,8.49612,8.49769,1.00,1.00
2016.09.15 10:41:47.270,8.49612,8.49769,1.00,1.00
2016.09.15 10:41:47.321,8.49612,8.49769,1.00,1.00
2016.09.15 10:41:47.422,8.496,8.49757,1.00,1.00
2016.09.15 10:41:47.543,8.496,8.49757,1.00,1.00
2016.09.15 10:41:47.844,8.496,8.49757,1.00,1.00
2016.09.15 10:41:47.909,8.496,8.49757,1.00,1.00
2016.09.15 10:41:50.133,8.4959,8.49744,1.00,1.00
2016.09.15 10:41:50.234,8.4959,8.49735,1.00,1.00
2016.09.15 10:41:50.336,8.49578,8.49735,1.00,1.00
2016.09.15 10:41:50.577,8.49571,8.49728,1.00,1.00
2016.09.15 10:41:51.417,8.49567,8.49724,1.00,1.00
2016.09.15 10:41:52.795,8.49568,8.49726,1.00,1.00
2016.09.15 10:41:53.738,8.49571,8.49726,1.00,1.00
2016.09.15 10:41:57.848,8.49573,8.49728,1.00,1.00
2016.09.15 10:41:57.949,8.49598,8.49751,1.00,1.50
2016.09.15 10:41:58.000,8.49598,8.49751,1.00,1.00
2016.09.15 10:41:58.153,8.49607,8.49759,1.00,1.00
2016.09.15 10:41:59.810,8.49606,8.49761,1.00,1.00
2016.09.15 10:42:02.743,8.49598,8.49752,1.00,1.00
2016.09.15 10:42:03.007,8.49582,8.49737,1.00,1.00
2016.09.15 10:42:03.273,8.49593,8.49748,1.00,1.00
2016.09.15 10:42:03.375,8.49585,8.4974,1.00,1.00
2016.09.15 10:42:03.731,8.49586,8.49741,1.00,1.00
2016.09.15 10:42:04.742,8.49583,8.49737,1.00,1.00
2016.09.15 10:42:04.846,8.49583,8.49737,1.00,1.00
2016.09.15 10:42:04.948,8.49571,8.49726,1.00,1.00
2016.09.15 10:42:05.469,8.49571,8.49726,1.00,1.00
2016.09.15 10:42:05.715,8.49571,8.49726,1.00,1.00
2016.09.15 10:42:05.848,8.49571,8.49726,1.00,1.00
2016.09.15 10:42:06.376,8.49579,8.49734,1.00,1.00
2016.09.15 10:42:07.833,8.49578,8.49732,1.00,1.00
2016.09.15 10:42:10.169,8.49581,8.49735,1.00,1.00
2016.09.15 10:42:11.338,8.49583,8.49735,1.00,1.00
2016.09.15 10:42:13.542,8.49582,8.49734,1.00,1.00
2016.09.15 10:42:14.744,8.49585,8.49734,1.00,1.00
2016.09.15 10:42:15.065,8.49595,8.49744,1.00,1.00
2016.09.15 10:42:15.220,8.49593,8.49756,1.00,1.00
2016.09.15 10:42:15.271,8.49591,8.49741,1.00,1.00
2016.09.15 10:42:15.747,8.49602,8.49751,1.00,1.00
2016.09.15 10:42:16.469,8.49609,8.49759,1.00,1.00
2016.09.15 10:42:16.762,8.49614,8.49764,1.00,1.00
2016.09.15 10:42:17.117,8.49667,8.49806,1.00,1.00
2016.09.15 10:42:17.173,8.49667,8.49816,1.00,1.00
2016.09.15 10:42:17.275,8.49667,8.49816,1.00,1.00
2016.09.15 10:42:17.377,8.49667,8.49816,1.00,1.00
2016.09.15 10:42:17.479,8.49667,8.49816,1.00,1.00
2016.09.15 10:42:17.973,8.49656,8.49815,1.00,1.00
2016.09.15 10:42:18.024,8.49656,8.49815,1.00,1.00
2016.09.15 10:42:18.952,8.49646,8.49796,1.00,1.00
2016.09.15 10:42:19.278,8.49657,8.49805,1.00,1.00
2016.09.15 10:42:20.155,8.49655,8.49805,1.00,1.00
2016.09.15 10:42:21.156,8.49659,8.49808,1.00,1.00
2016.09.15 10:42:22.867,8.49657,8.49807,1.00,1.00
2016.09.15 10:42:24.280,8.49655,8.49804,1.00,1.00
2016.09.15 10:42:26.064,8.49632,8.49782,1.00,1.00
2016.09.15 10:42:26.165,8.49632,8.49782,1.00,1.00
2016.09.15 10:42:26.217,8.49632,8.49782,1.00,1.00
2016.09.15 10:42:26.546,8.49623,8.49768,1.00,1.00
2016.09.15 10:42:26.597,8.49631,8.4978,1.00,1.00
2016.09.15 10:42:27.065,8.4962,8.4977,1.00,1.00
2016.09.15 10:42:27.618,8.4962,8.4977,1.00,1.00
2016.09.15 10:42:27.669,8.49625,8.49787,1.00,1.00
2016.09.15 10:42:28.671,8.49623,8.49772,1.00,1.00
2016.09.15 10:42:29.995,8.49624,8.49773,1.00,1.00
2016.09.15 10:42:31.572,8.49618,8.49768,1.00,1.00
2016.09.15 10:42:35.580,8.49622,8.49769,1.00,1.00
2016.09.15 10:42:37.881,8.49624,8.49773,1.00,1.00
2016.09.15 10:42:38.883,8.49627,8.49777,1.00,1.00
2016.09.15 10:42:39.113,8.49632,8.49782,1.00,1.00
2016.09.15 10:42:40.909,8.49626,8.49776,1.00,1.00
2016.09.15 10:42:41.487,8.49621,8.4977,1.00,1.00
2016.09.15 10:42:43.590,8.49624,8.49773,1.00,1.00
2016.09.15 10:42:43.992,8.49617,8.49766,1.00,1.00
2016.09.15 10:42:44.530,8.496,8.49749,1.00,1.00
2016.09.15 10:42:44.581,8.496,8.49749,1.00,1.00
2016.09.15 10:42:44.799,8.49608,8.49758,1.00,1.00
2016.09.15 10:42:44.956,8.49618,8.49761,1.00,1.00
2016.09.15 10:42:45.008,8.49618,8.49767,1.00,1.00
2016.09.15 10:42:47.254,8.49618,8.49767,1.00,1.00
2016.09.15 10:42:49.392,8.49618,8.49767,1.00,1.00
2016.09.15 10:42:49.443,8.496,8.4975,1.00,1.00
2016.09.15 10:42:49.493,8.496,8.4975,1.00,1.00
2016.09.15 10:42:49.646,8.49586,8.49735,1.00,1.00
2016.09.15 10:42:50.766,8.49582,8.4973,1.00,1.00
2016.09.15 10:42:51.502,8.4958,8.49729,1.00,1.00
2016.09.15 10:42:52.928,8.49581,8.4973,1.00,1.00
2016.09.15 10:42:54.807,8.49577,8.49736,1.00,1.00
2016.09.15 10:42:54.909,8.49582,8.49729,1.00,1.00
2016.09.15 10:42:55.010,8.49592,8.4974,1.00,1.00
2016.09.15 10:42:55.112,8.49604,8.49754,1.00,1.00
2016.09.15 10:42:55.454,8.49604,8.49754,1.00,1.00
2016.09.15 10:42:55.506,8.49626,8.49768,1.00,1.00
2016.09.15 10:42:56.362,8.49632,8.49777,1.00,1.00
2016.09.15 10:42:56.465,8.49637,8.49777,1.00,1.00
2016.09.15 10:42:57.336,8.49642,8.49777,1.00,1.00
2016.09.15 10:42:58.658,8.49643,8.49777,1.00,1.00
2016.09.15 10:42:59.422,8.49628,8.49777,1.00,1.00
2016.09.15 10:42:59.713,8.49602,8.49758,1.00,1.00
2016.09.15 10:42:59.764,8.496,8.49747,1.00,1.00
2016.09.15 10:42:59.866,8.49617,8.4976,1.00,1.00
2016.09.15 10:43:00.034,8.49617,8.4976,1.00,1.00
2016.09.15 10:43:00.380,8.49617,8.49764,1.00,1.00
2016.09.15 10:43:00.432,8.49617,8.49764,1.00,1.00
2016.09.15 10:43:00.753,8.49622,8.49769,1.00,1.00
2016.09.15 10:43:01.200,8.49622,8.49769,1.00,1.00
2016.09.15 10:43:01.400,8.49646,8.49791,1.00,1.50
2016.09.15 10:43:01.451,8.49652,8.49799,1.00,1.00
2016.09.15 10:43:02.462,8.4965,8.49797,1.00,1.00
2016.09.15 10:43:02.839,8.49656,8.49803,1.00,1.00
2016.09.15 10:43:04.620,8.49656,8.49803,1.00,1.00
2016.09.15 10:43:05.657,8.49662,8.49807,1.00,1.00
2016.09.15 10:43:05.850,8.49662,8.49807,1.00,1.00
2016.09.15 10:43:05.957,8.49656,8.49803,1.00,1.00
2016.09.15 10:43:06.008,8.49656,8.49803,1.00,1.00
2016.09.15 10:43:06.316,8.49656,8.49803,1.00,1.00
2016.09.15 10:43:06.649,8.49652,8.49799,1.00,1.00
2016.09.15 10:43:06.700,8.49652,8.49799,1.00,1.00
2016.09.15 10:43:07.599,8.49652,8.49799,1.00,1.00
2016.09.15 10:43:08.243,8.49651,8.49798,1.00,1.00
2016.09.15 10:43:10.338,8.49651,8.49798,1.00,1.00
2016.09.15 10:43:12.731,8.49651,8.49798,1.00,1.00
2016.09.15 10:43:12.833,8.49651,8.49798,1.00,1.00
2016.09.15 10:43:13.138,8.49626,8.49773,1.00,1.00
2016.09.15 10:43:13.917,8.49621,8.49768,1.00,1.00
2016.09.15 10:43:14.963,8.49622,8.49769,1.00,1.00
2016.09.15 10:43:15.014,8.49622,8.49769,1.00,1.00
2016.09.15 10:43:15.250,8.49627,8.49777,1.00,1.00
2016.09.15 10:43:15.864,8.49605,8.49783,1.00,1.00
2016.09.15 10:43:16.126,8.49605,8.49771,1.00,1.00
2016.09.15 10:43:16.177,8.49595,8.49763,1.00,1.50
2016.09.15 10:43:16.228,8.49595,8.49763,1.00,1.50
2016.09.15 10:43:16.658,8.49592,8.49739,1.00,1.00
2016.09.15 10:43:17.039,8.49592,8.49739,1.00,1.00
2016.09.15 10:43:17.420,8.49592,8.49739,1.00,1.00
2016.09.15 10:43:18.018,8.4959,8.49737,1.00,1.00
2016.09.15 10:43:18.219,8.4959,8.49737,1.00,1.00
2016.09.15 10:43:19.555,8.49592,8.49762,1.00,1.00
2016.09.15 10:43:20.324,8.49592,8.49762,1.00,1.00
2016.09.15 10:43:23.059,8.49593,8.49763,1.00,1.50
2016.09.15 10:43:26.366,8.49588,8.49759,1.00,1.00
2016.09.15 10:43:27.061,8.49588,8.49759,1.00,1.00
2016.09.15 10:43:27.379,8.49579,8.49725,1.00,1.00
2016.09.15 10:43:27.435,8.49579,8.49725,1.00,1.00
2016.09.15 10:43:28.185,8.49579,8.49725,1.00,1.00
2016.09.15 10:43:28.288,8.49579,8.49725,1.00,1.00
2016.09.15 10:43:28.416,8.49581,8.49754,1.00,1.00
2016.09.15 10:43:28.571,8.49581,8.49754,1.00,1.00
2016.09.15 10:43:28.672,8.49584,8.49753,1.00,1.00
2016.09.15 10:43:29.689,8.49587,8.49757,1.00,1.00
2016.09.15 10:43:30.272,8.49584,8.49757,1.00,1.00
2016.09.15 10:43:32.694,8.4958,8.49752,1.00,1.00
2016.09.15 10:43:35.580,8.49584,8.49757,1.00,1.00
2016.09.15 10:43:35.680,8.4959,8.49752,1.00,1.00
2016.09.15 10:43:36.382,8.49583,8.49747,1.00,1.00
2016.09.15 10:43:37.583,8.49587,8.4975,1.00,1.00
2016.09.15 10:43:37.683,8.49583,8.49747,1.00,1.00
2016.09.15 10:43:38.188,8.49591,8.49755,1.00,1.00
2016.09.15 10:43:38.707,8.496,8.49747,1.00,1.00
2016.09.15 10:43:39.089,8.49575,8.49761,1.00,1.00
2016.09.15 10:43:39.420,8.49602,8.49749,1.00,1.00
2016.09.15 10:43:39.687,8.49579,8.4975,1.00,1.00
2016.09.15 10:43:39.922,8.49571,8.4976,1.00,1.00
2016.09.15 10:43:41.190,8.49571,8.49763,1.00,1.50
2016.09.15 10:43:41.693,8.49571,8.49763,1.00,1.00
2016.09.15 10:43:41.811,8.49583,8.49756,1.00,1.00
2016.09.15 10:43:42.793,8.49571,8.4976,1.00,1.00
2016.09.15 10:43:43.476,8.49605,8.49752,1.00,1.00
2016.09.15 10:43:43.527,8.49595,8.49741,1.00,1.00
2016.09.15 10:43:44.398,8.49587,8.49734,1.00,1.00
2016.09.15 10:43:45.071,8.49586,8.49733,1.00,1.00
2016.09.15 10:43:45.499,8.49582,8.49748,1.00,1.00
2016.09.15 10:43:45.618,8.49578,8.49745,1.00,1.00
2016.09.15 10:43:46.320,8.4958,8.49724,1.00,1.00
2016.09.15 10:43:46.371,8.4958,8.49724,1.00,1.00
2016.09.15 10:43:46.574,8.49568,8.49715,1.00,1.00
2016.09.15 10:43:47.104,8.49567,8.49714,1.00,1.00
2016.09.15 10:43:49.214,8.49567,8.49712,1.00,1.00
2016.09.15 10:43:49.316,8.49565,8.49712,1.00,1.00
2016.09.15 10:43:49.417,8.49562,8.49709,1.00,1.00
2016.09.15 10:43:49.679,8.49562,8.49709,1.00,1.00
2016.09.15 10:43:50.313,8.49562,8.49709,1.00,1.00
2016.09.15 10:43:51.117,8.49558,8.49719,1.00,1.00
2016.09.15 10:43:52.139,8.49564,8.49718,1.00,1.00
2016.09.15 10:43:52.518,8.49564,8.49718,1.00,1.00
2016.09.15 10:43:53.821,8.49564,8.49718,1.00,1.00
2016.09.15 10:43:54.020,8.49564,8.49718,1.00,1.00
2016.09.15 10:43:54.320,8.49564,8.49718,1.00,1.00
2016.09.15 10:43:54.822,8.49564,8.49718,1.00,1.00
2016.09.15 10:43:56.324,8.49564,8.49718,1.00,1.00
2016.09.15 10:43:56.525,8.49564,8.49718,1.00,1.00
2016.09.15 10:43:57.025,8.49564,8.49718,1.00,1.00
2016.09.15 10:43:57.324,8.4957,8.49726,1.00,1.00
2016.09.15 10:44:00.127,8.49568,8.49726,1.00,1.00
2016.09.15 10:44:01.129,8.49562,8.4972,1.00,1.00
2016.09.15 10:44:05.773,8.49573,8.4972,1.00,1.00
2016.09.15 10:44:07.824,8.49579,8.49727,1.00,1.00
2016.09.15 10:44:07.980,8.49563,8.4972,1.00,1.00
2016.09.15 10:44:08.140,8.49563,8.4972,1.00,1.00
2016.09.15 10:44:08.940,8.49553,8.49724,1.00,1.00
2016.09.15 10:44:10.929,8.49548,8.49719,1.00,1.00
2016.09.15 10:44:13.019,8.49548,8.49719,1.00,1.00
2016.09.15 10:44:13.338,8.49557,8.49726,1.00,1.00
2016.09.15 10:44:14.258,8.49555,8.49726,1.00,1.00
2016.09.15 10:44:14.522,8.49555,8.49726,1.00,1.00
2016.09.15 10:44:14.573,8.49545,8.49716,1.00,1.00
2016.09.15 10:44:14.624,8.49545,8.49716,1.00,1.00
2016.09.15 10:44:15.526,8.49545,8.49716,1.00,1.00
2016.09.15 10:44:15.577,8.49543,8.49712,1.00,1.00
2016.09.15 10:44:15.729,8.49543,8.49712,1.00,1.00
2016.09.15 10:44:16.179,8.4955,8.49719,1.00,1.00
2016.09.15 10:44:16.828,8.4955,8.49719,1.00,1.00
2016.09.15 10:44:16.879,8.49567,8.49735,1.00,1.00
2016.09.15 10:44:17.035,8.49561,8.4973,1.00,1.00
2016.09.15 10:44:17.086,8.49571,8.4974,1.00,1.00
2016.09.15 10:44:17.981,8.49566,8.49734,1.00,1.00
2016.09.15 10:44:20.569,8.49552,8.4972,1.00,1.00
2016.09.15 10:44:20.672,8.49545,8.49714,1.00,1.00
2016.09.15 10:44:20.936,8.49542,8.49706,1.00,1.00
2016.09.15 10:44:21.060,8.49548,8.49715,1.00,1.00
2016.09.15 10:44:21.324,8.49575,8.49744,1.00,1.00
2016.09.15 10:44:21.579,8.49575,8.49744,1.00,1.00
2016.09.15 10:44:21.861,8.49565,8.49734,1.00,1.00
2016.09.15 10:44:23.250,8.49564,8.49733,1.00,1.00
2016.09.15 10:44:23.865,8.4957,8.49736,1.00,1.00
2016.09.15 10:44:24.292,8.49564,8.49733,1.00,1.00
2016.09.15 10:44:24.866,8.49569,8.49737,1.00,1.00
2016.09.15 10:44:25.976,8.4957,8.49738,1.00,1.00
2016.09.15 10:44:26.067,8.49564,8.49733,1.00,1.00
2016.09.15 10:44:27.949,8.49558,8.49726,1.00,1.00
2016.09.15 10:44:28.189,8.49544,8.49713,1.00,1.00
2016.09.15 10:44:29.172,8.49543,8.49712,1.00,1.00
2016.09.15 10:44:29.380,8.4954,8.49706,1.00,1.00
2016.09.15 10:44:30.074,8.49551,8.49698,1.00,1.00
2016.09.15 10:44:31.012,8.49547,8.49694,1.00,1.00
2016.09.15 10:44:31.441,8.49552,8.49699,1.00,1.00
2016.09.15 10:44:34.730,8.4954,8.49674,1.00,1.00
2016.09.15 10:44:34.781,8.4954,8.49674,1.00,1.00
2016.09.15 10:44:34.883,8.4954,8.49672,1.00,1.00
2016.09.15 10:44:35.191,8.4954,8.49669,1.00,1.00
2016.09.15 10:44:35.762,8.4954,8.49669,1.00,1.00
2016.09.15 10:44:35.950,8.49517,8.49663,1.00,1.00
2016.09.15 10:44:36.785,8.49511,8.49658,1.00,1.00
2016.09.15 10:44:36.886,8.49511,8.49658,1.00,1.00
2016.09.15 10:44:38.186,8.4951,8.49657,1.00,1.00
2016.09.15 10:44:41.819,8.49509,8.49648,1.00,1.00
2016.09.15 10:44:41.886,8.49509,8.49648,1.00,1.00
2016.09.15 10:44:41.937,8.49509,8.49653,1.00,1.00
2016.09.15 10:44:41.987,8.49509,8.49653,1.00,1.00
2016.09.15 10:44:42.038,8.49512,8.49686,1.00,1.00
2016.09.15 10:44:42.792,8.49524,8.49689,1.00,1.00
2016.09.15 10:44:43.141,8.4952,8.49667,1.00,1.00
2016.09.15 10:44:43.465,8.49509,8.49655,1.00,1.00
2016.09.15 10:44:44.323,8.49528,8.49675,1.00,1.00
2016.09.15 10:44:44.919,8.4953,8.49677,1.00,1.00
2016.09.15 10:44:45.294,8.4953,8.49677,1.00,1.00
2016.09.15 10:44:45.483,8.4953,8.49677,1.00,1.00
2016.09.15 10:44:47.958,8.49526,8.49673,1.00,1.00
2016.09.15 10:44:48.027,8.49526,8.49673,1.00,1.00
2016.09.15 10:44:48.130,8.49515,8.49662,1.00,1.00
2016.09.15 10:44:48.240,8.49515,8.49662,1.00,1.00
2016.09.15 10:44:48.676,8.49515,8.49662,1.00,1.00
2016.09.15 10:44:49.102,8.49515,8.49662,1.00,1.00
2016.09.15 10:44:50.905,8.49516,8.49663,1.00,1.00
2016.09.15 10:44:53.735,8.49512,8.49659,1.00,1.00
2016.09.15 10:44:53.809,8.49518,8.49663,1.00,1.00
2016.09.15 10:44:53.860,8.49518,8.49663,1.00,1.00
2016.09.15 10:44:54.912,8.49518,8.49663,1.00,1.00
2016.09.15 10:44:55.722,8.49518,8.49663,1.00,1.00
2016.09.15 10:44:55.824,8.49518,8.49663,1.00,1.00
2016.09.15 10:44:55.948,8.49512,8.49659,1.00,1.00
2016.09.15 10:44:56.050,8.49512,8.49659,1.00,1.00
2016.09.15 10:44:56.814,8.49511,8.49658,1.00,1.00
2016.09.15 10:44:56.918,8.49511,8.49658,1.00,1.00
2016.09.15 10:44:58.640,8.49511,8.49658,1.00,1.00
2016.09.15 10:44:58.969,8.49515,8.49662,1.00,1.00
2016.09.15 10:44:59.819,8.49516,8.49663,1.00,1.00
2016.09.15 10:45:00.258,8.49538,8.49685,1.00,1.00
2016.09.15 10:45:00.360,8.49527,8.49682,1.00,1.00
2016.09.15 10:45:00.521,8.49527,8.49674,1.00,1.00
2016.09.15 10:45:00.973,8.49536,8.49683,1.00,1.00
2016.09.15 10:45:01.579,8.49536,8.49683,1.00,1.00
2016.09.15 10:45:02.402,8.49536,8.49683,1.00,1.00
2016.09.15 10:45:02.810,8.49536,8.49683,1.00,1.00
2016.09.15 10:45:05.129,8.49532,8.49679,1.00,1.00
2016.09.15 10:45:05.655,8.49536,8.49683,1.00,1.00
2016.09.15 10:45:13.940,8.49537,8.49684,1.00,1.00
2016.09.15 10:45:18.389,8.49533,8.4968,1.00,1.00
2016.09.15 10:45:19.348,8.49532,8.49679,1.00,1.00
2016.09.15 10:45:21.877,8.49536,8.49683,1.00,1.00
2016.09.15 10:45:24.956,8.49533,8.49683,1.00,1.00
2016.09.15 10:45:30.251,8.49533,8.49683,1.00,1.00
2016.09.15 10:45:32.553,8.49533,8.49683,1.00,1.00
2016.09.15 10:45:32.604,8.49536,8.49683,1.00,1.00
2016.09.15 10:45:34.283,8.4956,8.49697,1.00,1.00
2016.09.15 10:45:34.334,8.4956,8.49697,1.00,1.00
2016.09.15 10:45:34.540,8.49566,8.49697,1.00,1.00
2016.09.15 10:45:34.591,8.49579,8.49726,1.00,1.00
2016.09.15 10:45:35.071,8.49572,8.49717,1.00,1.00
2016.09.15 10:45:35.472,8.49565,8.49712,1.00,1.00
2016.09.15 10:45:36.133,8.49565,8.49712,1.00,1.00
2016.09.15 10:45:36.327,8.49574,8.49721,1.00,1.00
2016.09.15 10:45:36.651,8.49568,8.49715,1.00,1.00
2016.09.15 10:45:37.576,8.49574,8.49721,1.00,1.00
2016.09.15 10:45:38.488,8.49568,8.49715,1.00,1.00
2016.09.15 10:45:39.077,8.49572,8.49719,1.00,1.00
2016.09.15 10:45:39.478,8.49567,8.49714,1.00,1.00
2016.09.15 10:45:40.079,8.49571,8.49718,1.00,1.00
2016.09.15 10:45:40.679,8.49567,8.49714,1.00,1.00
2016.09.15 10:45:41.101,8.49571,8.49718,1.00,1.00
2016.09.15 10:45:41.711,8.49563,8.4971,1.00,1.00
2016.09.15 10:45:42.191,8.49567,8.49714,1.00,1.00
2016.09.15 10:45:43.084,8.49564,8.49711,1.00,1.00
2016.09.15 10:45:44.085,8.49565,8.49712,1.00,1.00
2016.09.15 10:45:44.594,8.49568,8.49712,1.00,1.00
2016.09.15 10:45:45.287,8.49583,8.49727,1.00,1.50
2016.09.15 10:45:45.338,8.49583,8.49727,1.00,1.50
2016.09.15 10:45:45.551,8.49595,8.49727,1.00,1.00
2016.09.15 10:45:45.722,8.49595,8.4974,1.00,1.00
2016.09.15 10:45:46.370,8.49603,8.49748,1.00,1.00
2016.09.15 10:45:46.421,8.49576,8.4972,1.00,1.00
2016.09.15 10:45:46.472,8.49576,8.4972,1.00,1.00
2016.09.15 10:45:46.523,8.49564,8.49708,1.00,1.00
2016.09.15 10:45:46.574,8.49564,8.49708,1.00,1.00
2016.09.15 10:45:46.625,8.49558,8.49682,1.00,1.00
2016.09.15 10:45:46.676,8.49538,8.49682,1.00,1.00
2016.09.15 10:45:46.879,8.49538,8.49682,1.00,1.00
2016.09.15 10:45:46.929,8.49517,8.49661,1.00,1.00
2016.09.15 10:45:46.980,8.49517,8.49661,1.00,1.00
2016.09.15 10:45:47.031,8.49495,8.49634,1.00,1.00
2016.09.15 10:45:47.214,8.49495,8.49634,1.00,1.00
2016.09.15 10:45:47.265,8.49495,8.49634,1.00,1.00
2016.09.15 10:45:47.753,8.4949,8.49634,1.00,1.00
2016.09.15 10:45:47.804,8.49485,8.49629,1.00,1.00
2016.09.15 10:45:47.855,8.49485,8.49629,1.00,1.00
2016.09.15 10:45:47.906,8.49467,8.49624,1.00,1.00
2016.09.15 10:45:48.193,8.4946,8.49605,1.00,1.00
2016.09.15 10:45:48.497,8.49476,8.4962,1.00,1.00
2016.09.15 10:45:49.092,8.49465,8.49607,1.00,1.00
2016.09.15 10:45:51.003,8.49466,8.4961,1.00,1.00
2016.09.15 10:45:53.307,8.49465,8.49608,1.00,1.00
2016.09.15 10:45:55.255,8.49465,8.49608,1.00,1.00
2016.09.15 10:45:55.858,8.49465,8.49608,1.00,1.00
2016.09.15 10:45:56.132,8.49461,8.49605,1.00,1.00
2016.09.15 10:45:56.184,8.49461,8.49605,1.00,1.00
2016.09.15 10:45:56.235,8.49455,8.49599,1.00,1.00
2016.09.15 10:45:56.455,8.4945,8.49595,1.00,1.00
2016.09.15 10:45:57.616,8.4942,8.49605,1.00,1.00
2016.09.15 10:45:57.667,8.4942,8.49581,1.00,1.00
2016.09.15 10:45:57.718,8.49408,8.49495,1.00,1.00
2016.09.15 10:45:57.952,8.49345,8.49495,1.00,1.75
2016.09.15 10:45:58.003,8.49325,8.49466,1.00,1.75
2016.09.15 10:45:58.054,8.49323,8.49466,1.00,1.75
2016.09.15 10:45:58.212,8.49299,8.49466,1.00,1.75
2016.09.15 10:45:58.418,8.49306,8.49474,1.00,1.75
2016.09.15 10:45:58.469,8.49306,8.49474,1.00,1.75
2016.09.15 10:45:58.622,8.49297,8.4946,1.00,1.37
2016.09.15 10:45:58.672,8.49297,8.4946,1.00,1.37
2016.09.15 10:45:58.946,8.49285,8.4946,1.00,1.37
2016.09.15 10:45:59.195,8.49285,8.4946,1.00,1.00
2016.09.15 10:45:59.246,8.49306,8.49451,1.00,1.00
2016.09.15 10:46:00.216,8.49306,8.49451,1.00,1.00
2016.09.15 10:46:00.274,8.49285,8.49434,1.00,1.00
2016.09.15 10:46:00.489,8.49285,8.49434,1.00,1.37
2016.09.15 10:46:00.648,8.49285,8.49429,1.00,1.00
2016.09.15 10:46:00.699,8.49273,8.49429,1.00,1.00
2016.09.15 10:46:00.750,8.49273,8.49421,1.00,1.00
2016.09.15 10:46:01.077,8.49273,8.4941,1.00,1.00
2016.09.15 10:46:01.229,8.49276,8.4942,1.00,1.00
2016.09.15 10:46:01.432,8.49288,8.49432,1.00,1.00
2016.09.15 10:46:01.534,8.49273,8.49422,1.00,1.00
2016.09.15 10:46:01.822,8.49273,8.49422,1.00,1.37
2016.09.15 10:46:01.972,8.49273,8.49417,1.00,1.00
2016.09.15 10:46:02.302,8.49325,8.49417,1.00,1.00
2016.09.15 10:46:02.548,8.49294,8.49405,1.00,1.00
2016.09.15 10:46:02.599,8.49294,8.49405,1.00,1.00
2016.09.15 10:46:03.440,8.49294,8.494,1.00,1.00
2016.09.15 10:46:03.567,8.49294,8.49421,1.00,1.37
2016.09.15 10:46:03.618,8.49294,8.49421,1.00,1.75
2016.09.15 10:46:04.455,8.49294,8.49408,1.00,1.75
2016.09.15 10:46:04.951,8.49294,8.49406,1.00,1.75
2016.09.15 10:46:05.250,8.49294,8.49391,1.00,1.37
2016.09.15 10:46:05.429,8.49294,8.49407,1.00,1.75
2016.09.15 10:46:06.244,8.49294,8.49392,1.00,1.37
2016.09.15 10:46:06.518,8.49294,8.49424,1.00,1.75
2016.09.15 10:46:06.571,8.49294,8.49424,1.00,1.75
2016.09.15 10:46:06.622,8.49294,8.49424,1.00,1.75
2016.09.15 10:46:06.724,8.49294,8.49424,1.00,1.75
2016.09.15 10:46:07.046,8.49294,8.49391,1.00,1.37
2016.09.15 10:46:07.148,8.49294,8.49424,1.00,1.75
2016.09.15 10:46:07.269,8.49294,8.49395,1.00,1.75
2016.09.15 10:46:07.934,8.49294,8.49392,1.00,1.37
2016.09.15 10:46:08.034,8.49294,8.49406,1.00,1.75
2016.09.15 10:46:08.837,8.49294,8.49408,1.00,1.75
2016.09.15 10:46:08.939,8.49294,8.49424,1.00,1.75
2016.09.15 10:46:09.041,8.49294,8.49411,1.00,1.75
2016.09.15 10:46:10.341,8.49294,8.49408,1.00,1.75
2016.09.15 10:46:10.542,8.49294,8.49412,1.00,1.75
2016.09.15 10:46:11.544,8.49294,8.49408,1.00,1.75
2016.09.15 10:46:12.271,8.49294,8.49408,1.00,1.75
2016.09.15 10:46:12.322,8.49294,8.49424,1.00,1.75
2016.09.15 10:46:12.646,8.49294,8.49417,1.00,1.75
2016.09.15 10:46:12.890,8.4926,8.49424,1.00,1.75
2016.09.15 10:46:13.042,8.4928,8.49418,1.00,1.75
2016.09.15 10:46:13.196,8.4928,8.49398,1.00,1.75
2016.09.15 10:46:13.500,8.4928,8.49421,1.00,1.75
2016.09.15 10:46:13.848,8.4928,8.49401,1.00,1.75
2016.09.15 10:46:14.449,8.4928,8.49406,1.00,1.75
2016.09.15 10:46:14.551,8.49304,8.49424,1.00,1.75
2016.09.15 10:46:14.652,8.49304,8.49443,1.00,1.75
2016.09.15 10:46:14.703,8.49285,8.49443,1.00,1.75
2016.09.15 10:46:14.754,8.49285,8.49443,1.00,1.75
2016.09.15 10:46:14.942,8.49285,8.49401,1.00,1.75
2016.09.15 10:46:14.994,8.49285,8.49401,1.00,1.75
2016.09.15 10:46:15.154,8.49285,8.49424,1.00,1.75
2016.09.15 10:46:15.339,8.49285,8.49422,1.00,1.75
2016.09.15 10:46:15.455,8.49285,8.494,1.00,1.75
2016.09.15 10:46:16.191,8.49285,8.49398,1.00,1.75
2016.09.15 10:46:16.567,8.49261,8.49393,1.00,1.50
2016.09.15 10:46:16.618,8.49261,8.49393,1.00,1.50
2016.09.15 10:46:16.669,8.4924,8.49349,1.00,1.00
2016.09.15 10:46:16.872,8.4922,8.49345,1.00,1.00
2016.09.15 10:46:16.923,8.4922,8.49345,1.00,1.00
2016.09.15 10:46:17.126,8.49193,8.49321,1.00,1.00
2016.09.15 10:46:17.177,8.49193,8.49266,1.00,1.00
2016.09.15 10:46:17.352,8.49158,8.49266,1.00,1.00
2016.09.15 10:46:17.405,8.49153,8.49266,1.00,1.00
2016.09.15 10:46:17.507,8.49133,8.49266,1.00,1.00
2016.09.15 10:46:17.558,8.49133,8.49266,1.00,1.00
2016.09.15 10:46:17.710,8.49113,8.49241,1.00,1.00
2016.09.15 10:46:18.167,8.49113,8.49221,1.00,1.00
2016.09.15 10:46:18.409,8.49113,8.49205,1.00,1.00
2016.09.15 10:46:18.562,8.49089,8.49205,1.00,1.00
2016.09.15 10:46:18.664,8.49089,8.49188,1.00,1.00
2016.09.15 10:46:18.765,8.49089,8.49188,1.00,1.00
2016.09.15 10:46:19.012,8.49089,8.49204,1.00,1.00
2016.09.15 10:46:19.169,8.49089,8.49222,1.00,1.00
2016.09.15 10:46:19.423,8.49089,8.49222,1.00,1.00
2016.09.15 10:46:19.575,8.49089,8.49201,1.00,1.00
2016.09.15 10:46:19.841,8.49058,8.49201,1.00,1.00
2016.09.15 10:46:20.045,8.49058,8.49201,1.00,1.00
2016.09.15 10:46:20.147,8.49088,8.49206,1.00,1.00
2016.09.15 10:46:20.198,8.49088,8.49208,1.00,1.00
2016.09.15 10:46:20.402,8.49088,8.49212,1.00,1.00
2016.09.15 10:46:20.504,8.49092,8.49212,1.00,1.00
2016.09.15 10:46:20.814,8.49119,8.49233,1.00,1.00
2016.09.15 10:46:21.118,8.49138,8.49233,1.00,1.00
2016.09.15 10:46:21.236,8.49138,8.49233,1.00,1.00
2016.09.15 10:46:21.338,8.49138,8.49233,1.00,1.00
2016.09.15 10:46:21.389,8.49138,8.49242,1.00,1.00
2016.09.15 10:46:21.440,8.49119,8.49242,1.00,1.00
2016.09.15 10:46:21.636,8.49138,8.4925,1.00,1.00
2016.09.15 10:46:21.792,8.49138,8.49254,1.00,1.00
2016.09.15 10:46:22.629,8.49138,8.49259,1.00,1.00
2016.09.15 10:46:22.812,8.49138,8.49271,1.00,1.00
2016.09.15 10:46:22.914,8.49138,8.49259,1.00,1.00
2016.09.15 10:46:23.657,8.4916,8.49259,1.00,1.00
2016.09.15 10:46:23.931,8.49138,8.49256,1.00,1.00
2016.09.15 10:46:24.834,8.49138,8.49271,1.00,1.00
2016.09.15 10:46:24.885,8.49138,8.49248,1.00,1.00
2016.09.15 10:46:25.006,8.49138,8.49271,1.00,1.00
2016.09.15 10:46:25.374,8.49138,8.49245,1.00,1.00
2016.09.15 10:46:25.881,8.49138,8.49251,1.00,1.00
2016.09.15 10:46:28.394,8.49138,8.49242,1.00,1.00
2016.09.15 10:46:29.681,8.49138,8.49243,1.00,1.00
2016.09.15 10:46:30.426,8.49138,8.49235,1.00,1.00
2016.09.15 10:46:30.983,8.49138,8.49251,1.00,1.00
2016.09.15 10:46:32.686,8.49138,8.49249,1.00,1.00
2016.09.15 10:46:33.822,8.49138,8.49236,1.00,1.00
2016.09.15 10:46:34.490,8.49138,8.49231,1.00,1.00
2016.09.15 10:46:35.014,8.49138,8.49236,1.00,1.00
2016.09.15 10:46:35.506,8.49138,8.49239,1.00,1.00
2016.09.15 10:46:36.164,8.49138,8.49236,1.00,1.00
2016.09.15 10:46:36.794,8.49138,8.49247,1.00,1.00
2016.09.15 10:46:36.993,8.49138,8.49237,1.00,1.00
2016.09.15 10:46:38.395,8.49138,8.4924,1.00,1.00
2016.09.15 10:46:44.141,8.49138,8.4924,1.00,1.00
2016.09.15 10:46:45.129,8.49138,8.49233,1.00,1.00
2016.09.15 10:46:45.390,8.49112,8.49224,1.00,1.00
2016.09.15 10:46:46.440,8.49112,8.49212,1.00,1.00
2016.09.15 10:46:46.720,8.49112,8.49223,1.00,1.00
2016.09.15 10:46:48.012,8.49112,8.49227,1.00,1.00
2016.09.15 10:46:53.341,8.49112,8.49222,1.00,1.00
2016.09.15 10:46:53.620,8.49112,8.49226,1.00,1.00
2016.09.15 10:46:53.836,8.49112,8.49239,1.00,1.00
2016.09.15 10:46:54.088,8.49136,8.49239,1.00,1.00
2016.09.15 10:46:54.462,8.49136,8.49234,1.00,1.00
2016.09.15 10:46:54.563,8.49136,8.49239,1.00,1.00
2016.09.15 10:46:54.701,8.49136,8.49249,1.00,1.00
2016.09.15 10:46:54.802,8.49136,8.49249,1.00,1.00
2016.09.15 10:46:54.853,8.49155,8.49263,1.00,1.00
2016.09.15 10:46:55.057,8.49155,8.49263,1.00,1.00
2016.09.15 10:46:55.233,8.49155,8.49266,1.00,1.00
2016.09.15 10:46:55.283,8.49155,8.4927,1.00,1.00
2016.09.15 10:46:55.438,8.49175,8.4927,1.00,1.00
2016.09.15 10:46:55.543,8.49155,8.4927,1.00,1.00
2016.09.15 10:46:56.548,8.49155,8.49263,1.00,1.00
2016.09.15 10:46:56.751,8.49129,8.49256,1.00,1.00
2016.09.15 10:46:57.216,8.49129,8.49251,1.00,1.00
2016.09.15 10:46:58.529,8.49129,8.49247,1.00,1.00
2016.09.15 10:46:58.757,8.49129,8.49262,1.00,1.00
2016.09.15 10:47:00.235,8.49129,8.49263,1.00,1.00
2016.09.15 10:47:01.377,8.49129,8.49246,1.00,1.00
2016.09.15 10:47:01.538,8.49129,8.49263,1.00,1.00
2016.09.15 10:47:01.639,8.49129,8.49266,1.00,1.00
2016.09.15 10:47:01.792,8.49129,8.49287,1.00,1.00
2016.09.15 10:47:02.340,8.49129,8.49283,1.00,1.00
2016.09.15 10:47:02.683,8.49149,8.49283,1.00,1.00
2016.09.15 10:47:04.244,8.49149,8.4929,1.00,1.00
2016.09.15 10:47:04.521,8.49149,8.49292,1.00,1.00
2016.09.15 10:47:05.446,8.49149,8.4929,1.00,1.00
2016.09.15 10:47:05.621,8.49149,8.49275,1.00,1.00
2016.09.15 10:47:05.728,8.49129,8.49256,1.00,1.00
2016.09.15 10:47:06.006,8.49129,8.49256,1.00,1.00
2016.09.15 10:47:06.548,8.49129,8.49261,1.00,1.00
2016.09.15 10:47:07.058,8.49129,8.49256,1.00,1.00
2016.09.15 10:47:07.377,8.49129,8.49239,1.00,1.00
2016.09.15 10:47:07.676,8.49129,8.49257,1.00,1.00
2016.09.15 10:47:07.983,8.49129,8.49269,1.00,1.00
2016.09.15 10:47:08.351,8.49129,8.49273,1.00,1.00
2016.09.15 10:47:08.453,8.49129,8.49266,1.00,1.00
2016.09.15 10:47:08.666,8.49129,8.49251,1.00,1.00
2016.09.15 10:47:09.053,8.49129,8.49261,1.00,1.00
2016.09.15 10:47:12.258,8.49129,8.49268,1.00,1.00
2016.09.15 10:47:12.360,8.49129,8.49261,1.00,1.00
2016.09.15 10:47:14.962,8.49129,8.49255,1.00,1.00
2016.09.15 10:47:15.299,8.49129,8.49243,1.00,1.00
2016.09.15 10:47:16.072,8.49129,8.49256,1.00,1.00
2016.09.15 10:47:16.177,8.49129,8.4926,1.00,1.00
2016.09.15 10:47:16.282,8.49129,8.49231,1.00,1.00
2016.09.15 10:47:16.384,8.49129,8.49246,1.00,1.00
2016.09.15 10:47:17.067,8.49129,8.49263,1.00,1.00
2016.09.15 10:47:19.973,8.49129,8.49253,1.00,1.00
2016.09.15 10:47:20.024,8.49129,8.49253,1.00,1.50
2016.09.15 10:47:20.125,8.49108,8.49233,1.00,1.50
2016.09.15 10:47:20.176,8.49108,8.4923,1.00,1.00
2016.09.15 10:47:20.483,8.49108,8.49218,1.00,1.00
2016.09.15 10:47:21.102,8.49108,8.49224,1.00,1.00
2016.09.15 10:47:21.503,8.49108,8.49214,1.00,1.00
2016.09.15 10:47:22.670,8.49108,8.49223,1.00,1.00
2016.09.15 10:47:22.721,8.49108,8.49211,1.00,1.00
2016.09.15 10:47:23.680,8.49108,8.49226,1.00,1.00
2016.09.15 10:47:24.407,8.49108,8.49233,1.00,1.50
2016.09.15 10:47:27.210,8.49108,8.49233,1.00,1.00
2016.09.15 10:47:27.437,8.49127,8.49233,1.00,1.00
2016.09.15 10:47:27.710,8.49107,8.49233,1.00,1.00
2016.09.15 10:47:27.943,8.49127,8.49233,1.00,1.00
2016.09.15 10:47:27.994,8.49127,8.49233,1.00,1.00
2016.09.15 10:47:28.450,8.49107,8.49233,1.00,1.00
2016.09.15 10:47:28.749,8.49107,8.49222,1.00,1.00
2016.09.15 10:47:29.487,8.49108,8.49222,1.00,1.00
2016.09.15 10:47:30.029,8.49108,8.49223,1.00,1.00
2016.09.15 10:47:31.627,8.49108,8.49221,1.00,1.00
2016.09.15 10:47:31.845,8.49077,8.49221,1.00,1.00
2016.09.15 10:47:32.596,8.49077,8.4922,1.00,1.00
2016.09.15 10:47:32.768,8.49077,8.4922,1.00,1.00
2016.09.15 10:47:32.818,8.49077,8.49179,1.00,1.00
2016.09.15 10:47:33.021,8.49057,8.49169,1.00,1.00
2016.09.15 10:47:33.123,8.49057,8.49159,1.00,1.00
2016.09.15 10:47:33.286,8.49037,8.49159,1.00,1.00
2016.09.15 10:47:33.600,8.49037,8.49149,1.00,1.00
2016.09.15 10:47:33.909,8.49037,8.49138,1.00,1.00
2016.09.15 10:47:34.112,8.49015,8.49138,1.00,1.00
2016.09.15 10:47:38.507,8.49015,8.49136,1.00,1.00
2016.09.15 10:47:40.829,8.49015,8.49136,1.00,1.00
2016.09.15 10:47:43.515,8.49015,8.4914,1.00,1.00
2016.09.15 10:47:44.516,8.49015,8.49141,1.00,1.00
2016.09.15 10:47:53.548,8.49015,8.4914,1.00,1.00
2016.09.15 10:47:59.242,8.49015,8.49142,1.00,1.00
2016.09.15 10:48:00.445,8.49015,8.49138,1.00,1.00
2016.09.15 10:48:00.673,8.48994,8.49138,1.00,1.00
2016.09.15 10:48:00.724,8.48992,8.49109,1.00,1.00
2016.09.15 10:48:01.549,8.48992,8.49103,1.00,1.00
2016.09.15 10:48:02.503,8.48992,8.49095,1.00,1.00
2016.09.15 10:48:04.558,8.48992,8.49124,1.00,1.00
2016.09.15 10:48:04.742,8.48992,8.49124,1.00,1.00
2016.09.15 10:48:06.260,8.48992,8.49122,1.00,1.00
2016.09.15 10:48:06.646,8.48992,8.49122,1.00,1.00
2016.09.15 10:48:07.147,8.48992,8.49122,1.00,1.00
2016.09.15 10:48:08.400,8.48992,8.49107,1.00,1.00
2016.09.15 10:48:08.596,8.48968,8.49104,1.00,1.00
2016.09.15 10:48:09.003,8.48968,8.49115,1.00,1.00
2016.09.15 10:48:09.364,8.48968,8.49126,1.00,1.00
2016.09.15 10:48:09.583,8.48968,8.49116,1.00,1.00
2016.09.15 10:48:09.769,8.48968,8.49124,1.00,1.00
2016.09.15 10:48:10.654,8.48968,8.49124,1.00,1.00
2016.09.15 10:48:10.905,8.48968,8.49129,1.00,1.00
2016.09.15 10:48:12.476,8.48968,8.49121,1.00,1.00
2016.09.15 10:48:13.219,8.48968,8.4913,1.00,1.00
2016.09.15 10:48:13.976,8.48968,8.49127,1.00,1.00
2016.09.15 10:48:14.965,8.48968,8.49127,1.00,1.00
2016.09.15 10:48:15.127,8.48968,8.49127,1.00,1.00
2016.09.15 10:48:15.602,8.48968,8.49127,1.00,1.50
2016.09.15 10:48:20.593,8.48968,8.49126,1.00,1.00
2016.09.15 10:48:21.294,8.48968,8.49124,1.00,1.00
2016.09.15 10:48:23.597,8.48968,8.49122,1.00,1.00
2016.09.15 10:48:26.403,8.48968,8.49119,1.00,1.00
2016.09.15 10:48:27.204,8.48968,8.49116,1.00,1.00
2016.09.15 10:48:30.660,8.48968,8.49113,1.00,1.00
2016.09.15 10:48:34.117,8.48968,8.49107,1.00,1.00
2016.09.15 10:48:34.258,8.48968,8.49101,1.00,1.00
2016.09.15 10:48:34.793,8.48968,8.49091,1.00,1.00
2016.09.15 10:48:35.250,8.48968,8.49087,1.00,1.00
2016.09.15 10:48:35.837,8.48968,8.49082,1.00,1.00
2016.09.15 10:48:35.888,8.4895,8.49082,1.00,1.00
2016.09.15 10:48:36.373,8.4895,8.4907,1.00,1.00
2016.09.15 10:48:36.606,8.4895,8.4907,1.00,1.00
2016.09.15 10:48:36.981,8.4895,8.49063,1.00,1.00
2016.09.15 10:48:38.632,8.4895,8.49064,1.00,1.00
2016.09.15 10:48:40.783,8.4895,8.49058,1.00,1.00
2016.09.15 10:48:41.438,8.4895,8.4905,1.00,1.00
2016.09.15 10:48:42.349,8.48927,8.49032,1.00,1.00
2016.09.15 10:48:42.452,8.48927,8.49028,1.00,1.00
2016.09.15 10:48:42.941,8.48927,8.49026,1.00,1.00
2016.09.15 10:48:44.389,8.48927,8.49029,1.00,1.00
2016.09.15 10:48:44.490,8.48927,8.49024,1.00,1.00
2016.09.15 10:48:44.779,8.48927,8.49029,1.00,1.00
2016.09.15 10:48:45.373,8.48927,8.49047,1.00,1.00
2016.09.15 10:48:45.543,8.48927,8.49055,1.00,1.00
2016.09.15 10:48:45.594,8.48927,8.49055,1.00,1.00
2016.09.15 10:48:45.797,8.48927,8.49047,1.00,1.00
2016.09.15 10:48:46.097,8.48927,8.49035,1.00,1.00
2016.09.15 10:48:46.638,8.48927,8.49028,1.00,1.00
2016.09.15 10:48:53.669,8.48927,8.49026,1.00,1.00
2016.09.15 10:49:01.315,8.48927,8.49067,1.00,1.00
2016.09.15 10:49:01.366,8.48927,8.49067,1.00,1.00
2016.09.15 10:49:01.467,8.48957,8.49067,1.00,1.00
2016.09.15 10:49:01.569,8.48977,8.49077,1.00,2.02
2016.09.15 10:49:01.670,8.48977,8.49077,1.00,1.87
2016.09.15 10:49:02.015,8.49024,8.49136,1.00,1.00
2016.09.15 10:49:02.168,8.49051,8.49157,1.00,1.05
2016.09.15 10:49:02.269,8.49051,8.49157,1.00,2.10
2016.09.15 10:49:02.370,8.49071,8.49165,1.00,1.00
2016.09.15 10:49:02.421,8.49071,8.49197,1.00,1.00
2016.09.15 10:49:02.472,8.49071,8.49197,1.00,1.50
2016.09.15 10:49:02.522,8.49071,8.49187,1.00,1.00
2016.09.15 10:49:02.573,8.49095,8.49187,1.00,1.00
2016.09.15 10:49:02.788,8.49095,8.49197,1.00,1.00
2016.09.15 10:49:02.839,8.49075,8.49197,1.00,1.00
2016.09.15 10:49:02.890,8.49075,8.49188,1.00,1.00
2016.09.15 10:49:03.389,8.49075,8.49197,1.00,1.00
2016.09.15 10:49:05.441,8.49075,8.49196,1.00,1.50
2016.09.15 10:49:05.665,8.49075,8.49196,1.00,1.00
2016.09.15 10:49:06.426,8.49075,8.49197,1.00,1.00
2016.09.15 10:49:07.074,8.49075,8.49197,1.00,1.00
2016.09.15 10:49:07.175,8.49075,8.49207,1.00,1.72
2016.09.15 10:49:07.277,8.49097,8.49207,1.00,1.65
2016.09.15 10:49:07.378,8.49097,8.49197,1.00,1.00
2016.09.15 10:49:08.252,8.49097,8.49196,1.00,1.00
2016.09.15 10:49:09.054,8.49097,8.49207,1.00,1.00
2016.09.15 10:49:09.358,8.49097,8.49217,1.00,2.10
2016.09.15 10:49:09.694,8.49097,8.49207,1.00,1.00
2016.09.15 10:49:09.796,8.49097,8.49217,1.00,1.95
2016.09.15 10:49:13.007,8.49097,8.49217,1.00,1.95
2016.09.15 10:49:13.109,8.49097,8.49207,1.00,1.00
2016.09.15 10:49:13.470,8.49097,8.49217,1.00,1.00
2016.09.15 10:49:14.271,8.49097,8.49217,1.00,1.35
2016.09.15 10:49:14.322,8.49097,8.49217,1.00,1.35
2016.09.15 10:49:14.372,8.49097,8.49217,1.00,1.50
2016.09.15 10:49:14.768,8.49097,8.49216,1.00,1.87
2016.09.15 10:49:15.280,8.49097,8.49217,1.00,1.87
2016.09.15 10:49:15.575,8.49097,8.49217,1.00,1.27
2016.09.15 10:49:16.176,8.49097,8.49217,1.00,2.10
2016.09.15 10:49:17.055,8.49097,8.49217,1.00,1.05
2016.09.15 10:49:17.337,8.491,8.49217,1.00,1.05
2016.09.15 10:49:17.388,8.491,8.49217,1.00,1.57
2016.09.15 10:49:17.490,8.491,8.49217,1.00,1.95
2016.09.15 10:49:17.642,8.49097,8.49217,1.00,1.95
2016.09.15 10:49:17.796,8.49097,8.49217,1.00,1.00
2016.09.15 10:49:18.127,8.49097,8.49217,1.00,1.05
2016.09.15 10:49:18.935,8.49097,8.49217,1.00,1.72
2016.09.15 10:49:19.036,8.49097,8.49217,1.00,1.10
2016.09.15 10:49:19.288,8.49097,8.49217,1.00,1.00
2016.09.15 10:49:20.655,8.49115,8.49217,1.00,1.00
2016.09.15 10:49:29.211,8.49115,8.49237,1.00,1.00
2016.09.15 10:49:37.867,8.49115,8.49237,1.00,1.00
2016.09.15 10:49:37.918,8.49141,8.49247,1.00,1.05
2016.09.15 10:49:38.021,8.49141,8.49283,1.00,1.00
2016.09.15 10:49:38.072,8.49141,8.49283,1.00,1.00
2016.09.15 10:49:38.174,8.49161,8.49287,1.00,1.00
2016.09.15 10:49:38.362,8.49161,8.49287,1.00,1.00
2016.09.15 10:49:38.676,8.49167,8.49286,1.00,1.00
2016.09.15 10:49:38.727,8.49189,8.49297,1.00,1.00
2016.09.15 10:49:38.829,8.49189,8.49319,1.00,1.00
2016.09.15 10:49:38.939,8.49189,8.49319,1.00,1.00
2016.09.15 10:49:38.990,8.49189,8.49325,1.00,1.00
2016.09.15 10:49:39.318,8.49189,8.49331,1.00,1.00
2016.09.15 10:49:39.868,8.49189,8.49326,1.00,1.00
2016.09.15 10:49:40.293,8.49199,8.49337,1.00,1.00
2016.09.15 10:49:40.598,8.49218,8.49337,1.00,1.00
2016.09.15 10:49:40.888,8.49218,8.49337,1.00,1.00
2016.09.15 10:49:41.160,8.49243,8.49337,1.00,1.00
2016.09.15 10:49:45.345,8.49243,8.49346,1.00,1.80
2016.09.15 10:49:45.446,8.49243,8.49347,1.00,1.05
2016.09.15 10:49:45.947,8.49243,8.49347,1.00,1.00
2016.09.15 10:49:46.124,8.49243,8.49346,1.00,1.42
2016.09.15 10:49:46.245,8.49243,8.4937,1.00,1.00
2016.09.15 10:49:46.788,8.49243,8.49347,1.00,1.20
2016.09.15 10:49:48.880,8.49243,8.49367,1.00,1.00
2016.09.15 10:49:50.272,8.49243,8.49367,1.00,1.00
2016.09.15 10:49:51.336,8.49243,8.49366,1.00,1.00
2016.09.15 10:49:51.938,8.49243,8.49367,1.00,1.00
2016.09.15 10:50:00.579,8.49241,8.49365,1.00,1.00
2016.09.15 10:50:00.795,8.49241,8.49367,1.00,1.00
2016.09.15 10:50:01.626,8.49241,8.49367,1.00,1.00
2016.09.15 10:50:01.951,8.49263,8.49367,1.00,1.00
2016.09.15 10:50:03.702,8.49263,8.49366,1.00,1.00
2016.09.15 10:50:04.289,8.49263,8.49367,1.00,1.00
2016.09.15 10:50:08.857,8.49263,8.49357,1.00,1.42
2016.09.15 10:50:11.162,8.49263,8.49357,1.00,1.00
2016.09.15 10:50:11.465,8.49263,8.49357,1.00,1.42
2016.09.15 10:50:11.567,8.49263,8.49357,1.00,1.00
2016.09.15 10:50:11.669,8.49263,8.49357,1.00,1.10
2016.09.15 10:50:11.772,8.49263,8.49357,1.00,1.87
2016.09.15 10:50:17.042,8.49263,8.49356,1.00,1.05
2016.09.15 10:50:17.093,8.49263,8.49357,1.00,1.87
2016.09.15 10:50:17.194,8.49263,8.49357,1.00,1.20
2016.09.15 10:50:18.063,8.49263,8.49357,1.00,1.50
2016.09.15 10:50:18.286,8.49263,8.49357,1.00,1.95
2016.09.15 10:50:23.386,8.49263,8.49357,1.00,1.87
2016.09.15 10:50:25.389,8.49263,8.49357,1.00,1.05
2016.09.15 10:50:26.645,8.49263,8.49357,1.00,1.80
2016.09.15 10:50:26.912,8.49263,8.49357,1.00,1.30
2016.09.15 10:50:27.013,8.49263,8.49357,1.00,1.72
2016.09.15 10:50:27.693,8.49263,8.49357,1.00,2.17
2016.09.15 10:50:28.218,8.49263,8.49357,1.00,1.42
2016.09.15 10:50:29.601,8.49263,8.49347,1.00,1.00
2016.09.15 10:50:29.702,8.49263,8.49357,1.00,2.17
2016.09.15 10:50:30.997,8.49263,8.49356,1.00,1.27
2016.09.15 10:50:31.381,8.49245,8.49355,1.00,1.00
2016.09.15 10:50:31.432,8.4922,8.49347,1.00,1.00
2016.09.15 10:50:31.483,8.4922,8.49332,1.00,1.00
2016.09.15 10:50:31.585,8.4922,8.49318,1.00,1.00
2016.09.15 10:50:32.555,8.4922,8.49316,1.00,1.00
2016.09.15 10:50:33.745,8.4922,8.4931,1.00,1.00
2016.09.15 10:50:34.474,8.4922,8.49306,1.00,1.00
2016.09.15 10:50:36.561,8.4922,8.49307,1.00,1.00
2016.09.15 10:50:38.372,8.49189,8.49307,1.00,1.00
2016.09.15 10:50:39.096,8.49189,8.49308,1.00,1.00
2016.09.15 10:50:39.563,8.49189,8.49308,1.00,1.00
2016.09.15 10:50:40.564,8.49189,8.49308,1.00,1.00
2016.09.15 10:50:40.973,8.49189,8.49313,1.00,1.00
2016.09.15 10:50:41.420,8.49189,8.49307,1.00,1.00
2016.09.15 10:50:41.867,8.49189,8.49313,1.00,1.00
2016.09.15 10:50:42.024,8.49189,8.49306,1.00,1.00
2016.09.15 10:50:42.176,8.49209,8.49306,1.00,1.00
2016.09.15 10:50:42.452,8.49209,8.49317,1.00,2.02
2016.09.15 10:50:43.029,8.49209,8.49317,1.00,1.00
2016.09.15 10:50:49.230,8.49209,8.49317,1.00,1.05
2016.09.15 10:50:49.432,8.49209,8.49315,1.00,1.00
2016.09.15 10:50:49.743,8.49209,8.49317,1.00,1.05
2016.09.15 10:50:49.794,8.49209,8.49317,1.00,1.05
2016.09.15 10:50:49.845,8.49209,8.49317,1.00,1.30
2016.09.15 10:50:49.946,8.49209,8.49317,1.00,1.72
2016.09.15 10:50:50.099,8.49209,8.49311,1.00,1.00
2016.09.15 10:50:50.200,8.49209,8.49317,1.00,1.42
2016.09.15 10:50:50.252,8.49209,8.49317,1.00,1.95
2016.09.15 10:50:50.353,8.49209,8.49317,1.00,1.20
2016.09.15 10:50:50.404,8.49209,8.49317,1.00,1.95
2016.09.15 10:50:50.556,8.49229,8.49344,1.00,1.00
2016.09.15 10:50:51.199,8.49229,8.49353,1.00,1.00
2016.09.15 10:50:51.250,8.49249,8.49353,1.00,1.00
2016.09.15 10:50:52.201,8.49249,8.49352,1.00,1.00
2016.09.15 10:50:52.552,8.49249,8.49342,1.00,1.00
2016.09.15 10:50:52.603,8.49229,8.49357,1.00,1.00
2016.09.15 10:50:53.202,8.49229,8.49341,1.00,1.00
2016.09.15 10:50:53.447,8.49229,8.49357,1.00,1.00
2016.09.15 10:50:53.498,8.4927,8.49392,1.00,1.00
2016.09.15 10:50:53.600,8.49309,8.49406,1.00,1.00
2016.09.15 10:50:53.752,8.4933,8.49417,1.00,1.65
2016.09.15 10:50:53.854,8.4933,8.49417,1.00,1.95
2016.09.15 10:50:54.091,8.4933,8.49417,1.00,2.02
2016.09.15 10:50:54.142,8.4933,8.49406,1.00,1.00
2016.09.15 10:50:54.345,8.4933,8.49443,1.00,1.00
2016.09.15 10:50:54.447,8.4933,8.49467,1.00,1.00
2016.09.15 10:50:54.599,8.4933,8.49437,1.00,1.00
2016.09.15 10:50:54.804,8.49301,8.49416,1.00,1.50
2016.09.15 10:50:54.957,8.49301,8.49417,1.00,1.05
2016.09.15 10:50:55.392,8.49301,8.49417,1.00,1.05
2016.09.15 10:50:55.575,8.49333,8.49417,1.00,1.95
2016.09.15 10:50:55.870,8.49333,8.49417,1.00,1.20
2016.09.15 10:50:55.921,8.49333,8.49417,1.00,1.20
2016.09.15 10:50:55.972,8.4936,8.49459,1.00,1.00
2016.09.15 10:50:56.023,8.4936,8.49465,1.00,1.00
2016.09.15 10:50:56.299,8.4936,8.49453,1.00,1.00
2016.09.15 10:50:56.351,8.49333,8.49442,1.00,1.00
2016.09.15 10:50:56.402,8.49333,8.49431,1.00,1.00
2016.09.15 10:50:56.453,8.49298,8.49417,1.00,1.95
2016.09.15 10:50:56.661,8.49298,8.49416,1.00,1.57
2016.09.15 10:50:57.017,8.49321,8.49416,1.00,1.57
2016.09.15 10:50:57.069,8.49302,8.49406,1.00,1.00
2016.09.15 10:50:57.712,8.49302,8.49407,1.00,1.00
2016.09.15 10:51:01.956,8.49302,8.49417,1.00,1.05
2016.09.15 10:51:02.285,8.49302,8.49417,1.00,1.10
2016.09.15 10:51:02.948,8.49302,8.49413,1.00,1.00
2016.09.15 10:51:03.334,8.49302,8.49405,1.00,1.00
2016.09.15 10:51:03.914,8.49302,8.49407,1.00,1.00
2016.09.15 10:51:07.439,8.49302,8.494,1.00,1.00
2016.09.15 10:51:08.300,8.49274,8.49389,1.00,1.00
2016.09.15 10:51:08.351,8.49274,8.49383,1.00,1.00
2016.09.15 10:51:08.656,8.49255,8.49381,1.00,1.00
2016.09.15 10:51:12.874,8.49255,8.49376,1.00,1.00
2016.09.15 10:51:12.925,8.49255,8.49367,1.00,1.20
2016.09.15 10:51:13.027,8.49255,8.49366,1.00,1.35
2016.09.15 10:51:13.524,8.49255,8.49357,1.00,1.00
2016.09.15 10:51:16.947,8.49255,8.49357,1.00,1.50
2016.09.15 10:51:18.185,8.49255,8.49353,1.00,1.00
2016.09.15 10:51:18.492,8.49255,8.49349,1.00,1.00
2016.09.15 10:51:18.720,8.49255,8.49357,1.00,1.00
2016.09.15 10:51:19.338,8.49255,8.49356,1.00,1.00
2016.09.15 10:51:19.847,8.49255,8.49357,1.00,1.00
2016.09.15 10:51:19.973,8.49255,8.49353,1.00,1.00
2016.09.15 10:51:21.641,8.49255,8.49357,1.00,1.50
2016.09.15 10:51:22.319,8.49255,8.49356,1.00,1.00
2016.09.15 10:51:22.921,8.49255,8.49356,1.00,1.20
2016.09.15 10:51:23.481,8.49229,8.49356,1.00,1.20
2016.09.15 10:51:24.229,8.49229,8.49357,1.00,1.65
2016.09.15 10:51:25.208,8.49229,8.49357,1.00,1.95
2016.09.15 10:51:25.499,8.49229,8.49357,1.00,2.02
2016.09.15 10:51:25.608,8.49229,8.49356,1.00,1.00
2016.09.15 10:51:28.390,8.49229,8.49357,1.00,1.35
2016.09.15 10:51:28.767,8.49229,8.49357,1.00,1.65
2016.09.15 10:51:29.615,8.49229,8.49357,1.00,2.17
2016.09.15 10:51:30.959,8.49229,8.49357,1.00,2.92
2016.09.15 10:51:33.276,8.49229,8.49357,1.00,2.85
2016.09.15 10:51:34.676,8.49229,8.49357,1.00,1.72
2016.09.15 10:51:34.814,8.49229,8.49357,1.00,2.70
2016.09.15 10:51:36.667,8.49229,8.49357,1.00,1.95
2016.09.15 10:51:38.808,8.49271,8.49357,1.00,1.10
2016.09.15 10:51:38.909,8.49271,8.49385,1.00,1.00
2016.09.15 10:51:39.260,8.49271,8.4938,1.00,1.00
2016.09.15 10:51:39.570,8.49253,8.49372,1.00,1.00
2016.09.15 10:51:40.094,8.49253,8.49357,1.00,1.50
2016.09.15 10:51:40.196,8.49253,8.49357,1.00,1.80
2016.09.15 10:51:40.427,8.49253,8.49357,1.00,1.57
2016.09.15 10:51:40.595,8.49253,8.49357,1.00,1.20
2016.09.15 10:51:40.696,8.49253,8.49357,1.00,1.12
2016.09.15 10:51:40.837,8.49253,8.49357,1.00,1.42
2016.09.15 10:51:40.985,8.49253,8.4938,1.00,1.00
2016.09.15 10:51:41.374,8.49253,8.49384,1.00,1.00
2016.09.15 10:51:41.501,8.49273,8.49384,1.00,1.00
2016.09.15 10:51:41.801,8.49253,8.49384,1.00,1.00
2016.09.15 10:51:42.939,8.49253,8.49376,1.00,1.30
2016.09.15 10:51:43.665,8.49253,8.49377,1.00,1.42
2016.09.15 10:51:52.844,8.49253,8.49379,1.00,1.00
2016.09.15 10:51:53.090,8.49253,8.49375,1.00,1.00
2016.09.15 10:51:54.498,8.49233,8.49375,1.00,1.00
2016.09.15 10:51:54.549,8.49233,8.49375,1.00,1.00
2016.09.15 10:51:54.600,8.49253,8.49375,1.00,1.00
2016.09.15 10:51:56.696,8.49253,8.49374,1.00,1.00
2016.09.15 10:51:56.900,8.49253,8.49357,1.00,1.00
2016.09.15 10:51:56.978,8.49232,8.49357,1.00,1.00
2016.09.15 10:51:57.029,8.49232,8.4935,1.00,1.00
2016.09.15 10:51:57.405,8.49232,8.49362,1.00,1.00
2016.09.15 10:51:57.510,8.49232,8.49362,1.00,1.00
2016.09.15 10:51:57.610,8.49232,8.49362,1.00,1.00
2016.09.15 10:51:57.711,8.49232,8.49349,1.00,1.00
2016.09.15 10:51:58.004,8.49232,8.49354,1.00,1.00
2016.09.15 10:51:58.753,8.49232,8.49348,1.00,1.00
2016.09.15 10:51:59.713,8.49232,8.49349,1.00,1.00
2016.09.15 10:52:00.365,8.49232,8.49354,1.00,1.00
2016.09.15 10:52:01.217,8.49232,8.49354,1.00,1.00
2016.09.15 10:52:01.420,8.49232,8.49355,1.00,1.00
2016.09.15 10:52:02.318,8.49232,8.49355,1.00,1.00
2016.09.15 10:52:02.651,8.49232,8.49355,1.00,1.00
2016.09.15 10:52:03.068,8.49232,8.49342,1.00,1.00
2016.09.15 10:52:03.220,8.49232,8.49356,1.00,1.00
2016.09.15 10:52:03.321,8.49232,8.49345,1.00,1.00
2016.09.15 10:52:04.002,8.49232,8.49346,1.00,1.00
2016.09.15 10:52:06.099,8.49254,8.49366,1.00,1.00
2016.09.15 10:52:06.759,8.49254,8.49367,1.00,1.00
2016.09.15 10:52:09.608,8.49254,8.49367,1.00,1.50
2016.09.15 10:52:09.728,8.49254,8.49361,1.00,1.00
2016.09.15 10:52:10.267,8.49254,8.49362,1.00,1.00
2016.09.15 10:52:10.435,8.49232,8.49362,1.00,1.00
2016.09.15 10:52:10.587,8.49232,8.49354,1.00,1.00
2016.09.15 10:52:10.841,8.49232,8.4936,1.00,1.00
2016.09.15 10:52:14.740,8.49232,8.49355,1.00,1.00
2016.09.15 10:52:15.241,8.49232,8.49361,1.00,1.00
2016.09.15 10:52:15.742,8.49232,8.49356,1.00,1.00
2016.09.15 10:52:16.157,8.49232,8.4935,1.00,1.00
2016.09.15 10:52:17.773,8.49232,8.49349,1.00,1.00
2016.09.15 10:52:18.440,8.49232,8.49346,1.00,1.00
2016.09.15 10:52:18.950,8.49232,8.49346,1.00,1.50
2016.09.15 10:52:19.436,8.49232,8.49346,1.00,1.00
2016.09.15 10:52:21.756,8.49232,8.49345,1.00,1.00
2016.09.15 10:52:27.348,8.49232,8.49347,1.00,1.00
2016.09.15 10:52:27.399,8.49232,8.49343,1.00,1.00
2016.09.15 10:52:28.499,8.49232,8.49347,1.00,1.00
2016.09.15 10:52:28.618,8.49232,8.49343,1.00,1.00
2016.09.15 10:52:28.719,8.49232,8.49347,1.00,1.00
2016.09.15 10:52:28.922,8.49232,8.49337,1.00,1.00
2016.09.15 10:52:38.151,8.4921,8.49337,1.00,1.00
2016.09.15 10:52:38.202,8.4921,8.49337,1.00,1.00
2016.09.15 10:52:38.313,8.4921,8.49337,1.00,1.00
2016.09.15 10:52:38.363,8.49228,8.49337,1.00,1.00
2016.09.15 10:52:38.516,8.49209,8.49337,1.00,1.00
2016.09.15 10:52:38.618,8.49209,8.49337,1.00,1.00
2016.09.15 10:52:38.970,8.49209,8.49341,1.00,1.00
2016.09.15 10:52:39.071,8.49228,8.49341,1.00,1.00
2016.09.15 10:52:39.181,8.49208,8.49341,1.00,1.00
2016.09.15 10:52:39.232,8.49208,8.49337,1.00,1.00
2016.09.15 10:52:39.538,8.49208,8.49324,1.00,1.00
2016.09.15 10:52:40.808,8.49208,8.49317,1.00,1.00
2016.09.15 10:52:40.859,8.49208,8.49326,1.00,1.00
2016.09.15 10:52:41.345,8.49208,8.49322,1.00,1.00
2016.09.15 10:52:41.510,8.49208,8.49325,1.00,1.00
2016.09.15 10:52:41.615,8.49208,8.49322,1.00,1.00
2016.09.15 10:52:42.745,8.49208,8.49331,1.00,1.00
2016.09.15 10:52:43.097,8.49208,8.49331,1.00,1.00
2016.09.15 10:52:43.379,8.49227,8.49331,1.00,1.00
2016.09.15 10:52:43.431,8.49207,8.49331,1.00,1.00
2016.09.15 10:52:43.541,8.49207,8.49331,1.00,1.00
2016.09.15 10:52:43.745,8.49207,8.49331,1.00,1.00
2016.09.15 10:52:43.846,8.49207,8.49331,1.00,1.00
2016.09.15 10:52:43.898,8.49227,8.49331,1.00,1.00
2016.09.15 10:52:43.949,8.49227,8.49347,1.00,1.00
2016.09.15 10:52:44.718,8.49227,8.49356,1.00,1.37
2016.09.15 10:52:44.892,8.49227,8.49356,1.00,1.00
2016.09.15 10:52:46.151,8.49227,8.49346,1.00,1.00
2016.09.15 10:52:46.652,8.49227,8.49351,1.00,1.00
2016.09.15 10:52:48.556,8.49227,8.49357,1.00,1.50
2016.09.15 10:52:48.657,8.49227,8.49357,1.00,1.00
2016.09.15 10:52:48.860,8.49227,8.49346,1.00,1.00
2016.09.15 10:52:49.165,8.49227,8.49351,1.00,1.00
2016.09.15 10:52:49.926,8.49227,8.49346,1.00,1.00
2016.09.15 10:52:50.026,8.49227,8.49352,1.00,1.00
2016.09.15 10:52:51.028,8.49227,8.49353,1.00,1.00
2016.09.15 10:52:51.853,8.49227,8.49356,1.00,1.00
2016.09.15 10:52:52.464,8.49227,8.49355,1.00,1.00
2016.09.15 10:52:53.557,8.49227,8.49357,1.00,1.00
2016.09.15 10:52:54.581,8.49227,8.49356,1.00,1.00
2016.09.15 10:52:55.085,8.49227,8.49354,1.00,1.00
2016.09.15 10:52:56.137,8.49227,8.49356,1.00,1.00
2016.09.15 10:52:56.339,8.49227,8.49357,1.00,1.00
2016.09.15 10:52:58.643,8.49227,8.49347,1.00,1.00
2016.09.15 10:52:58.948,8.49227,8.49337,1.00,1.00
2016.09.15 10:53:03.606,8.49227,8.49336,1.00,1.00
2016.09.15 10:53:04.387,8.49227,8.49337,1.00,1.00
2016.09.15 10:53:05.111,8.49227,8.49336,1.00,1.00
2016.09.15 10:53:05.635,8.49227,8.49337,1.00,1.00
2016.09.15 10:53:06.035,8.49245,8.49337,1.00,1.00
2016.09.15 10:53:08.754,8.49245,8.49336,1.00,1.00
2016.09.15 10:53:08.824,8.49245,8.49347,1.00,2.02
2016.09.15 10:53:09.005,8.49245,8.49357,1.00,1.00
2016.09.15 10:53:10.491,8.49245,8.49354,1.00,1.00
2016.09.15 10:53:11.136,8.49229,8.49354,1.00,1.00
2016.09.15 10:53:13.320,8.49229,8.49356,1.00,1.00
2016.09.15 10:53:13.846,8.49229,8.49357,1.00,1.00
2016.09.15 10:53:14.181,8.49229,8.4935,1.00,1.00
2016.09.15 10:53:14.504,8.49229,8.49357,1.00,1.00
2016.09.15 10:53:15.630,8.49253,8.49357,1.00,1.00
2016.09.15 10:53:15.935,8.49227,8.49357,1.00,1.00
2016.09.15 10:53:16.698,8.49247,8.49357,1.00,1.00
2016.09.15 10:53:18.860,8.49247,8.49356,1.00,1.00
2016.09.15 10:53:18.911,8.49247,8.49375,1.00,1.00
2016.09.15 10:53:20.119,8.49247,8.49367,1.00,1.00
2016.09.15 10:53:20.599,8.49247,8.49371,1.00,1.00
2016.09.15 10:53:21.539,8.49247,8.4938,1.00,1.00
2016.09.15 10:53:21.819,8.49247,8.49371,1.00,1.00
2016.09.15 10:53:24.204,8.49247,8.49373,1.00,1.00
2016.09.15 10:53:25.239,8.49247,8.49374,1.00,1.00
2016.09.15 10:53:25.807,8.49247,8.49371,1.00,1.00
2016.09.15 10:53:26.408,8.49247,8.49377,1.00,1.00
2016.09.15 10:53:27.420,8.49247,8.4937,1.00,1.00
2016.09.15 10:53:27.780,8.49247,8.49366,1.00,1.00
2016.09.15 10:53:28.136,8.49247,8.49381,1.00,1.00
2016.09.15 10:53:28.936,8.49247,8.49367,1.00,1.00
2016.09.15 10:53:30.756,8.49247,8.49366,1.00,1.00
2016.09.15 10:53:30.817,8.49247,8.49366,1.00,1.50
2016.09.15 10:53:31.120,8.49247,8.49366,1.00,1.00
2016.09.15 10:53:31.603,8.49247,8.49361,1.00,1.00
2016.09.15 10:53:31.655,8.49247,8.49367,1.00,1.50
2016.09.15 10:53:32.074,8.49247,8.49367,1.00,1.00
2016.09.15 10:53:38.842,8.49247,8.49374,1.00,1.00
2016.09.15 10:53:39.348,8.49247,8.49375,1.00,1.00
2016.09.15 10:53:41.286,8.49247,8.49371,1.00,1.00
2016.09.15 10:53:41.742,8.49247,8.49364,1.00,1.00
2016.09.15 10:53:42.263,8.49247,8.49369,1.00,1.00
2016.09.15 10:53:45.072,8.49247,8.49377,1.00,1.00
2016.09.15 10:53:45.319,8.49247,8.49377,1.72,1.00
2016.09.15 10:53:45.370,8.49295,8.49418,1.00,1.00
2016.09.15 10:53:45.421,8.49295,8.49418,1.00,1.00
2016.09.15 10:53:45.472,8.49338,8.49445,1.00,1.00
2016.09.15 10:53:45.574,8.49338,8.49447,1.00,1.00
2016.09.15 10:53:45.675,8.49346,8.49465,1.00,1.00
2016.09.15 10:53:45.777,8.49346,8.49485,1.00,1.00
2016.09.15 10:53:46.072,8.49346,8.49485,1.00,1.00
2016.09.15 10:53:46.377,8.49381,8.49497,1.00,1.50
2016.09.15 10:53:46.673,8.49381,8.49497,1.00,1.00
2016.09.15 10:53:47.226,8.49404,8.49497,1.00,1.00
2016.09.15 10:53:47.573,8.49381,8.49497,1.00,1.00
2016.09.15 10:53:47.853,8.49401,8.49497,1.00,1.00
2016.09.15 10:53:47.904,8.49401,8.49507,1.00,1.50
2016.09.15 10:53:48.077,8.49381,8.49507,1.00,1.50
2016.09.15 10:53:48.179,8.49381,8.49507,1.00,1.35
2016.09.15 10:53:48.417,8.49401,8.49507,1.00,1.35
2016.09.15 10:53:49.070,8.49401,8.49507,1.00,1.50
2016.09.15 10:53:49.127,8.49401,8.49507,1.00,1.50
2016.09.15 10:53:49.431,8.49401,8.49507,1.00,1.50
2016.09.15 10:53:49.482,8.49401,8.49507,1.00,2.17
2016.09.15 10:53:49.733,8.49418,8.49507,1.00,1.95
2016.09.15 10:53:49.784,8.49398,8.49507,1.00,1.95
2016.09.15 10:53:49.835,8.49398,8.49507,1.00,1.95
2016.09.15 10:53:49.886,8.49398,8.49507,1.00,1.20
2016.09.15 10:53:49.973,8.49398,8.49507,1.00,1.80
2016.09.15 10:53:50.074,8.49398,8.49507,1.00,1.80
2016.09.15 10:53:50.175,8.49398,8.49507,1.00,1.42
2016.09.15 10:53:50.441,8.49418,8.49507,1.00,1.42
2016.09.15 10:53:51.376,8.49418,8.49507,1.00,1.57
2016.09.15 10:53:51.701,8.49418,8.49507,1.00,2.10
2016.09.15 10:53:51.886,8.49418,8.49507,1.00,1.00
2016.09.15 10:53:54.631,8.49418,8.49507,1.00,2.02
2016.09.15 10:53:54.893,8.49418,8.49497,1.00,1.00
2016.09.15 10:53:55.152,8.49396,8.49497,1.00,1.00
2016.09.15 10:53:55.857,8.49416,8.49497,1.00,1.00
2016.09.15 10:53:56.010,8.49396,8.49497,1.00,1.00
2016.09.15 10:53:59.609,8.49396,8.49497,1.00,1.95
2016.09.15 10:54:00.268,8.49396,8.49487,1.00,1.00
2016.09.15 10:54:00.574,8.49396,8.49474,1.00,1.00
2016.09.15 10:54:00.625,8.49347,8.49474,1.00,1.00
2016.09.15 10:54:01.072,8.49347,8.49486,1.00,1.00
2016.09.15 10:54:01.738,8.49354,8.49487,1.00,1.00
2016.09.15 10:54:01.789,8.49389,8.49487,1.00,1.00
2016.09.15 10:54:06.175,8.49389,8.49486,1.00,1.00
2016.09.15 10:54:08.026,8.49389,8.49486,1.00,1.75
2016.09.15 10:54:08.077,8.49389,8.49474,1.00,1.35
2016.09.15 10:54:08.179,8.49389,8.4946,1.00,1.37
2016.09.15 10:54:08.262,8.49355,8.49435,1.00,1.00
2016.09.15 10:54:08.313,8.49335,8.49422,1.00,1.60
2016.09.15 10:54:08.469,8.4929,8.49422,1.00,1.97
2016.09.15 10:54:08.522,8.4929,8.49405,1.00,1.37
2016.09.15 10:54:08.573,8.4929,8.49405,1.00,1.37
2016.09.15 10:54:08.676,8.49266,8.49405,1.00,1.37
2016.09.15 10:54:08.726,8.49266,8.49382,1.00,1.00
2016.09.15 10:54:08.778,8.49266,8.49382,1.00,1.00
2016.09.15 10:54:09.083,8.49266,8.4934,1.00,1.00
2016.09.15 10:54:09.133,8.49246,8.4934,1.00,1.00
2016.09.15 10:54:09.324,8.49246,8.49337,1.00,1.00
2016.09.15 10:54:09.544,8.49224,8.49337,1.00,1.00
2016.09.15 10:54:09.892,8.49224,8.49341,1.00,1.00
2016.09.15 10:54:09.993,8.49224,8.4933,1.00,1.00
2016.09.15 10:54:10.145,8.49202,8.49322,1.00,1.00
2016.09.15 10:54:10.910,8.49202,8.49313,1.00,1.00
2016.09.15 10:54:11.113,8.49202,8.49342,1.00,1.00
2016.09.15 10:54:11.214,8.49202,8.49314,1.00,1.00
2016.09.15 10:54:11.315,8.49182,8.49314,1.00,1.00
2016.09.15 10:54:11.417,8.49182,8.49342,1.00,1.00
2016.09.15 10:54:11.518,8.49182,8.4932,1.00,1.00
2016.09.15 10:54:11.569,8.49202,8.4932,1.00,1.00
2016.09.15 10:54:11.873,8.49202,8.49318,1.00,1.00
2016.09.15 10:54:11.924,8.49202,8.49348,1.00,1.37
2016.09.15 10:54:12.090,8.49202,8.49326,1.00,1.00
2016.09.15 10:54:12.425,8.49202,8.49332,1.00,1.00
2016.09.15 10:54:12.526,8.49202,8.4935,1.00,1.37
2016.09.15 10:54:12.577,8.49222,8.4935,1.00,1.37
2016.09.15 10:54:12.693,8.49222,8.49335,1.00,1.00
2016.09.15 10:54:13.226,8.49222,8.49351,1.00,1.37
2016.09.15 10:54:13.281,8.49222,8.49351,1.00,1.37
2016.09.15 10:54:13.383,8.49222,8.49351,1.00,1.37
2016.09.15 10:54:13.434,8.49222,8.49351,1.00,1.00
2016.09.15 10:54:13.983,8.49222,8.49351,1.00,1.00
2016.09.15 10:54:14.376,8.49222,8.49351,1.00,1.00
2016.09.15 10:54:14.723,8.49222,8.49351,1.00,1.00
2016.09.15 10:54:15.160,8.49222,8.49347,1.00,1.00
2016.09.15 10:54:16.400,8.49222,8.49346,1.00,1.00
2016.09.15 10:54:16.917,8.49222,8.49347,1.00,1.00
2016.09.15 10:54:17.474,8.49202,8.49347,1.00,1.00
2016.09.15 10:54:17.731,8.49202,8.49347,1.00,1.00
2016.09.15 10:54:17.985,8.49222,8.49347,1.00,1.00
2016.09.15 10:54:18.602,8.49222,8.49331,1.00,1.00
2016.09.15 10:54:18.997,8.49202,8.49331,1.00,1.00
2016.09.15 10:54:19.150,8.49202,8.49347,1.00,1.00
2016.09.15 10:54:19.201,8.49228,8.49347,1.00,1.00
2016.09.15 10:54:19.729,8.49228,8.49346,1.00,1.00
2016.09.15 10:54:20.131,8.49228,8.4933,1.00,1.00
2016.09.15 10:54:21.690,8.49202,8.4933,1.00,1.00
2016.09.15 10:54:22.029,8.49202,8.49323,1.00,1.00
2016.09.15 10:54:24.310,8.49202,8.49326,1.00,1.00
2016.09.15 10:54:25.095,8.49202,8.49326,1.00,1.50
2016.09.15 10:54:27.895,8.49202,8.49327,1.50,1.00
2016.09.15 10:54:27.947,8.49228,8.49327,1.00,1.00
2016.09.15 10:54:28.151,8.49233,8.49377,1.00,1.37
2016.09.15 10:54:28.254,8.49249,8.49376,1.00,1.37
2016.09.15 10:54:28.770,8.49249,8.49377,1.00,1.37
2016.09.15 10:54:28.872,8.49249,8.49377,1.00,1.00
2016.09.15 10:54:29.126,8.49253,8.49377,1.00,1.00
2016.09.15 10:54:29.548,8.4929,8.49377,1.00,1.00
2016.09.15 10:54:30.106,8.4927,8.49377,1.00,1.00
2016.09.15 10:54:32.650,8.4927,8.49402,1.00,1.00
2016.09.15 10:54:32.752,8.4927,8.49402,1.00,1.00
2016.09.15 10:54:32.853,8.49295,8.49402,1.00,1.00
2016.09.15 10:54:32.955,8.49295,8.49415,1.00,1.00
2016.09.15 10:54:34.674,8.49295,8.49427,1.00,1.00
2016.09.15 10:54:34.933,8.49295,8.49408,1.00,1.00
2016.09.15 10:54:36.636,8.49295,8.49427,1.00,1.00
2016.09.15 10:54:39.879,8.49295,8.49406,1.00,1.00
2016.09.15 10:54:42.648,8.49295,8.49397,1.00,1.00
2016.09.15 10:54:46.839,8.49295,8.49382,1.00,1.00
2016.09.15 10:54:47.350,8.49295,8.49391,1.00,1.00
2016.09.15 10:54:52.769,8.49295,8.49388,1.00,1.00
2016.09.15 10:54:57.265,8.49295,8.49407,1.00,1.00
2016.09.15 10:54:59.147,8.49295,8.49386,1.00,1.00
2016.09.15 10:55:00.070,8.49295,8.49407,1.00,1.00
2016.09.15 10:55:00.686,8.49295,8.49407,1.00,1.00
2016.09.15 10:55:02.130,8.49295,8.49407,1.00,1.00
2016.09.15 10:55:02.471,8.49295,8.49407,1.00,1.00
2016.09.15 10:55:02.627,8.49295,8.49407,1.00,1.00
2016.09.15 10:55:02.679,8.49295,8.49416,1.00,1.00
2016.09.15 10:55:03.364,8.49295,8.49417,1.00,1.00
2016.09.15 10:55:09.442,8.49295,8.49417,1.00,1.00
2016.09.15 10:55:10.535,8.49295,8.49417,1.00,1.00
2016.09.15 10:55:12.604,8.49295,8.49407,1.00,1.00
2016.09.15 10:55:19.439,8.49323,8.49407,1.00,1.00
2016.09.15 10:55:22.710,8.49323,8.49427,1.00,1.00
2016.09.15 10:55:25.745,8.49323,8.49427,1.00,1.00
2016.09.15 10:55:25.847,8.49323,8.49408,1.00,1.00
2016.09.15 10:55:26.044,8.49298,8.49408,1.00,1.00
2016.09.15 10:55:26.095,8.49298,8.49416,1.00,1.00
2016.09.15 10:55:26.248,8.49298,8.49427,1.00,1.00
2016.09.15 10:55:26.962,8.49298,8.49417,1.00,1.00
2016.09.15 10:55:27.317,8.49298,8.49421,1.00,1.00
2016.09.15 10:55:30.122,8.49298,8.4942,1.00,1.00
2016.09.15 10:55:30.724,8.49298,8.49414,1.00,1.00
2016.09.15 10:55:31.739,8.49298,8.49411,1.00,1.00
2016.09.15 10:55:32.069,8.49298,8.49404,1.00,1.00
2016.09.15 10:55:32.653,8.49298,8.49387,1.00,1.00
2016.09.15 10:55:36.548,8.49276,8.49387,1.00,1.00
2016.09.15 10:55:37.722,8.49276,8.49386,1.00,1.50
2016.09.15 10:55:37.773,8.49276,8.49386,1.00,1.00
2016.09.15 10:55:38.857,8.49276,8.49387,1.00,1.00
2016.09.15 10:55:41.189,8.49281,8.49387,1.00,1.00
2016.09.15 10:55:41.240,8.49298,8.49397,1.00,1.95
2016.09.15 10:55:41.565,8.49316,8.49397,1.00,1.95
2016.09.15 10:55:41.717,8.49316,8.49387,1.00,1.00
2016.09.15 10:55:41.895,8.49316,8.49397,1.00,1.57
2016.09.15 10:55:42.137,8.49316,8.49396,1.00,2.02
2016.09.15 10:55:42.681,8.49316,8.49412,1.00,1.00
2016.09.15 10:55:42.746,8.49316,8.49417,1.00,1.87
2016.09.15 10:55:43.447,8.49316,8.49406,1.00,1.37
2016.09.15 10:55:43.549,8.49316,8.49413,1.00,1.37
2016.09.15 10:55:44.449,8.49316,8.49409,1.00,1.37
2016.09.15 10:55:45.762,8.49286,8.49402,1.00,1.00
2016.09.15 10:55:45.965,8.49286,8.49407,1.00,1.00
2016.09.15 10:55:46.876,8.49286,8.49405,1.00,1.00
2016.09.15 10:55:52.616,8.49286,8.49387,1.00,1.00
2016.09.15 10:55:57.820,8.49286,8.49386,1.00,1.00
2016.09.15 10:55:58.363,8.49286,8.49387,1.00,1.00
2016.09.15 10:56:00.341,8.49286,8.49387,1.00,1.00
2016.09.15 10:56:00.925,8.49259,8.49387,1.00,1.00
2016.09.15 10:56:00.975,8.49259,8.49363,1.00,1.00
2016.09.15 10:56:01.077,8.49259,8.49387,1.00,1.00
2016.09.15 10:56:02.779,8.49259,8.49377,1.00,1.00
2016.09.15 10:56:05.585,8.49259,8.49376,1.00,1.00
2016.09.15 10:56:08.764,8.49259,8.49377,1.00,1.00
2016.09.15 10:56:09.137,8.49282,8.49377,1.00,1.00
2016.09.15 10:56:11.170,8.49282,8.49387,1.00,1.95
2016.09.15 10:56:11.598,8.49282,8.49377,1.00,1.00
2016.09.15 10:56:12.198,8.49282,8.49386,1.00,1.87
2016.09.15 10:56:12.667,8.49282,8.49407,1.00,1.37
2016.09.15 10:56:13.023,8.49282,8.49404,1.00,1.37
2016.09.15 10:56:13.181,8.49282,8.49396,1.00,1.00
2016.09.15 10:56:14.000,8.49282,8.494,1.00,1.00
2016.09.15 10:56:15.302,8.49282,8.49397,1.00,1.00
2016.09.15 10:56:15.502,8.49282,8.49405,1.00,1.37
2016.09.15 10:56:16.503,8.49282,8.49399,1.00,1.00
2016.09.15 10:56:18.426,8.49282,8.49387,1.00,1.00
2016.09.15 10:56:18.527,8.49282,8.4939,1.00,1.00
2016.09.15 10:56:20.317,8.49282,8.49391,1.00,1.00
2016.09.15 10:56:20.735,8.49282,8.49395,1.00,1.00
2016.09.15 10:56:22.215,8.49282,8.49391,1.00,1.00
2016.09.15 10:56:24.570,8.49282,8.4939,1.00,1.00
2016.09.15 10:56:30.363,8.49282,8.49397,1.00,1.00
2016.09.15 10:56:32.619,8.49282,8.49404,1.00,1.00
2016.09.15 10:56:34.669,8.49282,8.49407,1.00,1.00
2016.09.15 10:56:37.126,8.49282,8.49393,1.00,1.00
2016.09.15 10:56:37.563,8.49282,8.49385,1.00,1.00
2016.09.15 10:56:37.867,8.49282,8.49365,1.00,1.00
2016.09.15 10:56:37.918,8.49255,8.49365,1.00,1.00
2016.09.15 10:56:38.097,8.49231,8.49365,1.00,1.00
2016.09.15 10:56:38.148,8.49231,8.49353,1.00,1.00
2016.09.15 10:56:38.858,8.49231,8.49349,1.00,1.00
2016.09.15 10:56:39.162,8.49231,8.49335,1.00,1.00
2016.09.15 10:56:39.862,8.49231,8.49339,1.00,1.00
2016.09.15 10:56:45.273,8.49231,8.4934,1.00,1.00
2016.09.15 10:56:46.723,8.49231,8.49343,1.00,1.00
2016.09.15 10:56:52.483,8.49231,8.49347,1.00,1.00
2016.09.15 10:56:52.534,8.49231,8.49352,1.00,1.00
2016.09.15 10:56:57.813,8.49231,8.49347,1.00,1.00
2016.09.15 10:57:00.305,8.49231,8.49346,1.00,1.00
2016.09.15 10:57:00.646,8.49204,8.49313,1.00,1.00
2016.09.15 10:57:01.131,8.49204,8.49324,1.00,1.00
2016.09.15 10:57:01.515,8.49204,8.49333,1.00,1.00
2016.09.15 10:57:01.720,8.49204,8.49335,1.00,1.00
2016.09.15 10:57:01.924,8.49204,8.49344,1.00,1.00
2016.09.15 10:57:03.036,8.49204,8.49335,1.00,1.00
2016.09.15 10:57:04.143,8.49204,8.49332,1.00,1.00
2016.09.15 10:57:05.419,8.49204,8.49333,1.00,1.00
2016.09.15 10:57:05.818,8.49204,8.49337,1.00,1.00
2016.09.15 10:57:15.332,8.49204,8.49336,1.00,1.00
2016.09.15 10:57:19.971,8.49204,8.49339,1.00,1.00
2016.09.15 10:57:20.073,8.49204,8.49341,1.00,1.00
2016.09.15 10:57:20.372,8.49239,8.49341,1.00,1.00
2016.09.15 10:57:22.547,8.49239,8.49351,1.00,1.00
2016.09.15 10:57:23.348,8.49239,8.49346,1.00,1.00
2016.09.15 10:57:23.449,8.49239,8.49377,1.00,1.00
2016.09.15 10:57:23.610,8.49264,8.49377,1.00,1.00
2016.09.15 10:57:24.071,8.49264,8.49373,1.00,1.00
2016.09.15 10:57:24.651,8.49264,8.49377,1.00,1.50
2016.09.15 10:57:25.666,8.49264,8.49377,1.00,1.00
2016.09.15 10:57:26.086,8.49243,8.49377,1.00,1.00
2016.09.15 10:57:26.188,8.49243,8.49373,1.00,1.00
2016.09.15 10:57:26.530,8.49261,8.49372,1.00,1.00
2016.09.15 10:57:27.454,8.49242,8.49372,1.00,1.00
2016.09.15 10:57:27.679,8.49242,8.49359,1.00,1.00
2016.09.15 10:57:28.163,8.49242,8.4937,1.00,1.00
2016.09.15 10:57:30.267,8.49242,8.49363,1.00,1.00
2016.09.15 10:57:30.681,8.49242,8.49357,1.00,1.00
2016.09.15 10:57:31.182,8.49242,8.49356,1.00,1.00
2016.09.15 10:57:31.283,8.49242,8.49365,1.00,1.00
2016.09.15 10:57:31.486,8.49242,8.49362,1.00,1.00
2016.09.15 10:57:31.588,8.49242,8.49368,1.00,1.00
2016.09.15 10:57:32.151,8.49242,8.49369,1.00,1.00
2016.09.15 10:57:32.373,8.49242,8.49365,1.00,1.00
2016.09.15 10:57:33.877,8.49242,8.49359,1.00,1.00
2016.09.15 10:57:34.186,8.49242,8.49366,1.00,1.00
2016.09.15 10:57:34.983,8.49242,8.49368,1.00,1.00
2016.09.15 10:57:35.384,8.49242,8.49363,1.00,1.00
2016.09.15 10:57:35.785,8.49242,8.49369,1.00,1.00
2016.09.15 10:57:36.686,8.49242,8.49365,1.00,1.00
2016.09.15 10:57:37.292,8.49242,8.49369,1.00,1.00
2016.09.15 10:57:45.450,8.49242,8.4937,1.00,1.00
2016.09.15 10:57:46.702,8.49242,8.49369,1.00,1.00
2016.09.15 10:57:52.114,8.49242,8.49362,1.00,1.00
2016.09.15 10:57:54.722,8.49242,8.4936,1.00,1.00
2016.09.15 10:57:55.576,8.49242,8.4936,1.00,1.37
2016.09.15 10:57:55.978,8.49242,8.49355,1.00,1.37
2016.09.15 10:57:57.698,8.49242,8.49356,1.00,1.37
2016.09.15 10:57:58.001,8.49242,8.49354,1.00,1.37
2016.09.15 10:58:01.789,8.49242,8.49362,1.00,1.37
2016.09.15 10:58:04.272,8.49242,8.49357,1.00,1.37
2016.09.15 10:58:04.323,8.49242,8.49357,1.00,1.00
2016.09.15 10:58:04.475,8.49242,8.49369,1.00,1.00
2016.09.15 10:58:04.627,8.49272,8.49369,1.00,1.00
2016.09.15 10:58:04.679,8.49252,8.49369,1.00,1.00
2016.09.15 10:58:04.781,8.49272,8.49369,1.00,1.00
2016.09.15 10:58:05.267,8.49272,8.49376,1.00,1.00
2016.09.15 10:58:08.135,8.49272,8.49377,1.00,1.00
2016.09.15 10:58:08.620,8.49272,8.49377,1.00,1.37
2016.09.15 10:58:08.772,8.49272,8.49376,1.00,1.87
2016.09.15 10:58:09.754,8.49272,8.49375,1.00,1.37
2016.09.15 10:58:14.396,8.49272,8.49377,1.00,1.37
2016.09.15 10:58:14.447,8.4925,8.49377,1.00,1.37
2016.09.15 10:58:14.498,8.4925,8.49377,1.00,1.37
2016.09.15 10:58:14.599,8.4925,8.49368,1.00,1.37
2016.09.15 10:58:14.701,8.4925,8.49343,1.00,1.37
2016.09.15 10:58:14.966,8.4925,8.49376,1.00,1.37
2016.09.15 10:58:16.184,8.4925,8.49373,1.00,1.37
2016.09.15 10:58:17.169,8.4925,8.49375,1.00,1.37
2016.09.15 10:58:17.329,8.4925,8.49375,1.00,1.75
2016.09.15 10:58:17.431,8.4925,8.49375,1.00,1.40
2016.09.15 10:58:17.885,8.4925,8.49367,1.00,1.40
2016.09.15 10:58:19.275,8.4925,8.49363,1.00,1.40
2016.09.15 10:58:19.580,8.49226,8.49363,1.00,1.40
2016.09.15 10:58:20.303,8.49226,8.49358,1.00,1.02
2016.09.15 10:58:20.589,8.49226,8.49353,1.00,1.02
2016.09.15 10:58:22.476,8.49226,8.49356,1.00,1.02
2016.09.15 10:58:24.375,8.49226,8.49356,1.00,1.02
2016.09.15 10:58:27.884,8.49226,8.49347,1.00,1.02
2016.09.15 10:58:30.880,8.49226,8.4934,1.00,1.00
2016.09.15 10:58:31.184,8.49226,8.49337,1.00,1.00
2016.09.15 10:58:31.491,8.49226,8.49334,1.00,1.00
2016.09.15 10:58:31.593,8.49206,8.49323,1.00,1.00
2016.09.15 10:58:32.190,8.49206,8.49328,1.00,1.00
2016.09.15 10:58:32.829,8.49206,8.49321,1.00,1.00
2016.09.15 10:58:32.931,8.49206,8.49337,1.00,1.50
2016.09.15 10:58:33.107,8.49224,8.49323,1.00,1.00
2016.09.15 10:58:33.488,8.49199,8.49323,1.00,1.00
2016.09.15 10:58:34.304,8.49199,8.49316,1.00,1.00
2016.09.15 10:58:35.235,8.49199,8.49308,1.00,1.00
2016.09.15 10:58:36.399,8.49199,8.49313,1.00,1.00
2016.09.15 10:58:37.551,8.49199,8.49316,1.00,1.00
2016.09.15 10:58:38.109,8.49199,8.49312,1.00,1.00
2016.09.15 10:58:39.818,8.49199,8.4932,1.00,1.00
2016.09.15 10:58:40.720,8.49199,8.49301,1.00,1.00
2016.09.15 10:58:40.821,8.49199,8.49306,1.00,1.00
2016.09.15 10:58:40.922,8.49199,8.49297,1.00,1.00
2016.09.15 10:58:42.582,8.49199,8.49296,1.00,1.00
2016.09.15 10:58:48.117,8.49199,8.49296,1.00,1.00
2016.09.15 10:58:48.827,8.49176,8.49296,1.00,1.00
2016.09.15 10:58:50.069,8.49176,8.49297,1.00,1.00
2016.09.15 10:58:50.170,8.49176,8.4929,1.00,1.00
2016.09.15 10:58:50.572,8.49176,8.49281,1.00,1.00
2016.09.15 10:58:52.534,8.49176,8.49287,1.00,1.00
2016.09.15 10:58:57.902,8.49176,8.49286,1.00,1.00
2016.09.15 10:58:58.582,8.49176,8.49287,1.00,1.00
2016.09.15 10:59:00.233,8.49176,8.49275,1.00,1.00
2016.09.15 10:59:01.113,8.49176,8.49271,1.00,1.00
2016.09.15 10:59:01.671,8.49176,8.49261,1.00,1.00
2016.09.15 10:59:01.722,8.49154,8.49261,1.00,1.00
2016.09.15 10:59:02.371,8.49154,8.4926,1.00,1.00
2016.09.15 10:59:03.272,8.49154,8.49257,1.00,1.00
2016.09.15 10:59:05.003,8.49154,8.49256,1.00,1.00
2016.09.15 10:59:05.155,8.49132,8.4925,1.00,1.00
2016.09.15 10:59:05.977,8.49132,8.49241,1.00,1.00
2016.09.15 10:59:09.883,8.49132,8.49242,1.00,1.00
2016.09.15 10:59:10.284,8.49132,8.49231,1.00,1.00
2016.09.15 10:59:10.530,8.49132,8.49242,1.00,1.00
2016.09.15 10:59:12.631,8.49132,8.4925,1.00,1.00
2016.09.15 10:59:12.733,8.49132,8.49256,1.00,1.50
2016.09.15 10:59:15.593,8.49132,8.49256,1.00,1.00
2016.09.15 10:59:16.909,8.49132,8.49256,1.00,1.50
2016.09.15 10:59:17.302,8.49132,8.49256,1.00,1.00
2016.09.15 10:59:18.108,8.49132,8.49256,1.00,1.50
2016.09.15 10:59:18.444,8.49132,8.49256,1.00,1.00
2016.09.15 10:59:20.201,8.49132,8.49256,1.00,1.50
2016.09.15 10:59:20.425,8.49132,8.49251,1.00,1.00
2016.09.15 10:59:21.201,8.49132,8.49257,1.00,1.00
2016.09.15 10:59:21.404,8.49132,8.4926,1.00,1.00
2016.09.15 10:59:22.603,8.49132,8.49263,1.00,1.00
2016.09.15 10:59:24.544,8.49132,8.49268,1.00,1.00
2016.09.15 10:59:25.948,8.49132,8.49261,1.00,1.00
2016.09.15 10:59:26.456,8.4916,8.49271,1.00,1.00
2016.09.15 10:59:26.941,8.4916,8.49271,1.00,1.00
2016.09.15 10:59:27.043,8.4916,8.49271,1.00,1.00
2016.09.15 10:59:27.351,8.4916,8.49263,1.00,1.00
2016.09.15 10:59:27.668,8.4916,8.49253,1.00,1.00
2016.09.15 10:59:27.739,8.49121,8.49253,1.00,1.00
2016.09.15 10:59:27.841,8.49121,8.49256,1.00,1.00
2016.09.15 10:59:28.813,8.49121,8.49261,1.00,1.00
2016.09.15 10:59:29.550,8.49121,8.4926,1.00,1.00
2016.09.15 10:59:29.601,8.49121,8.4926,1.00,1.00
2016.09.15 10:59:29.829,8.49121,8.4926,1.00,1.00
2016.09.15 10:59:29.930,8.49121,8.49267,1.00,1.00
2016.09.15 10:59:30.817,8.49121,8.4925,1.00,1.00
2016.09.15 10:59:30.918,8.49121,8.49262,1.00,1.00
2016.09.15 10:59:31.020,8.49121,8.49268,1.00,1.00
2016.09.15 10:59:32.720,8.49121,8.49266,1.00,1.00
2016.09.15 10:59:32.963,8.49121,8.4927,1.00,1.00
2016.09.15 10:59:33.014,8.49121,8.49263,1.00,1.00
2016.09.15 10:59:33.215,8.49121,8.49263,1.00,1.00
2016.09.15 10:59:34.124,8.4915,8.49263,1.00,1.00
2016.09.15 10:59:37.353,8.4915,8.49263,1.00,1.00
2016.09.15 10:59:37.420,8.4915,8.49263,1.00,1.00
2016.09.15 10:59:38.107,8.49169,8.49263,1.00,1.00
2016.09.15 10:59:38.209,8.49169,8.49277,1.00,1.00
2016.09.15 10:59:40.959,8.49169,8.49296,1.00,1.00
2016.09.15 10:59:43.240,8.49169,8.49291,1.00,1.00
2016.09.15 10:59:43.443,8.49169,8.49295,1.00,1.00
2016.09.15 10:59:43.941,8.49169,8.49292,1.00,1.00
2016.09.15 10:59:44.685,8.49169,8.493,1.00,1.00
2016.09.15 10:59:44.944,8.49169,8.49297,1.00,1.00
2016.09.15 10:59:45.081,8.49169,8.493,1.00,1.00
2016.09.15 10:59:45.182,8.49169,8.493,1.00,1.00
2016.09.15 10:59:47.447,8.49191,8.49347,1.00,1.00
2016.09.15 10:59:47.549,8.49221,8.49347,1.00,1.00
2016.09.15 10:59:48.665,8.49221,8.49357,1.00,1.00
2016.09.15 10:59:48.817,8.49221,8.49357,1.00,1.37
2016.09.15 10:59:48.868,8.49221,8.49347,1.00,1.37
2016.09.15 10:59:49.093,8.49169,8.49319,1.00,1.00
2016.09.15 10:59:49.144,8.49169,8.49319,1.00,1.00
2016.09.15 10:59:49.246,8.49152,8.49288,1.00,1.00
2016.09.15 10:59:49.551,8.49132,8.49263,1.00,1.00
2016.09.15 10:59:49.602,8.49112,8.49263,1.00,1.00
2016.09.15 10:59:49.653,8.49112,8.49263,1.00,1.00
2016.09.15 10:59:49.756,8.49112,8.49237,1.00,1.00
2016.09.15 10:59:50.002,8.49112,8.49237,1.00,1.00
2016.09.15 10:59:50.059,8.49157,8.49242,1.00,1.00
2016.09.15 10:59:50.113,8.49177,8.49274,1.00,1.00
2016.09.15 10:59:50.215,8.49203,8.49274,1.00,1.00
2016.09.15 10:59:50.541,8.4925,8.49282,1.00,1.00
2016.09.15 10:59:50.698,8.4927,8.49403,1.00,1.00
2016.09.15 10:59:50.749,8.4925,8.49436,1.00,1.00
2016.09.15 10:59:50.800,8.49275,8.49436,1.00,1.00
2016.09.15 10:59:51.144,8.493,8.49455,1.00,1.00
2016.09.15 10:59:51.297,8.493,8.4946,1.00,1.00
2016.09.15 10:59:51.399,8.49279,8.4946,1.00,1.00
2016.09.15 10:59:51.450,8.49279,8.4946,1.00,1.00
2016.09.15 10:59:51.605,8.49279,8.49438,1.00,1.00
2016.09.15 10:59:51.758,8.49279,8.49426,1.00,1.00
2016.09.15 10:59:52.316,8.49341,8.49426,1.00,1.00
2016.09.15 10:59:52.367,8.49341,8.49504,1.00,1.00
2016.09.15 10:59:52.469,8.49362,8.49504,1.00,1.00
2016.09.15 10:59:52.571,8.49362,8.49507,1.00,1.00
2016.09.15 10:59:53.120,8.49362,8.49506,1.00,1.00
2016.09.15 10:59:53.697,8.49362,8.49507,1.00,1.00
2016.09.15 10:59:54.001,8.49362,8.49507,1.00,1.00
2016.09.15 10:59:54.255,8.49362,8.49516,1.00,1.00
2016.09.15 10:59:54.499,8.49406,8.4954,1.00,1.00
2016.09.15 10:59:54.778,8.4943,8.49566,1.00,1.00
2016.09.15 10:59:54.879,8.4943,8.49577,1.00,1.50
2016.09.15 10:59:54.981,8.4943,8.49566,1.00,1.00
2016.09.15 10:59:55.082,8.4943,8.49577,1.00,1.00
2016.09.15 10:59:55.272,8.4943,8.49569,1.00,1.00
2016.09.15 10:59:55.623,8.4943,8.49556,1.00,1.00
2016.09.15 10:59:56.604,8.4943,8.49637,1.00,1.00
2016.09.15 10:59:56.706,8.4943,8.49562,1.00,1.00
2016.09.15 10:59:57.010,8.4943,8.49568,1.00,1.00
2016.09.15 10:59:57.213,8.49453,8.49597,1.00,1.00
2016.09.15 10:59:57.314,8.49453,8.49612,1.00,1.00
2016.09.15 10:59:57.780,8.49483,8.49612,1.00,1.00
2016.09.15 10:59:58.019,8.49483,8.4962,1.00,1.00
2016.09.15 10:59:58.379,8.49463,8.49612,1.00,1.00
2016.09.15 10:59:58.898,8.49463,8.49594,1.00,1.00
2016.09.15 10:59:59.266,8.49488,8.49594,1.00,1.00
2016.09.15 10:59:59.317,8.49488,8.49618,1.00,1.00
2016.09.15 10:59:59.929,8.49488,8.49601,1.00,1.00
