2016.03.22 22:00:03.405,8.22383,8.23136,0.75,0.75
2016.03.22 22:00:18.379,8.22433,8.23137,0.75,0.75
2016.03.22 22:00:23.240,8.22514,8.23232,0.75,0.75
2016.03.22 22:00:23.291,8.22544,8.23232,0.75,0.75
2016.03.22 22:00:23.341,8.22544,8.23244,0.75,0.75
2016.03.22 22:00:25.195,8.22543,8.23243,0.75,0.75
2016.03.22 22:00:30.654,8.22565,8.23297,0.75,0.75
2016.03.22 22:00:30.708,8.22603,8.23321,0.75,0.75
2016.03.22 22:00:30.759,8.22606,8.23343,0.75,0.75
2016.03.22 22:00:30.809,8.22664,8.23343,0.75,0.75
2016.03.22 22:00:30.860,8.22664,8.23397,0.75,1.50
2016.03.22 22:00:30.911,8.22684,8.23372,0.75,0.75
2016.03.22 22:00:35.951,8.22792,8.23256,0.75,0.75
2016.03.22 22:00:40.322,8.22817,8.2323,0.75,0.75
2016.03.22 22:01:40.391,8.22684,8.23372,0.75,0.75
2016.03.22 22:01:51.305,8.22684,8.23371,0.75,1.50
2016.03.22 22:02:01.033,8.22683,8.2337,0.75,0.75
2016.03.22 22:02:05.478,8.22683,8.23368,0.75,0.75
2016.03.22 22:02:15.597,8.22683,8.23367,0.75,0.75
2016.03.22 22:02:20.509,8.22683,8.23366,0.75,0.75
2016.03.22 22:02:25.142,8.22683,8.23364,1.50,0.75
2016.03.22 22:02:30.223,8.22684,8.23364,0.75,0.75
2016.03.22 22:02:35.341,8.22685,8.23362,1.50,0.75
2016.03.22 22:02:45.459,8.22686,8.23362,0.75,0.75
2016.03.22 22:02:50.174,8.22687,8.2336,0.75,0.75
2016.03.22 22:02:55.285,8.22688,8.23359,0.75,0.75
2016.03.22 22:03:00.740,8.22689,8.23358,0.75,0.75
2016.03.22 22:03:05.030,8.2269,8.23358,0.75,0.75
2016.03.22 22:03:10.265,8.22691,8.23356,0.75,0.75
2016.03.22 22:03:15.137,8.22692,8.23356,0.75,0.75
2016.03.22 22:03:24.661,8.22693,8.23355,0.75,0.75
2016.03.22 22:03:26.770,8.22694,8.23354,0.75,0.75
2016.03.22 22:03:30.379,8.22695,8.23353,1.50,0.75
2016.03.22 22:03:36.118,8.22696,8.23352,0.75,0.75
2016.03.22 22:03:45.469,8.22698,8.23351,0.75,0.75
2016.03.22 22:03:50.478,8.22698,8.2335,0.75,0.75
2016.03.22 22:03:55.148,8.227,8.23348,0.75,0.75
2016.03.22 22:04:25.622,8.22701,8.23347,1.00,1.00
2016.03.22 22:04:40.494,8.22702,8.23346,1.00,1.00
2016.03.22 22:05:00.717,8.22704,8.23344,1.00,1.00
2016.03.22 22:05:15.251,8.22704,8.23343,1.00,1.00
2016.03.22 22:05:32.898,8.22705,8.23343,1.00,1.00
2016.03.22 22:05:50.432,8.22706,8.23342,1.00,1.00
2016.03.22 22:06:05.170,8.22707,8.23341,1.00,1.00
2016.03.22 22:06:25.212,8.22709,8.2334,1.00,1.00
2016.03.22 22:06:44.658,8.22709,8.23339,1.00,1.00
2016.03.22 22:06:58.490,8.2271,8.23337,1.00,1.00
2016.03.22 22:07:16.932,8.22711,8.23336,1.00,1.00
2016.03.22 22:07:31.165,8.22713,8.23336,1.00,1.00
2016.03.22 22:07:44.996,8.22713,8.23335,1.00,1.00
2016.03.22 22:08:00.648,8.22714,8.23334,1.00,1.00
2016.03.22 22:08:27.140,8.22715,8.23333,1.00,1.00
2016.03.22 22:08:39.174,8.22716,8.23332,1.00,1.00
2016.03.22 22:08:57.611,8.22716,8.23304,1.00,1.00
2016.03.22 22:09:13.885,8.22716,8.23324,1.00,1.00
2016.03.22 22:09:13.997,8.22716,8.23329,1.00,1.00
2016.03.22 22:09:33.516,8.22716,8.23291,1.00,1.00
2016.03.22 22:09:33.977,8.22803,8.23199,1.00,1.00
2016.03.22 22:09:46.455,8.2278,8.23175,1.00,1.00
2016.03.22 22:09:46.556,8.22742,8.23138,1.00,1.00
2016.03.22 22:10:03.208,8.22721,8.23116,1.00,1.00
2016.03.22 22:10:16.402,8.22691,8.23086,1.00,1.00
2016.03.22 22:10:16.707,8.22665,8.2306,1.00,1.00
2016.03.22 22:11:16.489,8.22565,8.2316,1.00,1.00
2016.03.22 22:12:01.153,8.22564,8.2316,1.00,1.00
2016.03.22 22:12:51.743,8.22564,8.23146,1.00,1.00
2016.03.22 22:12:52.326,8.22564,8.2316,1.00,1.00
2016.03.22 22:14:16.043,8.22564,8.23159,1.00,1.00
2016.03.22 22:14:51.902,8.22564,8.23148,1.00,1.00
2016.03.22 22:14:52.331,8.22564,8.23135,1.00,1.00
2016.03.22 22:15:09.647,8.22564,8.23159,1.00,1.00
2016.03.22 22:15:25.224,8.22564,8.23151,1.00,1.00
2016.03.22 22:15:45.298,8.22564,8.23159,1.00,1.00
2016.03.22 22:17:10.133,8.22564,8.23158,1.00,1.00
2016.03.22 22:18:45.197,8.22564,8.23156,1.00,1.00
2016.03.22 22:19:05.266,8.22564,8.23158,1.00,1.00
2016.03.22 22:20:52.399,8.22697,8.2309,1.00,1.00
2016.03.22 22:20:52.503,8.22717,8.23112,1.00,1.00
2016.03.22 22:20:52.611,8.22737,8.23132,1.00,1.00
2016.03.22 22:21:33.080,8.2276,8.23155,1.00,1.00
2016.03.22 22:21:45.773,8.22756,8.23151,1.00,1.00
2016.03.22 22:21:46.804,8.2278,8.23175,1.00,1.00
2016.03.22 22:21:47.123,8.22825,8.2322,1.00,1.00
2016.03.22 22:21:47.572,8.22843,8.23238,1.00,1.00
2016.03.22 22:21:48.326,8.22862,8.23257,1.00,1.00
2016.03.22 22:21:49.324,8.22884,8.23279,1.00,1.00
2016.03.22 22:21:49.628,8.22903,8.23298,1.00,1.00
2016.03.22 22:21:54.256,8.22922,8.23307,1.00,1.00
2016.03.22 22:21:55.309,8.22919,8.23307,1.00,1.00
2016.03.22 22:21:57.207,8.22919,8.23314,1.00,1.00
2016.03.22 22:22:30.900,8.22889,8.23337,1.00,1.00
2016.03.22 22:22:31.088,8.22923,8.23318,1.00,1.00
2016.03.22 22:22:37.213,8.22923,8.23307,1.00,1.00
2016.03.22 22:22:38.869,8.22905,8.233,1.00,1.00
2016.03.22 22:22:39.659,8.22928,8.23307,1.00,1.00
2016.03.22 22:22:44.789,8.22908,8.23303,1.00,1.00
2016.03.22 22:22:44.909,8.2293,8.23307,1.00,1.00
2016.03.22 22:22:48.587,8.22918,8.23307,1.00,1.00
2016.03.22 22:23:07.135,8.22918,8.23297,1.00,1.00
2016.03.22 22:23:27.623,8.22918,8.23287,1.00,1.00
2016.03.22 22:23:29.674,8.22918,8.23277,1.00,1.00
2016.03.22 22:23:37.586,8.22918,8.23267,1.00,1.00
2016.03.22 22:23:41.121,8.22918,8.23287,1.00,1.00
2016.03.22 22:23:47.271,8.22918,8.23286,1.00,1.00
2016.03.22 22:23:47.423,8.22918,8.23297,1.00,1.00
2016.03.22 22:23:47.602,8.22918,8.23307,1.00,1.00
2016.03.22 22:23:47.821,8.22918,8.23297,1.00,1.00
2016.03.22 22:23:48.402,8.22918,8.23307,1.00,1.00
2016.03.22 22:23:48.590,8.22838,8.23297,1.00,1.00
2016.03.22 22:23:56.620,8.22838,8.23317,1.00,1.50
2016.03.22 22:23:56.671,8.22899,8.23294,1.00,1.00
2016.03.22 22:23:58.665,8.22878,8.23273,1.00,1.00
2016.03.22 22:24:58.825,8.22787,8.23337,1.00,1.00
2016.03.22 22:25:06.906,8.22787,8.23327,1.00,1.00
2016.03.22 22:25:16.859,8.22787,8.23317,1.00,1.00
2016.03.22 22:25:26.882,8.22787,8.23353,1.00,1.00
2016.03.22 22:25:45.179,8.22787,8.23356,1.00,1.00
2016.03.22 22:26:02.562,8.22787,8.23351,1.00,1.00
2016.03.22 22:26:02.736,8.22787,8.23367,1.00,1.00
2016.03.22 22:26:02.787,8.22871,8.23266,1.00,1.00
2016.03.22 22:26:03.108,8.22891,8.23286,1.00,1.00
2016.03.22 22:27:03.023,8.22788,8.23377,1.00,1.00
2016.03.22 22:27:06.888,8.22788,8.23383,1.00,1.00
2016.03.22 22:27:33.142,8.22788,8.23383,1.00,1.60
2016.03.22 22:27:33.446,8.22788,8.23333,1.00,1.00
2016.03.22 22:27:34.035,8.22864,8.23257,1.00,1.00
2016.03.22 22:28:26.053,8.22887,8.23282,1.00,1.00
2016.03.22 22:28:26.155,8.22869,8.23264,1.00,1.00
2016.03.22 22:28:45.185,8.22888,8.23281,1.00,1.00
2016.03.22 22:28:45.602,8.22905,8.23296,1.00,1.00
2016.03.22 22:28:46.804,8.22905,8.23297,1.00,1.00
2016.03.22 22:28:47.027,8.22905,8.233,1.00,1.00
2016.03.22 22:28:51.423,8.22882,8.23277,1.00,1.00
2016.03.22 22:28:51.835,8.22863,8.23258,1.00,1.00
2016.03.22 22:28:53.204,8.22835,8.2323,1.00,1.00
2016.03.22 22:28:53.805,8.22814,8.23209,1.00,1.00
2016.03.22 22:28:54.158,8.22839,8.23234,1.00,1.00
2016.03.22 22:29:06.228,8.22743,8.23166,1.00,1.00
2016.03.22 22:29:06.279,8.22731,8.23126,1.00,1.00
2016.03.22 22:29:06.784,8.22712,8.23107,1.00,1.00
2016.03.22 22:29:07.423,8.22692,8.23087,1.00,1.00
2016.03.22 22:29:08.164,8.22675,8.23068,1.00,1.00
2016.03.22 22:29:08.685,8.22651,8.23046,1.00,1.00
2016.03.22 22:29:08.807,8.22633,8.23028,1.00,1.00
2016.03.22 22:29:14.926,8.2261,8.23003,1.00,1.00
2016.03.22 22:29:15.874,8.22587,8.22982,1.00,1.00
2016.03.22 22:29:16.934,8.22569,8.22964,1.00,1.00
2016.03.22 22:29:17.936,8.2255,8.22945,1.00,1.00
2016.03.22 22:29:19.174,8.22529,8.22924,1.00,1.00
2016.03.22 22:29:20.254,8.22504,8.22899,1.00,1.00
2016.03.22 22:29:20.759,8.22533,8.22926,1.00,1.00
2016.03.22 22:29:25.541,8.22503,8.22898,1.00,1.00
2016.03.22 22:29:26.603,8.2248,8.22875,1.00,1.00
2016.03.22 22:29:28.646,8.22462,8.22857,1.00,1.00
2016.03.22 22:29:29.119,8.22473,8.22868,1.00,1.00
2016.03.22 22:29:29.684,8.22496,8.22891,1.00,1.00
2016.03.22 22:29:29.999,8.22604,8.22999,1.00,1.00
2016.03.22 22:29:30.714,8.22568,8.22963,1.00,1.00
2016.03.22 22:29:31.017,8.22544,8.22939,1.00,1.00
2016.03.22 22:29:32.362,8.22524,8.22919,1.00,1.00
2016.03.22 22:29:34.144,8.22505,8.229,1.00,1.00
2016.03.22 22:29:35.268,8.22483,8.22878,1.00,1.00
2016.03.22 22:29:36.269,8.22465,8.2286,1.00,1.00
2016.03.22 22:29:36.603,8.22446,8.22841,1.00,1.00
2016.03.22 22:29:41.197,8.22428,8.22823,1.00,1.00
2016.03.22 22:29:41.540,8.22447,8.22842,1.00,1.00
2016.03.22 22:29:44.852,8.2243,8.22823,1.00,1.00
2016.03.22 22:29:44.902,8.2245,8.22845,1.00,1.00
2016.03.22 22:29:45.054,8.22492,8.22887,1.00,1.00
2016.03.22 22:29:45.402,8.22557,8.22952,1.00,1.00
2016.03.22 22:29:46.070,8.22522,8.22917,1.00,1.00
2016.03.22 22:29:46.382,8.225,8.22895,1.00,1.00
2016.03.22 22:29:47.285,8.2248,8.22875,1.00,1.00
2016.03.22 22:29:47.671,8.22498,8.22893,1.00,1.00
2016.03.22 22:29:48.284,8.22475,8.2287,1.00,1.00
2016.03.22 22:29:48.661,8.22526,8.22921,1.00,1.00
2016.03.22 22:29:49.288,8.22496,8.22891,1.00,1.00
2016.03.22 22:29:51.107,8.22477,8.22872,1.00,1.00
2016.03.22 22:30:00.935,8.22498,8.22893,1.00,1.00
2016.03.22 22:30:02.024,8.2248,8.22875,1.00,1.00
2016.03.22 22:30:02.584,8.22482,8.22877,1.00,1.00
2016.03.22 22:30:03.197,8.22462,8.22857,1.00,1.00
2016.03.22 22:30:03.547,8.22492,8.22887,1.00,1.00
2016.03.22 22:30:04.147,8.2247,8.22865,1.00,1.00
2016.03.22 22:30:04.488,8.22499,8.22894,1.00,1.00
2016.03.22 22:30:05.221,8.2248,8.22875,1.00,1.00
2016.03.22 22:30:05.556,8.22506,8.22901,1.00,1.00
2016.03.22 22:30:08.316,8.22482,8.22877,1.00,1.00
2016.03.22 22:30:08.780,8.225,8.22895,1.00,1.00
2016.03.22 22:30:18.941,8.2248,8.22875,1.00,1.00
2016.03.22 22:30:19.283,8.22509,8.22904,1.00,1.00
2016.03.22 22:30:19.883,8.22484,8.22879,1.00,1.00
2016.03.22 22:30:20.194,8.22505,8.229,1.00,1.00
2016.03.22 22:30:25.316,8.22484,8.22879,1.00,1.00
2016.03.22 22:30:25.619,8.22546,8.22941,1.00,1.00
2016.03.22 22:30:26.805,8.22514,8.22909,1.00,1.00
2016.03.22 22:30:28.365,8.22484,8.22879,1.00,1.00
2016.03.22 22:30:28.670,8.22582,8.22977,1.00,1.00
2016.03.22 22:30:28.986,8.22579,8.22974,1.00,1.00
2016.03.22 22:30:29.517,8.22538,8.22933,1.00,1.00
2016.03.22 22:30:29.857,8.22567,8.22962,1.00,1.00
2016.03.22 22:30:30.568,8.22558,8.22953,1.00,1.00
2016.03.22 22:30:31.347,8.22536,8.22931,1.00,1.00
2016.03.22 22:30:31.670,8.22517,8.22912,1.00,1.00
2016.03.22 22:30:32.460,8.22499,8.22894,1.00,1.00
2016.03.22 22:30:33.566,8.2248,8.22875,1.00,1.00
2016.03.22 22:30:33.878,8.22503,8.22898,1.00,1.00
2016.03.22 22:30:34.672,8.22465,8.2286,1.00,1.00
2016.03.22 22:30:35.022,8.22487,8.22882,1.00,1.00
2016.03.22 22:30:42.683,8.22469,8.22864,1.00,1.00
2016.03.22 22:30:43.716,8.2245,8.22845,1.00,1.00
2016.03.22 22:30:44.139,8.2247,8.22865,1.00,1.00
2016.03.22 22:30:45.036,8.22447,8.22842,1.00,1.00
2016.03.22 22:30:47.466,8.22477,8.22872,1.00,1.00
2016.03.22 22:30:47.768,8.22601,8.22987,1.00,1.00
2016.03.22 22:30:47.819,8.22582,8.22975,1.00,1.00
2016.03.22 22:30:48.062,8.22553,8.22948,1.00,1.00
2016.03.22 22:30:48.163,8.22512,8.22907,1.00,1.00
2016.03.22 22:30:49.092,8.22488,8.22883,1.00,1.00
2016.03.22 22:30:49.415,8.22516,8.22911,1.00,1.00
2016.03.22 22:30:49.800,8.22502,8.22897,1.00,1.00
2016.03.22 22:30:50.436,8.22483,8.22878,1.00,1.00
2016.03.22 22:30:50.790,8.22464,8.22859,1.00,1.00
2016.03.22 22:30:51.491,8.22484,8.22879,1.00,1.00
2016.03.22 22:30:52.896,8.22453,8.22846,1.00,1.00
2016.03.22 22:30:53.048,8.22473,8.22868,1.00,1.00
2016.03.22 22:30:53.099,8.22493,8.22888,1.00,1.00
2016.03.22 22:30:53.917,8.22468,8.22863,1.00,1.00
2016.03.22 22:30:54.324,8.22491,8.22886,1.00,1.00
2016.03.22 22:30:54.749,8.22472,8.22867,1.00,1.00
2016.03.22 22:31:01.100,8.22495,8.22888,1.00,1.00
2016.03.22 22:31:06.272,8.22491,8.22886,1.00,1.00
2016.03.22 22:31:06.383,8.22514,8.22909,1.00,1.00
2016.03.22 22:31:07.266,8.22477,8.22872,1.00,1.00
2016.03.22 22:31:07.652,8.22495,8.2289,1.00,1.00
2016.03.22 22:31:12.966,8.22471,8.22866,1.00,1.00
2016.03.22 22:31:42.316,8.22457,8.22852,1.00,1.00
2016.03.22 22:31:44.179,8.22438,8.22833,1.00,1.00
2016.03.22 22:31:44.491,8.22458,8.22853,1.00,1.00
2016.03.22 22:31:53.336,8.22434,8.22829,1.00,1.00
2016.03.22 22:32:10.426,8.22455,8.22848,1.00,1.00
2016.03.22 22:32:10.578,8.22521,8.22916,1.00,1.00
2016.03.22 22:32:10.679,8.2259,8.22937,1.00,1.50
2016.03.22 22:32:10.781,8.2253,8.22926,1.00,1.00
2016.03.22 22:32:11.766,8.22502,8.22897,1.00,1.00
2016.03.22 22:32:15.425,8.22525,8.2292,1.00,1.00
2016.03.22 22:32:15.737,8.2264,8.23035,1.00,1.00
2016.03.22 22:32:16.187,8.22703,8.23098,1.00,1.00
2016.03.22 22:32:16.506,8.22725,8.23116,1.00,1.00
2016.03.22 22:32:16.557,8.22725,8.2312,1.00,1.00
2016.03.22 22:32:16.608,8.22747,8.23142,1.00,1.00
2016.03.22 22:32:17.227,8.22766,8.23161,1.00,1.00
2016.03.22 22:32:17.561,8.2282,8.23215,1.00,1.00
2016.03.22 22:32:18.575,8.2279,8.23185,1.00,1.00
2016.03.22 22:32:19.035,8.22815,8.2321,1.00,1.00
2016.03.22 22:32:20.315,8.22796,8.23191,1.00,1.00
2016.03.22 22:32:20.466,8.22769,8.2325,1.00,1.00
2016.03.22 22:32:20.618,8.2274,8.23211,1.00,1.00
2016.03.22 22:32:21.285,8.22737,8.23132,1.00,1.00
2016.03.22 22:32:21.436,8.2271,8.23133,1.00,1.00
2016.03.22 22:32:21.680,8.22678,8.23189,1.00,1.00
2016.03.22 22:32:22.285,8.22682,8.23189,1.00,1.00
2016.03.22 22:32:22.336,8.22699,8.23215,1.00,1.00
2016.03.22 22:32:22.387,8.22657,8.2317,1.00,1.00
2016.03.22 22:32:22.639,8.22668,8.23207,1.00,1.00
2016.03.22 22:32:22.740,8.22656,8.23247,1.00,1.00
2016.03.22 22:32:23.093,8.22716,8.23201,1.00,1.00
2016.03.22 22:32:23.205,8.22674,8.23237,1.00,1.00
2016.03.22 22:32:23.412,8.22691,8.23305,1.00,1.00
2016.03.22 22:32:23.463,8.22689,8.23305,1.00,1.00
2016.03.22 22:32:23.528,8.22706,8.23305,1.00,1.00
2016.03.22 22:32:23.830,8.22735,8.23296,1.00,1.00
2016.03.22 22:32:23.932,8.22696,8.23303,1.00,1.00
2016.03.22 22:32:24.146,8.22694,8.23264,1.00,1.00
2016.03.22 22:32:24.481,8.22652,8.23263,1.00,1.00
2016.03.22 22:32:24.647,8.22672,8.23263,1.00,1.00
2016.03.22 22:32:24.705,8.22672,8.23298,1.00,1.00
2016.03.22 22:32:24.756,8.22693,8.23298,1.00,1.00
2016.03.22 22:32:25.082,8.22716,8.23276,1.00,1.00
2016.03.22 22:32:25.413,8.22773,8.23258,1.00,1.00
2016.03.22 22:32:25.514,8.22706,8.23307,1.00,1.00
2016.03.22 22:32:25.615,8.2271,8.23285,1.00,1.00
2016.03.22 22:32:25.999,8.22695,8.23263,1.00,1.00
2016.03.22 22:32:27.252,8.22714,8.23197,1.00,1.00
2016.03.22 22:32:27.353,8.22691,8.23248,1.00,1.00
2016.03.22 22:32:28.704,8.22752,8.23237,1.00,1.00
2016.03.22 22:32:28.806,8.22719,8.23306,1.00,1.00
2016.03.22 22:32:28.856,8.22726,8.23306,1.00,1.00
2016.03.22 22:32:28.957,8.22719,8.23307,1.00,1.50
2016.03.22 22:32:29.210,8.22717,8.23307,1.00,1.00
2016.03.22 22:32:30.465,8.22785,8.23271,1.00,1.00
2016.03.22 22:32:30.619,8.22708,8.23297,1.00,1.00
2016.03.22 22:32:31.513,8.22731,8.23297,1.00,1.00
2016.03.22 22:32:31.615,8.22717,8.23294,1.00,1.00
2016.03.22 22:32:31.968,8.22715,8.2327,1.00,1.00
2016.03.22 22:32:32.069,8.22707,8.2327,1.00,1.00
2016.03.22 22:32:32.220,8.22688,8.23297,1.00,1.00
2016.03.22 22:32:32.271,8.22725,8.23297,1.00,1.00
2016.03.22 22:32:32.585,8.22753,8.23239,1.00,1.00
2016.03.22 22:32:32.636,8.22726,8.23297,1.00,1.00
2016.03.22 22:32:32.687,8.22696,8.23296,1.00,1.00
2016.03.22 22:32:32.789,8.22725,8.23282,1.00,1.00
2016.03.22 22:32:33.359,8.22768,8.23254,1.00,1.00
2016.03.22 22:32:33.510,8.22719,8.2329,1.00,1.00
2016.03.22 22:32:33.561,8.22768,8.23254,1.00,1.00
2016.03.22 22:32:33.611,8.22715,8.23297,1.00,1.00
2016.03.22 22:32:33.752,8.22715,8.23269,1.00,1.00
2016.03.22 22:32:33.803,8.22667,8.23297,1.50,1.00
2016.03.22 22:32:33.854,8.22709,8.23297,1.00,1.00
2016.03.22 22:32:34.268,8.22728,8.23297,1.00,1.00
2016.03.22 22:32:34.478,8.22699,8.23284,1.00,1.00
2016.03.22 22:32:34.570,8.22715,8.23199,1.00,1.00
2016.03.22 22:32:34.722,8.22695,8.23297,1.00,1.00
2016.03.22 22:32:34.772,8.22701,8.23297,1.00,1.00
2016.03.22 22:32:35.275,8.22782,8.23267,1.00,1.00
2016.03.22 22:32:35.426,8.22737,8.23297,1.00,1.00
2016.03.22 22:32:35.852,8.22817,8.23297,1.00,1.00
2016.03.22 22:32:35.953,8.22722,8.23295,1.00,1.00
2016.03.22 22:32:36.054,8.2272,8.23295,1.00,1.00
2016.03.22 22:32:36.855,8.22769,8.23296,1.00,1.00
2016.03.22 22:32:36.957,8.22696,8.23297,1.00,1.00
2016.03.22 22:32:37.108,8.22709,8.23297,1.00,1.00
2016.03.22 22:32:37.453,8.22714,8.23297,1.00,1.00
2016.03.22 22:32:37.775,8.2276,8.23297,1.00,1.00
2016.03.22 22:32:38.042,8.22717,8.23271,1.00,1.00
2016.03.22 22:32:38.093,8.22717,8.23297,1.00,1.00
2016.03.22 22:32:38.194,8.22735,8.23297,1.00,1.00
2016.03.22 22:32:38.495,8.22744,8.23297,1.00,1.50
2016.03.22 22:32:38.974,8.22768,8.23253,1.00,1.00
2016.03.22 22:32:39.054,8.22728,8.23295,1.00,1.00
2016.03.22 22:32:39.209,8.22722,8.23297,1.00,1.00
2016.03.22 22:32:39.260,8.22734,8.23297,1.00,1.00
2016.03.22 22:32:39.764,8.22779,8.23297,1.00,1.00
2016.03.22 22:32:39.923,8.22734,8.23297,1.00,1.00
2016.03.22 22:32:39.973,8.22773,8.23258,1.00,1.00
2016.03.22 22:32:40.125,8.22767,8.23297,1.00,1.00
2016.03.22 22:32:40.176,8.22714,8.23297,1.00,1.00
2016.03.22 22:32:40.491,8.22714,8.23323,1.00,1.00
2016.03.22 22:32:40.863,8.22738,8.23297,1.00,1.00
2016.03.22 22:32:40.976,8.22719,8.2328,1.00,1.00
2016.03.22 22:32:41.127,8.22697,8.23313,1.00,1.00
2016.03.22 22:32:41.178,8.22714,8.23313,1.00,1.00
2016.03.22 22:32:41.515,8.22727,8.23263,1.00,1.00
2016.03.22 22:32:41.635,8.22721,8.23322,1.00,1.00
2016.03.22 22:32:42.079,8.228,8.23271,1.00,1.00
2016.03.22 22:32:42.180,8.22755,8.23279,1.00,1.00
2016.03.22 22:32:42.454,8.22868,8.23263,1.00,1.00
2016.03.22 22:32:42.867,8.22898,8.23293,1.00,1.00
2016.03.22 22:32:43.023,8.22853,8.2329,1.00,1.00
2016.03.22 22:32:43.174,8.22766,8.23296,1.00,1.00
2016.03.22 22:32:43.255,8.22761,8.23325,1.00,1.00
2016.03.22 22:32:43.357,8.22792,8.23327,1.00,1.00
2016.03.22 22:32:43.975,8.22818,8.23304,1.00,1.00
2016.03.22 22:32:44.126,8.22803,8.23327,1.00,1.00
2016.03.22 22:32:44.228,8.22735,8.23327,1.00,1.00
2016.03.22 22:32:44.278,8.22739,8.23321,1.00,1.00
2016.03.22 22:32:44.601,8.22883,8.23327,1.00,1.00
2016.03.22 22:32:44.854,8.2285,8.23327,1.00,1.00
2016.03.22 22:32:45.221,8.22804,8.23317,1.00,1.00
2016.03.22 22:32:45.622,8.22754,8.23327,1.00,1.00
2016.03.22 22:32:46.189,8.22753,8.23327,1.00,1.00
2016.03.22 22:32:46.240,8.22813,8.23298,1.00,1.00
2016.03.22 22:32:46.543,8.22842,8.23327,1.00,1.00
2016.03.22 22:32:46.774,8.22811,8.23327,1.00,1.00
2016.03.22 22:32:46.875,8.22782,8.23327,1.00,1.00
2016.03.22 22:32:47.125,8.22822,8.23306,1.00,1.00
2016.03.22 22:32:47.226,8.22781,8.23327,1.00,1.00
2016.03.22 22:32:47.378,8.22823,8.23327,1.00,1.00
2016.03.22 22:32:47.429,8.22777,8.23327,1.00,1.00
2016.03.22 22:32:47.676,8.2281,8.23327,1.00,1.00
2016.03.22 22:32:48.007,8.22874,8.23327,1.00,1.00
2016.03.22 22:32:48.158,8.22819,8.23327,1.00,1.00
2016.03.22 22:32:48.259,8.22794,8.2328,1.00,1.00
2016.03.22 22:32:48.361,8.22777,8.23327,1.00,1.00
2016.03.22 22:32:48.497,8.22795,8.23327,1.00,1.00
2016.03.22 22:32:48.825,8.22845,8.23327,1.00,1.00
2016.03.22 22:32:49.147,8.22819,8.23304,1.00,1.00
2016.03.22 22:32:49.298,8.22804,8.23327,1.00,1.00
2016.03.22 22:32:49.399,8.22862,8.23327,1.00,1.00
2016.03.22 22:32:49.741,8.22834,8.23327,1.00,1.00
2016.03.22 22:32:50.048,8.22817,8.23327,1.00,1.00
2016.03.22 22:32:50.199,8.22799,8.23327,1.00,1.00
2016.03.22 22:32:50.300,8.2277,8.23327,1.00,1.00
2016.03.22 22:32:50.401,8.22806,8.23327,1.00,1.00
2016.03.22 22:32:50.987,8.22873,8.23307,1.00,1.00
2016.03.22 22:32:51.235,8.2285,8.23307,1.00,1.00
2016.03.22 22:32:51.336,8.22872,8.23307,1.00,1.00
2016.03.22 22:32:51.475,8.22868,8.23307,1.00,1.00
2016.03.22 22:32:51.665,8.2283,8.23307,1.00,1.00
2016.03.22 22:32:51.784,8.22812,8.23307,1.00,1.00
2016.03.22 22:32:52.028,8.22874,8.23307,1.00,1.00
2016.03.22 22:32:52.264,8.2285,8.23307,1.00,1.00
2016.03.22 22:32:52.415,8.22866,8.23307,1.00,1.00
2016.03.22 22:32:52.768,8.22831,8.23307,1.00,1.00
2016.03.22 22:32:52.819,8.22811,8.23307,1.00,1.00
2016.03.22 22:32:52.997,8.22797,8.23307,1.00,1.00
2016.03.22 22:32:53.048,8.22912,8.23307,1.00,1.50
2016.03.22 22:32:53.389,8.22907,8.23302,1.00,1.00
2016.03.22 22:32:53.959,8.22913,8.23307,1.00,1.00
2016.03.22 22:32:54.603,8.22915,8.23307,1.00,1.00
2016.03.22 22:32:55.453,8.22905,8.233,1.00,1.00
2016.03.22 22:32:55.545,8.22914,8.23307,1.00,1.00
2016.03.22 22:32:55.990,8.2291,8.23305,1.00,1.00
2016.03.22 22:32:56.084,8.22914,8.23307,1.00,1.00
2016.03.22 22:32:56.504,8.22921,8.23307,1.00,1.00
2016.03.22 22:32:56.566,8.22913,8.23307,1.00,1.00
2016.03.22 22:32:56.684,8.2292,8.23307,1.00,1.00
2016.03.22 22:32:56.804,8.22914,8.23307,1.00,1.00
2016.03.22 22:32:57.645,8.22908,8.23303,1.00,1.00
2016.03.22 22:32:57.764,8.22919,8.23307,1.00,1.00
2016.03.22 22:32:58.004,8.22909,8.23304,1.00,1.00
2016.03.22 22:32:58.125,8.2292,8.23307,1.00,1.00
2016.03.22 22:33:00.430,8.2292,8.23317,1.00,1.00
2016.03.22 22:33:32.193,8.22911,8.23306,1.00,1.00
2016.03.22 22:33:32.402,8.22914,8.23317,1.00,1.00
2016.03.22 22:33:33.164,8.22907,8.23302,1.00,1.00
2016.03.22 22:33:33.366,8.22917,8.23317,1.00,1.00
2016.03.22 22:33:34.154,8.22901,8.23296,1.00,1.00
2016.03.22 22:33:34.456,8.22923,8.23317,1.00,1.00
2016.03.22 22:33:34.832,8.22909,8.23302,1.00,1.00
2016.03.22 22:33:35.183,8.2289,8.23285,1.00,1.00
2016.03.22 22:33:35.307,8.22922,8.23317,1.00,1.50
2016.03.22 22:33:36.177,8.22908,8.23303,1.00,1.00
2016.03.22 22:33:36.286,8.22916,8.23317,1.00,1.00
2016.03.22 22:33:36.524,8.22919,8.23314,1.00,1.00
2016.03.22 22:33:37.484,8.22899,8.23294,1.00,1.00
2016.03.22 22:33:37.611,8.22916,8.23317,1.00,1.00
2016.03.22 22:33:39.246,8.22897,8.23292,1.00,1.00
2016.03.22 22:33:41.640,8.22877,8.23272,1.00,1.00
2016.03.22 22:33:41.956,8.22919,8.23307,1.00,1.00
2016.03.22 22:33:42.054,8.2291,8.23305,1.00,1.00
2016.03.22 22:33:50.604,8.22917,8.23317,1.00,1.00
2016.03.22 22:33:50.654,8.22901,8.23296,1.00,1.00
2016.03.22 22:33:50.766,8.22916,8.23317,1.00,1.00
2016.03.22 22:33:52.241,8.22916,8.23311,1.00,1.00
2016.03.22 22:34:00.546,8.22916,8.23307,1.00,1.00
2016.03.22 22:34:10.614,8.22902,8.23298,1.00,1.00
2016.03.22 22:34:10.763,8.22921,8.23307,1.00,1.00
2016.03.22 22:34:11.324,8.22888,8.23283,1.00,1.00
2016.03.22 22:34:11.464,8.22912,8.23307,1.00,1.00
2016.03.22 22:34:11.847,8.22917,8.23307,1.00,1.00
2016.03.22 22:34:12.467,8.22896,8.23291,1.00,1.00
2016.03.22 22:34:12.733,8.2289,8.23285,1.00,1.00
2016.03.22 22:34:13.497,8.22914,8.23306,1.00,1.00
2016.03.22 22:34:14.112,8.22914,8.23307,1.00,1.00
2016.03.22 22:34:14.239,8.22892,8.23287,1.00,1.00
2016.03.22 22:34:14.652,8.22869,8.23264,1.00,1.00
2016.03.22 22:34:15.021,8.22886,8.23281,1.00,1.00
2016.03.22 22:34:15.443,8.22918,8.23307,1.00,1.00
2016.03.22 22:34:15.896,8.22892,8.23287,1.00,1.00
2016.03.22 22:34:15.997,8.22923,8.23307,1.00,1.00
2016.03.22 22:34:16.104,8.22908,8.23303,1.00,1.00
2016.03.22 22:34:16.898,8.22888,8.23283,1.00,1.00
2016.03.22 22:34:17.207,8.22908,8.23303,1.00,1.00
2016.03.22 22:34:17.538,8.22978,8.23373,1.00,1.00
2016.03.22 22:34:18.014,8.22956,8.23351,1.00,1.00
2016.03.22 22:34:18.399,8.22929,8.23324,1.00,1.00
2016.03.22 22:34:18.892,8.22907,8.23302,1.00,1.00
2016.03.22 22:34:19.207,8.2295,8.23345,1.00,1.00
2016.03.22 22:34:19.549,8.22943,8.23338,1.00,1.00
2016.03.22 22:34:20.016,8.22915,8.2331,1.00,1.00
2016.03.22 22:34:20.326,8.22892,8.23285,1.00,1.00
2016.03.22 22:34:20.377,8.22937,8.23332,1.00,1.00
2016.03.22 22:34:21.024,8.22898,8.23291,1.00,1.00
2016.03.22 22:34:21.183,8.22924,8.23319,1.00,1.00
2016.03.22 22:34:21.821,8.22948,8.23343,1.00,1.00
2016.03.22 22:34:22.132,8.22904,8.23299,1.00,1.00
2016.03.22 22:34:22.434,8.22962,8.23357,1.00,1.00
2016.03.22 22:34:22.485,8.22959,8.23377,1.00,1.00
2016.03.22 22:34:22.586,8.22953,8.23377,1.00,1.00
2016.03.22 22:34:23.072,8.22986,8.23377,1.00,1.00
2016.03.22 22:34:23.185,8.22977,8.23372,1.00,1.00
2016.03.22 22:34:24.094,8.22943,8.23338,1.00,1.00
2016.03.22 22:34:24.409,8.22955,8.2335,1.00,1.00
2016.03.22 22:34:24.745,8.22989,8.23376,1.00,1.00
2016.03.22 22:34:25.162,8.22947,8.2334,1.00,1.00
2016.03.22 22:34:25.263,8.2296,8.23355,1.00,1.00
2016.03.22 22:34:25.365,8.22853,8.23377,1.00,1.00
2016.03.22 22:34:25.466,8.22874,8.23377,1.00,1.00
2016.03.22 22:34:26.047,8.22875,8.23377,1.00,1.00
2016.03.22 22:34:26.566,8.22873,8.23377,1.00,1.00
2016.03.22 22:34:27.192,8.22873,8.23356,1.00,1.00
2016.03.22 22:34:27.525,8.22848,8.23243,1.00,1.00
2016.03.22 22:34:27.694,8.22851,8.23271,1.00,1.00
2016.03.22 22:34:28.946,8.22845,8.2324,1.00,1.00
2016.03.22 22:34:28.998,8.22855,8.23261,1.00,1.00
2016.03.22 22:34:29.613,8.22829,8.23258,1.00,1.00
2016.03.22 22:34:30.933,8.22793,8.23188,1.00,1.00
2016.03.22 22:34:32.025,8.22775,8.2317,1.00,1.00
2016.03.22 22:34:32.458,8.22755,8.23148,1.00,1.00
2016.03.22 22:34:33.166,8.22733,8.23128,1.00,1.00
2016.03.22 22:34:35.032,8.22685,8.2308,1.00,1.00
2016.03.22 22:34:52.913,8.22712,8.23108,1.00,1.00
2016.03.22 22:34:53.048,8.22682,8.23078,1.00,1.00
2016.03.22 22:34:53.354,8.22701,8.23097,1.00,1.00
2016.03.22 22:34:53.993,8.22673,8.23066,1.00,1.00
2016.03.22 22:34:54.144,8.22692,8.23087,1.00,1.00
2016.03.22 22:34:54.233,8.22661,8.23057,1.00,1.00
2016.03.22 22:34:55.147,8.22638,8.23033,1.00,1.00
2016.03.22 22:34:55.495,8.22641,8.23036,1.00,1.00
2016.03.22 22:34:56.153,8.22621,8.23016,1.00,1.00
2016.03.22 22:34:56.859,8.22595,8.2299,1.00,1.00
2016.03.22 22:34:57.200,8.22617,8.23012,1.00,1.00
2016.03.22 22:34:57.509,8.22597,8.22992,1.00,1.00
2016.03.22 22:35:10.127,8.22567,8.22962,1.00,1.00
2016.03.22 22:35:10.432,8.2259,8.22985,1.00,1.00
2016.03.22 22:35:10.484,8.22569,8.22965,1.00,1.00
2016.03.22 22:35:10.603,8.22588,8.22984,1.00,1.00
2016.03.22 22:35:11.097,8.22569,8.22964,1.00,1.00
2016.03.22 22:35:11.434,8.22574,8.22969,1.00,1.00
2016.03.22 22:35:12.043,8.22601,8.22996,1.00,1.00
2016.03.22 22:35:12.546,8.22567,8.22962,1.00,1.00
2016.03.22 22:35:13.287,8.22545,8.22941,1.00,1.00
2016.03.22 22:35:13.338,8.22528,8.22924,1.00,1.00
2016.03.22 22:35:14.297,8.22493,8.22889,1.00,1.00
2016.03.22 22:35:14.647,8.22486,8.22881,1.00,1.00
2016.03.22 22:35:15.347,8.22483,8.22879,1.00,1.00
2016.03.22 22:35:16.371,8.22501,8.22896,1.00,1.00
2016.03.22 22:35:29.003,8.22471,8.22867,1.00,1.00
2016.03.22 22:35:29.164,8.22473,8.22868,1.00,1.00
2016.03.22 22:35:36.813,8.22454,8.22849,1.00,1.00
2016.03.22 22:35:42.342,8.22432,8.22827,1.00,1.00
2016.03.22 22:36:10.503,8.22404,8.22799,1.00,1.00
2016.03.22 22:36:10.842,8.22442,8.22837,1.00,1.00
2016.03.22 22:36:11.236,8.2241,8.22805,1.00,1.00
2016.03.22 22:36:12.277,8.22389,8.22784,1.00,1.00
2016.03.22 22:36:33.472,8.22363,8.22759,1.00,1.00
2016.03.22 22:37:12.962,8.22323,8.22766,1.00,1.00
2016.03.22 22:37:13.063,8.22342,8.22739,1.00,1.00
2016.03.22 22:37:13.407,8.22362,8.22756,1.00,1.00
2016.03.22 22:37:13.865,8.22323,8.22788,1.00,1.00
2016.03.22 22:37:14.462,8.22326,8.22806,1.00,1.00
2016.03.22 22:37:14.746,8.22393,8.22795,1.00,1.00
2016.03.22 22:37:15.055,8.22474,8.22876,1.00,1.00
2016.03.22 22:37:15.801,8.22453,8.22855,1.00,1.00
2016.03.22 22:37:16.104,8.22522,8.22924,1.00,1.00
2016.03.22 22:37:16.951,8.225,8.22902,1.00,1.00
2016.03.22 22:37:17.254,8.22575,8.22977,1.00,1.00
2016.03.22 22:37:17.929,8.22544,8.22946,1.00,1.00
2016.03.22 22:37:18.358,8.22594,8.22994,1.00,1.00
2016.03.22 22:37:20.607,8.22575,8.22977,1.00,1.00
2016.03.22 22:37:20.708,8.22571,8.22973,1.00,1.00
2016.03.22 22:37:21.011,8.22645,8.23047,1.00,1.00
2016.03.22 22:37:21.326,8.22716,8.23118,1.00,1.00
2016.03.22 22:37:21.658,8.22713,8.23092,1.00,1.00
2016.03.22 22:37:21.709,8.22713,8.23115,1.00,1.00
2016.03.22 22:37:21.810,8.22711,8.23113,1.00,1.00
2016.03.22 22:37:22.271,8.22673,8.23075,1.00,1.00
2016.03.22 22:37:22.610,8.22689,8.23091,1.00,1.00
2016.03.22 22:37:22.971,8.22704,8.23106,1.00,1.00
2016.03.22 22:37:23.311,8.22665,8.23157,1.00,1.00
2016.03.22 22:37:23.680,8.22623,8.23097,1.00,1.00
2016.03.22 22:37:23.812,8.22641,8.23133,1.00,1.00
2016.03.22 22:37:23.913,8.2257,8.23177,1.00,1.00
2016.03.22 22:37:24.014,8.22553,8.23174,1.00,1.00
2016.03.22 22:37:24.076,8.22552,8.23157,1.00,1.00
2016.03.22 22:37:24.177,8.22572,8.23182,1.00,1.00
2016.03.22 22:37:24.280,8.22571,8.23176,1.00,1.00
2016.03.22 22:37:24.432,8.22571,8.23181,1.00,1.00
2016.03.22 22:37:24.685,8.22575,8.23187,1.00,1.50
2016.03.22 22:37:24.813,8.22493,8.23152,1.50,1.00
2016.03.22 22:37:24.879,8.22531,8.23152,1.00,1.00
2016.03.22 22:37:25.197,8.22546,8.23122,1.00,1.00
2016.03.22 22:37:25.360,8.22546,8.23148,1.00,1.00
2016.03.22 22:37:25.411,8.22533,8.23148,1.00,1.00
2016.03.22 22:37:25.512,8.22532,8.23127,1.00,1.00
2016.03.22 22:37:25.815,8.22477,8.2308,1.00,1.00
2016.03.22 22:37:26.051,8.22469,8.23131,1.00,1.00
2016.03.22 22:37:26.102,8.22494,8.23131,1.00,1.00
2016.03.22 22:37:26.449,8.22549,8.23044,1.00,1.00
2016.03.22 22:37:26.768,8.2257,8.23056,1.00,1.00
2016.03.22 22:37:26.970,8.22482,8.23098,1.00,1.00
2016.03.22 22:37:27.135,8.22518,8.23084,1.00,1.00
2016.03.22 22:37:27.471,8.22658,8.23144,1.00,1.00
2016.03.22 22:37:27.788,8.22683,8.23169,1.00,1.00
2016.03.22 22:37:27.940,8.22535,8.23182,1.00,1.00
2016.03.22 22:37:27.991,8.22553,8.23182,1.00,1.00
2016.03.22 22:37:28.272,8.22481,8.23111,1.00,1.00
2016.03.22 22:37:28.322,8.22499,8.23111,1.00,1.00
2016.03.22 22:37:28.449,8.22505,8.23126,1.00,1.00
2016.03.22 22:37:28.500,8.22518,8.23126,1.00,1.00
2016.03.22 22:37:28.601,8.22536,8.23153,1.00,1.00
2016.03.22 22:37:28.652,8.22543,8.23091,1.00,1.00
2016.03.22 22:37:30.148,8.22626,8.23021,1.00,1.00
2016.03.22 22:37:30.251,8.22646,8.23052,1.00,1.00
2016.03.22 22:37:30.403,8.22714,8.23109,1.00,1.00
2016.03.22 22:37:30.504,8.22685,8.23107,1.00,1.00
2016.03.22 22:37:30.719,8.22566,8.23165,1.00,1.00
2016.03.22 22:37:30.769,8.22564,8.23128,1.00,1.00
2016.03.22 22:37:31.079,8.2265,8.23136,1.00,1.00
2016.03.22 22:37:31.180,8.22622,8.23115,1.00,1.00
2016.03.22 22:37:31.281,8.22563,8.23068,1.00,1.00
2016.03.22 22:37:31.332,8.22503,8.23068,1.00,1.00
2016.03.22 22:37:31.433,8.22468,8.22984,1.00,1.00
2016.03.22 22:37:31.736,8.22583,8.22976,1.00,1.00
2016.03.22 22:37:31.786,8.22607,8.23002,1.00,1.00
2016.03.22 22:37:32.039,8.22626,8.23021,1.00,1.00
2016.03.22 22:37:32.341,8.22637,8.23032,1.00,1.00
2016.03.22 22:37:33.231,8.22607,8.23002,1.00,1.00
2016.03.22 22:37:34.261,8.22576,8.22971,1.00,1.00
2016.03.22 22:37:34.586,8.22664,8.23059,1.00,1.00
2016.03.22 22:37:34.889,8.22702,8.23097,1.00,1.00
2016.03.22 22:37:35.192,8.22704,8.23099,1.00,1.00
2016.03.22 22:37:35.534,8.22677,8.23072,1.00,1.00
2016.03.22 22:37:35.848,8.227,8.23095,1.00,1.00
2016.03.22 22:37:36.191,8.22657,8.23052,1.00,1.00
2016.03.22 22:37:36.494,8.22673,8.23068,1.00,1.00
2016.03.22 22:37:37.053,8.22694,8.23089,1.00,1.00
2016.03.22 22:37:37.355,8.22759,8.23154,1.00,1.00
2016.03.22 22:37:37.692,8.22716,8.23111,1.00,1.00
2016.03.22 22:37:38.009,8.22696,8.23091,1.00,1.00
2016.03.22 22:37:38.344,8.22706,8.23101,1.00,1.00
2016.03.22 22:37:38.656,8.22722,8.23117,1.00,1.00
2016.03.22 22:37:39.062,8.22767,8.23162,1.00,1.00
2016.03.22 22:37:39.245,8.22632,8.23149,1.00,1.00
2016.03.22 22:37:39.362,8.22622,8.23205,1.00,1.00
2016.03.22 22:37:39.481,8.22658,8.23053,1.00,1.00
2016.03.22 22:37:39.797,8.22719,8.23186,1.00,1.00
2016.03.22 22:37:39.948,8.22651,8.23197,1.00,1.00
2016.03.22 22:37:40.197,8.22662,8.23115,1.00,1.00
2016.03.22 22:37:40.299,8.22645,8.23198,1.00,1.00
2016.03.22 22:37:40.450,8.22623,8.2312,1.00,1.00
2016.03.22 22:37:40.602,8.22582,8.23138,1.00,1.00
2016.03.22 22:37:40.703,8.22597,8.23072,1.00,1.00
2016.03.22 22:37:40.806,8.22603,8.23112,1.00,1.00
2016.03.22 22:37:40.958,8.22678,8.23073,1.00,1.00
2016.03.22 22:37:41.261,8.227,8.23095,1.00,1.00
2016.03.22 22:37:41.601,8.22721,8.23116,1.00,1.00
2016.03.22 22:37:42.210,8.22701,8.23096,1.00,1.00
2016.03.22 22:37:42.513,8.22703,8.23098,1.00,1.00
2016.03.22 22:37:42.851,8.22739,8.23134,1.00,1.00
2016.03.22 22:37:43.504,8.22739,8.23125,1.00,1.00
2016.03.22 22:37:43.555,8.22699,8.23094,1.00,1.00
2016.03.22 22:37:43.656,8.22688,8.23083,1.00,1.00
2016.03.22 22:37:44.005,8.2272,8.23115,1.00,1.00
2016.03.22 22:37:44.308,8.22718,8.23113,1.00,1.00
2016.03.22 22:37:44.611,8.22732,8.23127,1.00,1.00
2016.03.22 22:37:44.958,8.22726,8.23121,1.00,1.00
2016.03.22 22:37:45.261,8.22805,8.23193,1.00,1.00
2016.03.22 22:37:45.312,8.22805,8.232,1.00,1.00
2016.03.22 22:37:45.516,8.22781,8.23176,1.00,1.00
2016.03.22 22:37:45.816,8.2273,8.23187,1.00,1.00
2016.03.22 22:37:45.967,8.2266,8.23229,1.00,1.00
2016.03.22 22:37:46.169,8.22677,8.23153,1.00,1.00
2016.03.22 22:37:46.321,8.22638,8.23238,1.50,1.00
2016.03.22 22:37:46.372,8.22657,8.23238,1.00,1.00
2016.03.22 22:37:46.732,8.22639,8.23181,1.00,1.00
2016.03.22 22:37:46.782,8.2264,8.23238,1.00,1.00
2016.03.22 22:37:46.833,8.22697,8.23238,1.00,1.00
2016.03.22 22:37:47.167,8.22826,8.2323,1.00,1.00
2016.03.22 22:37:47.268,8.22772,8.23227,1.00,1.00
2016.03.22 22:37:47.369,8.22752,8.23195,1.00,1.00
2016.03.22 22:37:47.521,8.22679,8.2323,1.00,1.00
2016.03.22 22:37:47.572,8.22681,8.23189,1.00,1.00
2016.03.22 22:37:47.673,8.22691,8.23219,1.00,1.00
2016.03.22 22:37:47.724,8.22661,8.23186,1.00,1.00
2016.03.22 22:37:47.976,8.22566,8.23149,1.00,1.00
2016.03.22 22:37:48.077,8.22585,8.23149,1.00,1.00
2016.03.22 22:37:48.380,8.22766,8.23161,1.00,1.00
2016.03.22 22:37:48.722,8.22735,8.2313,1.00,1.00
2016.03.22 22:37:49.031,8.22772,8.23167,1.00,1.00
2016.03.22 22:37:49.655,8.22729,8.23122,1.00,1.00
2016.03.22 22:37:49.806,8.227,8.23095,1.00,1.00
2016.03.22 22:37:49.907,8.22726,8.23121,1.00,1.00
2016.03.22 22:37:50.218,8.2278,8.23175,1.00,1.00
2016.03.22 22:37:50.666,8.22729,8.23124,1.00,1.00
2016.03.22 22:37:50.969,8.22753,8.23148,1.00,1.00
2016.03.22 22:37:51.374,8.22778,8.23173,1.00,1.00
2016.03.22 22:37:51.981,8.22754,8.23149,1.00,1.00
2016.03.22 22:37:52.331,8.22734,8.23129,1.00,1.00
2016.03.22 22:37:52.680,8.22755,8.2315,1.00,1.00
2016.03.22 22:37:53.072,8.22705,8.231,1.00,1.00
2016.03.22 22:37:53.383,8.22767,8.2316,1.00,1.00
2016.03.22 22:37:54.129,8.22717,8.23112,1.00,1.00
2016.03.22 22:37:54.230,8.22761,8.23156,1.00,1.00
2016.03.22 22:37:54.558,8.2274,8.23135,1.00,1.00
2016.03.22 22:37:55.004,8.22765,8.2316,1.00,1.00
2016.03.22 22:37:55.334,8.22784,8.23179,1.00,1.00
2016.03.22 22:37:56.154,8.22724,8.23119,1.00,1.00
2016.03.22 22:37:56.551,8.2282,8.23215,1.00,1.00
2016.03.22 22:37:57.151,8.22772,8.23167,1.00,1.00
2016.03.22 22:37:57.487,8.22861,8.23256,1.00,1.00
2016.03.22 22:37:58.236,8.22808,8.23203,1.00,1.00
2016.03.22 22:37:58.556,8.22813,8.23208,1.00,1.00
2016.03.22 22:37:58.964,8.22817,8.23212,1.00,1.00
2016.03.22 22:37:59.308,8.2275,8.23145,1.00,1.00
2016.03.22 22:37:59.358,8.22744,8.2314,1.00,1.00
2016.03.22 22:37:59.478,8.22725,8.2312,1.00,1.00
2016.03.22 22:38:00.118,8.22685,8.2308,1.00,1.00
2016.03.22 22:38:00.440,8.22646,8.23041,1.00,1.00
2016.03.22 22:38:01.291,8.22627,8.23022,1.00,1.00
2016.03.22 22:38:01.638,8.22632,8.23027,1.00,1.00
2016.03.22 22:38:02.344,8.22597,8.22992,1.00,1.00
2016.03.22 22:38:02.848,8.22598,8.22993,1.00,1.00
2016.03.22 22:38:03.410,8.22568,8.22963,1.00,1.00
2016.03.22 22:38:04.002,8.22543,8.22938,1.00,1.00
2016.03.22 22:38:04.382,8.22522,8.22917,1.00,1.00
2016.03.22 22:38:04.721,8.22504,8.22899,1.00,1.00
2016.03.22 22:38:06.785,8.22485,8.2288,1.00,1.00
2016.03.22 22:38:07.128,8.22471,8.22866,1.00,1.00
2016.03.22 22:38:07.625,8.22453,8.22846,1.00,1.00
2016.03.22 22:38:08.723,8.22376,8.22771,1.00,1.00
2016.03.22 22:38:08.826,8.22437,8.22832,1.00,1.00
2016.03.22 22:38:09.283,8.2243,8.22825,1.00,1.00
2016.03.22 22:38:09.779,8.22395,8.22788,1.00,1.00
2016.03.22 22:38:10.421,8.22377,8.22772,1.00,1.00
2016.03.22 22:38:16.867,8.2234,8.2276,1.00,1.00
2016.03.22 22:38:32.957,8.22386,8.22782,1.00,1.00
2016.03.22 22:38:37.190,8.22372,8.22767,1.00,1.00
2016.03.22 22:38:37.291,8.22385,8.22781,1.00,1.00
2016.03.22 22:38:37.393,8.22363,8.22758,1.00,1.00
2016.03.22 22:38:43.200,8.22346,8.2276,1.00,1.00
2016.03.22 22:38:56.854,8.22376,8.22769,1.00,1.00
2016.03.22 22:38:56.975,8.22334,8.22762,1.00,1.00
2016.03.22 22:38:57.190,8.2238,8.22776,1.00,1.00
2016.03.22 22:38:59.950,8.22361,8.22756,1.00,1.00
2016.03.22 22:39:00.374,8.22382,8.22776,1.00,1.00
2016.03.22 22:39:00.970,8.22335,8.22762,1.00,1.00
2016.03.22 22:39:01.090,8.22384,8.22779,1.00,1.00
2016.03.22 22:39:01.637,8.22326,8.22763,1.00,1.00
2016.03.22 22:39:02.560,8.22322,8.22764,1.00,1.00
2016.03.22 22:39:03.460,8.22364,8.22759,1.00,1.00
2016.03.22 22:39:03.761,8.22309,8.22765,1.00,1.00
2016.03.22 22:39:04.541,8.22363,8.22758,1.00,1.00
2016.03.22 22:39:04.721,8.2232,8.22764,1.00,1.00
2016.03.22 22:39:05.080,8.22361,8.22779,1.00,1.00
2016.03.22 22:39:05.390,8.2243,8.22826,1.00,1.00
2016.03.22 22:39:05.693,8.22591,8.22987,1.00,1.00
2016.03.22 22:39:05.995,8.22508,8.23125,1.00,1.00
2016.03.22 22:39:06.046,8.22652,8.23048,1.00,1.00
2016.03.22 22:39:06.369,8.22607,8.23003,1.00,1.00
2016.03.22 22:39:06.692,8.2267,8.23065,1.00,1.00
2016.03.22 22:39:06.844,8.22661,8.23057,1.00,1.00
2016.03.22 22:39:06.945,8.22727,8.23123,1.00,1.00
2016.03.22 22:39:07.355,8.22753,8.23149,1.00,1.00
2016.03.22 22:39:07.558,8.22583,8.23174,1.00,1.00
2016.03.22 22:39:07.609,8.22538,8.23174,1.00,1.00
2016.03.22 22:39:07.660,8.22538,8.23128,1.00,1.00
2016.03.22 22:39:07.711,8.22519,8.23128,1.00,1.00
2016.03.22 22:39:07.762,8.22529,8.23128,1.00,1.00
2016.03.22 22:39:08.172,8.2272,8.23118,1.00,1.00
2016.03.22 22:39:08.522,8.22675,8.23077,1.00,1.00
2016.03.22 22:39:08.623,8.22737,8.23139,1.00,1.00
2016.03.22 22:39:08.740,8.22757,8.2316,1.00,1.00
2016.03.22 22:39:08.860,8.22712,8.23205,1.00,1.00
2016.03.22 22:39:09.052,8.22672,8.2316,1.00,1.00
2016.03.22 22:39:09.196,8.22587,8.23206,1.00,1.00
2016.03.22 22:39:09.642,8.22611,8.23097,1.00,1.00
2016.03.22 22:39:09.841,8.22509,8.23158,1.00,1.00
2016.03.22 22:39:09.892,8.22548,8.23212,1.00,1.00
2016.03.22 22:39:09.975,8.22566,8.23212,1.00,1.00
2016.03.22 22:39:10.277,8.22538,8.23181,1.00,1.00
2016.03.22 22:39:10.648,8.22576,8.2313,1.00,1.00
2016.03.22 22:39:10.800,8.22483,8.23119,1.00,1.00
2016.03.22 22:39:10.901,8.22484,8.23111,1.00,1.00
2016.03.22 22:39:11.027,8.22496,8.23157,1.00,1.00
2016.03.22 22:39:11.149,8.22497,8.23171,1.00,1.00
2016.03.22 22:39:11.200,8.22484,8.23147,1.00,1.00
2016.03.22 22:39:11.301,8.22494,8.2316,1.00,1.00
2016.03.22 22:39:11.402,8.22532,8.23186,1.00,1.00
2016.03.22 22:39:11.741,8.22589,8.23168,1.00,1.00
2016.03.22 22:39:11.942,8.22537,8.23199,1.00,1.00
2016.03.22 22:39:11.993,8.22574,8.23191,1.00,1.00
2016.03.22 22:39:12.296,8.22506,8.23116,1.00,1.00
2016.03.22 22:39:12.607,8.2252,8.23105,1.00,1.00
2016.03.22 22:39:12.962,8.22581,8.23067,1.00,1.00
2016.03.22 22:39:13.012,8.22503,8.23134,1.00,1.00
2016.03.22 22:39:13.114,8.22516,8.23134,1.00,1.00
2016.03.22 22:39:13.215,8.22511,8.23134,1.00,1.00
2016.03.22 22:39:13.500,8.22511,8.23165,1.00,1.00
2016.03.22 22:39:13.605,8.22529,8.23165,1.00,1.00
2016.03.22 22:39:13.757,8.2253,8.23196,1.00,1.00
2016.03.22 22:39:13.807,8.2253,8.23187,1.00,1.00
2016.03.22 22:39:14.010,8.22485,8.2315,1.00,1.00
2016.03.22 22:39:14.161,8.22485,8.23165,1.00,1.00
2016.03.22 22:39:14.212,8.22505,8.23166,1.00,1.00
2016.03.22 22:39:14.562,8.22508,8.23087,1.00,1.00
2016.03.22 22:39:14.940,8.2257,8.23089,1.00,1.00
2016.03.22 22:39:15.092,8.22513,8.23154,1.00,1.00
2016.03.22 22:39:15.210,8.22513,8.23208,1.00,1.00
2016.03.22 22:39:15.290,8.22531,8.23209,1.00,1.00
2016.03.22 22:39:15.611,8.2255,8.23178,1.00,1.00
2016.03.22 22:39:15.662,8.22575,8.23204,1.00,1.00
2016.03.22 22:39:15.712,8.22589,8.23204,1.00,1.00
2016.03.22 22:39:16.013,8.22592,8.23077,1.00,1.00
2016.03.22 22:39:16.064,8.22507,8.23171,1.00,1.00
2016.03.22 22:39:16.115,8.22544,8.23176,1.00,1.00
2016.03.22 22:39:16.317,8.22526,8.2319,1.00,1.00
2016.03.22 22:39:16.418,8.22526,8.23206,1.00,1.00
2016.03.22 22:39:16.492,8.22526,8.23196,1.00,1.00
2016.03.22 22:39:16.643,8.22526,8.23213,1.00,1.00
2016.03.22 22:39:16.694,8.22583,8.23187,1.00,1.00
2016.03.22 22:39:16.792,8.22584,8.23206,1.00,1.00
2016.03.22 22:39:16.843,8.22584,8.23137,1.00,1.00
2016.03.22 22:39:16.894,8.22573,8.23137,1.00,1.00
2016.03.22 22:39:16.945,8.22573,8.23163,1.00,1.00
2016.03.22 22:39:16.996,8.22592,8.23163,1.00,1.00
2016.03.22 22:39:17.047,8.22592,8.23208,1.00,1.00
2016.03.22 22:39:17.160,8.22593,8.23203,1.00,1.00
2016.03.22 22:39:17.211,8.2256,8.23203,1.00,1.00
2016.03.22 22:39:17.319,8.22579,8.23205,1.00,1.00
2016.03.22 22:39:17.622,8.22579,8.2321,1.00,1.00
2016.03.22 22:39:17.723,8.22554,8.23169,1.00,1.00
2016.03.22 22:39:17.975,8.22552,8.23209,1.00,1.00
2016.03.22 22:39:18.026,8.22589,8.23209,1.00,1.00
2016.03.22 22:39:18.215,8.22545,8.23209,1.00,1.00
2016.03.22 22:39:18.266,8.22571,8.23185,1.00,1.00
2016.03.22 22:39:18.518,8.22643,8.23277,1.00,1.00
2016.03.22 22:39:18.569,8.22744,8.23288,1.00,1.00
2016.03.22 22:39:18.670,8.22681,8.23327,1.00,1.00
2016.03.22 22:39:18.796,8.227,8.23327,1.00,1.00
2016.03.22 22:39:19.124,8.22659,8.23214,1.00,1.00
2016.03.22 22:39:19.247,8.22613,8.23289,1.00,1.00
2016.03.22 22:39:19.298,8.22613,8.23268,1.00,1.00
2016.03.22 22:39:19.449,8.22607,8.23282,1.00,1.00
2016.03.22 22:39:19.500,8.22627,8.23267,1.00,1.00
2016.03.22 22:39:19.848,8.227,8.23302,1.00,1.00
2016.03.22 22:39:20.049,8.22642,8.23326,1.00,1.50
2016.03.22 22:39:20.100,8.22689,8.23327,1.00,1.00
2016.03.22 22:39:20.410,8.22715,8.23307,1.00,1.00
2016.03.22 22:39:20.511,8.22715,8.23327,1.00,1.00
2016.03.22 22:39:20.914,8.22691,8.23326,1.00,1.00
2016.03.22 22:39:20.965,8.22676,8.23305,1.00,1.00
2016.03.22 22:39:21.016,8.2265,8.23305,1.00,1.00
2016.03.22 22:39:21.067,8.22633,8.23326,1.00,1.00
2016.03.22 22:39:21.117,8.22634,8.23297,1.00,1.00
2016.03.22 22:39:21.437,8.2271,8.23327,1.00,1.00
2016.03.22 22:39:22.004,8.22696,8.23326,1.00,1.00
2016.03.22 22:39:22.055,8.2267,8.2331,1.00,1.00
2016.03.22 22:39:22.106,8.22708,8.2331,1.00,1.00
2016.03.22 22:39:22.157,8.22708,8.23327,1.00,1.00
2016.03.22 22:39:22.208,8.22661,8.23327,1.00,1.00
2016.03.22 22:39:22.335,8.22686,8.23327,1.00,1.00
2016.03.22 22:39:22.860,8.22705,8.23327,1.00,1.00
2016.03.22 22:39:23.177,8.22726,8.23211,1.00,1.00
2016.03.22 22:39:23.228,8.22657,8.23314,1.00,1.00
2016.03.22 22:39:23.329,8.22676,8.23276,1.00,1.00
2016.03.22 22:39:23.430,8.22676,8.23327,1.00,1.00
2016.03.22 22:39:23.531,8.22676,8.23297,1.00,1.00
2016.03.22 22:39:23.742,8.22664,8.23302,1.00,1.00
2016.03.22 22:39:23.805,8.22701,8.23302,1.00,1.00
2016.03.22 22:39:23.856,8.22701,8.23327,1.00,1.50
2016.03.22 22:39:24.071,8.22708,8.23307,1.00,1.00
2016.03.22 22:39:24.370,8.2262,8.23272,1.00,1.00
2016.03.22 22:39:24.544,8.22619,8.23222,1.00,1.00
2016.03.22 22:39:25.020,8.22617,8.23222,1.00,1.00
2016.03.22 22:39:25.196,8.22593,8.23206,1.00,1.00
2016.03.22 22:39:25.297,8.22569,8.2325,1.00,1.00
2016.03.22 22:39:25.347,8.22624,8.23265,1.00,1.00
2016.03.22 22:39:25.580,8.226,8.2325,1.00,1.00
2016.03.22 22:39:25.631,8.22638,8.2325,1.00,1.00
2016.03.22 22:39:25.700,8.22638,8.23258,1.00,1.00
2016.03.22 22:39:26.240,8.22661,8.23146,1.00,1.00
2016.03.22 22:39:26.391,8.22598,8.23228,1.00,1.00
2016.03.22 22:39:26.563,8.22598,8.23256,1.00,1.00
2016.03.22 22:39:26.664,8.22598,8.23211,1.00,1.00
2016.03.22 22:39:26.780,8.22598,8.23246,1.00,1.00
2016.03.22 22:39:27.362,8.22639,8.23124,1.00,1.00
2016.03.22 22:39:27.463,8.22582,8.23173,1.00,1.00
2016.03.22 22:39:27.564,8.22582,8.23262,1.00,1.00
2016.03.22 22:39:27.614,8.2262,8.23262,1.00,1.00
2016.03.22 22:39:27.915,8.22639,8.23203,1.00,1.00
2016.03.22 22:39:27.980,8.22639,8.23256,1.00,1.00
2016.03.22 22:39:28.031,8.22639,8.23227,1.00,1.00
2016.03.22 22:39:28.164,8.2264,8.23257,1.00,1.00
2016.03.22 22:39:28.315,8.22639,8.23192,1.00,1.00
2016.03.22 22:39:28.375,8.22611,8.23192,1.00,1.00
2016.03.22 22:39:28.425,8.22641,8.23126,1.00,1.00
2016.03.22 22:39:28.565,8.22529,8.23188,1.00,1.00
2016.03.22 22:39:28.616,8.22542,8.23188,1.00,1.00
2016.03.22 22:39:28.928,8.2256,8.23143,1.00,1.00
2016.03.22 22:39:29.300,8.22599,8.23085,1.00,1.00
2016.03.22 22:39:29.466,8.2264,8.23128,1.00,1.00
2016.03.22 22:39:29.567,8.22684,8.23177,1.00,1.00
2016.03.22 22:39:29.669,8.22736,8.23229,1.00,1.00
2016.03.22 22:39:29.990,8.22755,8.23247,1.00,1.00
2016.03.22 22:39:30.168,8.22713,8.23214,1.00,1.00
2016.03.22 22:39:30.269,8.22639,8.23247,1.00,1.00
2016.03.22 22:39:30.320,8.22621,8.23247,1.00,1.00
2016.03.22 22:39:30.380,8.22647,8.23132,1.00,1.00
2016.03.22 22:39:30.719,8.22814,8.23209,1.00,1.00
2016.03.22 22:39:30.870,8.22668,8.23252,1.00,1.00
2016.03.22 22:39:31.127,8.22674,8.23111,1.00,1.00
2016.03.22 22:39:31.270,8.22604,8.23211,1.00,1.00
2016.03.22 22:39:31.409,8.22623,8.23211,1.00,1.00
2016.03.22 22:39:31.723,8.22791,8.23186,1.00,1.00
2016.03.22 22:39:31.820,8.22714,8.23201,1.00,1.00
2016.03.22 22:39:32.627,8.22713,8.23201,1.00,1.00
2016.03.22 22:39:32.780,8.22694,8.23173,1.00,1.00
2016.03.22 22:39:32.931,8.22654,8.2321,1.00,1.00
2016.03.22 22:39:33.032,8.22793,8.23197,1.00,1.00
2016.03.22 22:39:33.419,8.22814,8.23218,1.00,1.00
2016.03.22 22:39:33.810,8.22747,8.23151,1.00,1.00
2016.03.22 22:39:34.134,8.22807,8.23211,1.00,1.00
2016.03.22 22:39:34.427,8.22736,8.2324,1.00,1.00
2016.03.22 22:39:34.578,8.22694,8.23247,1.00,1.00
2016.03.22 22:39:34.748,8.22773,8.23183,1.00,1.00
2016.03.22 22:39:35.082,8.22744,8.23138,1.00,1.00
2016.03.22 22:39:35.200,8.2271,8.23106,1.00,1.00
2016.03.22 22:39:35.320,8.22734,8.2313,1.00,1.00
2016.03.22 22:39:35.628,8.22714,8.23109,1.00,1.00
2016.03.22 22:39:36.820,8.22695,8.2309,1.00,1.00
2016.03.22 22:39:37.120,8.22722,8.23118,1.00,1.00
2016.03.22 22:39:37.281,8.22704,8.23099,1.00,1.00
2016.03.22 22:39:37.600,8.22701,8.23096,1.00,1.00
2016.03.22 22:39:42.297,8.22677,8.23073,1.00,1.00
2016.03.22 22:39:43.194,8.22627,8.23023,1.00,1.00
2016.03.22 22:39:43.608,8.22651,8.23046,1.00,1.00
2016.03.22 22:39:44.200,8.22626,8.23021,1.00,1.00
2016.03.22 22:39:44.351,8.22634,8.2303,1.00,1.00
2016.03.22 22:39:44.461,8.22613,8.23009,1.00,1.00
2016.03.22 22:39:45.220,8.22635,8.23028,1.00,1.00
2016.03.22 22:39:45.340,8.22615,8.23011,1.00,1.00
2016.03.22 22:39:46.180,8.22588,8.22983,1.00,1.00
2016.03.22 22:39:46.343,8.22608,8.23004,1.00,1.00
2016.03.22 22:39:46.444,8.22629,8.23025,1.00,1.00
2016.03.22 22:39:47.299,8.22611,8.23007,1.00,1.00
2016.03.22 22:39:48.220,8.22591,8.22987,1.00,1.00
2016.03.22 22:39:48.634,8.22593,8.22989,1.00,1.00
2016.03.22 22:39:50.440,8.22613,8.23006,1.00,1.00
2016.03.22 22:39:50.946,8.22595,8.22988,1.00,1.00
2016.03.22 22:39:56.838,8.22571,8.22966,1.00,1.00
2016.03.22 22:40:02.288,8.22546,8.22942,1.00,1.00
2016.03.22 22:40:03.340,8.22528,8.22924,1.00,1.00
2016.03.22 22:40:03.662,8.22549,8.22944,1.00,1.00
2016.03.22 22:40:04.342,8.22523,8.22919,1.00,1.00
2016.03.22 22:40:04.459,8.22508,8.22903,1.00,1.00
2016.03.22 22:40:05.351,8.22479,8.22872,1.00,1.00
2016.03.22 22:40:05.502,8.22524,8.22919,1.00,1.00
2016.03.22 22:40:06.371,8.22503,8.22898,1.00,1.00
2016.03.22 22:40:06.791,8.22499,8.22894,1.00,1.00
2016.03.22 22:40:07.418,8.22474,8.22869,1.00,1.00
2016.03.22 22:40:08.577,8.22493,8.22886,1.00,1.00
2016.03.22 22:40:08.678,8.22461,8.22856,1.00,1.00
2016.03.22 22:40:09.381,8.22439,8.22834,1.00,1.00
2016.03.22 22:40:09.782,8.22468,8.22863,1.00,1.00
2016.03.22 22:40:10.401,8.22449,8.22845,1.00,1.00
2016.03.22 22:40:10.761,8.22429,8.22825,1.00,1.00
2016.03.22 22:40:11.529,8.22399,8.22794,1.00,1.00
2016.03.22 22:40:11.630,8.22424,8.2282,1.00,1.00
2016.03.22 22:40:11.831,8.2239,8.22786,1.00,1.00
2016.03.22 22:40:12.237,8.22416,8.2281,1.00,1.00
2016.03.22 22:40:13.067,8.22388,8.22783,1.00,1.00
2016.03.22 22:40:13.282,8.22368,8.22777,1.00,1.00
2016.03.22 22:40:13.383,8.22391,8.22786,1.00,1.00
2016.03.22 22:40:14.127,8.22365,8.22778,1.00,1.00
2016.03.22 22:40:16.137,8.22333,8.22784,1.00,1.00
2016.03.22 22:40:16.243,8.22333,8.22791,1.00,1.00
2016.03.22 22:40:16.543,8.22333,8.22806,1.00,1.00
2016.03.22 22:40:16.641,8.22374,8.22799,1.00,1.00
2016.03.22 22:40:16.945,8.22486,8.22891,1.00,1.00
2016.03.22 22:40:17.295,8.22501,8.22906,1.00,1.00
2016.03.22 22:40:17.598,8.22614,8.23019,1.00,1.00
2016.03.22 22:40:17.901,8.22655,8.2306,1.00,1.00
2016.03.22 22:40:18.204,8.22725,8.23121,1.00,1.00
2016.03.22 22:40:18.355,8.22729,8.23146,1.00,1.00
2016.03.22 22:40:18.456,8.22755,8.23158,1.00,1.00
2016.03.22 22:40:18.793,8.22747,8.2315,1.00,1.00
2016.03.22 22:40:19.099,8.22772,8.23175,1.00,1.00
2016.03.22 22:40:19.402,8.22791,8.2318,1.00,1.00
2016.03.22 22:40:19.453,8.22791,8.23192,1.00,1.00
2016.03.22 22:40:19.504,8.22734,8.23136,1.00,1.00
2016.03.22 22:40:19.701,8.22774,8.23177,1.00,1.00
2016.03.22 22:40:19.870,8.22798,8.23201,1.00,1.00
2016.03.22 22:40:20.202,8.22804,8.23206,1.00,1.00
2016.03.22 22:40:20.504,8.22724,8.23126,1.00,1.00
2016.03.22 22:40:20.807,8.22814,8.23216,1.00,1.00
2016.03.22 22:40:21.138,8.22787,8.23189,1.00,1.00
2016.03.22 22:40:21.440,8.22787,8.2327,1.00,1.00
2016.03.22 22:40:21.542,8.22685,8.23317,1.00,1.00
2016.03.22 22:40:21.645,8.22704,8.23317,1.00,1.00
2016.03.22 22:40:21.974,8.22704,8.23271,1.00,1.00
2016.03.22 22:40:22.025,8.22688,8.23271,1.00,1.00
2016.03.22 22:40:22.126,8.22726,8.23317,1.00,1.00
2016.03.22 22:40:22.227,8.227,8.23279,1.00,1.00
2016.03.22 22:40:22.328,8.22664,8.23246,1.00,1.00
2016.03.22 22:40:22.429,8.22627,8.23278,1.00,1.00
2016.03.22 22:40:22.530,8.22665,8.23278,1.00,1.00
2016.03.22 22:40:22.581,8.22665,8.23316,1.00,1.00
2016.03.22 22:40:22.632,8.22684,8.23316,1.00,1.00
2016.03.22 22:40:22.848,8.22674,8.23315,1.00,1.00
2016.03.22 22:40:22.961,8.22674,8.23306,1.00,1.00
2016.03.22 22:40:23.298,8.22684,8.23169,1.00,1.00
2016.03.22 22:40:23.399,8.22619,8.2326,1.00,1.00
2016.03.22 22:40:23.450,8.22638,8.2326,1.00,1.00
2016.03.22 22:40:23.501,8.22638,8.23311,1.00,1.00
2016.03.22 22:40:23.552,8.22676,8.23311,1.00,1.00
2016.03.22 22:40:23.981,8.22677,8.23268,1.00,1.00
2016.03.22 22:40:24.331,8.22701,8.23186,1.00,1.00
2016.03.22 22:40:24.432,8.22629,8.23284,1.00,1.00
2016.03.22 22:40:25.150,8.22695,8.23181,1.00,1.00
2016.03.22 22:40:25.263,8.22629,8.23294,1.00,1.00
2016.03.22 22:40:25.403,8.22629,8.2327,1.00,1.00
2016.03.22 22:40:25.454,8.22588,8.2327,1.00,1.00
2016.03.22 22:40:25.514,8.22635,8.2327,1.00,1.00
2016.03.22 22:40:25.781,8.22634,8.23287,1.00,1.00
2016.03.22 22:40:25.832,8.22653,8.23289,1.00,1.00
2016.03.22 22:40:26.152,8.22677,8.23198,1.00,1.00
2016.03.22 22:40:26.304,8.22635,8.23297,1.00,1.00
2016.03.22 22:40:26.355,8.22654,8.23297,1.00,1.00
2016.03.22 22:40:26.506,8.22626,8.23303,1.00,1.00
2016.03.22 22:40:26.557,8.22622,8.23303,1.00,1.00
2016.03.22 22:40:26.616,8.22642,8.23256,1.00,1.00
2016.03.22 22:40:27.171,8.22641,8.23223,1.00,1.00
2016.03.22 22:40:27.478,8.22643,8.23197,1.00,1.00
2016.03.22 22:40:27.782,8.22669,8.23104,1.00,1.00
2016.03.22 22:40:28.092,8.22765,8.2316,1.00,1.00
2016.03.22 22:40:28.412,8.22711,8.23106,1.00,1.00
2016.03.22 22:40:28.794,8.22749,8.23144,1.00,1.00
2016.03.22 22:40:29.419,8.22719,8.23114,1.00,1.00
2016.03.22 22:40:29.981,8.22742,8.23138,1.00,1.00
2016.03.22 22:40:30.183,8.22784,8.23179,1.00,1.00
2016.03.22 22:40:30.486,8.22739,8.23132,1.00,1.00
2016.03.22 22:40:30.537,8.22801,8.23196,1.00,1.00
2016.03.22 22:40:30.688,8.22858,8.23253,1.00,1.00
2016.03.22 22:40:31.031,8.22898,8.23293,1.00,1.00
2016.03.22 22:40:31.081,8.22852,8.23327,1.00,1.00
2016.03.22 22:40:31.659,8.22803,8.23286,1.00,1.00
2016.03.22 22:40:31.760,8.22747,8.2327,1.00,1.00
2016.03.22 22:40:31.861,8.22732,8.23297,1.00,1.00
2016.03.22 22:40:31.912,8.22674,8.23307,1.00,1.00
2016.03.22 22:40:32.013,8.22683,8.23251,1.00,1.00
2016.03.22 22:40:32.314,8.22607,8.23219,1.00,1.00
2016.03.22 22:40:32.364,8.22615,8.23172,1.00,1.00
2016.03.22 22:40:32.811,8.22696,8.23114,1.00,1.00
2016.03.22 22:40:33.921,8.22654,8.23057,1.00,1.00
2016.03.22 22:40:34.022,8.22703,8.23107,1.00,1.00
2016.03.22 22:40:34.202,8.22684,8.23087,1.00,1.00
2016.03.22 22:40:35.221,8.22657,8.2306,1.00,1.00
2016.03.22 22:40:35.341,8.22661,8.23065,1.00,1.00
2016.03.22 22:40:36.301,8.2269,8.23091,1.00,1.00
2016.03.22 22:40:42.054,8.22668,8.2307,1.00,1.00
2016.03.22 22:40:43.015,8.22635,8.23039,1.00,1.00
2016.03.22 22:40:49.601,8.22613,8.23016,1.00,1.00
2016.03.22 22:40:49.961,8.22636,8.23039,1.00,1.00
2016.03.22 22:40:50.708,8.22614,8.23017,1.00,1.00
2016.03.22 22:40:51.658,8.22587,8.22991,1.00,1.00
2016.03.22 22:40:52.711,8.22614,8.23016,1.00,1.00
2016.03.22 22:40:54.121,8.22646,8.23048,1.00,1.00
2016.03.22 22:40:54.241,8.22626,8.23029,1.00,1.00
2016.03.22 22:40:55.307,8.22627,8.2303,1.00,1.00
2016.03.22 22:40:55.741,8.22635,8.23038,1.00,1.00
2016.03.22 22:40:56.324,8.22607,8.23011,1.00,1.00
2016.03.22 22:40:57.270,8.22574,8.22977,1.00,1.00
2016.03.22 22:40:57.594,8.22597,8.22999,1.00,1.00
2016.03.22 22:40:58.201,8.22617,8.23021,1.00,1.00
2016.03.22 22:40:59.461,8.22576,8.22979,1.00,1.00
2016.03.22 22:40:59.625,8.22597,8.23001,1.00,1.00
2016.03.22 22:40:59.730,8.22623,8.23025,1.00,1.00
2016.03.22 22:40:59.833,8.22599,8.23003,1.00,1.00
2016.03.22 22:41:00.006,8.2262,8.23023,1.00,1.00
2016.03.22 22:41:00.254,8.22599,8.23003,1.00,1.00
2016.03.22 22:41:00.486,8.2257,8.22974,1.00,1.00
2016.03.22 22:41:00.798,8.22623,8.23026,1.00,1.00
2016.03.22 22:41:01.621,8.22605,8.23007,1.00,1.00
2016.03.22 22:41:03.960,8.2263,8.23033,1.00,1.00
2016.03.22 22:41:04.112,8.22611,8.23014,1.00,1.00
2016.03.22 22:41:04.263,8.22636,8.2304,1.00,1.00
2016.03.22 22:41:05.170,8.22631,8.23034,1.00,1.00
2016.03.22 22:41:06.204,8.22626,8.23029,1.00,1.00
2016.03.22 22:41:06.506,8.22648,8.23051,1.00,1.00
2016.03.22 22:41:07.091,8.22667,8.2307,1.00,1.00
2016.03.22 22:41:07.496,8.22636,8.23039,1.00,1.00
2016.03.22 22:41:08.156,8.22661,8.23064,1.00,1.00
2016.03.22 22:41:08.536,8.22636,8.23039,1.00,1.00
2016.03.22 22:41:09.157,8.22617,8.2302,1.00,1.00
2016.03.22 22:41:09.258,8.22639,8.23043,1.00,1.00
2016.03.22 22:41:10.150,8.22617,8.23021,1.00,1.00
2016.03.22 22:41:10.512,8.22633,8.23036,1.00,1.00
2016.03.22 22:41:11.170,8.22607,8.23011,1.00,1.00
2016.03.22 22:41:12.277,8.22589,8.22993,1.00,1.00
2016.03.22 22:41:12.793,8.22606,8.23007,1.00,1.00
2016.03.22 22:41:13.679,8.22585,8.22989,1.00,1.00
2016.03.22 22:41:13.750,8.22608,8.23012,1.00,1.00
2016.03.22 22:41:14.713,8.22588,8.22992,1.00,1.00
2016.03.22 22:41:15.720,8.22607,8.2301,1.00,1.00
2016.03.22 22:41:16.832,8.22587,8.2299,1.00,1.00
2016.03.22 22:41:17.140,8.22613,8.23014,1.00,1.00
2016.03.22 22:41:18.923,8.22583,8.22986,1.00,1.00
2016.03.22 22:41:19.890,8.22561,8.22963,1.00,1.00
2016.03.22 22:41:20.010,8.2258,8.22984,1.00,1.00
2016.03.22 22:41:21.030,8.22596,8.22999,1.00,1.00
2016.03.22 22:41:22.076,8.22542,8.22946,1.00,1.00
2016.03.22 22:41:22.231,8.22561,8.22964,1.00,1.00
2016.03.22 22:41:23.250,8.22557,8.22961,1.00,1.00
2016.03.22 22:41:24.243,8.22531,8.22934,1.00,1.00
2016.03.22 22:41:24.294,8.22554,8.22958,1.00,1.00
2016.03.22 22:41:25.320,8.22566,8.22969,1.00,1.00
2016.03.22 22:41:32.969,8.22547,8.2295,1.00,1.00
2016.03.22 22:41:34.276,8.2255,8.22954,1.00,1.00
2016.03.22 22:41:35.290,8.22573,8.22977,1.00,1.00
2016.03.22 22:41:36.206,8.22543,8.22946,1.00,1.00
2016.03.22 22:41:36.310,8.22563,8.22967,1.00,1.00
2016.03.22 22:41:36.969,8.22543,8.22944,1.00,1.00
2016.03.22 22:41:37.020,8.22564,8.22967,1.00,1.00
2016.03.22 22:41:37.450,8.22538,8.22941,1.00,1.00
2016.03.22 22:41:38.476,8.22559,8.22962,1.00,1.00
2016.03.22 22:41:38.550,8.2254,8.22944,1.00,1.00
2016.03.22 22:41:40.797,8.22517,8.22921,1.00,1.00
2016.03.22 22:41:41.315,8.22518,8.22922,1.00,1.00
2016.03.22 22:41:42.242,8.2254,8.22944,1.00,1.00
2016.03.22 22:41:42.573,8.22516,8.2292,1.00,1.00
2016.03.22 22:41:42.903,8.22518,8.22922,1.00,1.00
2016.03.22 22:41:45.870,8.22541,8.22945,1.00,1.00
2016.03.22 22:41:46.202,8.22527,8.22931,1.00,1.00
2016.03.22 22:41:46.913,8.22551,8.22955,1.00,1.00
2016.03.22 22:41:47.524,8.22538,8.2294,1.00,1.00
2016.03.22 22:41:48.235,8.22519,8.22923,1.00,1.00
2016.03.22 22:41:48.930,8.22541,8.22943,1.00,1.00
2016.03.22 22:41:49.950,8.22559,8.2296,1.00,1.00
2016.03.22 22:41:50.070,8.2254,8.22943,1.00,1.00
2016.03.22 22:41:51.018,8.22512,8.22916,1.00,1.00
2016.03.22 22:41:51.125,8.22518,8.22919,1.00,1.00
2016.03.22 22:41:52.952,8.22498,8.22902,1.00,1.00
2016.03.22 22:41:53.124,8.22518,8.22922,1.00,1.00
2016.03.22 22:41:54.640,8.22498,8.22901,1.00,1.00
2016.03.22 22:41:55.630,8.22527,8.22931,1.00,1.00
2016.03.22 22:41:55.731,8.22481,8.22885,1.00,1.00
2016.03.22 22:41:56.678,8.22507,8.22911,1.00,1.00
2016.03.22 22:42:07.480,8.22484,8.22886,1.00,1.00
2016.03.22 22:42:08.620,8.22502,8.22906,1.00,1.00
2016.03.22 22:42:12.950,8.22487,8.22891,1.00,1.00
2016.03.22 22:42:13.314,8.22469,8.22872,1.00,1.00
2016.03.22 22:42:19.015,8.22451,8.22854,1.00,1.00
2016.03.22 22:42:30.934,8.22428,8.2283,1.00,1.00
2016.03.22 22:42:36.839,8.22407,8.2281,1.00,1.00
2016.03.22 22:42:37.440,8.22427,8.22831,1.00,1.00
2016.03.22 22:43:12.919,8.22409,8.22813,1.00,1.00
2016.03.22 22:43:35.019,8.22388,8.22791,1.00,1.00
2016.03.22 22:43:35.141,8.2243,8.22834,1.00,1.00
2016.03.22 22:43:38.916,8.22398,8.22801,1.00,1.00
2016.03.22 22:43:46.368,8.22368,8.22772,1.00,1.00
2016.03.22 22:43:46.631,8.2239,8.22793,1.00,1.00
2016.03.22 22:43:47.493,8.22368,8.22771,1.00,1.00
2016.03.22 22:43:47.902,8.22389,8.22784,1.00,1.00
2016.03.22 22:43:48.534,8.22383,8.22778,1.00,1.00
2016.03.22 22:43:53.536,8.22353,8.22759,1.00,1.00
2016.03.22 22:43:53.649,8.22391,8.22786,1.00,1.00
2016.03.22 22:43:54.556,8.22423,8.22818,1.00,1.00
2016.03.22 22:43:54.886,8.22378,8.22773,1.00,1.00
2016.03.22 22:44:05.699,8.22359,8.22758,1.00,1.00
2016.03.22 22:44:05.750,8.22397,8.22795,1.00,1.00
2016.03.22 22:44:06.062,8.22446,8.22844,1.00,1.00
2016.03.22 22:44:06.583,8.22428,8.22826,1.00,1.00
2016.03.22 22:44:06.688,8.22462,8.22861,1.00,1.00
2016.03.22 22:44:10.508,8.2243,8.22829,1.00,1.00
2016.03.22 22:44:33.000,8.22449,8.22847,1.00,1.00
2016.03.22 22:44:51.152,8.22432,8.22828,1.00,1.00
2016.03.22 22:44:52.973,8.22462,8.2286,1.00,1.00
2016.03.22 22:44:53.125,8.22466,8.22864,1.00,1.00
2016.03.22 22:44:59.188,8.22446,8.22844,1.00,1.00
2016.03.22 22:45:00.148,8.22447,8.22845,1.00,1.00
2016.03.22 22:45:01.324,8.22444,8.22843,1.00,1.00
2016.03.22 22:45:02.194,8.22475,8.22874,1.00,1.00
2016.03.22 22:45:02.522,8.22456,8.22855,1.00,1.00
2016.03.22 22:45:03.208,8.22422,8.22821,1.00,1.00
2016.03.22 22:45:03.598,8.2244,8.22839,1.00,1.00
2016.03.22 22:45:04.348,8.224,8.22799,1.00,1.00
2016.03.22 22:45:04.975,8.22433,8.22831,1.00,1.00
2016.03.22 22:45:05.378,8.22414,8.22813,1.00,1.00
2016.03.22 22:45:05.498,8.22439,8.22838,1.00,1.00
2016.03.22 22:45:05.956,8.22449,8.22847,1.00,1.00
2016.03.22 22:45:06.655,8.22429,8.22828,1.00,1.00
2016.03.22 22:45:06.778,8.22444,8.22841,1.00,1.00
2016.03.22 22:45:07.598,8.22418,8.22817,1.00,1.00
2016.03.22 22:45:07.913,8.2244,8.22838,1.00,1.00
2016.03.22 22:45:08.331,8.22422,8.2282,1.00,1.00
2016.03.22 22:45:09.755,8.22446,8.22845,1.00,1.00
2016.03.22 22:45:10.693,8.22415,8.22814,1.00,1.00
2016.03.22 22:45:11.304,8.22447,8.22846,1.00,1.00
2016.03.22 22:45:11.684,8.22428,8.22826,1.00,1.00
2016.03.22 22:45:12.698,8.22394,8.22792,1.00,1.00
2016.03.22 22:45:13.283,8.22418,8.22817,1.00,1.00
2016.03.22 22:45:13.435,8.2243,8.22829,1.00,1.00
2016.03.22 22:45:13.882,8.22407,8.22806,1.00,1.00
2016.03.22 22:45:14.274,8.2243,8.22829,1.00,1.00
2016.03.22 22:45:16.192,8.22448,8.22847,1.00,1.00
2016.03.22 22:45:16.872,8.22429,8.22828,1.00,1.00
2016.03.22 22:45:17.175,8.22447,8.22846,1.00,1.00
2016.03.22 22:45:17.953,8.22428,8.22827,1.00,1.00
2016.03.22 22:45:54.776,8.22404,8.22802,1.00,1.00
2016.03.22 22:45:54.827,8.22431,8.2283,1.00,1.00
2016.03.22 22:45:54.878,8.22423,8.22822,1.00,1.00
2016.03.22 22:45:55.281,8.22443,8.2284,1.00,1.00
2016.03.22 22:45:56.020,8.22473,8.22871,1.00,1.00
2016.03.22 22:45:56.407,8.22449,8.22847,1.00,1.00
2016.03.22 22:45:56.588,8.22428,8.22827,1.00,1.00
2016.03.22 22:45:56.757,8.22448,8.22844,1.00,1.00
2016.03.22 22:45:56.827,8.22473,8.22872,1.00,1.00
2016.03.22 22:45:56.980,8.22435,8.22834,1.00,1.00
2016.03.22 22:45:57.293,8.2246,8.22858,1.00,1.00
2016.03.22 22:45:57.614,8.2248,8.22878,1.00,1.00
2016.03.22 22:45:58.411,8.22449,8.22847,1.00,1.00
2016.03.22 22:45:58.780,8.22446,8.22844,1.00,1.00
2016.03.22 22:45:59.767,8.22472,8.22871,1.00,1.00
2016.03.22 22:46:00.933,8.22454,8.22852,1.00,1.00
2016.03.22 22:46:01.747,8.22416,8.22814,1.00,1.00
2016.03.22 22:46:01.899,8.22457,8.22856,1.00,1.00
2016.03.22 22:46:02.635,8.22435,8.22834,1.00,1.00
2016.03.22 22:46:02.974,8.22438,8.22836,1.00,1.00
2016.03.22 22:46:03.967,8.22419,8.22817,1.00,1.00
2016.03.22 22:46:06.937,8.22416,8.22814,1.00,1.00
2016.03.22 22:46:08.239,8.22412,8.22809,1.00,1.00
2016.03.22 22:46:09.097,8.22393,8.22792,1.00,1.00
2016.03.22 22:46:09.291,8.2242,8.22819,1.00,1.00
2016.03.22 22:46:09.622,8.22432,8.2283,1.00,1.00
2016.03.22 22:46:10.118,8.2241,8.22808,1.00,1.00
2016.03.22 22:46:10.612,8.2243,8.22828,1.00,1.00
2016.03.22 22:46:13.034,8.22448,8.22847,1.00,1.00
2016.03.22 22:46:13.777,8.22424,8.22822,1.00,1.00
2016.03.22 22:46:14.123,8.22442,8.2284,1.00,1.00
2016.03.22 22:46:15.655,8.22418,8.22816,1.00,1.00
2016.03.22 22:46:15.831,8.22445,8.22844,1.00,1.00
2016.03.22 22:46:15.932,8.22404,8.22803,1.00,1.00
2016.03.22 22:46:16.290,8.2243,8.22828,1.00,1.00
2016.03.22 22:46:16.617,8.22407,8.22806,1.00,1.00
2016.03.22 22:46:16.737,8.22428,8.22824,1.00,1.00
2016.03.22 22:46:16.977,8.22445,8.22844,1.00,1.00
2016.03.22 22:46:18.134,8.2242,8.22818,1.00,1.00
2016.03.22 22:46:18.442,8.22443,8.22841,1.00,1.00
2016.03.22 22:46:19.317,8.22422,8.22819,1.00,1.00
2016.03.22 22:46:19.981,8.22447,8.22846,1.00,1.00
2016.03.22 22:46:20.494,8.2244,8.22839,1.00,1.00
2016.03.22 22:46:21.424,8.22421,8.2282,1.00,1.00
2016.03.22 22:46:21.766,8.22441,8.2284,1.00,1.00
2016.03.22 22:46:22.441,8.22457,8.22855,1.00,1.00
2016.03.22 22:46:23.481,8.22406,8.22802,1.00,1.00
2016.03.22 22:46:23.600,8.22462,8.22861,1.00,1.00
2016.03.22 22:46:24.397,8.22441,8.2284,1.00,1.00
2016.03.22 22:46:24.739,8.22418,8.22816,1.00,1.00
2016.03.22 22:46:25.061,8.22466,8.22864,1.00,1.00
2016.03.22 22:46:25.537,8.22436,8.22835,1.00,1.00
2016.03.22 22:46:26.191,8.2246,8.22859,1.00,1.00
2016.03.22 22:46:26.577,8.2244,8.22838,1.00,1.00
2016.03.22 22:46:28.037,8.22459,8.22856,1.00,1.00
2016.03.22 22:46:28.189,8.22461,8.2286,1.00,1.00
2016.03.22 22:46:28.637,8.22463,8.2286,1.00,1.00
2016.03.22 22:46:29.101,8.22436,8.22835,1.00,1.00
2016.03.22 22:46:29.202,8.22463,8.22862,1.00,1.00
2016.03.22 22:46:29.711,8.2243,8.22828,1.00,1.00
2016.03.22 22:46:29.863,8.22474,8.22873,1.00,1.00
2016.03.22 22:46:30.149,8.22441,8.22838,1.00,1.00
2016.03.22 22:46:31.003,8.22463,8.22859,1.00,1.00
2016.03.22 22:46:31.224,8.22441,8.22839,1.00,1.00
2016.03.22 22:46:32.975,8.22462,8.2286,1.00,1.00
2016.03.22 22:46:33.779,8.22436,8.22834,1.00,1.00
2016.03.22 22:46:33.857,8.22459,8.22858,1.00,1.00
2016.03.22 22:46:34.769,8.22427,8.22826,1.00,1.00
2016.03.22 22:46:35.117,8.22455,8.22851,1.00,1.00
2016.03.22 22:46:35.237,8.22434,8.22833,1.00,1.00
2016.03.22 22:46:35.489,8.22459,8.22858,1.00,1.00
2016.03.22 22:46:35.837,8.22454,8.22853,1.00,1.00
2016.03.22 22:46:36.826,8.22425,8.22824,1.00,1.00
2016.03.22 22:46:37.184,8.22456,8.22854,1.00,1.00
2016.03.22 22:46:37.986,8.22427,8.22826,1.00,1.00
2016.03.22 22:46:38.877,8.22408,8.22806,1.00,1.00
2016.03.22 22:46:39.037,8.22432,8.22831,1.00,1.00
2016.03.22 22:46:39.117,8.22404,8.22803,1.00,1.00
2016.03.22 22:46:39.477,8.22452,8.2285,1.00,1.00
2016.03.22 22:46:39.847,8.22414,8.22812,1.00,1.00
2016.03.22 22:46:39.957,8.2243,8.22829,1.00,1.00
2016.03.22 22:46:40.977,8.22404,8.22803,1.00,1.00
2016.03.22 22:46:41.292,8.22418,8.22817,1.00,1.00
2016.03.22 22:46:41.650,8.2245,8.22849,1.00,1.00
2016.03.22 22:46:41.979,8.22428,8.22826,1.00,1.00
2016.03.22 22:46:42.117,8.2243,8.22829,1.00,1.00
2016.03.22 22:46:42.359,8.22405,8.22803,1.00,1.00
2016.03.22 22:46:42.597,8.22438,8.22837,1.00,1.00
2016.03.22 22:46:42.943,8.2246,8.22858,1.00,1.00
2016.03.22 22:46:43.245,8.2248,8.22876,1.00,1.00
2016.03.22 22:46:43.443,8.22453,8.22852,1.00,1.00
2016.03.22 22:46:44.118,8.22431,8.2283,1.00,1.00
2016.03.22 22:46:44.698,8.2246,8.22859,1.00,1.00
2016.03.22 22:46:45.137,8.22478,8.22876,1.00,1.00
2016.03.22 22:46:45.497,8.22453,8.22849,1.00,1.00
2016.03.22 22:46:46.759,8.22478,8.22876,1.00,1.00
2016.03.22 22:46:47.237,8.22451,8.22849,1.00,1.00
2016.03.22 22:46:47.388,8.22472,8.22871,1.00,1.00
2016.03.22 22:46:47.439,8.22446,8.22844,1.00,1.00
2016.03.22 22:46:47.657,8.22464,8.22863,1.00,1.00
2016.03.22 22:46:48.303,8.22441,8.2284,1.00,1.00
2016.03.22 22:46:48.683,8.22471,8.2287,1.00,1.00
2016.03.22 22:46:49.057,8.22441,8.2284,1.00,1.00
2016.03.22 22:46:49.417,8.22474,8.22873,1.00,1.00
2016.03.22 22:46:50.358,8.22455,8.22854,1.00,1.00
2016.03.22 22:46:50.763,8.22474,8.22873,1.00,1.00
2016.03.22 22:46:51.397,8.22441,8.22838,1.00,1.00
2016.03.22 22:46:51.883,8.2246,8.22857,1.00,1.00
2016.03.22 22:46:53.377,8.2248,8.22879,1.00,1.00
2016.03.22 22:46:54.696,8.22446,8.22845,1.00,1.00
2016.03.22 22:46:56.240,8.22473,8.22871,1.00,1.00
2016.03.22 22:46:56.737,8.22438,8.22834,1.00,1.00
2016.03.22 22:46:56.868,8.22459,8.22857,1.00,1.00
2016.03.22 22:46:57.756,8.22441,8.22839,1.00,1.00
2016.03.22 22:46:58.096,8.22477,8.22875,1.00,1.00
2016.03.22 22:46:58.776,8.22454,8.22853,1.00,1.00
2016.03.22 22:46:58.957,8.22473,8.2287,1.00,1.00
2016.03.22 22:47:00.227,8.2245,8.22849,1.00,1.00
2016.03.22 22:47:00.374,8.22471,8.2287,1.00,1.00
2016.03.22 22:47:14.293,8.22451,8.2285,1.00,1.00
2016.03.22 22:47:14.790,8.22481,8.22879,1.00,1.00
2016.03.22 22:47:16.276,8.22457,8.22855,1.00,1.00
2016.03.22 22:47:16.396,8.22478,8.22877,1.00,1.00
2016.03.22 22:47:16.921,8.22501,8.22899,1.00,1.00
2016.03.22 22:47:17.297,8.22482,8.22881,1.00,1.00
2016.03.22 22:47:18.316,8.22451,8.2285,1.00,1.00
2016.03.22 22:47:18.785,8.22503,8.22902,1.00,1.00
2016.03.22 22:47:19.113,8.22494,8.22893,1.00,1.00
2016.03.22 22:47:19.937,8.22476,8.22874,1.00,1.00
2016.03.22 22:47:20.057,8.22494,8.22893,1.00,1.00
2016.03.22 22:47:21.708,8.22474,8.22873,1.00,1.00
2016.03.22 22:47:28.181,8.22445,8.22843,1.00,1.00
2016.03.22 22:47:28.772,8.22466,8.22864,1.00,1.00
2016.03.22 22:47:28.915,8.22488,8.22887,1.00,1.00
2016.03.22 22:47:29.321,8.22469,8.22868,1.00,1.00
2016.03.22 22:47:29.732,8.22499,8.22897,1.00,1.00
2016.03.22 22:47:30.202,8.22479,8.22877,1.00,1.00
2016.03.22 22:47:30.737,8.22512,8.2291,1.00,1.00
2016.03.22 22:47:31.192,8.22495,8.22892,1.00,1.00
2016.03.22 22:47:31.516,8.2247,8.22868,1.00,1.00
2016.03.22 22:47:31.816,8.22502,8.22899,1.00,1.00
2016.03.22 22:47:32.721,8.22477,8.22876,1.00,1.00
2016.03.22 22:47:35.136,8.22456,8.22855,1.00,1.00
2016.03.22 22:47:35.484,8.22474,8.22873,1.00,1.00
2016.03.22 22:47:38.256,8.22455,8.22853,1.00,1.00
2016.03.22 22:47:39.276,8.22429,8.22828,1.00,1.00
2016.03.22 22:47:39.396,8.22461,8.2286,1.00,1.00
2016.03.22 22:47:39.698,8.2248,8.22879,1.00,1.00
2016.03.22 22:47:40.116,8.22461,8.2286,1.00,1.00
2016.03.22 22:47:40.533,8.22442,8.2284,1.00,1.00
2016.03.22 22:47:41.281,8.22465,8.22864,1.00,1.00
2016.03.22 22:47:41.676,8.22442,8.2284,1.00,1.00
2016.03.22 22:47:41.838,8.22474,8.22873,1.00,1.00
2016.03.22 22:47:42.289,8.2243,8.22829,1.00,1.00
2016.03.22 22:47:42.601,8.22454,8.22852,1.00,1.00
2016.03.22 22:47:43.296,8.22473,8.22872,1.00,1.00
2016.03.22 22:47:44.351,8.22445,8.22844,1.00,1.00
2016.03.22 22:47:44.693,8.22465,8.22864,1.00,1.00
2016.03.22 22:47:45.241,8.22457,8.22856,1.00,1.00
2016.03.22 22:47:45.590,8.22462,8.22861,1.00,1.00
2016.03.22 22:47:46.577,8.2244,8.22838,1.00,1.00
2016.03.22 22:47:46.912,8.22461,8.22859,1.00,1.00
2016.03.22 22:47:47.623,8.22441,8.22839,1.00,1.00
2016.03.22 22:47:47.716,8.22475,8.22874,1.00,1.00
2016.03.22 22:47:48.616,8.22456,8.22854,1.00,1.00
2016.03.22 22:47:49.586,8.22425,8.22824,1.00,1.00
2016.03.22 22:47:49.696,8.2245,8.22849,1.00,1.00
2016.03.22 22:47:50.000,8.22468,8.22867,1.00,1.00
2016.03.22 22:47:50.596,8.22447,8.22845,1.00,1.00
2016.03.22 22:47:50.956,8.22467,8.22865,1.00,1.00
2016.03.22 22:47:52.576,8.22448,8.22847,1.00,1.00
2016.03.22 22:47:52.696,8.22467,8.22866,1.00,1.00
2016.03.22 22:47:53.037,8.22486,8.22884,1.00,1.00
2016.03.22 22:47:53.447,8.22464,8.22861,1.00,1.00
2016.03.22 22:47:53.596,8.22481,8.2288,1.00,1.00
2016.03.22 22:47:53.986,8.22503,8.22901,1.00,1.00
2016.03.22 22:47:54.676,8.22483,8.22881,1.00,1.00
2016.03.22 22:47:55.008,8.22462,8.2286,1.00,1.00
2016.03.22 22:47:55.335,8.22459,8.22857,1.00,1.00
2016.03.22 22:47:56.006,8.22488,8.22884,1.00,1.00
2016.03.22 22:48:04.706,8.22438,8.22835,1.00,1.00
2016.03.22 22:48:04.857,8.22474,8.22872,1.00,1.00
2016.03.22 22:48:05.112,8.22492,8.22891,1.00,1.00
2016.03.22 22:48:05.720,8.22475,8.22873,1.00,1.00
2016.03.22 22:48:06.046,8.22496,8.22892,1.00,1.00
2016.03.22 22:48:06.676,8.22452,8.2285,1.00,1.00
2016.03.22 22:48:06.819,8.22481,8.22879,1.00,1.00
2016.03.22 22:48:07.616,8.22452,8.22851,1.50,1.00
2016.03.22 22:48:07.736,8.22501,8.22899,1.00,1.00
2016.03.22 22:48:07.988,8.22487,8.22886,1.00,1.00
2016.03.22 22:48:08.636,8.22464,8.22862,1.00,1.00
2016.03.22 22:48:08.996,8.22476,8.22875,1.00,1.00
2016.03.22 22:48:09.885,8.22453,8.22851,1.00,1.00
2016.03.22 22:48:09.935,8.22486,8.22885,1.00,1.00
2016.03.22 22:48:10.256,8.22464,8.22863,1.00,1.00
2016.03.22 22:48:11.352,8.22439,8.22837,1.00,1.00
2016.03.22 22:48:11.403,8.22464,8.22863,1.00,1.00
2016.03.22 22:48:11.936,8.2247,8.22868,1.00,1.00
2016.03.22 22:48:12.296,8.22493,8.22889,1.00,1.00
2016.03.22 22:48:12.896,8.22465,8.22864,1.00,1.00
2016.03.22 22:48:13.256,8.22493,8.2289,1.00,1.00
2016.03.22 22:48:14.216,8.22473,8.22871,1.00,1.00
2016.03.22 22:48:14.385,8.2244,8.22839,1.00,1.00
2016.03.22 22:48:14.435,8.22459,8.22858,1.00,1.00
2016.03.22 22:48:14.766,8.22488,8.22887,1.00,1.00
2016.03.22 22:48:15.273,8.2246,8.22859,1.00,1.00
2016.03.22 22:48:16.316,8.22441,8.22839,1.00,1.00
2016.03.22 22:48:16.619,8.22477,8.22873,1.00,1.00
2016.03.22 22:48:17.446,8.22444,8.2284,1.00,1.00
2016.03.22 22:48:17.946,8.22474,8.22872,1.00,1.00
2016.03.22 22:48:18.326,8.22453,8.22851,1.00,1.00
2016.03.22 22:48:18.477,8.22433,8.22832,1.00,1.00
2016.03.22 22:48:18.875,8.22473,8.22872,1.00,1.00
2016.03.22 22:48:19.346,8.22442,8.2284,1.00,1.00
2016.03.22 22:48:19.720,8.22477,8.22875,1.00,1.00
2016.03.22 22:48:20.365,8.22449,8.22847,1.00,1.00
2016.03.22 22:48:20.486,8.22476,8.22875,1.00,1.00
2016.03.22 22:48:21.626,8.22495,8.22894,1.00,1.00
2016.03.22 22:48:22.166,8.22475,8.22873,1.00,1.00
2016.03.22 22:48:22.512,8.2245,8.22849,1.00,1.00
2016.03.22 22:48:22.865,8.22478,8.22876,1.00,1.00
2016.03.22 22:48:23.545,8.22456,8.22855,1.00,1.00
2016.03.22 22:48:23.764,8.22498,8.22894,1.00,1.00
2016.03.22 22:48:24.593,8.22473,8.22871,1.00,1.00
2016.03.22 22:48:27.056,8.22492,8.22891,1.00,1.00
2016.03.22 22:48:27.626,8.22473,8.22872,1.00,1.00
2016.03.22 22:48:29.736,8.2249,8.22889,1.00,1.00
2016.03.22 22:48:30.061,8.2245,8.22849,1.00,1.00
2016.03.22 22:48:30.614,8.2247,8.22868,1.00,1.00
2016.03.22 22:48:30.755,8.22446,8.22845,1.00,1.00
2016.03.22 22:48:31.880,8.22427,8.22825,1.00,1.00
2016.03.22 22:48:31.931,8.2246,8.22859,1.00,1.00
2016.03.22 22:48:32.088,8.22486,8.22885,1.00,1.00
2016.03.22 22:48:32.597,8.22504,8.22903,1.00,1.00
2016.03.22 22:48:32.916,8.22492,8.22891,1.00,1.00
2016.03.22 22:48:34.079,8.22512,8.22909,1.00,1.00
2016.03.22 22:48:34.232,8.22492,8.22891,1.00,1.00
2016.03.22 22:48:35.325,8.22474,8.22871,1.00,1.00
2016.03.22 22:48:37.065,8.22493,8.22891,1.00,1.00
2016.03.22 22:48:37.987,8.22514,8.22912,1.00,1.00
2016.03.22 22:48:38.949,8.22493,8.22892,1.00,1.00
2016.03.22 22:48:39.050,8.22518,8.22917,1.00,1.00
2016.03.22 22:48:39.945,8.22496,8.22895,1.00,1.00
2016.03.22 22:48:40.277,8.22525,8.22924,1.00,1.00
2016.03.22 22:48:43.047,8.22505,8.22903,1.00,1.00
2016.03.22 22:48:43.986,8.22535,8.22933,1.00,1.00
2016.03.22 22:48:44.315,8.22511,8.2291,1.00,1.00
2016.03.22 22:48:45.005,8.22483,8.22881,1.00,1.00
2016.03.22 22:48:45.126,8.22504,8.22903,1.00,1.00
2016.03.22 22:48:47.453,8.22524,8.2292,1.00,1.00
2016.03.22 22:48:47.525,8.22541,8.22939,1.00,1.00
2016.03.22 22:48:48.159,8.22521,8.22919,1.00,1.00
2016.03.22 22:48:49.385,8.22558,8.22956,1.00,1.00
2016.03.22 22:48:49.707,8.22561,8.22959,1.00,1.00
2016.03.22 22:48:50.447,8.22538,8.22937,1.00,1.00
2016.03.22 22:48:53.007,8.22519,8.22918,1.00,1.00
2016.03.22 22:48:53.348,8.22539,8.22936,1.00,1.00
2016.03.22 22:48:54.262,8.22539,8.22937,1.00,1.00
2016.03.22 22:48:55.125,8.22518,8.22916,1.00,1.00
2016.03.22 22:48:55.277,8.22557,8.22956,1.00,1.00
2016.03.22 22:48:56.085,8.22532,8.2293,1.00,1.00
2016.03.22 22:48:57.105,8.22551,8.2295,1.00,1.00
2016.03.22 22:48:57.225,8.22532,8.2293,1.00,1.00
2016.03.22 22:48:57.554,8.22552,8.2295,1.00,1.00
2016.03.22 22:48:58.370,8.22531,8.22929,1.00,1.00
2016.03.22 22:48:58.522,8.22556,8.22955,1.00,1.00
2016.03.22 22:48:58.738,8.22538,8.22936,1.00,1.00
2016.03.22 22:48:59.373,8.22559,8.22958,1.00,1.00
2016.03.22 22:49:00.198,8.22538,8.22936,1.00,1.00
2016.03.22 22:49:00.525,8.22542,8.2294,1.00,1.00
2016.03.22 22:49:00.878,8.22561,8.22959,1.00,1.00
2016.03.22 22:49:01.469,8.2252,8.22919,1.00,1.00
2016.03.22 22:49:01.627,8.22556,8.22953,1.00,1.00
2016.03.22 22:49:02.417,8.22536,8.22935,1.00,1.00
2016.03.22 22:49:02.678,8.22503,8.22902,1.00,1.00
2016.03.22 22:49:03.037,8.2255,8.22949,1.00,1.00
2016.03.22 22:49:03.955,8.22574,8.22972,1.00,1.00
2016.03.22 22:49:04.375,8.22542,8.22941,1.00,1.00
2016.03.22 22:49:04.681,8.22524,8.22922,1.00,1.00
2016.03.22 22:49:05.132,8.22545,8.22943,1.00,1.00
2016.03.22 22:49:05.183,8.2257,8.22969,1.00,1.00
2016.03.22 22:49:05.418,8.22548,8.22944,1.00,1.00
2016.03.22 22:49:05.683,8.22565,8.22963,1.00,1.00
2016.03.22 22:49:06.479,8.2254,8.22938,1.00,1.00
2016.03.22 22:49:06.675,8.22517,8.22916,1.00,1.00
2016.03.22 22:49:06.795,8.22535,8.22934,1.00,1.00
2016.03.22 22:49:08.355,8.22513,8.22911,1.00,1.00
2016.03.22 22:49:08.775,8.22535,8.22934,1.00,1.00
2016.03.22 22:49:09.438,8.22517,8.22915,1.00,1.00
2016.03.22 22:49:09.741,8.22544,8.22942,1.00,1.00
2016.03.22 22:49:09.874,8.22523,8.22922,1.00,1.00
2016.03.22 22:49:09.925,8.22544,8.22942,1.00,1.00
2016.03.22 22:49:10.335,8.22521,8.22919,1.00,1.00
2016.03.22 22:49:11.089,8.22542,8.2294,1.00,1.00
2016.03.22 22:49:26.406,8.22518,8.22917,1.00,1.00
2016.03.22 22:49:26.557,8.22516,8.22914,1.00,1.00
2016.03.22 22:49:28.445,8.22488,8.22887,1.00,1.00
2016.03.22 22:49:28.565,8.2253,8.22929,1.00,1.00
2016.03.22 22:49:29.107,8.22531,8.22929,1.00,1.00
2016.03.22 22:49:29.488,8.22502,8.229,1.00,1.00
2016.03.22 22:49:29.592,8.22526,8.22925,1.00,1.00
2016.03.22 22:49:30.527,8.22507,8.22904,1.00,1.00
2016.03.22 22:49:33.506,8.22488,8.22887,1.00,1.00
2016.03.22 22:49:40.558,8.22511,8.22909,1.00,1.00
2016.03.22 22:49:40.713,8.22536,8.22935,1.00,1.00
2016.03.22 22:49:40.764,8.22565,8.22962,1.00,1.00
2016.03.22 22:49:41.278,8.2259,8.22988,1.00,1.00
2016.03.22 22:49:41.379,8.22573,8.22972,1.00,1.00
2016.03.22 22:49:41.595,8.22592,8.22991,1.00,1.00
2016.03.22 22:49:42.281,8.22618,8.23017,1.00,1.00
2016.03.22 22:49:42.645,8.22606,8.23004,1.00,1.00
2016.03.22 22:49:50.144,8.22588,8.22987,1.00,1.00
2016.03.22 22:49:50.295,8.22563,8.22962,1.00,1.00
2016.03.22 22:49:51.085,8.22589,8.22988,1.00,1.00
2016.03.22 22:49:51.397,8.22554,8.22952,1.00,1.00
2016.03.22 22:49:52.493,8.22552,8.22951,1.00,1.00
2016.03.22 22:49:53.506,8.22527,8.22924,1.00,1.00
2016.03.22 22:49:53.608,8.22544,8.22943,1.00,1.00
2016.03.22 22:49:54.625,8.22516,8.22914,1.00,1.00
2016.03.22 22:49:57.727,8.22542,8.22941,1.00,1.00
2016.03.22 22:49:57.970,8.22571,8.22969,1.00,1.00
2016.03.22 22:49:58.955,8.22544,8.22942,1.00,1.00
2016.03.22 22:49:59.122,8.22562,8.22961,1.00,1.00
2016.03.22 22:50:00.374,8.2254,8.22938,1.00,1.00
2016.03.22 22:50:01.372,8.22516,8.22914,1.00,1.00
2016.03.22 22:50:01.824,8.22528,8.22926,1.00,1.00
2016.03.22 22:50:02.645,8.22486,8.22885,1.00,1.00
2016.03.22 22:50:11.715,8.22506,8.22904,1.00,1.00
2016.03.22 22:50:12.042,8.22485,8.22883,1.00,1.00
2016.03.22 22:50:12.092,8.22527,8.22926,1.00,1.00
2016.03.22 22:50:12.819,8.225,8.22899,1.00,1.00
2016.03.22 22:50:13.144,8.22555,8.22954,1.00,1.00
2016.03.22 22:50:13.935,8.22527,8.22925,1.00,1.00
2016.03.22 22:50:14.245,8.22546,8.22944,1.00,1.00
2016.03.22 22:50:16.499,8.22565,8.22963,1.00,1.00
2016.03.22 22:50:17.415,8.22543,8.22941,1.00,1.00
2016.03.22 22:50:17.516,8.22565,8.22964,1.00,1.00
2016.03.22 22:50:17.735,8.22584,8.22983,1.00,1.00
2016.03.22 22:50:18.435,8.22556,8.22955,1.00,1.00
2016.03.22 22:50:18.953,8.22598,8.22996,1.00,1.00
2016.03.22 22:50:19.505,8.22565,8.22964,1.00,1.00
2016.03.22 22:50:20.507,8.22584,8.22983,1.00,1.00
2016.03.22 22:50:30.278,8.22565,8.22964,1.00,1.00
2016.03.22 22:50:30.601,8.22545,8.22943,1.00,1.00
2016.03.22 22:50:30.702,8.22564,8.22963,1.00,1.00
2016.03.22 22:50:30.753,8.22537,8.22936,1.00,1.00
2016.03.22 22:50:31.064,8.22556,8.22955,1.00,1.00
2016.03.22 22:50:31.628,8.22558,8.22957,1.00,1.00
2016.03.22 22:50:32.245,8.2254,8.22938,1.00,1.00
2016.03.22 22:50:32.578,8.2257,8.22968,1.00,1.00
2016.03.22 22:50:33.297,8.2255,8.22948,1.00,1.00
2016.03.22 22:50:33.625,8.2257,8.22969,1.00,1.00
2016.03.22 22:50:33.985,8.22551,8.2295,1.00,1.00
2016.03.22 22:50:37.885,8.22574,8.22972,1.00,1.00
2016.03.22 22:50:38.605,8.22556,8.22952,1.00,1.00
2016.03.22 22:50:40.045,8.22535,8.22934,1.00,1.00
2016.03.22 22:50:55.705,8.22556,8.22955,1.00,1.00
2016.03.22 22:50:56.012,8.22584,8.22983,1.00,1.00
2016.03.22 22:50:56.319,8.22581,8.22979,1.00,1.00
2016.03.22 22:50:56.425,8.22561,8.2296,1.00,1.00
2016.03.22 22:50:57.937,8.22579,8.22978,1.00,1.00
2016.03.22 22:50:58.285,8.22559,8.22958,1.00,1.00
2016.03.22 22:50:59.487,8.22522,8.2292,1.00,1.00
2016.03.22 22:50:59.869,8.22547,8.22943,1.00,1.00
2016.03.22 22:51:00.171,8.22514,8.22911,1.00,1.00
2016.03.22 22:51:00.272,8.22535,8.22934,1.00,1.00
2016.03.22 22:51:01.105,8.22511,8.2291,1.00,1.00
2016.03.22 22:51:01.695,8.22528,8.22926,1.00,1.00
2016.03.22 22:51:02.124,8.22546,8.22944,1.00,1.00
2016.03.22 22:51:02.175,8.22526,8.22925,1.00,1.00
2016.03.22 22:51:02.276,8.22553,8.22952,1.00,1.00
2016.03.22 22:51:02.647,8.22526,8.22923,1.00,1.00
2016.03.22 22:51:02.748,8.22576,8.22974,1.00,1.00
2016.03.22 22:51:02.884,8.22594,8.22992,1.00,1.00
2016.03.22 22:51:03.205,8.22569,8.22968,1.00,1.00
2016.03.22 22:51:03.325,8.22594,8.22992,1.00,1.00
2016.03.22 22:51:04.496,8.22591,8.2299,1.00,1.00
2016.03.22 22:51:05.376,8.22619,8.23017,1.00,1.00
2016.03.22 22:51:05.701,8.22599,8.22997,1.00,1.00
2016.03.22 22:51:07.474,8.22578,8.22977,1.00,1.00
2016.03.22 22:51:07.988,8.22559,8.22958,1.00,1.00
2016.03.22 22:51:08.514,8.22536,8.22934,1.00,1.00
2016.03.22 22:51:08.856,8.22553,8.22951,1.00,1.00
2016.03.22 22:51:13.736,8.22537,8.22936,1.00,1.00
2016.03.22 22:51:15.585,8.22519,8.22917,1.00,1.00
2016.03.22 22:51:15.736,8.22535,8.22934,1.00,1.00
2016.03.22 22:51:17.752,8.22562,8.2296,1.00,1.00
2016.03.22 22:51:18.097,8.22585,8.22983,1.00,1.00
2016.03.22 22:51:18.596,8.22565,8.22963,1.00,1.00
2016.03.22 22:51:18.704,8.22584,8.22983,1.00,1.00
2016.03.22 22:51:21.644,8.22566,8.22965,1.00,1.00
2016.03.22 22:51:22.806,8.22606,8.23005,1.00,1.00
2016.03.22 22:51:23.110,8.22624,8.23023,1.00,1.00
2016.03.22 22:51:23.745,8.22605,8.23004,1.00,1.00
2016.03.22 22:51:25.965,8.22583,8.22982,1.00,1.00
2016.03.22 22:51:27.262,8.22602,8.23001,1.00,1.00
2016.03.22 22:51:27.955,8.22584,8.22982,1.00,1.00
2016.03.22 22:51:28.815,8.22602,8.23,1.00,1.00
2016.03.22 22:51:29.275,8.22584,8.22982,1.00,1.00
2016.03.22 22:51:30.225,8.22605,8.23004,1.00,1.00
2016.03.22 22:51:30.328,8.22587,8.22985,1.00,1.00
2016.03.22 22:51:30.638,8.22636,8.23033,1.00,1.00
2016.03.22 22:51:31.030,8.22613,8.23011,1.00,1.00
2016.03.22 22:51:31.138,8.22582,8.2298,1.00,1.00
2016.03.22 22:51:31.405,8.22566,8.22965,1.00,1.00
2016.03.22 22:51:32.574,8.22515,8.22913,1.00,1.00
2016.03.22 22:51:33.247,8.22488,8.22887,1.00,1.00
2016.03.22 22:51:33.298,8.22518,8.22916,1.00,1.00
2016.03.22 22:51:36.990,8.22491,8.2289,1.00,1.00
2016.03.22 22:51:37.942,8.22511,8.22909,1.00,1.00
2016.03.22 22:51:38.404,8.2246,8.22857,1.00,1.00
2016.03.22 22:51:38.944,8.22423,8.22821,1.00,1.00
2016.03.22 22:51:38.995,8.22457,8.22852,1.00,1.00
2016.03.22 22:51:39.245,8.22407,8.22814,1.00,1.00
2016.03.22 22:51:40.103,8.22383,8.22821,1.00,1.00
2016.03.22 22:51:40.254,8.22418,8.22813,1.00,1.00
2016.03.22 22:51:40.456,8.22383,8.22819,1.00,1.00
2016.03.22 22:51:41.115,8.22383,8.22825,1.00,1.00
2016.03.22 22:51:41.249,8.22423,8.22818,1.00,1.00
2016.03.22 22:51:42.255,8.22431,8.22824,1.00,1.00
2016.03.22 22:51:43.455,8.22387,8.22817,1.00,1.00
2016.03.22 22:51:43.574,8.22383,8.22818,1.00,1.00
2016.03.22 22:51:43.694,8.22416,8.22813,1.00,1.00
2016.03.22 22:51:44.054,8.22439,8.22836,1.00,1.00
2016.03.22 22:51:44.569,8.22406,8.22814,1.00,1.00
2016.03.22 22:51:44.670,8.22414,8.22813,1.00,1.00
2016.03.22 22:51:45.576,8.22446,8.22842,1.00,1.00
2016.03.22 22:51:46.216,8.22408,8.22814,1.00,1.00
2016.03.22 22:51:46.574,8.22383,8.2282,1.00,1.00
2016.03.22 22:51:46.694,8.22435,8.22834,1.00,1.00
2016.03.22 22:51:47.894,8.22416,8.22814,1.00,1.00
2016.03.22 22:51:48.389,8.22415,8.2281,1.00,1.00
2016.03.22 22:51:48.884,8.22383,8.22819,1.00,1.00
2016.03.22 22:51:49.005,8.22437,8.22832,1.00,1.00
2016.03.22 22:51:49.186,8.22405,8.22814,1.00,1.00
2016.03.22 22:51:49.615,8.22426,8.22819,1.00,1.00
2016.03.22 22:51:50.164,8.22427,8.22823,1.00,1.00
2016.03.22 22:51:51.186,8.2243,8.22825,1.00,1.00
2016.03.22 22:51:52.314,8.22427,8.22822,1.00,1.00
2016.03.22 22:51:52.972,8.2245,8.22844,1.00,1.00
2016.03.22 22:51:53.226,8.22422,8.22817,1.00,1.00
2016.03.22 22:51:53.284,8.22459,8.22855,1.00,1.00
2016.03.22 22:51:54.184,8.2244,8.22835,1.00,1.00
2016.03.22 22:51:56.678,8.22462,8.22857,1.00,1.00
2016.03.22 22:51:56.990,8.22542,8.22937,1.00,1.00
2016.03.22 22:51:57.192,8.22568,8.22964,1.00,1.00
2016.03.22 22:51:57.839,8.22567,8.22963,1.00,1.00
2016.03.22 22:51:58.341,8.22554,8.2295,1.00,1.00
2016.03.22 22:51:58.684,8.22563,8.22959,1.00,1.00
2016.03.22 22:51:59.713,8.2254,8.22935,1.00,1.00
2016.03.22 22:51:59.764,8.2258,8.22976,1.00,1.00
2016.03.22 22:52:00.235,8.22556,8.22951,1.00,1.00
2016.03.22 22:52:00.700,8.22583,8.22978,1.00,1.00
2016.03.22 22:52:02.294,8.22554,8.22947,1.00,1.00
2016.03.22 22:52:03.515,8.22592,8.22987,1.00,1.00
2016.03.22 22:52:03.616,8.22578,8.22973,1.00,1.00
2016.03.22 22:52:04.477,8.22552,8.22947,1.00,1.00
2016.03.22 22:52:12.024,8.22532,8.22927,1.00,1.00
2016.03.22 22:52:15.402,8.22558,8.22951,1.00,1.00
2016.03.22 22:52:15.551,8.22575,8.2297,1.00,1.00
2016.03.22 22:52:15.652,8.22553,8.22949,1.00,1.00
2016.03.22 22:52:15.744,8.22578,8.22973,1.00,1.00
2016.03.22 22:52:16.704,8.22599,8.22995,1.00,1.00
2016.03.22 22:52:17.125,8.22577,8.22972,1.00,1.00
2016.03.22 22:52:17.379,8.22579,8.22975,1.00,1.00
2016.03.22 22:52:17.755,8.22561,8.22957,1.00,1.00
2016.03.22 22:52:18.096,8.22579,8.22975,1.00,1.00
2016.03.22 22:52:18.984,8.22555,8.22951,1.00,1.00
2016.03.22 22:52:19.341,8.22554,8.22949,1.00,1.00
2016.03.22 22:52:20.796,8.22534,8.22929,1.00,1.00
2016.03.22 22:52:22.262,8.2256,8.22955,1.00,1.00
2016.03.22 22:52:22.664,8.22541,8.22936,1.00,1.00
2016.03.22 22:52:23.853,8.22528,8.22923,1.00,1.00
2016.03.22 22:52:24.269,8.22548,8.22943,1.00,1.00
2016.03.22 22:52:24.824,8.2252,8.22913,1.00,1.00
2016.03.22 22:52:24.944,8.22539,8.22934,1.00,1.00
2016.03.22 22:52:26.843,8.22515,8.2291,1.00,1.00
2016.03.22 22:52:27.284,8.22509,8.22904,1.00,1.00
2016.03.22 22:52:27.784,8.22547,8.22942,1.00,1.00
2016.03.22 22:52:28.115,8.22523,8.22918,1.00,1.00
2016.03.22 22:52:28.445,8.22548,8.22943,1.00,1.00
2016.03.22 22:52:28.940,8.22541,8.22936,1.00,1.00
2016.03.22 22:52:29.914,8.22508,8.22903,1.00,1.00
2016.03.22 22:52:30.284,8.22548,8.22941,1.00,1.00
2016.03.22 22:52:30.884,8.22527,8.22922,1.00,1.00
2016.03.22 22:52:31.046,8.22541,8.22936,1.00,1.00
2016.03.22 22:52:31.355,8.22522,8.22917,1.00,1.00
2016.03.22 22:52:31.964,8.22547,8.22942,1.00,1.00
2016.03.22 22:52:32.448,8.2255,8.22945,1.00,1.00
2016.03.22 22:52:32.864,8.22531,8.22926,1.00,1.00
2016.03.22 22:52:33.489,8.2253,8.22925,1.00,1.00
2016.03.22 22:52:34.052,8.22536,8.22931,1.00,1.00
2016.03.22 22:52:34.865,8.22517,8.22912,1.00,1.00
2016.03.22 22:52:35.301,8.22531,8.22927,1.00,1.00
2016.03.22 22:52:35.895,8.22509,8.22904,1.00,1.00
2016.03.22 22:52:36.404,8.22544,8.22939,1.00,1.00
2016.03.22 22:52:36.899,8.2251,8.22906,1.00,1.00
2016.03.22 22:52:37.004,8.22545,8.2294,1.00,1.00
2016.03.22 22:52:37.611,8.22522,8.22917,1.00,1.00
2016.03.22 22:52:38.024,8.22545,8.22938,1.00,1.00
2016.03.22 22:52:39.015,8.22549,8.22942,1.00,1.00
2016.03.22 22:52:39.224,8.22524,8.22919,1.00,1.00
2016.03.22 22:52:40.004,8.22548,8.22943,1.00,1.00
2016.03.22 22:52:40.966,8.22523,8.22918,1.00,1.00
2016.03.22 22:52:41.084,8.22542,8.22938,1.00,1.00
2016.03.22 22:52:41.444,8.22523,8.22919,1.00,1.00
2016.03.22 22:52:42.069,8.22545,8.22941,1.00,1.00
2016.03.22 22:52:42.975,8.22517,8.22911,1.00,1.00
2016.03.22 22:52:43.084,8.22546,8.22942,1.00,1.00
2016.03.22 22:52:43.304,8.22522,8.22917,1.00,1.00
2016.03.22 22:52:43.914,8.22549,8.22944,1.00,1.00
2016.03.22 22:52:45.063,8.22522,8.22917,1.00,1.00
2016.03.22 22:52:45.178,8.22539,8.22935,1.00,1.00
2016.03.22 22:52:46.013,8.22512,8.22907,1.00,1.00
2016.03.22 22:52:46.168,8.22534,8.2293,1.00,1.00
2016.03.22 22:52:46.435,8.22537,8.22933,1.00,1.00
2016.03.22 22:52:47.093,8.22516,8.22911,1.00,1.00
2016.03.22 22:52:47.245,8.2252,8.22916,1.00,1.00
2016.03.22 22:52:47.616,8.22539,8.22935,1.00,1.00
2016.03.22 22:52:48.174,8.22521,8.22917,1.00,1.00
2016.03.22 22:52:48.521,8.22539,8.22935,1.00,1.00
2016.03.22 22:52:49.254,8.22519,8.22913,1.00,1.00
2016.03.22 22:52:54.803,8.22536,8.22932,1.00,1.00
2016.03.22 22:52:56.243,8.22518,8.22913,1.00,1.00
2016.03.22 22:52:57.307,8.22539,8.22934,1.00,1.00
2016.03.22 22:53:07.403,8.22518,8.22913,1.00,1.00
2016.03.22 22:53:09.452,8.22537,8.22932,1.00,1.00
2016.03.22 22:53:09.782,8.22519,8.22914,1.00,1.00
2016.03.22 22:53:10.583,8.22538,8.22933,1.00,1.00
2016.03.22 22:53:11.103,8.22539,8.22934,1.00,1.00
2016.03.22 22:53:11.644,8.22517,8.22912,1.00,1.00
2016.03.22 22:53:12.785,8.22539,8.22934,1.00,1.00
2016.03.22 22:53:13.167,8.22541,8.22936,1.00,1.00
2016.03.22 22:53:13.879,8.2251,8.22905,1.00,1.00
2016.03.22 22:53:14.386,8.22528,8.22923,1.00,1.00
2016.03.22 22:53:14.865,8.22548,8.22943,1.00,1.00
2016.03.22 22:53:15.231,8.22524,8.22919,1.00,1.00
2016.03.22 22:53:15.965,8.2255,8.22946,1.00,1.00
2016.03.22 22:53:16.015,8.22521,8.22917,1.00,1.00
2016.03.22 22:53:16.334,8.22549,8.22945,1.00,1.00
2016.03.22 22:53:16.697,8.22524,8.2292,1.00,1.00
2016.03.22 22:53:17.905,8.22506,8.22902,1.00,1.00
2016.03.22 22:53:18.269,8.22527,8.22923,1.00,1.00
2016.03.22 22:53:19.058,8.22488,8.22882,1.00,1.00
2016.03.22 22:53:19.163,8.22507,8.22903,1.00,1.00
2016.03.22 22:53:20.184,8.225,8.22895,1.00,1.00
2016.03.22 22:53:20.658,8.22522,8.22917,1.00,1.00
2016.03.22 22:53:21.144,8.22494,8.22889,1.00,1.00
2016.03.22 22:53:21.460,8.22528,8.22923,1.00,1.00
2016.03.22 22:53:22.043,8.22508,8.22903,1.00,1.00
2016.03.22 22:53:22.502,8.22535,8.2293,1.00,1.00
2016.03.22 22:53:24.083,8.22566,8.22961,1.00,1.00
2016.03.22 22:53:24.611,8.22565,8.2296,1.00,1.00
2016.03.22 22:53:24.972,8.22594,8.22989,1.00,1.00
2016.03.22 22:53:25.124,8.22584,8.2298,1.00,1.00
2016.03.22 22:53:25.225,8.2262,8.23015,1.00,1.00
2016.03.22 22:53:25.631,8.22595,8.2299,1.00,1.00
2016.03.22 22:53:28.739,8.22591,8.22987,1.00,1.00
2016.03.22 22:53:28.903,8.2262,8.23014,1.00,1.00
2016.03.22 22:53:29.657,8.22581,8.22976,1.00,1.00
2016.03.22 22:53:29.743,8.22607,8.23002,1.00,1.00
2016.03.22 22:53:33.163,8.2258,8.22975,1.00,1.00
2016.03.22 22:53:33.471,8.2256,8.22955,1.00,1.00
2016.03.22 22:53:34.821,8.2254,8.22935,1.00,1.00
2016.03.22 22:53:35.204,8.22569,8.22964,1.00,1.00
2016.03.22 22:53:35.665,8.2255,8.22946,1.00,1.00
2016.03.22 22:53:35.804,8.22526,8.22921,1.00,1.00
2016.03.22 22:53:35.905,8.22544,8.2294,1.00,1.00
2016.03.22 22:53:36.103,8.22517,8.22912,1.00,1.00
2016.03.22 22:53:36.164,8.22539,8.22935,1.00,1.00
2016.03.22 22:53:36.832,8.22539,8.22932,1.00,1.00
2016.03.22 22:53:37.030,8.22519,8.22915,1.00,1.00
2016.03.22 22:53:37.423,8.225,8.22896,1.00,1.00
2016.03.22 22:53:37.727,8.2253,8.22925,1.00,1.00
2016.03.22 22:53:37.929,8.22536,8.22932,1.00,1.00
2016.03.22 22:53:38.683,8.22526,8.22922,1.00,1.00
2016.03.22 22:53:38.986,8.22545,8.2294,1.00,1.00
2016.03.22 22:53:39.962,8.22527,8.22922,1.00,1.00
2016.03.22 22:53:40.940,8.22545,8.2294,1.00,1.00
2016.03.22 22:53:41.392,8.22525,8.22921,1.00,1.00
2016.03.22 22:53:41.997,8.22545,8.22941,1.00,1.00
2016.03.22 22:53:46.013,8.22527,8.22923,1.00,1.00
2016.03.22 22:53:47.254,8.22549,8.22945,1.00,1.00
2016.03.22 22:53:48.233,8.22569,8.22964,1.00,1.00
2016.03.22 22:53:49.133,8.22543,8.22939,1.00,1.00
2016.03.22 22:53:49.373,8.22511,8.22907,1.00,1.00
2016.03.22 22:53:49.916,8.22535,8.22928,1.00,1.00
2016.03.22 22:53:50.604,8.22564,8.2296,1.00,1.00
2016.03.22 22:53:50.862,8.22585,8.22981,1.00,1.00
2016.03.22 22:53:51.166,8.22565,8.22961,1.00,1.00
2016.03.22 22:53:51.668,8.22532,8.22927,1.00,1.00
2016.03.22 22:53:52.227,8.22557,8.22951,1.00,1.00
2016.03.22 22:53:52.653,8.22579,8.22975,1.00,1.00
2016.03.22 22:53:53.673,8.22562,8.22958,1.00,1.00
2016.03.22 22:53:54.207,8.22562,8.22957,1.00,1.00
2016.03.22 22:53:54.693,8.22535,8.22931,1.00,1.00
2016.03.22 22:53:54.823,8.22558,8.22954,1.00,1.00
2016.03.22 22:53:55.473,8.22554,8.22949,1.00,1.00
2016.03.22 22:53:55.945,8.22529,8.22924,1.00,1.00
2016.03.22 22:53:56.434,8.22548,8.22943,1.00,1.00
2016.03.22 22:53:56.854,8.22528,8.22923,1.00,1.00
2016.03.22 22:53:57.208,8.2255,8.22945,1.00,1.00
2016.03.22 22:53:57.648,8.2253,8.22925,1.00,1.00
2016.03.22 22:53:57.956,8.22536,8.22931,1.00,1.00
2016.03.22 22:53:58.257,8.22567,8.22962,1.00,1.00
2016.03.22 22:53:58.653,8.22548,8.22943,1.00,1.00
2016.03.22 22:53:58.982,8.22558,8.22953,1.00,1.00
2016.03.22 22:54:00.434,8.22582,8.22977,1.00,1.00
2016.03.22 22:54:00.834,8.2256,8.22955,1.00,1.00
2016.03.22 22:54:01.173,8.22558,8.22953,1.00,1.00
2016.03.22 22:54:02.323,8.22537,8.22932,1.00,1.00
2016.03.22 22:54:04.141,8.22533,8.22928,1.00,1.00
2016.03.22 22:54:05.332,8.2251,8.22905,1.00,1.00
2016.03.22 22:54:05.850,8.22535,8.2293,1.00,1.00
2016.03.22 22:54:06.291,8.22553,8.22948,1.00,1.00
2016.03.22 22:54:06.696,8.22546,8.22941,1.00,1.00
2016.03.22 22:54:07.502,8.22569,8.22964,1.00,1.00
2016.03.22 22:54:08.393,8.22548,8.22943,1.00,1.00
2016.03.22 22:54:08.933,8.22573,8.22968,1.00,1.00
2016.03.22 22:54:09.357,8.22551,8.22944,1.00,1.00
2016.03.22 22:54:10.433,8.22564,8.22959,1.00,1.00
2016.03.22 22:54:10.494,8.22548,8.22943,1.00,1.00
2016.03.22 22:54:11.422,8.2253,8.22925,1.00,1.00
2016.03.22 22:54:11.807,8.22546,8.22941,1.00,1.00
2016.03.22 22:54:12.413,8.22529,8.22922,1.00,1.00
2016.03.22 22:54:12.559,8.22546,8.22941,1.00,1.00
2016.03.22 22:54:12.963,8.22566,8.22961,1.00,1.00
2016.03.22 22:54:13.352,8.22541,8.22936,1.00,1.00
2016.03.22 22:54:13.682,8.22545,8.2294,1.00,1.00
2016.03.22 22:54:14.012,8.22563,8.22958,1.00,1.00
2016.03.22 22:54:14.473,8.22545,8.2294,1.00,1.00
2016.03.22 22:54:15.553,8.22527,8.22923,1.00,1.00
2016.03.22 22:54:16.137,8.22562,8.22957,1.00,1.00
2016.03.22 22:54:16.595,8.22529,8.22924,1.00,1.00
2016.03.22 22:54:16.923,8.22535,8.22928,1.00,1.00
2016.03.22 22:54:17.593,8.22514,8.22909,1.00,1.00
2016.03.22 22:54:18.614,8.22546,8.22942,1.00,1.00
2016.03.22 22:54:18.732,8.22516,8.22912,1.00,1.00
2016.03.22 22:54:19.608,8.22536,8.22932,1.00,1.00
2016.03.22 22:54:21.072,8.22512,8.22907,1.00,1.00
2016.03.22 22:54:21.603,8.22539,8.22934,1.00,1.00
2016.03.22 22:54:21.935,8.22535,8.2293,1.00,1.00
2016.03.22 22:54:22.251,8.22558,8.22953,1.00,1.00
2016.03.22 22:54:22.664,8.2263,8.23025,1.00,1.00
2016.03.22 22:54:22.991,8.22652,8.23047,1.00,1.00
2016.03.22 22:54:23.339,8.22642,8.23037,1.00,1.00
2016.03.22 22:54:24.132,8.22608,8.23003,1.00,1.00
2016.03.22 22:54:24.529,8.22589,8.22984,1.00,1.00
2016.03.22 22:54:25.232,8.22566,8.22961,1.00,1.00
2016.03.22 22:54:25.580,8.22553,8.22948,1.00,1.00
2016.03.22 22:54:26.264,8.22528,8.22924,1.00,1.00
2016.03.22 22:54:29.133,8.22508,8.22903,1.00,1.00
2016.03.22 22:54:30.439,8.22475,8.2287,1.00,1.00
2016.03.22 22:54:30.959,8.22507,8.22902,1.00,1.00
2016.03.22 22:54:35.802,8.22483,8.22878,1.00,1.00
2016.03.22 22:54:36.423,8.22511,8.22906,1.00,1.00
2016.03.22 22:54:36.882,8.22552,8.22947,1.00,1.00
2016.03.22 22:54:37.256,8.2253,8.22923,1.00,1.00
2016.03.22 22:54:37.842,8.22511,8.22906,1.00,1.00
2016.03.22 22:54:37.994,8.22531,8.22926,1.00,1.00
2016.03.22 22:54:38.297,8.22552,8.22947,1.00,1.00
2016.03.22 22:54:38.952,8.22522,8.22917,1.00,1.00
2016.03.22 22:54:39.292,8.22553,8.22948,1.00,1.00
2016.03.22 22:54:39.614,8.2253,8.22925,1.00,1.00
2016.03.22 22:54:39.964,8.22651,8.23046,1.00,1.00
2016.03.22 22:54:40.283,8.22719,8.23114,1.00,1.00
2016.03.22 22:54:40.610,8.22729,8.23124,1.00,1.00
2016.03.22 22:54:40.953,8.22703,8.23098,1.00,1.00
2016.03.22 22:54:41.273,8.22699,8.23092,1.00,1.00
2016.03.22 22:54:42.007,8.22698,8.23093,1.00,1.00
2016.03.22 22:54:42.369,8.22703,8.23098,1.00,1.00
2016.03.22 22:54:44.142,8.22695,8.23088,1.00,1.00
2016.03.22 22:54:45.402,8.22661,8.23057,1.00,1.00
2016.03.22 22:54:46.432,8.22684,8.2308,1.00,1.00
2016.03.22 22:54:46.891,8.22703,8.23098,1.00,1.00
2016.03.22 22:54:47.263,8.22696,8.23091,1.00,1.00
2016.03.22 22:54:48.052,8.22676,8.23072,1.00,1.00
2016.03.22 22:54:48.199,8.2269,8.23086,1.00,1.00
2016.03.22 22:54:48.634,8.22716,8.23111,1.00,1.00
2016.03.22 22:54:48.983,8.22697,8.23092,1.00,1.00
2016.03.22 22:54:49.349,8.22691,8.23086,1.00,1.00
2016.03.22 22:54:50.393,8.22669,8.23064,1.00,1.00
2016.03.22 22:54:56.812,8.22651,8.23046,1.00,1.00
2016.03.22 22:54:56.968,8.22649,8.23045,1.00,1.00
2016.03.22 22:54:57.069,8.22721,8.23115,1.00,1.00
2016.03.22 22:54:57.120,8.22742,8.23137,1.00,1.00
2016.03.22 22:54:57.271,8.22768,8.23164,1.00,1.00
2016.03.22 22:54:57.372,8.22794,8.23189,1.00,1.00
2016.03.22 22:54:57.899,8.22749,8.23144,1.00,1.00
2016.03.22 22:54:58.051,8.22775,8.23171,1.00,1.00
2016.03.22 22:54:58.177,8.22754,8.2315,1.00,1.00
2016.03.22 22:54:58.493,8.22773,8.23168,1.00,1.00
2016.03.22 22:54:58.927,8.22796,8.23192,1.00,1.00
2016.03.22 22:54:59.192,8.2274,8.23135,1.00,1.00
2016.03.22 22:54:59.312,8.22767,8.23163,1.00,1.00
2016.03.22 22:55:00.053,8.22775,8.23171,1.00,1.00
2016.03.22 22:55:00.481,8.22755,8.2315,1.00,1.00
2016.03.22 22:55:01.026,8.22728,8.23123,1.00,1.00
2016.03.22 22:55:01.355,8.22791,8.23186,1.00,1.00
2016.03.22 22:55:02.302,8.22766,8.23162,1.00,1.00
2016.03.22 22:55:32.999,8.22752,8.23148,1.00,1.00
2016.03.22 22:55:33.349,8.22747,8.23143,1.00,1.00
2016.03.22 22:55:36.907,8.22769,8.23165,1.00,1.00
2016.03.22 22:55:37.493,8.22745,8.23141,1.00,1.00
2016.03.22 22:55:37.930,8.22724,8.2312,1.00,1.00
2016.03.22 22:55:38.431,8.22744,8.23139,1.00,1.00
2016.03.22 22:55:38.879,8.22762,8.23158,1.00,1.00
2016.03.22 22:55:39.163,8.22745,8.23139,1.00,1.00
2016.03.22 22:55:39.410,8.22762,8.23158,1.00,1.00
2016.03.22 22:55:40.023,8.22744,8.23139,1.00,1.00
2016.03.22 22:55:40.894,8.22721,8.23116,1.00,1.00
2016.03.22 22:55:41.224,8.22745,8.2314,1.00,1.00
2016.03.22 22:55:41.274,8.2277,8.23166,1.00,1.00
2016.03.22 22:55:41.983,8.2275,8.23145,1.00,1.00
2016.03.22 22:55:42.194,8.22768,8.23164,1.00,1.00
2016.03.22 22:55:42.295,8.2274,8.23136,1.00,1.00
2016.03.22 22:55:43.372,8.22714,8.23107,1.00,1.00
2016.03.22 22:55:44.048,8.22731,8.23126,1.00,1.00
2016.03.22 22:55:44.150,8.2271,8.23105,1.00,1.00
2016.03.22 22:55:44.263,8.22733,8.23129,1.00,1.00
2016.03.22 22:55:44.364,8.2271,8.23105,1.00,1.00
2016.03.22 22:55:44.612,8.22679,8.23075,1.00,1.00
2016.03.22 22:55:45.024,8.22716,8.23111,1.00,1.00
2016.03.22 22:55:45.356,8.22679,8.23074,1.00,1.00
2016.03.22 22:55:45.582,8.22582,8.23189,1.00,1.00
2016.03.22 22:55:45.633,8.22613,8.2319,1.00,1.00
2016.03.22 22:55:45.980,8.22707,8.23102,1.00,1.00
2016.03.22 22:55:46.293,8.22658,8.23053,1.00,1.00
2016.03.22 22:55:46.723,8.2265,8.23045,1.00,1.00
2016.03.22 22:55:47.099,8.22683,8.23076,1.00,1.00
2016.03.22 22:55:47.269,8.22648,8.23043,1.00,1.00
2016.03.22 22:55:47.382,8.22683,8.23078,1.00,1.00
2016.03.22 22:55:49.087,8.22676,8.23071,1.00,1.00
2016.03.22 22:55:49.444,8.22702,8.23095,1.00,1.00
2016.03.22 22:55:50.102,8.22678,8.23073,1.00,1.00
2016.03.22 22:55:50.932,8.22673,8.23068,1.00,1.00
2016.03.22 22:55:51.446,8.22659,8.23052,1.00,1.00
2016.03.22 22:55:51.966,8.22632,8.23027,1.00,1.00
2016.03.22 22:55:52.067,8.22666,8.23061,1.00,1.00
2016.03.22 22:55:52.436,8.22611,8.23006,1.00,1.00
2016.03.22 22:55:53.041,8.22592,8.22987,1.00,1.00
2016.03.22 22:55:53.349,8.22561,8.22956,1.00,1.00
2016.03.22 22:55:54.342,8.22533,8.22928,1.00,1.00
2016.03.22 22:55:56.168,8.22499,8.22892,1.00,1.00
2016.03.22 22:56:00.561,8.22476,8.22871,1.00,1.00
2016.03.22 22:56:02.511,8.225,8.22895,1.00,1.00
2016.03.22 22:56:03.531,8.22527,8.22922,1.00,1.00
2016.03.22 22:56:04.616,8.22497,8.22892,1.00,1.00
2016.03.22 22:56:06.090,8.22528,8.22923,1.00,1.00
2016.03.22 22:56:06.505,8.225,8.22895,1.00,1.00
2016.03.22 22:56:06.864,8.22522,8.22917,1.00,1.00
2016.03.22 22:56:07.165,8.22527,8.22922,1.00,1.00
2016.03.22 22:56:07.640,8.22508,8.22903,1.00,1.00
2016.03.22 22:56:07.943,8.22526,8.22921,1.00,1.00
2016.03.22 22:56:08.302,8.22504,8.22899,1.00,1.00
2016.03.22 22:56:08.753,8.22533,8.22928,1.00,1.00
2016.03.22 22:56:09.327,8.22543,8.22938,1.00,1.00
2016.03.22 22:56:09.832,8.22479,8.22874,1.00,1.00
2016.03.22 22:56:10.159,8.22508,8.22903,1.00,1.00
2016.03.22 22:56:13.132,8.22515,8.2291,1.00,1.00
2016.03.22 22:56:14.098,8.22495,8.2289,1.00,1.00
2016.03.22 22:56:14.304,8.22474,8.2287,1.00,1.00
2016.03.22 22:56:15.200,8.22499,8.22894,1.00,1.00
2016.03.22 22:56:16.022,8.22522,8.22917,1.00,1.00
2016.03.22 22:56:16.401,8.22495,8.22888,1.00,1.00
2016.03.22 22:56:16.862,8.22478,8.22873,1.00,1.00
2016.03.22 22:56:17.102,8.22509,8.22904,1.00,1.00
2016.03.22 22:56:17.539,8.22495,8.2289,1.00,1.00
2016.03.22 22:56:18.182,8.22476,8.22871,1.00,1.00
2016.03.22 22:56:18.532,8.22496,8.22891,1.00,1.00
2016.03.22 22:56:19.334,8.22493,8.22888,1.00,1.00
2016.03.22 22:56:19.645,8.22507,8.22902,1.00,1.00
2016.03.22 22:56:20.241,8.22488,8.22881,1.00,1.00
2016.03.22 22:56:20.342,8.22509,8.22904,1.00,1.00
2016.03.22 22:56:21.182,8.22491,8.22884,1.00,1.00
2016.03.22 22:56:21.302,8.22515,8.2291,1.00,1.00
2016.03.22 22:56:30.962,8.22495,8.2289,1.00,1.00
2016.03.22 22:56:31.282,8.22516,8.22911,1.00,1.00
2016.03.22 22:56:33.583,8.22491,8.22886,1.00,1.00
2016.03.22 22:56:34.082,8.22509,8.22904,1.00,1.00
2016.03.22 22:56:34.665,8.2248,8.22875,1.00,1.00
2016.03.22 22:56:35.029,8.22509,8.22904,1.00,1.00
2016.03.22 22:56:35.353,8.22487,8.22882,1.00,1.00
2016.03.22 22:56:35.692,8.22506,8.22902,1.00,1.00
2016.03.22 22:56:36.682,8.22501,8.22897,1.00,1.00
2016.03.22 22:56:37.232,8.22475,8.2287,1.00,1.00
2016.03.22 22:56:39.270,8.22482,8.22877,1.00,1.00
2016.03.22 22:56:39.622,8.22464,8.22859,1.00,1.00
2016.03.22 22:56:39.774,8.22487,8.22883,1.00,1.00
2016.03.22 22:56:40.162,8.22465,8.22861,1.00,1.00
2016.03.22 22:56:40.480,8.22496,8.22891,1.00,1.00
2016.03.22 22:56:41.912,8.2247,8.22865,1.00,1.00
2016.03.22 22:56:54.295,8.22492,8.22885,1.00,1.00
2016.03.22 22:56:58.146,8.22467,8.22862,1.00,1.00
2016.03.22 22:56:58.196,8.22487,8.22882,1.00,1.00
2016.03.22 22:56:58.546,8.2253,8.22925,1.00,1.00
2016.03.22 22:56:59.142,8.22571,8.22964,1.00,1.00
2016.03.22 22:56:59.523,8.22542,8.22935,1.00,1.00
2016.03.22 22:56:59.639,8.22543,8.22938,1.00,1.00
2016.03.22 22:57:00.319,8.22522,8.22918,1.00,1.00
2016.03.22 22:57:00.911,8.22544,8.2294,1.00,1.00
2016.03.22 22:57:01.343,8.22526,8.22922,1.00,1.00
2016.03.22 22:57:01.931,8.2255,8.22943,1.00,1.00
2016.03.22 22:57:02.291,8.22524,8.2292,1.00,1.00
2016.03.22 22:57:03.535,8.22503,8.22899,1.00,1.00
2016.03.22 22:57:03.849,8.22534,8.2293,1.00,1.00
2016.03.22 22:57:04.752,8.22554,8.2295,1.00,1.00
2016.03.22 22:57:06.321,8.22536,8.22932,1.00,1.00
2016.03.22 22:57:06.785,8.22555,8.22949,1.00,1.00
2016.03.22 22:57:07.426,8.22555,8.22951,1.00,1.00
2016.03.22 22:57:08.381,8.22536,8.22929,1.00,1.00
2016.03.22 22:57:09.462,8.22515,8.22911,1.00,1.00
2016.03.22 22:57:09.522,8.22562,8.22956,1.00,1.00
2016.03.22 22:57:10.962,8.22547,8.2294,1.00,1.00
2016.03.22 22:57:16.811,8.22523,8.22919,1.00,1.00
2016.03.22 22:57:24.191,8.22504,8.22897,1.00,1.00
2016.03.22 22:57:24.292,8.22528,8.22923,1.00,1.00
2016.03.22 22:57:25.131,8.22506,8.22899,1.00,1.00
2016.03.22 22:57:25.251,8.22528,8.22923,1.00,1.00
2016.03.22 22:57:26.162,8.2255,8.22945,1.00,1.00
2016.03.22 22:57:26.487,8.22537,8.22932,1.00,1.00
2016.03.22 22:57:27.171,8.22517,8.22912,1.00,1.00
2016.03.22 22:57:27.644,8.22525,8.2292,1.00,1.00
2016.03.22 22:57:27.952,8.2255,8.22945,1.00,1.00
2016.03.22 22:57:28.303,8.22531,8.22926,1.00,1.00
2016.03.22 22:57:29.212,8.22515,8.2291,1.00,1.00
2016.03.22 22:57:29.567,8.22552,8.22945,1.00,1.00
2016.03.22 22:57:30.204,8.22532,8.22927,1.00,1.00
2016.03.22 22:57:32.867,8.2255,8.22945,1.00,1.00
2016.03.22 22:57:33.636,8.22528,8.22923,1.00,1.00
2016.03.22 22:57:34.335,8.22508,8.22903,1.00,1.00
2016.03.22 22:57:34.751,8.22564,8.22959,1.00,1.00
2016.03.22 22:57:35.970,8.22542,8.22937,1.00,1.00
2016.03.22 22:57:36.431,8.22523,8.22918,1.00,1.00
2016.03.22 22:57:36.757,8.22551,8.22946,1.00,1.00
2016.03.22 22:57:37.075,8.22516,8.22911,1.00,1.00
2016.03.22 22:57:37.451,8.22519,8.22914,1.00,1.00
2016.03.22 22:57:38.161,8.2254,8.22935,1.00,1.00
2016.03.22 22:57:38.471,8.2255,8.22945,1.00,1.00
2016.03.22 22:57:38.908,8.22539,8.22934,1.00,1.00
2016.03.22 22:57:39.287,8.2251,8.22905,1.00,1.00
2016.03.22 22:57:39.618,8.22516,8.22911,1.00,1.00
2016.03.22 22:57:40.230,8.22539,8.22934,1.00,1.00
2016.03.22 22:57:40.534,8.22562,8.22957,1.00,1.00
2016.03.22 22:57:40.889,8.22539,8.22934,1.00,1.00
2016.03.22 22:57:43.091,8.2252,8.22915,1.00,1.00
2016.03.22 22:57:43.451,8.22543,8.22938,1.00,1.00
2016.03.22 22:57:44.471,8.22524,8.22919,1.00,1.00
2016.03.22 22:57:45.544,8.22498,8.22893,1.00,1.00
2016.03.22 22:57:45.904,8.22517,8.22912,1.00,1.00
2016.03.22 22:57:46.631,8.22539,8.22934,1.00,1.00
2016.03.22 22:57:47.472,8.22521,8.22916,1.00,1.00
2016.03.22 22:57:49.585,8.22516,8.22911,1.00,1.00
2016.03.22 22:57:49.931,8.22518,8.22913,1.00,1.00
2016.03.22 22:57:50.624,8.22516,8.22912,1.00,1.00
2016.03.22 22:57:51.131,8.22539,8.22935,1.00,1.00
2016.03.22 22:57:51.515,8.2252,8.22916,1.00,1.00
2016.03.22 22:57:53.260,8.22531,8.22927,1.00,1.00
2016.03.22 22:57:53.582,8.22551,8.22946,1.00,1.00
2016.03.22 22:57:53.633,8.2257,8.22966,1.00,1.00
2016.03.22 22:57:54.089,8.22577,8.22971,1.00,1.00
2016.03.22 22:57:54.512,8.22558,8.22953,1.00,1.00
2016.03.22 22:57:55.231,8.22537,8.22932,1.00,1.00
2016.03.22 22:57:55.711,8.22533,8.22929,1.00,1.00
2016.03.22 22:57:55.921,8.22555,8.2295,1.00,1.00
2016.03.22 22:57:56.849,8.22528,8.22923,1.00,1.00
2016.03.22 22:57:56.951,8.22553,8.22949,1.00,1.00
2016.03.22 22:57:57.076,8.22513,8.22908,1.00,1.00
2016.03.22 22:57:57.422,8.22489,8.22884,1.00,1.00
2016.03.22 22:57:57.523,8.2247,8.22866,1.00,1.00
2016.03.22 22:57:58.499,8.22441,8.22837,1.00,1.00
2016.03.22 22:57:58.829,8.22462,8.22857,1.00,1.00
2016.03.22 22:57:58.880,8.22441,8.22837,1.00,1.00
2016.03.22 22:57:59.172,8.22464,8.2286,1.00,1.00
2016.03.22 22:57:59.483,8.2245,8.22844,1.00,1.00
2016.03.22 22:57:59.698,8.2244,8.22836,1.00,1.00
2016.03.22 22:57:59.931,8.22409,8.22805,1.00,1.00
2016.03.22 22:58:00.425,8.22428,8.22824,1.00,1.00
2016.03.22 22:58:00.749,8.22422,8.22817,1.00,1.00
2016.03.22 22:58:01.086,8.22393,8.22788,1.00,1.00
2016.03.22 22:58:01.419,8.22411,8.22806,1.00,1.00
2016.03.22 22:58:01.871,8.22363,8.22798,1.00,1.00
2016.03.22 22:58:02.022,8.22389,8.22791,1.00,1.00
2016.03.22 22:58:02.392,8.224,8.22795,1.00,1.00
2016.03.22 22:58:10.193,8.22363,8.22777,1.00,1.00
2016.03.22 22:58:10.294,8.22388,8.22783,1.00,1.00
2016.03.22 22:58:10.591,8.22363,8.22777,1.00,1.00
2016.03.22 22:58:10.805,8.22383,8.22787,1.00,1.00
2016.03.22 22:58:14.274,8.2239,8.22785,1.00,1.00
2016.03.22 22:58:16.928,8.22373,8.22781,1.00,1.00
2016.03.22 22:58:17.810,8.22373,8.22749,1.00,1.00
2016.03.22 22:58:18.911,8.22373,8.22725,1.00,1.00
2016.03.22 22:58:19.012,8.22373,8.22756,1.00,1.00
2016.03.22 22:58:19.113,8.22429,8.22824,1.00,1.00
2016.03.22 22:58:19.213,8.22459,8.22862,1.00,1.00
2016.03.22 22:58:19.314,8.22505,8.22908,1.00,1.00
2016.03.22 22:58:36.860,8.22485,8.22887,1.00,1.00
2016.03.22 22:58:37.012,8.22465,8.22868,1.00,1.00
2016.03.22 22:58:37.101,8.22484,8.22887,1.00,1.00
2016.03.22 22:58:37.820,8.22457,8.22858,1.00,1.00
2016.03.22 22:58:38.042,8.22482,8.22885,1.00,1.00
2016.03.22 22:58:39.905,8.22509,8.22912,1.00,1.00
2016.03.22 22:58:40.232,8.22492,8.22894,1.00,1.00
2016.03.22 22:58:43.267,8.22474,8.22876,1.00,1.00
2016.03.22 22:58:44.730,8.22494,8.22897,1.00,1.00
2016.03.22 22:58:45.054,8.22518,8.2292,1.00,1.00
2016.03.22 22:58:45.767,8.22495,8.22897,1.00,1.00
2016.03.22 22:58:46.239,8.22513,8.22916,1.00,1.00
2016.03.22 22:58:46.770,8.22488,8.22891,1.00,1.00
2016.03.22 22:58:47.108,8.22516,8.22919,1.00,1.00
2016.03.22 22:58:47.630,8.22517,8.22919,1.00,1.00
2016.03.22 22:58:48.330,8.22504,8.22907,1.00,1.00
2016.03.22 22:58:50.010,8.22481,8.22882,1.00,1.00
2016.03.22 22:58:50.180,8.22516,8.22919,1.00,1.00
2016.03.22 22:58:50.670,8.22491,8.22893,1.00,1.00
2016.03.22 22:58:51.139,8.22512,8.22914,1.00,1.00
2016.03.22 22:58:51.400,8.22492,8.22895,1.00,1.00
2016.03.22 22:58:51.900,8.22513,8.22915,1.00,1.00
2016.03.22 22:58:52.260,8.22491,8.22893,1.00,1.00
2016.03.22 22:58:52.380,8.22512,8.22915,1.00,1.00
2016.03.22 22:58:52.582,8.22538,8.2294,1.00,1.00
2016.03.22 22:58:52.903,8.22555,8.22958,1.00,1.00
2016.03.22 22:58:52.980,8.22595,8.22998,1.00,1.00
2016.03.22 22:58:53.331,8.22569,8.22971,1.00,1.00
2016.03.22 22:58:53.570,8.226,8.23003,1.00,1.00
2016.03.22 22:58:53.946,8.22621,8.23024,1.00,1.00
2016.03.22 22:58:54.300,8.22596,8.22998,1.00,1.00
2016.03.22 22:58:54.571,8.2258,8.22983,1.00,1.00
2016.03.22 22:58:55.222,8.22588,8.2299,1.00,1.00
2016.03.22 22:58:55.522,8.22579,8.22982,1.00,1.00
2016.03.22 22:58:56.669,8.22554,8.22956,1.00,1.00
2016.03.22 22:58:57.025,8.22607,8.23009,1.00,1.00
2016.03.22 22:58:57.720,8.22564,8.22967,1.00,1.00
2016.03.22 22:58:57.877,8.22581,8.22983,1.00,1.00
2016.03.22 22:58:58.122,8.22609,8.23012,1.00,1.00
2016.03.22 22:58:58.778,8.22587,8.22989,1.00,1.00
2016.03.22 22:58:59.266,8.2261,8.2301,1.00,1.00
2016.03.22 22:58:59.367,8.22591,8.22992,1.00,1.00
2016.03.22 22:58:59.700,8.2261,8.23012,1.00,1.00
2016.03.22 22:58:59.851,8.22583,8.22986,1.00,1.00
2016.03.22 22:58:59.902,8.22609,8.23011,1.00,1.00
2016.03.22 22:59:00.360,8.22603,8.23005,1.00,1.00
2016.03.22 22:59:00.859,8.22583,8.22983,1.00,1.00
2016.03.22 22:59:00.982,8.22604,8.23006,1.00,1.00
2016.03.22 22:59:02.480,8.22585,8.22987,1.00,1.00
2016.03.22 22:59:02.826,8.22622,8.23022,1.00,1.00
2016.03.22 22:59:03.536,8.22601,8.23002,1.00,1.00
2016.03.22 22:59:03.867,8.22621,8.23023,1.00,1.00
2016.03.22 22:59:04.450,8.22587,8.22989,1.00,1.00
2016.03.22 22:59:04.551,8.22605,8.23008,1.00,1.00
2016.03.22 22:59:05.516,8.22579,8.22979,1.00,1.00
2016.03.22 22:59:05.617,8.22614,8.23016,1.00,1.00
2016.03.22 22:59:06.177,8.22586,8.22989,1.00,1.00
2016.03.22 22:59:06.228,8.2261,8.23013,1.00,1.00
2016.03.22 22:59:06.607,8.2259,8.22992,1.00,1.00
2016.03.22 22:59:06.658,8.22631,8.23034,1.00,1.00
2016.03.22 22:59:07.090,8.22609,8.23012,1.00,1.00
2016.03.22 22:59:36.880,8.22628,8.23031,1.00,1.00
2016.03.22 22:59:50.219,8.22651,8.23054,1.00,1.00
2016.03.22 22:59:50.522,8.22685,8.23088,1.00,1.00
2016.03.22 22:59:52.129,8.22708,8.23111,1.00,1.00
2016.03.22 22:59:52.634,8.2269,8.23092,1.00,1.00
2016.03.22 22:59:55.430,8.22713,8.23116,1.00,1.00
2016.03.22 22:59:56.017,8.2269,8.23093,1.00,1.00
2016.03.22 22:59:56.548,8.2271,8.23112,1.00,1.00
2016.03.22 22:59:56.599,8.2269,8.23093,1.00,1.00
2016.03.22 22:59:56.810,8.2271,8.23112,1.00,1.00
2016.03.22 22:59:56.929,8.2269,8.23093,1.00,1.00
2016.03.22 22:59:57.998,8.22711,8.23114,1.00,1.00
